55.944425 -3.188396 WNW 55.94453980502971 -3.1886731638597534 0.0 248.75
55.94453980502971 -3.1886731638597534 E 55.94453980502971 -3.1883731638597532 0.0 247.5
55.94453980502971 -3.1883731638597532 SE 55.94432767299536 -3.1881610318253975 0.0 246.25
55.94432767299536 -3.1881610318253975 NW 55.94453980502971 -3.1883731638597532 0.0 245.0
55.94453980502971 -3.1883731638597532 SSE 55.944262641169956 -3.1882583588300437 0.0 243.75
55.944262641169956 -3.1882583588300437 NNW 55.94453980502971 -3.1883731638597532 0.0 242.5
55.94453980502971 -3.1883731638597532 SSE 55.944262641169956 -3.1882583588300437 0.0 241.25
55.944262641169956 -3.1882583588300437 NNW 55.94453980502971 -3.1883731638597532 0.0 240.0
55.94453980502971 -3.1883731638597532 ESE 55.944425 -3.188096 0.0 238.75
55.944425 -3.188096 WNW 55.94453980502971 -3.1883731638597532 0.0 237.5
55.94453980502971 -3.1883731638597532 ESE 55.944425 -3.188096 0.0 236.25
55.944425 -3.188096 NW 55.94463713203436 -3.1883081320343556 0.0 235.0
55.94463713203436 -3.1883081320343556 E 55.94463713203436 -3.1880081320343554 0.0 233.75
55.94463713203436 -3.1880081320343554 W 55.94463713203436 -3.1883081320343556 0.0 232.5
55.94463713203436 -3.1883081320343556 SSE 55.9443599681746 -3.188193327004646 0.0 231.25
55.9443599681746 -3.188193327004646 NNW 55.94463713203436 -3.1883081320343556 0.0 230.0
55.94463713203436 -3.1883081320343556 NNW 55.944914295894115 -3.188422937064065 0.0 228.75
55.944914295894115 -3.188422937064065 SSE 55.94463713203436 -3.1883081320343556 0.0 227.5
55.94463713203436 -3.1883081320343556 NNW 55.944914295894115 -3.188422937064065 0.0 226.25
55.944914295894115 -3.188422937064065 S 55.94461429589411 -3.188422937064065 0.0 225.0
55.94461429589411 -3.188422937064065 N 55.944914295894115 -3.188422937064065 0.0 223.75
55.944914295894115 -3.188422937064065 S 55.94461429589411 -3.188422937064065 0.0 222.5
55.94461429589411 -3.188422937064065 N 55.944914295894115 -3.188422937064065 0.0 221.25
55.944914295894115 -3.188422937064065 SSE 55.94463713203436 -3.1883081320343556 0.0 220.0
55.94463713203436 -3.1883081320343556 N 55.94493713203436 -3.1883081320343556 0.0 218.75
55.94493713203436 -3.1883081320343556 SW 55.944725000000005 -3.1885202640687114 0.0 217.5
55.944725000000005 -3.1885202640687114 NE 55.94493713203436 -3.1883081320343556 0.0 216.25
55.94493713203436 -3.1883081320343556 SE 55.944725000000005 -3.188096 0.0 215.0
55.944725000000005 -3.188096 WNW 55.944839805029716 -3.1883731638597532 0.0 213.75
55.944839805029716 -3.1883731638597532 E 55.944839805029716 -3.188073163859753 0.0 212.5
55.944839805029716 -3.188073163859753 W 55.944839805029716 -3.1883731638597532 0.0 211.25
55.944839805029716 -3.1883731638597532 E 55.944839805029716 -3.188073163859753 0.0 210.0
55.944839805029716 -3.188073163859753 N 55.94513980502972 -3.188073163859753 0.0 208.75
55.94513980502972 -3.188073163859753 SSE 55.94486264116996 -3.1879583588300435 0.0 207.5
55.94486264116996 -3.1879583588300435 NW 55.94507477320432 -3.1881704908643993 0.0 206.25
55.94507477320432 -3.1881704908643993 SE 55.94486264116996 -3.1879583588300435 0.0 205.0
55.94486264116996 -3.1879583588300435 W 55.94486264116996 -3.1882583588300437 0.0 203.75
55.94486264116996 -3.1882583588300437 E 55.94486264116996 -3.1879583588300435 0.0 202.5
55.94486264116996 -3.1879583588300435 SSW 55.944585477310206 -3.188073163859753 0.0 201.25
55.944585477310206 -3.188073163859753 NNE 55.94486264116996 -3.1879583588300435 0.0 200.0
55.94486264116996 -3.1879583588300435 SSW 55.944585477310206 -3.188073163859753 0.0 198.75
55.944585477310206 -3.188073163859753 N 55.94488547731021 -3.188073163859753 0.0 197.5
55.94488547731021 -3.188073163859753 S 55.944585477310206 -3.188073163859753 0.0 196.25
55.944585477310206 -3.188073163859753 NNE 55.94486264116996 -3.1879583588300435 0.0 195.0
55.94486264116996 -3.1879583588300435 S 55.94456264116996 -3.1879583588300435 0.0 193.75
55.94456264116996 -3.1879583588300435 N 55.94486264116996 -3.1879583588300435 0.0 192.5
55.94486264116996 -3.1879583588300435 S 55.94456264116996 -3.1879583588300435 0.0 191.25
55.94456264116996 -3.1879583588300435 ESE 55.94444783614025 -3.18768119497029 0.0 190.0
55.94444783614025 -3.18768119497029 WNW 55.94456264116996 -3.1879583588300435 0.0 188.75
55.94456264116996 -3.1879583588300435 SE 55.9443505091356 -3.1877462267956878 0.0 187.5
55.9443505091356 -3.1877462267956878 NW 55.94456264116996 -3.1879583588300435 0.0 186.25
55.94456264116996 -3.1879583588300435 ENE 55.94467744619967 -3.18768119497029 0.0 185.0
55.94467744619967 -3.18768119497029 WSW 55.94456264116996 -3.1879583588300435 0.0 183.75
55.94456264116996 -3.1879583588300435 ESE 55.94444783614025 -3.18768119497029 0.0 182.5
55.94444783614025 -3.18768119497029 NW 55.944659968174605 -3.187893327004646 0.0 181.25
55.944659968174605 -3.187893327004646 SSE 55.94438280431485 -3.1877785219749364 0.0 180.0
55.94438280431485 -3.1877785219749364 NNW 55.944659968174605 -3.187893327004646 0.0 178.75
55.944659968174605 -3.187893327004646 SE 55.94444783614025 -3.18768119497029 0.0 177.5
55.94444783614025 -3.18768119497029 NW 55.944659968174605 -3.187893327004646 0.0 176.25
55.944659968174605 -3.187893327004646 SE 55.94444783614025 -3.18768119497029 0.0 175.0
55.94444783614025 -3.18768119497029 S 55.944147836140246 -3.18768119497029 0.0 173.75
55.944147836140246 -3.18768119497029 N 55.94444783614025 -3.18768119497029 0.0 172.5
55.94444783614025 -3.18768119497029 SSW 55.94417067228049 -3.1877959999999996 0.0 171.25
55.94417067228049 -3.1877959999999996 NNE 55.94444783614025 -3.18768119497029 0.0 170.0
55.94444783614025 -3.18768119497029 SSW 55.94417067228049 -3.1877959999999996 0.0 168.75
55.94417067228049 -3.1877959999999996 NE 55.94438280431485 -3.187583867965644 0.0 167.5
55.94438280431485 -3.187583867965644 S 55.944082804314846 -3.187583867965644 0.0 166.25
55.944082804314846 -3.187583867965644 NNW 55.9443599681746 -3.1876986729953534 0.0 165.0
55.9443599681746 -3.1876986729953534 SSE 55.944082804314846 -3.187583867965644 0.0 163.75
55.944082804314846 -3.187583867965644 ENE 55.944197609344556 -3.1873067041058905 0.0 162.5
55.944197609344556 -3.1873067041058905 W 55.944197609344556 -3.1876067041058906 0.0 161.25
55.944197609344556 -3.1876067041058906 ENE 55.94431241437427 -3.1873295402461372 0.0 160.0
55.94431241437427 -3.1873295402461372 WSW 55.944197609344556 -3.1876067041058906 0.0 158.75
55.944197609344556 -3.1876067041058906 NE 55.94440974137891 -3.187394572071535 0.0 157.5
55.94440974137891 -3.187394572071535 SSE 55.944132577519156 -3.1872797670418254 0.0 156.25
55.944132577519156 -3.1872797670418254 NNW 55.94440974137891 -3.187394572071535 0.0 155.0
55.94440974137891 -3.187394572071535 S 55.94410974137891 -3.187394572071535 0.0 153.75
55.94410974137891 -3.187394572071535 N 55.94440974137891 -3.187394572071535 0.0 152.5
55.94440974137891 -3.187394572071535 S 55.94410974137891 -3.187394572071535 0.0 151.25
55.94410974137891 -3.187394572071535 NNE 55.944386905238666 -3.1872797670418254 0.0 150.0
55.944386905238666 -3.1872797670418254 SSW 55.94410974137891 -3.187394572071535 0.0 148.75
55.94410974137891 -3.187394572071535 ESE 55.9439949363492 -3.1871174082117815 0.0 147.5
55.9439949363492 -3.1871174082117815 NW 55.944207068383555 -3.1873295402461372 0.0 146.25
55.944207068383555 -3.1873295402461372 SE 55.9439949363492 -3.1871174082117815 0.0 145.0
55.9439949363492 -3.1871174082117815 NW 55.944207068383555 -3.1873295402461372 0.0 143.75
55.944207068383555 -3.1873295402461372 SE 55.9439949363492 -3.1871174082117815 0.0 142.5
55.9439949363492 -3.1871174082117815 W 55.9439949363492 -3.1874174082117817 0.0 141.25
55.9439949363492 -3.1874174082117817 E 55.9439949363492 -3.1871174082117815 0.0 140.0
55.9439949363492 -3.1871174082117815 W 55.9439949363492 -3.1874174082117817 0.0 138.75
55.9439949363492 -3.1874174082117817 E 55.9439949363492 -3.1871174082117815 0.0 137.5
55.9439949363492 -3.1871174082117815 SW 55.94378280431484 -3.1873295402461372 0.0 136.25
55.94378280431484 -3.1873295402461372 NE 55.9439949363492 -3.1871174082117815 0.0 135.0
55.9439949363492 -3.1871174082117815 SSW 55.94371777248944 -3.187232213241491 0.0 133.75
55.94371777248944 -3.187232213241491 NNE 55.9439949363492 -3.1871174082117815 0.0 132.5
55.9439949363492 -3.1871174082117815 S 55.943694936349196 -3.1871174082117815 0.0 131.25
55.943694936349196 -3.1871174082117815 N 55.9439949363492 -3.1871174082117815 0.0 130.0
55.9439949363492 -3.1871174082117815 S 55.943694936349196 -3.1871174082117815 0.0 128.75
55.943694936349196 -3.1871174082117815 NE 55.94390706838355 -3.1869052761774257 0.0 127.5
55.94390706838355 -3.1869052761774257 SW 55.943694936349196 -3.1871174082117815 0.0 126.25
55.943694936349196 -3.1871174082117815 SW 55.94348280431484 -3.1873295402461372 0.0 125.0
55.94348280431484 -3.1873295402461372 NE 55.943694936349196 -3.1871174082117815 0.0 123.75
55.943694936349196 -3.1871174082117815 SW 55.94348280431484 -3.1873295402461372 0.0 122.5
55.94348280431484 -3.1873295402461372 NE 55.943694936349196 -3.1871174082117815 0.0 121.25
55.943694936349196 -3.1871174082117815 SW 55.94348280431484 -3.1873295402461372 0.0 120.0
55.94348280431484 -3.1873295402461372 NNE 55.9437599681746 -3.1872147352164277 0.0 118.75
55.9437599681746 -3.1872147352164277 SW 55.94354783614024 -3.1874268672507835 0.0 117.5
55.94354783614024 -3.1874268672507835 NNE 55.943825 -3.187312062221074 0.0 116.25
55.943825 -3.187312062221074 SSW 55.94354783614024 -3.1874268672507835 0.0 115.0
55.94354783614024 -3.1874268672507835 NNW 55.943825 -3.187541672280493 0.0 113.75
55.943825 -3.187541672280493 S 55.943524999999994 -3.187541672280493 0.0 112.5
55.943524999999994 -3.187541672280493 W 55.943524999999994 -3.187841672280493 0.0 111.25
55.943524999999994 -3.187841672280493 E 55.943524999999994 -3.187541672280493 0.0 110.0
55.943524999999994 -3.187541672280493 ENE 55.943639805029704 -3.1872645084207396 0.0 108.75
55.943639805029704 -3.1872645084207396 WSW 55.943524999999994 -3.187541672280493 0.0 107.5
55.943524999999994 -3.187541672280493 E 55.943524999999994 -3.187241672280493 0.0 106.25
55.943524999999994 -3.187241672280493 W 55.943524999999994 -3.187541672280493 0.0 105.0
55.943524999999994 -3.187541672280493 ESE 55.943410194970284 -3.1872645084207396 0.0 103.75
55.943410194970284 -3.1872645084207396 WNW 55.943524999999994 -3.187541672280493 0.0 102.5
55.943524999999994 -3.187541672280493 SSE 55.94324783614024 -3.1874268672507835 0.0 101.25
55.94324783614024 -3.1874268672507835 NNW 55.943524999999994 -3.187541672280493 0.0 100.0
55.943524999999994 -3.187541672280493 S 55.94322499999999 -3.187541672280493 0.0 98.75
55.94322499999999 -3.187541672280493 N 55.943524999999994 -3.187541672280493 0.0 97.5
55.943524999999994 -3.187541672280493 S 55.94322499999999 -3.187541672280493 0.0 96.25
55.94322499999999 -3.187541672280493 NNW 55.94350216385975 -3.1876564773102025 0.0 95.0
55.94350216385975 -3.1876564773102025 SSE 55.94322499999999 -3.187541672280493 0.0 93.75
55.94322499999999 -3.187541672280493 NE 55.94343713203435 -3.1873295402461372 0.0 92.5
55.94343713203435 -3.1873295402461372 SW 55.94322499999999 -3.187541672280493 0.0 91.25
55.94322499999999 -3.187541672280493 ENE 55.9433398050297 -3.1872645084207396 0.0 90.0
55.9433398050297 -3.1872645084207396 WSW 55.94322499999999 -3.187541672280493 0.0 88.75
55.94322499999999 -3.187541672280493 SSW 55.942947836140235 -3.1876564773102025 0.0 87.5
55.942947836140235 -3.1876564773102025 NE 55.94315996817459 -3.1874443452758467 0.0 86.25
55.94315996817459 -3.1874443452758467 SW 55.942947836140235 -3.1876564773102025 0.0 85.0
55.942947836140235 -3.1876564773102025 NE 55.94315996817459 -3.1874443452758467 0.0 83.75
55.94315996817459 -3.1874443452758467 SSW 55.942882804314834 -3.1875591503055563 0.0 82.5
55.942882804314834 -3.1875591503055563 NNE 55.94315996817459 -3.1874443452758467 0.0 81.25
55.94315996817459 -3.1874443452758467 SSW 55.942882804314834 -3.1875591503055563 0.0 80.0
55.942882804314834 -3.1875591503055563 NNE 55.94315996817459 -3.1874443452758467 0.0 78.75
55.94315996817459 -3.1874443452758467 SSW 55.942882804314834 -3.1875591503055563 0.0 77.5
55.942882804314834 -3.1875591503055563 ENE 55.942997609344545 -3.187281986445803 0.0 76.25
55.942997609344545 -3.187281986445803 W 55.942997609344545 -3.187581986445803 0.0 75.0
55.942997609344545 -3.187581986445803 E 55.942997609344545 -3.187281986445803 0.0 73.75
55.942997609344545 -3.187281986445803 WNW 55.943112414374255 -3.1875591503055563 0.0 72.5
55.943112414374255 -3.1875591503055563 ESE 55.942997609344545 -3.187281986445803 0.0 71.25
55.942997609344545 -3.187281986445803 NNW 55.9432747732043 -3.1873967914755124 0.0 70.0
55.9432747732043 -3.1873967914755124 SE 55.943062641169945 -3.1871846594411566 0.0 68.75
55.943062641169945 -3.1871846594411566 NW 55.9432747732043 -3.1873967914755124 0.0 67.5
55.9432747732043 -3.1873967914755124 SE 55.943062641169945 -3.1871846594411566 0.0 66.25
55.943062641169945 -3.1871846594411566 NW 55.9432747732043 -3.1873967914755124 0.0 65.0
55.9432747732043 -3.1873967914755124 E 55.9432747732043 -3.187096791475512 0.0 63.75
55.9432747732043 -3.187096791475512 W 55.9432747732043 -3.1873967914755124 0.0 62.5
55.9432747732043 -3.1873967914755124 WNW 55.94338957823401 -3.1876739553352658 0.0 61.25
55.94338957823401 -3.1876739553352658 ESE 55.9432747732043 -3.1873967914755124 0.0 60.0
55.9432747732043 -3.1873967914755124 NNW 55.94355193706406 -3.187511596505222 0.0 58.75
55.94355193706406 -3.187511596505222 SSE 55.9432747732043 -3.1873967914755124 0.0 57.5
55.9432747732043 -3.1873967914755124 ENE 55.94338957823401 -3.187119627615759 0.0 56.25
55.94338957823401 -3.187119627615759 W 55.94338957823401 -3.187419627615759 0.0 55.0
55.94338957823401 -3.187419627615759 E 55.94338957823401 -3.187119627615759 0.0 53.75
55.94338957823401 -3.187119627615759 WSW 55.9432747732043 -3.1873967914755124 0.0 52.5
55.9432747732043 -3.1873967914755124 ENE 55.94338957823401 -3.187119627615759 0.0 51.25
55.94338957823401 -3.187119627615759 WSW 55.9432747732043 -3.1873967914755124 0.0 50.0
55.9432747732043 -3.1873967914755124 E 55.9432747732043 -3.187096791475512 0.0 48.75
55.9432747732043 -3.187096791475512 W 55.9432747732043 -3.1873967914755124 0.0 47.5
55.9432747732043 -3.1873967914755124 E 55.9432747732043 -3.187096791475512 0.0 46.25
55.9432747732043 -3.187096791475512 SSW 55.942997609344545 -3.1872115965052217 0.0 45.0
55.942997609344545 -3.1872115965052217 NNE 55.9432747732043 -3.187096791475512 0.0 43.75
55.9432747732043 -3.187096791475512 NNW 55.94355193706406 -3.1872115965052217 0.0 42.5
55.94355193706406 -3.1872115965052217 SSE 55.9432747732043 -3.187096791475512 0.0 41.25
55.9432747732043 -3.187096791475512 NNW 55.94355193706406 -3.1872115965052217 0.0 40.0
55.94355193706406 -3.1872115965052217 SE 55.9433398050297 -3.186999464470866 0.0 38.75
55.9433398050297 -3.186999464470866 NW 55.94355193706406 -3.1872115965052217 0.0 37.5
55.94355193706406 -3.1872115965052217 SE 55.9433398050297 -3.186999464470866 0.0 36.25
55.9433398050297 -3.186999464470866 NW 55.94355193706406 -3.1872115965052217 0.0 35.0
55.94355193706406 -3.1872115965052217 E 55.94355193706406 -3.1869115965052215 0.0 33.75
55.94355193706406 -3.1869115965052215 SSW 55.9432747732043 -3.187026401534931 0.0 32.5
55.9432747732043 -3.187026401534931 NNE 55.94355193706406 -3.1869115965052215 0.0 31.25
55.94355193706406 -3.1869115965052215 S 55.943251937064055 -3.1869115965052215 0.0 30.0
55.943251937064055 -3.1869115965052215 N 55.94355193706406 -3.1869115965052215 0.0 28.75
55.94355193706406 -3.1869115965052215 NNE 55.943829100923814 -3.186796791475512 0.0 27.5
55.943829100923814 -3.186796791475512 SSW 55.94355193706406 -3.1869115965052215 0.0 26.25
55.94355193706406 -3.1869115965052215 NNE 55.943829100923814 -3.186796791475512 0.0 25.0
55.943829100923814 -3.186796791475512 SSW 55.94355193706406 -3.1869115965052215 0.0 23.75
55.94355193706406 -3.1869115965052215 NNE 55.943829100923814 -3.186796791475512 0.0 22.5
55.943829100923814 -3.186796791475512 ENE 55.943943905953525 -3.1865196276157586 0.0 21.25
55.943943905953525 -3.1865196276157586 WSW 55.943829100923814 -3.186796791475512 0.0 20.0
55.943829100923814 -3.186796791475512 ESE 55.943714295894104 -3.1865196276157586 0.0 18.75
55.943714295894104 -3.1865196276157586 WNW 55.943829100923814 -3.186796791475512 0.0 17.5
55.943829100923814 -3.186796791475512 SSE 55.94355193706406 -3.1866819864458025 42.613807678222656 113.10191345214844
55.94355193706406 -3.1866819864458025 NNW 55.943829100923814 -3.186796791475512 42.613807678222656 111.85191345214844
55.943829100923814 -3.186796791475512 ESE 55.943714295894104 -3.1865196276157586 42.613807678222656 110.60191345214844
55.943714295894104 -3.1865196276157586 WNW 55.943829100923814 -3.186796791475512 42.613807678222656 109.35191345214844
55.943829100923814 -3.186796791475512 ENE 55.943943905953525 -3.1865196276157586 42.613807678222656 108.10191345214844
55.943943905953525 -3.1865196276157586 WSW 55.943829100923814 -3.186796791475512 42.613807678222656 106.85191345214844
55.943829100923814 -3.186796791475512 ENE 55.943943905953525 -3.1865196276157586 42.613807678222656 105.60191345214844
55.943943905953525 -3.1865196276157586 W 55.943943905953525 -3.1868196276157588 42.613807678222656 104.35191345214844
55.943943905953525 -3.1868196276157588 WNW 55.944058710983235 -3.187096791475512 42.613807678222656 103.10191345214844
55.944058710983235 -3.187096791475512 ESE 55.943943905953525 -3.1868196276157588 42.613807678222656 101.85191345214844
55.943943905953525 -3.1868196276157588 SE 55.94373177391917 -3.186607495581403 42.613807678222656 100.60191345214844
55.94373177391917 -3.186607495581403 WNW 55.94384657894888 -3.1868846594411564 42.613807678222656 99.35191345214844
55.94384657894888 -3.1868846594411564 NW 55.944058710983235 -3.187096791475512 42.613807678222656 98.10191345214844
55.944058710983235 -3.187096791475512 ESE 55.943943905953525 -3.1868196276157588 42.613807678222656 96.85191345214844
55.943943905953525 -3.1868196276157588 WNW 55.944058710983235 -3.187096791475512 42.613807678222656 95.60191345214844
55.944058710983235 -3.187096791475512 ESE 55.943943905953525 -3.1868196276157588 42.613807678222656 94.35191345214844
55.943943905953525 -3.1868196276157588 WNW 55.944058710983235 -3.187096791475512 42.613807678222656 93.10191345214844
55.944058710983235 -3.187096791475512 E 55.944058710983235 -3.186796791475512 42.613807678222656 91.85191345214844
55.944058710983235 -3.186796791475512 W 55.944058710983235 -3.187096791475512 42.613807678222656 90.60191345214844
55.944058710983235 -3.187096791475512 ENE 55.944173516012945 -3.1868196276157588 42.613807678222656 89.35191345214844
55.944173516012945 -3.1868196276157588 W 55.944173516012945 -3.187119627615759 42.613807678222656 88.10191345214844
55.944173516012945 -3.187119627615759 SE 55.94396138397859 -3.186907495581403 89.24023818969727 144.13393020629883
55.94396138397859 -3.186907495581403 NW 55.944173516012945 -3.187119627615759 89.24023818969727 142.88393020629883
55.944173516012945 -3.187119627615759 SSE 55.94389635215319 -3.1870048225860494 89.24023818969727 141.63393020629883
55.94389635215319 -3.1870048225860494 NNW 55.944173516012945 -3.187119627615759 89.24023818969727 140.38393020629883
55.944173516012945 -3.187119627615759 SSE 55.94389635215319 -3.1870048225860494 89.24023818969727 139.13393020629883
55.94389635215319 -3.1870048225860494 NNW 55.944173516012945 -3.187119627615759 89.24023818969727 137.88393020629883
55.944173516012945 -3.187119627615759 SSE 55.94389635215319 -3.1870048225860494 89.24023818969727 136.63393020629883
55.94389635215319 -3.1870048225860494 WSW 55.94378154712348 -3.187281986445803 89.24023818969727 135.38393020629883
55.94378154712348 -3.187281986445803 SE 55.94356941508912 -3.187069854411447 89.24023818969727 134.13393020629883
55.94356941508912 -3.187069854411447 NW 55.94378154712348 -3.187281986445803 89.24023818969727 132.88393020629883
55.94378154712348 -3.187281986445803 SE 55.94356941508912 -3.187069854411447 89.24023818969727 131.63393020629883
55.94356941508912 -3.187069854411447 NW 55.94378154712348 -3.187281986445803 89.24023818969727 130.38393020629883
55.94378154712348 -3.187281986445803 SE 55.94356941508912 -3.187069854411447 89.24023818969727 129.13393020629883
55.94356941508912 -3.187069854411447 NW 55.94378154712348 -3.187281986445803 89.24023818969727 127.88393020629883
55.94378154712348 -3.187281986445803 S 55.943481547123476 -3.187281986445803 89.24023818969727 126.63393020629883
55.943481547123476 -3.187281986445803 N 55.94378154712348 -3.187281986445803 89.24023818969727 125.38393020629883
55.94378154712348 -3.187281986445803 SW 55.94356941508912 -3.1874941184801586 89.24023818969727 124.13393020629883
55.94356941508912 -3.1874941184801586 NE 55.94378154712348 -3.187281986445803 89.24023818969727 122.88393020629883
55.94378154712348 -3.187281986445803 WSW 55.94366674209377 -3.1875591503055563 89.24023818969727 121.63393020629883
55.94366674209377 -3.1875591503055563 ENE 55.94378154712348 -3.187281986445803 89.24023818969727 120.38393020629883
55.94378154712348 -3.187281986445803 W 55.94378154712348 -3.187581986445803 89.24023818969727 119.13393020629883
55.94378154712348 -3.187581986445803 NE 55.943993679157835 -3.1873698544114473 89.24023818969727 117.88393020629883
55.943993679157835 -3.1873698544114473 SSE 55.94371651529808 -3.1872550493817378 89.24023818969727 116.63393020629883
55.94371651529808 -3.1872550493817378 NNW 55.943993679157835 -3.1873698544114473 89.24023818969727 115.38393020629883
55.943993679157835 -3.1873698544114473 SW 55.94378154712348 -3.187581986445803 89.24023818969727 114.13393020629883
55.94378154712348 -3.187581986445803 N 55.94408154712348 -3.187581986445803 89.24023818969727 112.88393020629883
55.94408154712348 -3.187581986445803 SE 55.943869415089125 -3.1873698544114473 89.24023818969727 111.63393020629883
55.943869415089125 -3.1873698544114473 NW 55.94408154712348 -3.187581986445803 89.24023818969727 110.38393020629883
55.94408154712348 -3.187581986445803 WSW 55.94396674209377 -3.1878591503055564 89.24023818969727 109.13393020629883
55.94396674209377 -3.1878591503055564 ENE 55.94408154712348 -3.187581986445803 89.24023818969727 107.88393020629883
55.94408154712348 -3.187581986445803 WSW 55.94396674209377 -3.1878591503055564 89.24023818969727 106.63393020629883
55.94396674209377 -3.1878591503055564 ENE 55.94408154712348 -3.187581986445803 89.24023818969727 105.38393020629883
55.94408154712348 -3.187581986445803 WSW 55.94396674209377 -3.1878591503055564 89.24023818969727 104.13393020629883
55.94396674209377 -3.1878591503055564 SSW 55.943689578234014 -3.187973955335266 89.24023818969727 102.88393020629883
55.943689578234014 -3.187973955335266 NNE 55.94396674209377 -3.1878591503055564 89.24023818969727 101.63393020629883
55.94396674209377 -3.1878591503055564 N 55.944266742093774 -3.1878591503055564 89.24023818969727 100.38393020629883
55.944266742093774 -3.1878591503055564 S 55.94396674209377 -3.1878591503055564 89.24023818969727 99.13393020629883
55.94396674209377 -3.1878591503055564 S 55.94366674209377 -3.1878591503055564 139.38855361938477 171.66959762573242
55.94366674209377 -3.1878591503055564 N 55.94396674209377 -3.1878591503055564 139.38855361938477 170.41959762573242
55.94396674209377 -3.1878591503055564 W 55.94396674209377 -3.1881591503055566 139.38855361938477 169.16959762573242
55.94396674209377 -3.1881591503055566 E 55.94396674209377 -3.1878591503055564 139.38855361938477 167.91959762573242
55.94396674209377 -3.1878591503055564 SSW 55.943689578234014 -3.187973955335266 139.38855361938477 166.66959762573242
55.943689578234014 -3.187973955335266 N 55.94398957823402 -3.187973955335266 139.38855361938477 165.41959762573242
