55.944425 -3.188396 NNE 55.94470216385976 -3.1882811949702905 0.0 248.75
55.94470216385976 -3.1882811949702905 S 55.944402163859756 -3.1882811949702905 0.0 247.5
55.944402163859756 -3.1882811949702905 WSW 55.944287358830046 -3.188558358830044 0.0 246.25
55.944287358830046 -3.188558358830044 ENE 55.944402163859756 -3.1882811949702905 0.0 245.0
55.944402163859756 -3.1882811949702905 SW 55.9441900318254 -3.1884933270046463 0.0 243.75
55.9441900318254 -3.1884933270046463 ENE 55.94430483685511 -3.188216163144893 0.0 242.5
55.94430483685511 -3.188216163144893 WSW 55.9441900318254 -3.1884933270046463 0.0 241.25
55.9441900318254 -3.1884933270046463 E 55.9441900318254 -3.188193327004646 0.0 240.0
55.9441900318254 -3.188193327004646 W 55.9441900318254 -3.1884933270046463 0.0 238.75
55.9441900318254 -3.1884933270046463 ENE 55.94430483685511 -3.188216163144893 0.0 237.5
55.94430483685511 -3.188216163144893 WSW 55.9441900318254 -3.1884933270046463 0.0 236.25
55.9441900318254 -3.1884933270046463 SE 55.943977899791044 -3.1882811949702905 0.0 235.0
55.943977899791044 -3.1882811949702905 NW 55.9441900318254 -3.1884933270046463 0.0 233.75
55.9441900318254 -3.1884933270046463 SSE 55.94391286796564 -3.1883785219749368 0.0 232.5
55.94391286796564 -3.1883785219749368 NNW 55.9441900318254 -3.1884933270046463 0.0 231.25
55.9441900318254 -3.1884933270046463 SSE 55.94391286796564 -3.1883785219749368 0.0 230.0
55.94391286796564 -3.1883785219749368 NNW 55.9441900318254 -3.1884933270046463 0.0 228.75
55.9441900318254 -3.1884933270046463 S 55.9438900318254 -3.1884933270046463 0.0 227.5
55.9438900318254 -3.1884933270046463 N 55.9441900318254 -3.1884933270046463 0.0 226.25
55.9441900318254 -3.1884933270046463 S 55.9438900318254 -3.1884933270046463 0.0 225.0
55.9438900318254 -3.1884933270046463 NNW 55.944167195685154 -3.188608132034356 0.0 223.75
55.944167195685154 -3.188608132034356 SSE 55.9438900318254 -3.1884933270046463 0.0 222.5
55.9438900318254 -3.1884933270046463 N 55.9441900318254 -3.1884933270046463 0.0 221.25
55.9441900318254 -3.1884933270046463 S 55.9438900318254 -3.1884933270046463 0.0 220.0
55.9438900318254 -3.1884933270046463 WNW 55.94400483685511 -3.1887704908643997 0.0 218.75
55.94400483685511 -3.1887704908643997 ESE 55.9438900318254 -3.1884933270046463 0.0 217.5
55.9438900318254 -3.1884933270046463 WNW 55.94400483685511 -3.1887704908643997 0.0 216.25
55.94400483685511 -3.1887704908643997 SSE 55.94372767299535 -3.18865568583469 0.0 215.0
55.94372767299535 -3.18865568583469 NNW 55.94400483685511 -3.1887704908643997 0.0 213.75
55.94400483685511 -3.1887704908643997 SSE 55.94372767299535 -3.18865568583469 0.0 212.5
55.94372767299535 -3.18865568583469 WNW 55.94384247802506 -3.1889328496944436 0.0 211.25
55.94384247802506 -3.1889328496944436 ESE 55.94372767299535 -3.18865568583469 0.0 210.0
55.94372767299535 -3.18865568583469 WNW 55.94384247802506 -3.1889328496944436 0.0 208.75
55.94384247802506 -3.1889328496944436 ESE 55.94372767299535 -3.18865568583469 0.0 207.5
55.94372767299535 -3.18865568583469 ESE 55.94361286796564 -3.1883785219749368 0.0 206.25
55.94361286796564 -3.1883785219749368 WNW 55.94372767299535 -3.18865568583469 0.0 205.0
55.94372767299535 -3.18865568583469 S 55.94342767299535 -3.18865568583469 0.0 203.75
55.94342767299535 -3.18865568583469 N 55.94372767299535 -3.18865568583469 0.0 202.5
55.94372767299535 -3.18865568583469 SSE 55.943450509135594 -3.1885408808049807 0.0 201.25
55.943450509135594 -3.1885408808049807 NNW 55.94372767299535 -3.18865568583469 0.0 200.0
55.94372767299535 -3.18865568583469 ESE 55.94361286796564 -3.1883785219749368 0.0 198.75
55.94361286796564 -3.1883785219749368 WNW 55.94372767299535 -3.18865568583469 0.0 197.5
55.94372767299535 -3.18865568583469 ESE 55.94361286796564 -3.1883785219749368 0.0 196.25
55.94361286796564 -3.1883785219749368 WSW 55.94349806293593 -3.18865568583469 0.0 195.0
55.94349806293593 -3.18865568583469 ENE 55.94361286796564 -3.1883785219749368 0.0 193.75
55.94361286796564 -3.1883785219749368 NW 55.943825 -3.1885906540092925 0.0 192.5
55.943825 -3.1885906540092925 SE 55.94361286796564 -3.1883785219749368 0.0 191.25
55.94361286796564 -3.1883785219749368 SW 55.943400735931284 -3.1885906540092925 0.0 190.0
55.943400735931284 -3.1885906540092925 NE 55.94361286796564 -3.1883785219749368 0.0 188.75
55.94361286796564 -3.1883785219749368 WSW 55.94349806293593 -3.18865568583469 0.0 187.5
55.94349806293593 -3.18865568583469 ESE 55.94338325790622 -3.1883785219749368 0.0 186.25
55.94338325790622 -3.1883785219749368 WNW 55.94349806293593 -3.18865568583469 0.0 185.0
55.94349806293593 -3.18865568583469 SE 55.943285930901574 -3.1884435538003344 0.0 183.75
55.943285930901574 -3.1884435538003344 NW 55.94349806293593 -3.18865568583469 0.0 182.5
55.94349806293593 -3.18865568583469 ESE 55.94338325790622 -3.1883785219749368 0.0 181.25
55.94338325790622 -3.1883785219749368 WNW 55.94349806293593 -3.18865568583469 0.0 180.0
55.94349806293593 -3.18865568583469 ESE 55.94338325790622 -3.1883785219749368 0.0 178.75
55.94338325790622 -3.1883785219749368 NW 55.943595389940576 -3.1885906540092925 0.0 177.5
55.943595389940576 -3.1885906540092925 SE 55.94338325790622 -3.1883785219749368 0.0 176.25
55.94338325790622 -3.1883785219749368 NNW 55.943660421765976 -3.1884933270046463 0.0 175.0
55.943660421765976 -3.1884933270046463 SSE 55.94338325790622 -3.1883785219749368 0.0 173.75
55.94338325790622 -3.1883785219749368 N 55.94368325790622 -3.1883785219749368 0.0 172.5
55.94368325790622 -3.1883785219749368 S 55.94338325790622 -3.1883785219749368 0.0 171.25
55.94338325790622 -3.1883785219749368 ENE 55.94349806293593 -3.1881013581151834 0.0 170.0
55.94349806293593 -3.1881013581151834 WSW 55.94338325790622 -3.1883785219749368 0.0 168.75
55.94338325790622 -3.1883785219749368 ENE 55.94349806293593 -3.1881013581151834 0.0 167.5
55.94349806293593 -3.1881013581151834 WSW 55.94338325790622 -3.1883785219749368 0.0 166.25
55.94338325790622 -3.1883785219749368 NE 55.943595389940576 -3.188166389940581 0.0 165.0
55.943595389940576 -3.188166389940581 SW 55.94338325790622 -3.1883785219749368 0.0 163.75
55.94338325790622 -3.1883785219749368 ENE 55.94349806293593 -3.1881013581151834 0.0 162.5
55.94349806293593 -3.1881013581151834 WSW 55.94338325790622 -3.1883785219749368 0.0 161.25
55.94338325790622 -3.1883785219749368 ENE 55.94349806293593 -3.1881013581151834 0.0 160.0
55.94349806293593 -3.1881013581151834 WSW 55.94338325790622 -3.1883785219749368 0.0 158.75
55.94338325790622 -3.1883785219749368 ENE 55.94349806293593 -3.1881013581151834 0.0 157.5
55.94349806293593 -3.1881013581151834 ENE 55.94361286796564 -3.18782419425543 0.0 156.25
55.94361286796564 -3.18782419425543 WSW 55.94349806293593 -3.1881013581151834 0.0 155.0
55.94349806293593 -3.1881013581151834 ESE 55.94338325790622 -3.18782419425543 0.0 153.75
55.94338325790622 -3.18782419425543 WNW 55.94349806293593 -3.1881013581151834 0.0 152.5
55.94349806293593 -3.1881013581151834 ESE 55.94338325790622 -3.18782419425543 0.0 151.25
55.94338325790622 -3.18782419425543 W 55.94338325790622 -3.18812419425543 0.0 150.0
55.94338325790622 -3.18812419425543 E 55.94338325790622 -3.18782419425543 0.0 148.75
55.94338325790622 -3.18782419425543 WSW 55.94326845287651 -3.1881013581151834 0.0 147.5
55.94326845287651 -3.1881013581151834 ENE 55.94338325790622 -3.18782419425543 0.0 146.25
55.94338325790622 -3.18782419425543 WSW 55.94326845287651 -3.1881013581151834 0.0 145.0
55.94326845287651 -3.1881013581151834 ESE 55.9431536478468 -3.18782419425543 0.0 143.75
55.9431536478468 -3.18782419425543 WNW 55.94326845287651 -3.1881013581151834 0.0 142.5
55.94326845287651 -3.1881013581151834 ESE 55.9431536478468 -3.18782419425543 0.0 141.25
55.9431536478468 -3.18782419425543 NNW 55.943430811706556 -3.1879389992851395 0.0 140.0
55.943430811706556 -3.1879389992851395 SSE 55.9431536478468 -3.18782419425543 0.0 138.75
55.9431536478468 -3.18782419425543 NNW 55.943430811706556 -3.1879389992851395 0.0 137.5
55.943430811706556 -3.1879389992851395 SE 55.9432186796722 -3.1877268672507837 0.0 136.25
55.9432186796722 -3.1877268672507837 NW 55.943430811706556 -3.1879389992851395 0.0 135.0
55.943430811706556 -3.1879389992851395 SE 55.9432186796722 -3.1877268672507837 0.0 133.75
55.9432186796722 -3.1877268672507837 NW 55.943430811706556 -3.1879389992851395 0.0 132.5
55.943430811706556 -3.1879389992851395 SE 55.9432186796722 -3.1877268672507837 0.0 131.25
55.9432186796722 -3.1877268672507837 W 55.9432186796722 -3.188026867250784 0.0 130.0
55.9432186796722 -3.188026867250784 ESE 55.94310387464249 -3.1877497033910305 0.0 128.75
55.94310387464249 -3.1877497033910305 WNW 55.9432186796722 -3.188026867250784 0.0 127.5
55.9432186796722 -3.188026867250784 ESE 55.94310387464249 -3.1877497033910305 0.0 126.25
55.94310387464249 -3.1877497033910305 WNW 55.9432186796722 -3.188026867250784 0.0 125.0
55.9432186796722 -3.188026867250784 ESE 55.94310387464249 -3.1877497033910305 0.0 123.75
55.94310387464249 -3.1877497033910305 WSW 55.94298906961278 -3.188026867250784 0.0 122.5
55.94298906961278 -3.188026867250784 ENE 55.94310387464249 -3.1877497033910305 0.0 121.25
55.94310387464249 -3.1877497033910305 ESE 55.94298906961278 -3.187472539531277 0.0 120.0
55.94298906961278 -3.187472539531277 WNW 55.94310387464249 -3.1877497033910305 0.0 118.75
55.94310387464249 -3.1877497033910305 SSW 55.94282671078273 -3.18786450842074 0.0 117.5
55.94282671078273 -3.18786450842074 N 55.943126710782735 -3.18786450842074 0.0 116.25
55.943126710782735 -3.18786450842074 SW 55.94291457874838 -3.1880766404550958 91.43928527832031 220.40949249267578
55.94291457874838 -3.1880766404550958 NE 55.943126710782735 -3.18786450842074 91.43928527832031 219.15949249267578
55.943126710782735 -3.18786450842074 WSW 55.943011905753025 -3.1881416722804934 91.43928527832031 217.90949249267578
55.943011905753025 -3.1881416722804934 ENE 55.943126710782735 -3.18786450842074 91.43928527832031 216.65949249267578
55.943126710782735 -3.18786450842074 WSW 55.943011905753025 -3.1881416722804934 91.43928527832031 215.40949249267578
55.943011905753025 -3.1881416722804934 NE 55.94322403778738 -3.1879295402461376 191.34899139404297 262.4645652770996
55.94322403778738 -3.1879295402461376 SSW 55.942946873927625 -3.188044345275847 194.07801961898804 271.6333808898926
55.942946873927625 -3.188044345275847 N 55.94324687392763 -3.188044345275847 194.07801961898804 270.3833808898926
55.94324687392763 -3.188044345275847 S 55.942946873927625 -3.188044345275847 194.07801961898804 269.1333808898926
55.942946873927625 -3.188044345275847 S 55.94264687392762 -3.188044345275847 194.07801961898804 267.8833808898926
55.94264687392762 -3.188044345275847 N 55.942946873927625 -3.188044345275847 194.07801961898804 266.6333808898926
55.942946873927625 -3.188044345275847 SSE 55.94266971006787 -3.1879295402461376 194.07801961898804 265.3833808898926
55.94266971006787 -3.1879295402461376 NNW 55.942946873927625 -3.188044345275847 194.07801961898804 264.1333808898926
55.942946873927625 -3.188044345275847 SSW 55.94266971006787 -3.1881591503055566 194.07801961898804 262.8833808898926
55.94266971006787 -3.1881591503055566 NNE 55.942946873927625 -3.188044345275847 194.07801961898804 261.6333808898926
55.942946873927625 -3.188044345275847 NNE 55.94322403778738 -3.1879295402461376 194.07801961898804 260.3833808898926
55.94322403778738 -3.1879295402461376 SSW 55.942946873927625 -3.188044345275847 194.07801961898804 259.1333808898926
55.942946873927625 -3.188044345275847 NNE 55.94322403778738 -3.1879295402461376 194.07801961898804 257.8833808898926
55.94322403778738 -3.1879295402461376 SW 55.943011905753025 -3.1881416722804934 194.07801961898804 256.6333808898926
55.943011905753025 -3.1881416722804934 WSW 55.942897100723314 -3.188418836140247 224.81826734542847 300.15757751464844
55.942897100723314 -3.188418836140247 ENE 55.943011905753025 -3.1881416722804934 224.81826734542847 298.90757751464844
55.943011905753025 -3.1881416722804934 W 55.943011905753025 -3.1884416722804936 224.81826734542847 297.65757751464844
55.943011905753025 -3.1884416722804936 E 55.943011905753025 -3.1881416722804934 224.81826734542847 296.40757751464844
55.943011905753025 -3.1881416722804934 W 55.943011905753025 -3.1884416722804936 224.81826734542847 295.15757751464844
55.943011905753025 -3.1884416722804936 E 55.943011905753025 -3.1881416722804934 224.81826734542847 293.90757751464844
55.943011905753025 -3.1881416722804934 W 55.943011905753025 -3.1884416722804936 224.81826734542847 292.65757751464844
55.943011905753025 -3.1884416722804936 NE 55.94322403778738 -3.188229540246138 226.92380619049072 308.4216766357422
55.94322403778738 -3.188229540246138 SW 55.943011905753025 -3.1884416722804936 226.92380619049072 307.1716766357422
55.943011905753025 -3.1884416722804936 SSE 55.94273474189327 -3.188326867250784 226.92380619049072 305.9216766357422
55.94273474189327 -3.188326867250784 NNW 55.943011905753025 -3.1884416722804936 226.92380619049072 304.6716766357422
55.943011905753025 -3.1884416722804936 S 55.94271190575302 -3.1884416722804936 226.92380619049072 303.4216766357422
55.94271190575302 -3.1884416722804936 NNE 55.94298906961278 -3.188326867250784 226.92380619049072 302.1716766357422
55.94298906961278 -3.188326867250784 S 55.942689069612776 -3.188326867250784 296.66744327545166 308.04004764556885
55.942689069612776 -3.188326867250784 N 55.94298906961278 -3.188326867250784 296.66744327545166 306.79004764556885
55.94298906961278 -3.188326867250784 S 55.942689069612776 -3.188326867250784 296.66744327545166 305.54004764556885
55.942689069612776 -3.188326867250784 N 55.94298906961278 -3.188326867250784 296.66744327545166 304.29004764556885
55.94298906961278 -3.188326867250784 S 55.942689069612776 -3.188326867250784 296.66744327545166 303.04004764556885
55.942689069612776 -3.188326867250784 NE 55.94290120164713 -3.1881147352164283 421.1950616836548 358.17809772491455
55.94290120164713 -3.1881147352164283 SSW 55.942624037787375 -3.188229540246138 421.1950616836548 356.92809772491455
55.942624037787375 -3.188229540246138 W 55.942624037787375 -3.188529540246138 421.1950616836548 355.67809772491455
55.942624037787375 -3.188529540246138 E 55.942624037787375 -3.188229540246138 421.1950616836548 354.42809772491455
55.942624037787375 -3.188229540246138 WNW 55.942738842817086 -3.188506704105891 528.320839881897 381.74423122406006
55.942738842817086 -3.188506704105891 ENE 55.942853647846796 -3.188229540246138 610.2566003799438 493.2178716659546
55.942853647846796 -3.188229540246138 WSW 55.942738842817086 -3.188506704105891 610.2566003799438 491.9678716659546
55.942738842817086 -3.188506704105891 ENE 55.942853647846796 -3.188229540246138 610.2566003799438 490.7178716659546
55.942853647846796 -3.188229540246138 WSW 55.942738842817086 -3.188506704105891 610.2566003799438 489.4678716659546
55.942738842817086 -3.188506704105891 ENE 55.942853647846796 -3.188229540246138 610.2566003799438 488.2178716659546
55.942853647846796 -3.188229540246138 WSW 55.942738842817086 -3.188506704105891 610.2566003799438 486.9678716659546
55.942738842817086 -3.188506704105891 ESE 55.942624037787375 -3.188229540246138 610.2566003799438 485.7178716659546
55.942624037787375 -3.188229540246138 WNW 55.942738842817086 -3.188506704105891 610.2566003799438 484.4678716659546
55.942738842817086 -3.188506704105891 NNW 55.94301600667684 -3.1886215091356007 658.1356172561646 523.0029783248901
55.94301600667684 -3.1886215091356007 S 55.94271600667684 -3.1886215091356007 690.3272829055786 563.7050199508667
55.94271600667684 -3.1886215091356007 NNE 55.942993170536596 -3.188506704105891 690.3272829055786 562.4550199508667
55.942993170536596 -3.188506704105891 SSW 55.94271600667684 -3.1886215091356007 690.3272829055786 561.2050199508667
55.94271600667684 -3.1886215091356007 NNW 55.942993170536596 -3.1887363141653102 690.3272829055786 559.9550199508667
55.942993170536596 -3.1887363141653102 SSE 55.94271600667684 -3.1886215091356007 690.3272829055786 558.7050199508667
55.94271600667684 -3.1886215091356007 NNW 55.942993170536596 -3.1887363141653102 690.3272829055786 557.4550199508667
55.942993170536596 -3.1887363141653102 SSE 55.94271600667684 -3.1886215091356007 690.3272829055786 556.2050199508667
55.94271600667684 -3.1886215091356007 NNW 55.942993170536596 -3.1887363141653102 690.3272829055786 554.9550199508667
55.942993170536596 -3.1887363141653102 SE 55.94278103850224 -3.1885241821309545 690.3272829055786 553.7050199508667
55.94278103850224 -3.1885241821309545 NW 55.942993170536596 -3.1887363141653102 690.3272829055786 552.4550199508667
55.942993170536596 -3.1887363141653102 E 55.942993170536596 -3.18843631416531 690.3272829055786 551.2050199508667
55.942993170536596 -3.18843631416531 W 55.942993170536596 -3.1887363141653102 690.3272829055786 549.9550199508667
55.942993170536596 -3.1887363141653102 E 55.942993170536596 -3.18843631416531 690.3272829055786 548.7050199508667
55.942993170536596 -3.18843631416531 WSW 55.942878365506886 -3.1887134780250634 780.6294450759888 568.3307008743286
55.942878365506886 -3.1887134780250634 ENE 55.942993170536596 -3.18843631416531 780.6294450759888 567.0807008743286
55.942993170536596 -3.18843631416531 SW 55.94278103850224 -3.188648446199666 780.6294450759888 565.8307008743286
55.94278103850224 -3.188648446199666 NE 55.942993170536596 -3.18843631416531 780.6294450759888 564.5807008743286
55.942993170536596 -3.18843631416531 SW 55.94278103850224 -3.188648446199666 780.6294450759888 563.3307008743286
55.94278103850224 -3.188648446199666 NE 55.942993170536596 -3.18843631416531 780.6294450759888 562.0807008743286
55.942993170536596 -3.18843631416531 W 55.942993170536596 -3.1887363141653102 780.6294450759888 560.8307008743286
55.942993170536596 -3.1887363141653102 ENE 55.943107975566306 -3.188459150305557 780.6294450759888 559.5807008743286
55.943107975566306 -3.188459150305557 NNE 55.94338513942606 -3.1883443452758473 869.8402223587036 625.7030839920044
55.94338513942606 -3.1883443452758473 SSW 55.943107975566306 -3.188459150305557 869.8402223587036 624.4530839920044
55.943107975566306 -3.188459150305557 N 55.94340797556631 -3.188459150305557 930.5858354568481 694.637921333313
55.94340797556631 -3.188459150305557 S 55.943107975566306 -3.188459150305557 930.5858354568481 693.387921333313
55.943107975566306 -3.188459150305557 E 55.943107975566306 -3.1881591503055566 935.663408279419 795.3968706130981
55.943107975566306 -3.1881591503055566 W 55.943107975566306 -3.188459150305557 935.663408279419 794.1468706130981
55.943107975566306 -3.188459150305557 ESE 55.942993170536596 -3.1881819864458034 935.663408279419 792.8968706130981
55.942993170536596 -3.1881819864458034 WNW 55.943107975566306 -3.188459150305557 935.663408279419 791.6468706130981
55.943107975566306 -3.188459150305557 NE 55.94332010760066 -3.188247018271201 935.663408279419 790.3968706130981
55.94332010760066 -3.188247018271201 SW 55.943107975566306 -3.188459150305557 935.663408279419 789.1468706130981
55.943107975566306 -3.188459150305557 NE 55.94332010760066 -3.188247018271201 935.663408279419 787.8968706130981
55.94332010760066 -3.188247018271201 SW 55.943107975566306 -3.188459150305557 935.663408279419 786.6468706130981
55.943107975566306 -3.188459150305557 NE 55.94332010760066 -3.188247018271201 935.663408279419 785.3968706130981
55.94332010760066 -3.188247018271201 SW 55.943107975566306 -3.188459150305557 935.663408279419 784.1468706130981
55.943107975566306 -3.188459150305557 NE 55.94332010760066 -3.188247018271201 935.663408279419 782.8968706130981
55.94332010760066 -3.188247018271201 WSW 55.94320530257095 -3.1885241821309545 935.663408279419 781.6468706130981
55.94320530257095 -3.1885241821309545 ENE 55.94332010760066 -3.188247018271201 935.663408279419 780.3968706130981
55.94332010760066 -3.188247018271201 SE 55.943107975566306 -3.1880348862368453 935.663408279419 779.1468706130981
55.943107975566306 -3.1880348862368453 NW 55.94332010760066 -3.188247018271201 935.663408279419 777.8968706130981
55.94332010760066 -3.188247018271201 S 55.94302010760066 -3.188247018271201 935.663408279419 776.6468706130981
55.94302010760066 -3.188247018271201 N 55.94332010760066 -3.188247018271201 935.663408279419 775.3968706130981
55.94332010760066 -3.188247018271201 SSE 55.943042943740906 -3.1881322132414915 935.663408279419 774.1468706130981
55.943042943740906 -3.1881322132414915 NNW 55.94332010760066 -3.188247018271201 935.663408279419 772.8968706130981
55.94332010760066 -3.188247018271201 S 55.94302010760066 -3.188247018271201 935.663408279419 771.6468706130981
55.94302010760066 -3.188247018271201 N 55.94332010760066 -3.188247018271201 935.663408279419 770.3968706130981
55.94332010760066 -3.188247018271201 SSE 55.943042943740906 -3.1881322132414915 935.663408279419 769.1468706130981
55.943042943740906 -3.1881322132414915 NNW 55.94332010760066 -3.188247018271201 935.663408279419 767.8968706130981
55.94332010760066 -3.188247018271201 SE 55.943107975566306 -3.1880348862368453 935.663408279419 766.6468706130981
55.943107975566306 -3.1880348862368453 NW 55.94332010760066 -3.188247018271201 935.663408279419 765.3968706130981
55.94332010760066 -3.188247018271201 SE 55.943107975566306 -3.1880348862368453 935.663408279419 764.1468706130981
55.943107975566306 -3.1880348862368453 NNW 55.94338513942606 -3.188149691266555 935.663408279419 762.8968706130981
55.94338513942606 -3.188149691266555 S 55.94308513942606 -3.188149691266555 935.663408279419 761.6468706130981
55.94308513942606 -3.188149691266555 N 55.94338513942606 -3.188149691266555 935.663408279419 760.3968706130981
55.94338513942606 -3.188149691266555 SE 55.94317300739171 -3.187937559232199 935.663408279419 759.1468706130981
55.94317300739171 -3.187937559232199 NW 55.94338513942606 -3.188149691266555 935.663408279419 757.8968706130981
55.94338513942606 -3.188149691266555 NW 55.94359727146042 -3.1883618233009106 935.663408279419 756.6468706130981
55.94359727146042 -3.1883618233009106 SE 55.94338513942606 -3.188149691266555 935.663408279419 755.3968706130981
55.94338513942606 -3.188149691266555 NW 55.94359727146042 -3.1883618233009106 935.663408279419 754.1468706130981
55.94359727146042 -3.1883618233009106 S 55.943297271460416 -3.1883618233009106 935.663408279419 752.8968706130981
55.943297271460416 -3.1883618233009106 N 55.94359727146042 -3.1883618233009106 935.663408279419 751.6468706130981
55.94359727146042 -3.1883618233009106 ENE 55.94371207649013 -3.188084659441157 935.663408279419 750.3968706130981
55.94371207649013 -3.188084659441157 SSW 55.94343491263037 -3.1881994644708667 999.2923564910889 749.5314417481422
55.94343491263037 -3.1881994644708667 NNE 55.94371207649013 -3.188084659441157 999.2923564910889 748.2814417481422
55.94371207649013 -3.188084659441157 WSW 55.94359727146042 -3.1883618233009106 999.2923564910889 747.0314417481422
55.94359727146042 -3.1883618233009106 ENE 55.94371207649013 -3.188084659441157 999.2923564910889 745.7814417481422
55.94371207649013 -3.188084659441157 W 55.94371207649013 -3.1883846594411573 999.2923564910889 744.5314417481422
55.94371207649013 -3.1883846594411573 E 55.94371207649013 -3.188084659441157 999.2923564910889 743.2814417481422
55.94371207649013 -3.188084659441157 W 55.94371207649013 -3.1883846594411573 999.2923564910889 742.0314417481422
55.94371207649013 -3.1883846594411573 E 55.94371207649013 -3.188084659441157 999.2923564910889 740.7814417481422
55.94371207649013 -3.188084659441157 W 55.94371207649013 -3.1883846594411573 999.2923564910889 739.5314417481422
55.94371207649013 -3.1883846594411573 ENE 55.94382688151984 -3.188107495581404 999.2923564910889 738.2814417481422
55.94382688151984 -3.188107495581404 WSW 55.94371207649013 -3.1883846594411573 999.2923564910889 737.0314417481422
55.94371207649013 -3.1883846594411573 ENE 55.94382688151984 -3.188107495581404 999.2923564910889 735.7814417481422
55.94382688151984 -3.188107495581404 WNW 55.94394168654955 -3.1883846594411573 999.2923564910889 734.5314417481422
55.94394168654955 -3.1883846594411573 ESE 55.94382688151984 -3.188107495581404 999.2923564910889 733.2814417481422
55.94382688151984 -3.188107495581404 WNW 55.94394168654955 -3.1883846594411573 999.2923564910889 732.0314417481422
55.94394168654955 -3.1883846594411573 ESE 55.94382688151984 -3.188107495581404 999.2923564910889 730.7814417481422
55.94382688151984 -3.188107495581404 WNW 55.94394168654955 -3.1883846594411573 999.2923564910889 729.5314417481422
55.94394168654955 -3.1883846594411573 S 55.94364168654955 -3.1883846594411573 999.2923564910889 728.2814417481422
55.94364168654955 -3.1883846594411573 N 55.94394168654955 -3.1883846594411573 999.2923564910889 727.0314417481422
55.94394168654955 -3.1883846594411573 WNW 55.94405649157926 -3.1886618233009107 999.2923564910889 725.7814417481422
55.94405649157926 -3.1886618233009107 ESE 55.94394168654955 -3.1883846594411573 999.2923564910889 724.5314417481422
55.94394168654955 -3.1883846594411573 ENE 55.94405649157926 -3.188107495581404 999.2923564910889 723.2814417481422
55.94405649157926 -3.188107495581404 WSW 55.94394168654955 -3.1883846594411573 999.2923564910889 722.0314417481422
55.94394168654955 -3.1883846594411573 NE 55.94415381858391 -3.1881725274068016 999.2923564910889 720.7814417481422
55.94415381858391 -3.1881725274068016 SW 55.94394168654955 -3.1883846594411573 999.2923564910889 719.5314417481422
55.94394168654955 -3.1883846594411573 N 55.94424168654955 -3.1883846594411573 999.2923564910889 718.2814417481422
55.94424168654955 -3.1883846594411573 S 55.94394168654955 -3.1883846594411573 999.2923564910889 717.0314417481422
55.94394168654955 -3.1883846594411573 N 55.94424168654955 -3.1883846594411573 999.2923564910889 715.7814417481422
55.94424168654955 -3.1883846594411573 S 55.94394168654955 -3.1883846594411573 999.2923564910889 714.5314417481422
55.94394168654955 -3.1883846594411573 N 55.94424168654955 -3.1883846594411573 999.2923564910889 713.2814417481422
