55.944425 -3.188396 ESE 55.94431019497029 -3.1881188361402466 0.0 248.75
55.94431019497029 -3.1881188361402466 WSW 55.94419538994058 -3.188396 0.0 247.5
55.94419538994058 -3.188396 NE 55.94440752197494 -3.1881838679656442 0.0 246.25
55.94440752197494 -3.1881838679656442 S 55.944107521974935 -3.1881838679656442 0.0 245.0
55.944107521974935 -3.1881838679656442 E 55.944107521974935 -3.187883867965644 37.19826889038086 252.70788860321045
55.944107521974935 -3.187883867965644 W 55.944107521974935 -3.1881838679656442 37.19826889038086 251.45788860321045
55.944107521974935 -3.1881838679656442 SSE 55.94383035811518 -3.1880690629359347 37.19826889038086 250.20788860321045
55.94383035811518 -3.1880690629359347 ENE 55.94394516314489 -3.1877918990761813 37.19826889038086 248.95788860321045
55.94394516314489 -3.1877918990761813 NNW 55.944222327004645 -3.187906704105891 37.19826889038086 247.70788860321045
55.944222327004645 -3.187906704105891 SE 55.94401019497029 -3.187694572071535 37.19826889038086 246.45788860321045
55.94401019497029 -3.187694572071535 NW 55.944222327004645 -3.187906704105891 37.19826889038086 245.20788860321045
55.944222327004645 -3.187906704105891 SE 55.94401019497029 -3.187694572071535 37.19826889038086 243.95788860321045
55.94401019497029 -3.187694572071535 N 55.94431019497029 -3.187694572071535 37.19826889038086 242.70788860321045
55.94431019497029 -3.187694572071535 SSE 55.944033031110536 -3.1875797670418256 37.19826889038086 241.45788860321045
55.944033031110536 -3.1875797670418256 NE 55.94424516314489 -3.18736763500747 37.19826889038086 240.20788860321045
55.94424516314489 -3.18736763500747 W 55.94424516314489 -3.18766763500747 37.19826889038086 238.95788860321045
55.94424516314489 -3.18766763500747 ENE 55.9443599681746 -3.1873904711477166 37.19826889038086 237.70788860321045
55.9443599681746 -3.1873904711477166 E 55.9443599681746 -3.1870904711477164 37.19826889038086 236.45788860321045
55.9443599681746 -3.1870904711477164 WSW 55.94424516314489 -3.18736763500747 37.19826889038086 235.20788860321045
55.94424516314489 -3.18736763500747 E 55.94424516314489 -3.1870676350074696 37.19826889038086 233.95788860321045
55.94424516314489 -3.1870676350074696 NNW 55.94452232700465 -3.187182440037179 37.19826889038086 232.70788860321045
55.94452232700465 -3.187182440037179 SE 55.94431019497029 -3.1869703080028233 37.19826889038086 231.45788860321045
55.94431019497029 -3.1869703080028233 NE 55.94452232700465 -3.1867581759684676 37.19826889038086 230.20788860321045
55.94452232700465 -3.1867581759684676 SSW 55.94424516314489 -3.186872980998177 37.19826889038086 228.95788860321045
55.94424516314489 -3.186872980998177 NNE 55.94452232700465 -3.1867581759684676 37.19826889038086 227.70788860321045
55.94452232700465 -3.1867581759684676 ENE 55.94463713203436 -3.186481012108714 37.19826889038086 226.45788860321045
55.94463713203436 -3.186481012108714 WNW 55.94475193706407 -3.1867581759684676 37.19826889038086 225.20788860321045
55.94475193706407 -3.1867581759684676 NE 55.944964069098425 -3.186546043934112 37.19826889038086 223.95788860321045
55.944964069098425 -3.186546043934112 WNW 55.945078874128136 -3.186823207793865 37.19826889038086 222.70788860321045
55.945078874128136 -3.186823207793865 ESE 55.944964069098425 -3.186546043934112 37.19826889038086 221.45788860321045
55.944964069098425 -3.186546043934112 NW 55.94517620113278 -3.1867581759684676 37.19826889038086 220.20788860321045
55.94517620113278 -3.1867581759684676 SW 55.944964069098425 -3.1869703080028233 37.19826889038086 218.95788860321045
55.944964069098425 -3.1869703080028233 NNE 55.94524123295818 -3.186855502973114 37.19826889038086 217.70788860321045
55.94524123295818 -3.186855502973114 WNW 55.94535603798789 -3.1871326668328672 37.19826889038086 216.45788860321045
55.94535603798789 -3.1871326668328672 SSW 55.945078874128136 -3.1872474718625767 37.19826889038086 215.20788860321045
55.945078874128136 -3.1872474718625767 NNE 55.94535603798789 -3.1871326668328672 37.19826889038086 213.95788860321045
55.94535603798789 -3.1871326668328672 SW 55.945143905953536 -3.187344798867223 37.19826889038086 212.70788860321045
55.945143905953536 -3.187344798867223 NW 55.94535603798789 -3.1875569309015788 37.19826889038086 211.45788860321045
55.94535603798789 -3.1875569309015788 ESE 55.94524123295818 -3.1872797670418254 37.19826889038086 210.20788860321045
55.94524123295818 -3.1872797670418254 WNW 55.94535603798789 -3.1875569309015788 37.19826889038086 208.95788860321045
55.94535603798789 -3.1875569309015788 SSE 55.945078874128136 -3.1874421258718693 37.19826889038086 207.70788860321045
55.945078874128136 -3.1874421258718693 SSE 55.94480171026838 -3.1873273208421598 65.22212409973145 222.42657089233398
55.94480171026838 -3.1873273208421598 SW 55.94458957823402 -3.1875394528765155 65.22212409973145 221.17657089233398
55.94458957823402 -3.1875394528765155 NNE 55.94486674209378 -3.187424647846806 99.86355781555176 323.1370277404785
55.94486674209378 -3.187424647846806 SE 55.94465461005942 -3.1872125158124502 154.51892280578613 413.26989364624023
55.94465461005942 -3.1872125158124502 SSW 55.94437744619967 -3.1873273208421598 154.51892280578613 412.01989364624023
55.94437744619967 -3.1873273208421598 NNE 55.94465461005942 -3.1872125158124502 154.51892280578613 410.76989364624023
55.94465461005942 -3.1872125158124502 SSW 55.94437744619967 -3.1873273208421598 154.51892280578613 409.51989364624023
55.94437744619967 -3.1873273208421598 N 55.94467744619967 -3.1873273208421598 154.51892280578613 408.26989364624023
55.94467744619967 -3.1873273208421598 SW 55.94446531416531 -3.1875394528765155 154.51892280578613 407.01989364624023
55.94446531416531 -3.1875394528765155 WNW 55.944580119195024 -3.187816616736269 154.51892280578613 405.76989364624023
55.944580119195024 -3.187816616736269 WNW 55.944694924224734 -3.1880937805960223 154.51892280578613 404.51989364624023
55.944694924224734 -3.1880937805960223 ESE 55.944580119195024 -3.187816616736269 154.51892280578613 403.26989364624023
55.944580119195024 -3.187816616736269 NW 55.94479225122938 -3.1880287487706247 154.51892280578613 402.01989364624023
55.94479225122938 -3.1880287487706247 SE 55.944580119195024 -3.187816616736269 154.51892280578613 400.76989364624023
55.944580119195024 -3.187816616736269 WNW 55.944694924224734 -3.1880937805960223 154.51892280578613 399.51989364624023
55.944694924224734 -3.1880937805960223 W 55.944694924224734 -3.1883937805960225 154.51892280578613 398.26989364624023
55.944694924224734 -3.1883937805960225 ENE 55.944809729254445 -3.188116616736269 154.51892280578613 397.01989364624023
55.944809729254445 -3.188116616736269 WSW 55.944694924224734 -3.1883937805960225 154.51892280578613 395.76989364624023
55.944694924224734 -3.1883937805960225 WSW 55.944580119195024 -3.188670944455776 154.51892280578613 394.51989364624023
55.944580119195024 -3.188670944455776 ESE 55.94446531416531 -3.1883937805960225 154.51892280578613 393.26989364624023
55.94446531416531 -3.1883937805960225 W 55.94446531416531 -3.1886937805960227 154.51892280578613 392.01989364624023
55.94446531416531 -3.1886937805960227 SE 55.94425318213096 -3.188481648561667 154.51892280578613 390.76989364624023
55.94425318213096 -3.188481648561667 NW 55.94446531416531 -3.1886937805960227 154.51892280578613 389.51989364624023
55.94446531416531 -3.1886937805960227 WSW 55.9443505091356 -3.188970944455776 154.51892280578613 388.26989364624023
55.9443505091356 -3.188970944455776 NE 55.94456264116996 -3.1887588124214203 154.51892280578613 387.01989364624023
55.94456264116996 -3.1887588124214203 SW 55.9443505091356 -3.188970944455776 154.51892280578613 385.76989364624023
55.9443505091356 -3.188970944455776 NW 55.94456264116996 -3.189183076490132 253.9008960723877 488.5305824279785
55.94456264116996 -3.189183076490132 S 55.944262641169956 -3.189183076490132 253.9008960723877 487.2805824279785
55.944262641169956 -3.189183076490132 N 55.94456264116996 -3.189183076490132 253.9008960723877 486.0305824279785
55.94456264116996 -3.189183076490132 SW 55.9443505091356 -3.1893952085244877 253.9008960723877 484.7805824279785
55.9443505091356 -3.1893952085244877 ESE 55.94423570410589 -3.1891180446647343 289.9727039337158 578.0317878723145
55.94423570410589 -3.1891180446647343 W 55.94423570410589 -3.1894180446647344 289.9727039337158 576.7817878723145
55.94423570410589 -3.1894180446647344 ESE 55.94412089907618 -3.189140880804981 289.9727039337158 575.5317878723145
55.94412089907618 -3.189140880804981 W 55.94412089907618 -3.1894408808049812 289.9727039337158 574.2817878723145
55.94412089907618 -3.1894408808049812 WNW 55.94423570410589 -3.1897180446647346 315.19064140319824 584.0266523361206
55.94423570410589 -3.1897180446647346 SSW 55.943958540246136 -3.189832849694444 315.19064140319824 582.7766523361206
55.943958540246136 -3.189832849694444 N 55.94425854024614 -3.189832849694444 320.04700326919556 634.7039022445679
55.94425854024614 -3.189832849694444 S 55.943958540246136 -3.189832849694444 320.04700326919556 633.4539022445679
55.943958540246136 -3.189832849694444 N 55.94425854024614 -3.189832849694444 320.04700326919556 632.2039022445679
55.94425854024614 -3.189832849694444 NNW 55.944535704105895 -3.1899476547241536 320.04700326919556 630.9539022445679
55.944535704105895 -3.1899476547241536 SE 55.94432357207154 -3.189735522689798 320.04700326919556 629.7039022445679
55.94432357207154 -3.189735522689798 NW 55.944535704105895 -3.1899476547241536 320.04700326919556 628.4539022445679
55.944535704105895 -3.1899476547241536 WSW 55.944420899076185 -3.190224818583907 320.04700326919556 627.2039022445679
55.944420899076185 -3.190224818583907 ENE 55.944535704105895 -3.1899476547241536 320.04700326919556 625.9539022445679
55.944535704105895 -3.1899476547241536 WSW 55.944420899076185 -3.190224818583907 320.04700326919556 624.7039022445679
55.944420899076185 -3.190224818583907 W 55.944420899076185 -3.1905248185839072 320.04700326919556 623.4539022445679
55.944420899076185 -3.1905248185839072 ESE 55.944306094046475 -3.190247654724154 398.0991349220276 708.7705907821655
55.944306094046475 -3.190247654724154 W 55.944306094046475 -3.190547654724154 398.0991349220276 707.5205907821655
55.944306094046475 -3.190547654724154 E 55.944306094046475 -3.190247654724154 398.0991349220276 706.2705907821655
55.944306094046475 -3.190247654724154 W 55.944306094046475 -3.190547654724154 398.0991349220276 705.0205907821655
55.944306094046475 -3.190547654724154 W 55.944306094046475 -3.190847654724154 519.3461365699768 707.3650262355804
55.944306094046475 -3.190847654724154 ESE 55.944191289016764 -3.190570490864401 519.3461365699768 706.1150262355804
55.944191289016764 -3.190570490864401 W 55.944191289016764 -3.190870490864401 587.2934174537659 717.120799779892
55.944191289016764 -3.190870490864401 SSW 55.94391412515701 -3.1909852958941105 587.2934174537659 715.870799779892
55.94391412515701 -3.1909852958941105 NNE 55.944191289016764 -3.190870490864401 587.2934174537659 714.620799779892
55.944191289016764 -3.190870490864401 NNE 55.94446845287652 -3.1907556858346915 678.4295563697815 816.1141393184662
55.94446845287652 -3.1907556858346915 WSW 55.94435364784681 -3.191032849694445 718.643000125885 891.8974187374115
55.94435364784681 -3.191032849694445 N 55.94465364784681 -3.191032849694445 758.5321488380432 977.8438222408295
55.94465364784681 -3.191032849694445 S 55.94435364784681 -3.191032849694445 758.5321488380432 976.5938222408295
55.94435364784681 -3.191032849694445 S 55.94405364784681 -3.191032849694445 758.5321488380432 975.3438222408295
55.94405364784681 -3.191032849694445 NNE 55.944330811706564 -3.1909180446647354 758.5321488380432 974.0938222408295
55.944330811706564 -3.1909180446647354 S 55.94403081170656 -3.1909180446647354 758.5321488380432 972.8438222408295
55.94403081170656 -3.1909180446647354 SSW 55.943753647846805 -3.191032849694445 771.1403088569641 1073.6963155269623
55.943753647846805 -3.191032849694445 NE 55.94396577988116 -3.190820717660089 771.1403088569641 1072.4463155269623
55.94396577988116 -3.190820717660089 NW 55.94417791191552 -3.191032849694445 814.9899830818176 1178.8071477413177
55.94417791191552 -3.191032849694445 SE 55.94396577988116 -3.190820717660089 814.9899830818176 1177.5571477413177
55.94396577988116 -3.190820717660089 NNE 55.94424294374092 -3.1907059126303796 869.2657017707825 1254.8702886104584
55.94424294374092 -3.1907059126303796 SSW 55.94396577988116 -3.190820717660089 869.2657017707825 1253.6202886104584
55.94396577988116 -3.190820717660089 E 55.94396577988116 -3.190520717660089 869.2657017707825 1252.3702886104584
55.94396577988116 -3.190520717660089 ESE 55.94385097485145 -3.1902435538003355 869.2657017707825 1251.1202886104584
55.94385097485145 -3.1902435538003355 ESE 55.94373616982174 -3.189966389940582 895.4837327003479 1326.1558644771576
55.94373616982174 -3.189966389940582 NW 55.943948301856096 -3.190178521974938 895.4837327003479 1324.9058644771576
55.943948301856096 -3.190178521974938 ESE 55.943833496826386 -3.1899013581151845 895.4837327003479 1323.6558644771576
55.943833496826386 -3.1899013581151845 ENE 55.943948301856096 -3.189624194255431 895.4837327003479 1322.4058644771576
55.943948301856096 -3.189624194255431 SW 55.94373616982174 -3.189836326289787 895.4837327003479 1321.1558644771576
55.94373616982174 -3.189836326289787 ENE 55.94385097485145 -3.1895591624300335 895.4837327003479 1319.9058644771576
55.94385097485145 -3.1895591624300335 ESE 55.94373616982174 -3.18928199857028 995.8651185035706 1344.0759809017181
55.94373616982174 -3.18928199857028 NNE 55.9440133336815 -3.1891671935405705 995.8651185035706 1342.8259809017181
55.9440133336815 -3.1891671935405705 NNE 55.94429049754125 -3.189052388510861 995.8651185035706 1341.5759809017181
55.94429049754125 -3.189052388510861 S 55.94399049754125 -3.189052388510861 995.8651185035706 1340.3259809017181
55.94399049754125 -3.189052388510861 N 55.94429049754125 -3.189052388510861 995.8651185035706 1339.0759809017181
55.94429049754125 -3.189052388510861 S 55.94399049754125 -3.189052388510861 995.8651185035706 1337.8259809017181
55.94399049754125 -3.189052388510861 SE 55.943778365506894 -3.1888402564765053 995.8651185035706 1336.5759809017181
55.943778365506894 -3.1888402564765053 SW 55.94356623347254 -3.189052388510861 995.8651185035706 1335.3259809017181
55.94356623347254 -3.189052388510861 NE 55.943778365506894 -3.1888402564765053 995.8651185035706 1334.0759809017181
55.943778365506894 -3.1888402564765053 NE 55.94399049754125 -3.1886281244421495 995.8651185035706 1332.8259809017181
55.94399049754125 -3.1886281244421495 SE 55.943778365506894 -3.1884159924077937 995.8651185035706 1331.5759809017181
55.943778365506894 -3.1884159924077937 NNW 55.94405552936665 -3.1885307974375032 995.8651185035706 1330.3259809017181
55.94405552936665 -3.1885307974375032 NNW 55.94433269322641 -3.1886456024672127 995.8651185035706 1329.0759809017181
55.94433269322641 -3.1886456024672127 SSE 55.94405552936665 -3.1885307974375032 995.8651185035706 1327.8259809017181
55.94405552936665 -3.1885307974375032 NE 55.94426766140101 -3.1883186654031475 995.8651185035706 1326.5759809017181
55.94426766140101 -3.1883186654031475 S 55.943967661401004 -3.1883186654031475 995.8651185035706 1325.3259809017181
55.943967661401004 -3.1883186654031475 SSW 55.94369049754125 -3.188433470432857 995.8651185035706 1324.0759809017181
55.94369049754125 -3.188433470432857 NNE 55.943967661401004 -3.1883186654031475 995.8651185035706 1322.8259809017181
55.943967661401004 -3.1883186654031475 SW 55.94375552936665 -3.1885307974375032 995.8651185035706 1321.5759809017181
55.94375552936665 -3.1885307974375032 S 55.943455529366645 -3.1885307974375032 995.8651185035706 1320.3259809017181
55.943455529366645 -3.1885307974375032 NNE 55.9437326932264 -3.1884159924077937 995.8651185035706 1319.0759809017181
55.9437326932264 -3.1884159924077937 SSW 55.943455529366645 -3.1885307974375032 995.8651185035706 1317.8259809017181
55.943455529366645 -3.1885307974375032 E 55.943455529366645 -3.188230797437503 995.8651185035706 1316.5759809017181
55.943455529366645 -3.188230797437503 WSW 55.943340724336934 -3.1885079612972564 1014.1027398109436 1397.4633328914642
55.943340724336934 -3.1885079612972564 ENE 55.943455529366645 -3.188230797437503 1014.1027398109436 1396.2133328914642
55.943455529366645 -3.188230797437503 W 55.943455529366645 -3.1885307974375032 1014.1027398109436 1394.9633328914642
55.943455529366645 -3.1885307974375032 ENE 55.943570334396355 -3.18825363357775 1014.1027398109436 1393.7133328914642
55.943570334396355 -3.18825363357775 ESE 55.943455529366645 -3.1879764697179964 1014.1027398109436 1392.4633328914642
55.943455529366645 -3.1879764697179964 SW 55.94324339733229 -3.188188601752352 1014.1027398109436 1391.2133328914642
55.94324339733229 -3.188188601752352 NE 55.943455529366645 -3.1879764697179964 1014.1027398109436 1389.9633328914642
55.943455529366645 -3.1879764697179964 ENE 55.943570334396355 -3.187699305858243 1019.1934742927551 1457.1552197933197
55.943570334396355 -3.187699305858243 WSW 55.943455529366645 -3.1879764697179964 1019.1934742927551 1455.9052197933197
55.943455529366645 -3.1879764697179964 NE 55.943667661401 -3.1877643376836406 1019.1934742927551 1454.6552197933197
55.943667661401 -3.1877643376836406 SSW 55.943390497541245 -3.18787914271335 1019.1934742927551 1453.4052197933197
55.943390497541245 -3.18787914271335 NE 55.9436026295756 -3.1876670106789944 1019.1934742927551 1452.1552197933197
55.9436026295756 -3.1876670106789944 N 55.943902629575604 -3.1876670106789944 1019.1934742927551 1450.9052197933197
55.943902629575604 -3.1876670106789944 NNW 55.94417979343536 -3.187781815708704 1019.1934742927551 1449.6552197933197
55.94417979343536 -3.187781815708704 NE 55.944391925469716 -3.187569683674348 1019.1934742927551 1448.4052197933197
55.944391925469716 -3.187569683674348 WSW 55.944277120440006 -3.1878468475341015 1019.1934742927551 1447.1552197933197
55.944277120440006 -3.1878468475341015 NW 55.94448925247436 -3.1880589795684573 1019.1934742927551 1445.9052197933197
55.94448925247436 -3.1880589795684573 NNW 55.94476641633412 -3.188173784598167 1019.1934742927551 1444.6552197933197
55.94476641633412 -3.188173784598167 NE 55.944978548368475 -3.187961652563811 1019.1934742927551 1443.4052197933197
55.944978548368475 -3.187961652563811 SW 55.94476641633412 -3.188173784598167 1019.1934742927551 1442.1552197933197
55.94476641633412 -3.188173784598167 ENE 55.94488122136383 -3.1878966207384134 1019.1934742927551 1440.9052197933197
55.94488122136383 -3.1878966207384134 NE 55.945093353398185 -3.1876844887040576 1019.1934742927551 1439.6552197933197
55.945093353398185 -3.1876844887040576 N 55.94539335339819 -3.1876844887040576 1019.1934742927551 1438.4052197933197
55.94539335339819 -3.1876844887040576 NNW 55.945670517257945 -3.187799293733767 1019.1934742927551 1437.1552197933197
55.945670517257945 -3.187799293733767 S 55.94537051725794 -3.187799293733767 1019.1934742927551 1435.9052197933197
55.94537051725794 -3.187799293733767 NW 55.9455826492923 -3.188011425768123 1019.1934742927551 1434.6552197933197
55.9455826492923 -3.188011425768123 SSW 55.94530548543254 -3.1881262307978324 1019.1934742927551 1433.4052197933197
55.94530548543254 -3.1881262307978324 N 55.945605485432544 -3.1881262307978324 1019.1934742927551 1432.1552197933197
55.945605485432544 -3.1881262307978324 N 55.94590548543255 -3.1881262307978324 1019.1934742927551 1430.9052197933197
55.94590548543255 -3.1881262307978324 WSW 55.94579068040284 -3.188403394657586 1019.1934742927551 1429.6552197933197
55.94579068040284 -3.188403394657586 SSE 55.94551351654308 -3.1882885896278763 1019.1934742927551 1428.4052197933197
55.94551351654308 -3.1882885896278763 NW 55.94572564857744 -3.188500721662232 1019.1934742927551 1427.1552197933197
55.94572564857744 -3.188500721662232 S 55.945425648577434 -3.188500721662232 1019.1934742927551 1425.9052197933197
55.945425648577434 -3.188500721662232 WNW 55.945540453607144 -3.1887778855219855 1062.5668377876282 1451.0941350460052
55.945540453607144 -3.1887778855219855 ESE 55.945425648577434 -3.188500721662232 1062.5668377876282 1449.8441350460052
55.945425648577434 -3.188500721662232 WSW 55.94531084354772 -3.1887778855219855 1170.9432110786438 1488.649966955185
55.94531084354772 -3.1887778855219855 N 55.945610843547726 -3.1887778855219855 1170.9432110786438 1487.399966955185
55.945610843547726 -3.1887778855219855 S 55.94531084354772 -3.1887778855219855 1170.9432110786438 1486.149966955185
55.94531084354772 -3.1887778855219855 NNW 55.94558800740748 -3.188892690551695 1258.0858578681946 1609.3995549678802
55.94558800740748 -3.188892690551695 WSW 55.94547320237777 -3.1891698544114484 1288.3547406196594 1726.4094197750092
55.94547320237777 -3.1891698544114484 ENE 55.94558800740748 -3.188892690551695 1288.3547406196594 1725.1594197750092
55.94558800740748 -3.188892690551695 SE 55.945375875373124 -3.1886805585173392 1288.3547406196594 1723.9094197750092
55.945375875373124 -3.1886805585173392 NNW 55.94565303923288 -3.1887953635470487 1288.3547406196594 1722.6594197750092
55.94565303923288 -3.1887953635470487 SSW 55.945375875373124 -3.1889101685767582 1288.3547406196594 1721.4094197750092
55.945375875373124 -3.1889101685767582 WNW 55.945490680402834 -3.1891873324365116 1288.3547406196594 1720.1594197750092
55.945490680402834 -3.1891873324365116 S 55.94519068040283 -3.1891873324365116 1288.3547406196594 1718.9094197750092
55.94519068040283 -3.1891873324365116 N 55.945490680402834 -3.1891873324365116 1288.3547406196594 1717.6594197750092
55.945490680402834 -3.1891873324365116 SSE 55.94521351654308 -3.189072527406802 1288.3547406196594 1716.4094197750092
55.94521351654308 -3.189072527406802 WNW 55.94532832157279 -3.1893496912665555 1288.3547406196594 1715.1594197750092
55.94532832157279 -3.1893496912665555 NW 55.945540453607144 -3.1895618233009113 1288.3547406196594 1713.9094197750092
55.945540453607144 -3.1895618233009113 S 55.94524045360714 -3.1895618233009113 1288.3547406196594 1712.6594197750092
55.94524045360714 -3.1895618233009113 WSW 55.94512564857743 -3.1898389871606647 1288.3547406196594 1711.4094197750092
55.94512564857743 -3.1898389871606647 ENE 55.94524045360714 -3.1895618233009113 1288.3547406196594 1710.1594197750092
55.94524045360714 -3.1895618233009113 WNW 55.94535525863685 -3.1898389871606647 1288.3547406196594 1708.9094197750092
55.94535525863685 -3.1898389871606647 SE 55.945143126602495 -3.189626855126309 1382.6506848335266 1775.1954686641693
55.945143126602495 -3.189626855126309 WNW 55.945257931632206 -3.1899040189860624 1382.6506848335266 1773.9454686641693
55.945257931632206 -3.1899040189860624 NE 55.94547006366656 -3.1896918869517066 1382.6506848335266 1772.6954686641693
55.94547006366656 -3.1896918869517066 WSW 55.94535525863685 -3.18996905081146 1382.6506848335266 1771.4454686641693
55.94535525863685 -3.18996905081146 ENE 55.94547006366656 -3.1896918869517066 1382.6506848335266 1770.1954686641693
55.94547006366656 -3.1896918869517066 NNE 55.94574722752632 -3.189577081921997 1382.6506848335266 1768.9454686641693
55.94574722752632 -3.189577081921997 SSW 55.94547006366656 -3.1896918869517066 1382.6506848335266 1767.6954686641693
55.94547006366656 -3.1896918869517066 NNE 55.94574722752632 -3.189577081921997 1382.6506848335266 1766.4454686641693
55.94574722752632 -3.189577081921997 ENE 55.94586203255603 -3.1892999180622437 1382.6506848335266 1765.1954686641693
55.94586203255603 -3.1892999180622437 SE 55.94564990052167 -3.189087786027888 1382.6506848335266 1763.9454686641693
55.94564990052167 -3.189087786027888 E 55.94564990052167 -3.1887877860278877 1382.6506848335266 1762.6954686641693
55.94564990052167 -3.1887877860278877 NW 55.94586203255603 -3.1889999180622435 1382.6506848335266 1761.4454686641693
55.94586203255603 -3.1889999180622435 ESE 55.94574722752632 -3.18872275420249 1382.6506848335266 1760.1954686641693
55.94574722752632 -3.18872275420249 ENE 55.94586203255603 -3.1884455903427367 1382.6506848335266 1758.9454686641693
55.94586203255603 -3.1884455903427367 NNE 55.946139196415785 -3.188330785313027 1457.6138348579407 1819.1458966732025
55.946139196415785 -3.188330785313027 SW 55.94592706438143 -3.188542917347383 1457.6138348579407 1817.8958966732025
55.94592706438143 -3.188542917347383 NE 55.946139196415785 -3.188330785313027 1457.6138348579407 1816.6458966732025
55.946139196415785 -3.188330785313027 SE 55.94592706438143 -3.1881186532786714 1457.6138348579407 1815.3958966732025
55.94592706438143 -3.1881186532786714 NNW 55.946204228241186 -3.188233458308381 1457.6138348579407 1814.1458966732025
55.946204228241186 -3.188233458308381 E 55.946204228241186 -3.1879334583083807 1471.7507061958313 1904.8853299617767
55.946204228241186 -3.1879334583083807 W 55.946204228241186 -3.188233458308381 1471.7507061958313 1903.6353299617767
55.946204228241186 -3.188233458308381 ESE 55.946089423211475 -3.1879562944486275 1471.7507061958313 1902.3853299617767
55.946089423211475 -3.1879562944486275 S 55.94578942321147 -3.1879562944486275 1471.7507061958313 1901.1353299617767
55.94578942321147 -3.1879562944486275 NE 55.94600155524583 -3.1877441624142717 1471.7507061958313 1899.8853299617767
55.94600155524583 -3.1877441624142717 S 55.945701555245826 -3.1877441624142717 1471.7507061958313 1898.6353299617767
55.945701555245826 -3.1877441624142717 N 55.94600155524583 -3.1877441624142717 1471.7507061958313 1897.3853299617767
55.94600155524583 -3.1877441624142717 NE 55.946213687280185 -3.187532030379916 1471.7507061958313 1896.1353299617767
55.946213687280185 -3.187532030379916 E 55.946213687280185 -3.1872320303799158 1471.7507061958313 1894.8853299617767
55.946213687280185 -3.1872320303799158 SW 55.94600155524583 -3.1874441624142715 1471.7507061958313 1893.6353299617767
55.94600155524583 -3.1874441624142715 SSE 55.94572439138607 -3.187329357384562 1471.7507061958313 1892.3853299617767
55.94572439138607 -3.187329357384562 NW 55.94593652342043 -3.187541489418918 1587.249065876007 1926.900958776474
55.94593652342043 -3.187541489418918 SSW 55.94565935956067 -3.1876562944486273 1587.249065876007 1925.650958776474
55.94565935956067 -3.1876562944486273 E 55.94565935956067 -3.187356294448627 1587.249065876007 1924.400958776474
55.94565935956067 -3.187356294448627 NNE 55.94593652342043 -3.1872414894189176 1587.249065876007 1923.150958776474
55.94593652342043 -3.1872414894189176 SSE 55.94565935956067 -3.187126684389208 1587.249065876007 1921.900958776474
55.94565935956067 -3.187126684389208 NNW 55.94593652342043 -3.1872414894189176 1587.249065876007 1920.650958776474
55.94593652342043 -3.1872414894189176 ENE 55.94605132845014 -3.186964325559164 1587.249065876007 1919.400958776474
55.94605132845014 -3.186964325559164 SW 55.94583919641578 -3.18717645759352 1587.249065876007 1918.150958776474
55.94583919641578 -3.18717645759352 E 55.94583919641578 -3.18687645759352 1587.249065876007 1916.900958776474
55.94583919641578 -3.18687645759352 NE 55.94605132845014 -3.186664325559164 1587.249065876007 1915.650958776474
55.94605132845014 -3.186664325559164 S 55.945751328450136 -3.186664325559164 1587.249065876007 1914.400958776474
55.945751328450136 -3.186664325559164 N 55.94605132845014 -3.186664325559164 1587.249065876007 1913.150958776474
55.94605132845014 -3.186664325559164 WNW 55.94616613347985 -3.1869414894189174 1587.249065876007 1911.900958776474
55.94616613347985 -3.1869414894189174 W 55.94616613347985 -3.1872414894189176 1587.249065876007 1910.650958776474
55.94616613347985 -3.1872414894189176 SSW 55.94588896962009 -3.187356294448627 1587.249065876007 1909.400958776474
55.94588896962009 -3.187356294448627 NNE 55.94616613347985 -3.1872414894189176 1587.249065876007 1908.150958776474
55.94616613347985 -3.1872414894189176 SE 55.94595400144549 -3.187029357384562 1587.249065876007 1906.900958776474
55.94595400144549 -3.187029357384562 SSE 55.94567683758574 -3.1869145523548523 1678.4947934150696 1990.7823293209076
55.94567683758574 -3.1869145523548523 SSW 55.94539967372598 -3.187029357384562 1678.4947934150696 1989.5323293209076
55.94539967372598 -3.187029357384562 ENE 55.94551447875569 -3.1867521935248084 1678.4947934150696 1988.2823293209076
55.94551447875569 -3.1867521935248084 ENE 55.9456292837854 -3.186475029665055 1741.958134174347 2038.0382459163666
55.9456292837854 -3.186475029665055 SSE 55.945352119925644 -3.1863602246353455 1741.958134174347 2036.7882459163666
55.945352119925644 -3.1863602246353455 NNE 55.9456292837854 -3.186245419605636 1741.958134174347 2035.5382459163666
55.9456292837854 -3.186245419605636 SW 55.945417151751045 -3.186457551639992 1741.958134174347 2034.2882459163666
55.945417151751045 -3.186457551639992 NE 55.9456292837854 -3.186245419605636 1741.958134174347 2033.0382459163666
55.9456292837854 -3.186245419605636 E 55.9456292837854 -3.185945419605636 1741.958134174347 2031.7882459163666
