55.944425 -3.188396 E 55.944425 -3.188096 0.0 248.75
55.944425 -3.188096 WNW 55.94453980502971 -3.1883731638597532 0.0 247.5
55.94453980502971 -3.1883731638597532 SE 55.94432767299536 -3.1881610318253975 0.0 246.25
55.94432767299536 -3.1881610318253975 NW 55.94453980502971 -3.1883731638597532 0.0 245.0
55.94453980502971 -3.1883731638597532 SSE 55.944262641169956 -3.1882583588300437 0.0 243.75
55.944262641169956 -3.1882583588300437 NNW 55.94453980502971 -3.1883731638597532 0.0 242.5
55.94453980502971 -3.1883731638597532 SSE 55.944262641169956 -3.1882583588300437 0.0 241.25
55.944262641169956 -3.1882583588300437 NNW 55.94453980502971 -3.1883731638597532 0.0 240.0
55.94453980502971 -3.1883731638597532 ESE 55.944425 -3.188096 0.0 238.75
55.944425 -3.188096 NW 55.94463713203436 -3.1883081320343556 0.0 237.5
55.94463713203436 -3.1883081320343556 E 55.94463713203436 -3.1880081320343554 0.0 236.25
55.94463713203436 -3.1880081320343554 W 55.94463713203436 -3.1883081320343556 0.0 235.0
55.94463713203436 -3.1883081320343556 NW 55.944849264068715 -3.1885202640687114 0.0 233.75
55.944849264068715 -3.1885202640687114 SE 55.94463713203436 -3.1883081320343556 0.0 232.5
55.94463713203436 -3.1883081320343556 ESE 55.94452232700465 -3.188030968174602 0.0 231.25
55.94452232700465 -3.188030968174602 WNW 55.94463713203436 -3.1883081320343556 0.0 230.0
55.94463713203436 -3.1883081320343556 NNW 55.944914295894115 -3.188422937064065 0.0 228.75
55.944914295894115 -3.188422937064065 S 55.94461429589411 -3.188422937064065 0.0 227.5
55.94461429589411 -3.188422937064065 NNW 55.94489145975387 -3.1885377420937746 0.0 226.25
55.94489145975387 -3.1885377420937746 SSE 55.94461429589411 -3.188422937064065 0.0 225.0
55.94461429589411 -3.188422937064065 SE 55.944402163859756 -3.1882108050297093 0.0 223.75
55.944402163859756 -3.1882108050297093 WNW 55.94451696888947 -3.1884879688894627 0.0 222.5
55.94451696888947 -3.1884879688894627 WSW 55.944402163859756 -3.188765132749216 0.0 221.25
55.944402163859756 -3.188765132749216 ENE 55.94451696888947 -3.1884879688894627 0.0 220.0
55.94451696888947 -3.1884879688894627 W 55.94451696888947 -3.188787968889463 0.0 218.75
55.94451696888947 -3.188787968889463 E 55.94451696888947 -3.1884879688894627 0.0 217.5
55.94451696888947 -3.1884879688894627 WSW 55.944402163859756 -3.188765132749216 0.0 216.25
55.944402163859756 -3.188765132749216 NE 55.94461429589411 -3.1885530007148604 0.0 215.0
55.94461429589411 -3.1885530007148604 W 55.94461429589411 -3.1888530007148606 0.0 213.75
55.94461429589411 -3.1888530007148606 E 55.94461429589411 -3.1885530007148604 0.0 212.5
55.94461429589411 -3.1885530007148604 WNW 55.94472910092382 -3.1888301645746138 0.0 211.25
55.94472910092382 -3.1888301645746138 E 55.94472910092382 -3.1885301645746136 0.0 210.0
55.94472910092382 -3.1885301645746136 W 55.94472910092382 -3.1888301645746138 0.0 208.75
55.94472910092382 -3.1888301645746138 ENE 55.94484390595353 -3.1885530007148604 0.0 207.5
55.94484390595353 -3.1885530007148604 W 55.94484390595353 -3.1888530007148606 0.0 206.25
55.94484390595353 -3.1888530007148606 E 55.94484390595353 -3.1885530007148604 0.0 205.0
55.94484390595353 -3.1885530007148604 W 55.94484390595353 -3.1888530007148606 0.0 203.75
55.94484390595353 -3.1888530007148606 ENE 55.944958710983244 -3.188575836855107 0.0 202.5
55.944958710983244 -3.188575836855107 WSW 55.94484390595353 -3.1888530007148606 0.0 201.25
55.94484390595353 -3.1888530007148606 W 55.94484390595353 -3.1891530007148607 0.0 200.0
55.94484390595353 -3.1891530007148607 E 55.94484390595353 -3.1888530007148606 0.0 198.75
55.94484390595353 -3.1888530007148606 W 55.94484390595353 -3.1891530007148607 0.0 197.5
55.94484390595353 -3.1891530007148607 E 55.94484390595353 -3.1888530007148606 0.0 196.25
55.94484390595353 -3.1888530007148606 W 55.94484390595353 -3.1891530007148607 0.0 195.0
55.94484390595353 -3.1891530007148607 E 55.94484390595353 -3.1888530007148606 0.0 193.75
55.94484390595353 -3.1888530007148606 W 55.94484390595353 -3.1891530007148607 0.0 192.5
55.94484390595353 -3.1891530007148607 E 55.94484390595353 -3.1888530007148606 0.0 191.25
55.94484390595353 -3.1888530007148606 W 55.94484390595353 -3.1891530007148607 0.0 190.0
55.94484390595353 -3.1891530007148607 ENE 55.944958710983244 -3.1888758368551073 0.0 188.75
55.944958710983244 -3.1888758368551073 WSW 55.94484390595353 -3.1891530007148607 0.0 187.5
55.94484390595353 -3.1891530007148607 ENE 55.944958710983244 -3.1888758368551073 0.0 186.25
55.944958710983244 -3.1888758368551073 N 55.945258710983246 -3.1888758368551073 0.0 185.0
55.945258710983246 -3.1888758368551073 S 55.944958710983244 -3.1888758368551073 0.0 183.75
55.944958710983244 -3.1888758368551073 NNE 55.945235874843 -3.188761031825398 0.0 182.5
55.945235874843 -3.188761031825398 ESE 55.94512106981329 -3.1884838679656444 0.0 181.25
55.94512106981329 -3.1884838679656444 WNW 55.945235874843 -3.188761031825398 0.0 180.0
55.945235874843 -3.188761031825398 NE 55.945448006877356 -3.188548899791042 0.0 178.75
55.945448006877356 -3.188548899791042 SW 55.945235874843 -3.188761031825398 0.0 177.5
55.945235874843 -3.188761031825398 ESE 55.94512106981329 -3.1884838679656444 0.0 176.25
55.94512106981329 -3.1884838679656444 WNW 55.945235874843 -3.188761031825398 0.0 175.0
55.945235874843 -3.188761031825398 ENE 55.94535067987271 -3.1884838679656444 0.0 173.75
55.94535067987271 -3.1884838679656444 WSW 55.945235874843 -3.188761031825398 0.0 172.5
55.945235874843 -3.188761031825398 ESE 55.94512106981329 -3.1884838679656444 0.0 171.25
55.94512106981329 -3.1884838679656444 NW 55.945333201847646 -3.188696 0.0 170.0
55.945333201847646 -3.188696 SE 55.94512106981329 -3.1884838679656444 0.0 168.75
55.94512106981329 -3.1884838679656444 N 55.94542106981329 -3.1884838679656444 0.0 167.5
55.94542106981329 -3.1884838679656444 NNW 55.94569823367305 -3.188598672995354 0.0 166.25
55.94569823367305 -3.188598672995354 SSE 55.94542106981329 -3.1884838679656444 0.0 165.0
55.94542106981329 -3.1884838679656444 ESE 55.94530626478358 -3.188206704105891 0.0 163.75
55.94530626478358 -3.188206704105891 WNW 55.94542106981329 -3.1884838679656444 0.0 162.5
55.94542106981329 -3.1884838679656444 ENE 55.945535874843 -3.188206704105891 0.0 161.25
55.945535874843 -3.188206704105891 WSW 55.94542106981329 -3.1884838679656444 0.0 160.0
55.94542106981329 -3.1884838679656444 ENE 55.945535874843 -3.188206704105891 0.0 158.75
55.945535874843 -3.188206704105891 W 55.945535874843 -3.188506704105891 0.0 157.5
55.945535874843 -3.188506704105891 E 55.945535874843 -3.188206704105891 0.0 156.25
55.945535874843 -3.188206704105891 WSW 55.94542106981329 -3.1884838679656444 0.0 155.0
55.94542106981329 -3.1884838679656444 ENE 55.945535874843 -3.188206704105891 0.0 153.75
55.945535874843 -3.188206704105891 WNW 55.94565067987271 -3.1884838679656444 0.0 152.5
55.94565067987271 -3.1884838679656444 ESE 55.945535874843 -3.188206704105891 0.0 151.25
55.945535874843 -3.188206704105891 NNE 55.94581303870276 -3.1880918990761815 0.0 150.0
55.94581303870276 -3.1880918990761815 S 55.94551303870276 -3.1880918990761815 0.0 148.75
55.94551303870276 -3.1880918990761815 NE 55.94572517073711 -3.1878797670418257 124.09162902832031 248.30184936523438
55.94572517073711 -3.1878797670418257 SW 55.94551303870276 -3.1880918990761815 124.09162902832031 247.05184936523438
55.94551303870276 -3.1880918990761815 WSW 55.945398233673046 -3.188369062935935 124.09162902832031 245.80184936523438
55.945398233673046 -3.188369062935935 ENE 55.94551303870276 -3.1880918990761815 124.09162902832031 244.55184936523438
55.94551303870276 -3.1880918990761815 NE 55.94572517073711 -3.1878797670418257 124.09162902832031 243.30184936523438
55.94572517073711 -3.1878797670418257 SW 55.94551303870276 -3.1880918990761815 124.09162902832031 242.05184936523438
55.94551303870276 -3.1880918990761815 ESE 55.945398233673046 -3.187814735216428 124.09162902832031 240.80184936523438
55.945398233673046 -3.187814735216428 WNW 55.94551303870276 -3.1880918990761815 124.09162902832031 239.55184936523438
55.94551303870276 -3.1880918990761815 ENE 55.94562784373247 -3.187814735216428 124.09162902832031 238.30184936523438
55.94562784373247 -3.187814735216428 WSW 55.94551303870276 -3.1880918990761815 124.09162902832031 237.05184936523438
55.94551303870276 -3.1880918990761815 ENE 55.94562784373247 -3.187814735216428 124.09162902832031 235.80184936523438
55.94562784373247 -3.187814735216428 W 55.94562784373247 -3.1881147352164283 124.09162902832031 234.55184936523438
55.94562784373247 -3.1881147352164283 E 55.94562784373247 -3.187814735216428 124.09162902832031 233.30184936523438
55.94562784373247 -3.187814735216428 WNW 55.94574264876218 -3.1880918990761815 124.09162902832031 232.05184936523438
55.94574264876218 -3.1880918990761815 ESE 55.94562784373247 -3.187814735216428 124.09162902832031 230.80184936523438
55.94562784373247 -3.187814735216428 WNW 55.94574264876218 -3.1880918990761815 124.09162902832031 229.55184936523438
55.94574264876218 -3.1880918990761815 ESE 55.94562784373247 -3.187814735216428 124.09162902832031 228.30184936523438
55.94562784373247 -3.187814735216428 WNW 55.94574264876218 -3.1880918990761815 124.09162902832031 227.05184936523438
55.94574264876218 -3.1880918990761815 ENE 55.94585745379189 -3.187814735216428 124.09162902832031 225.80184936523438
55.94585745379189 -3.187814735216428 WSW 55.94574264876218 -3.1880918990761815 124.09162902832031 224.55184936523438
55.94574264876218 -3.1880918990761815 NE 55.945954780796534 -3.1878797670418257 124.09162902832031 223.30184936523438
55.945954780796534 -3.1878797670418257 WSW 55.94583997576682 -3.188156930901579 124.09162902832031 222.05184936523438
55.94583997576682 -3.188156930901579 NW 55.94605210780118 -3.188369062935935 124.09162902832031 220.80184936523438
55.94605210780118 -3.188369062935935 SE 55.94583997576682 -3.188156930901579 124.09162902832031 219.55184936523438
55.94583997576682 -3.188156930901579 WNW 55.945954780796534 -3.1884340947613325 124.09162902832031 218.30184936523438
55.945954780796534 -3.1884340947613325 ESE 55.94583997576682 -3.188156930901579 124.09162902832031 217.05184936523438
55.94583997576682 -3.188156930901579 SE 55.94562784373247 -3.1879447988672234 124.09162902832031 215.80184936523438
55.94562784373247 -3.1879447988672234 NW 55.94583997576682 -3.188156930901579 124.09162902832031 214.55184936523438
55.94583997576682 -3.188156930901579 S 55.94553997576682 -3.188156930901579 124.09162902832031 213.30184936523438
55.94553997576682 -3.188156930901579 NNW 55.94581713962658 -3.1882717359312887 124.09162902832031 212.05184936523438
55.94581713962658 -3.1882717359312887 S 55.945517139626574 -3.1882717359312887 124.09162902832031 210.80184936523438
55.945517139626574 -3.1882717359312887 NNW 55.94579430348633 -3.188386540960998 124.09162902832031 209.55184936523438
55.94579430348633 -3.188386540960998 SE 55.945582171451974 -3.1881744089266424 124.09162902832031 208.30184936523438
55.945582171451974 -3.1881744089266424 NW 55.94579430348633 -3.188386540960998 124.09162902832031 207.05184936523438
55.94579430348633 -3.188386540960998 SW 55.945582171451974 -3.188598672995354 124.09162902832031 205.80184936523438
55.945582171451974 -3.188598672995354 NE 55.94579430348633 -3.188386540960998 124.09162902832031 204.55184936523438
55.94579430348633 -3.188386540960998 NE 55.94600643552069 -3.1881744089266424 124.09162902832031 203.30184936523438
55.94600643552069 -3.1881744089266424 SW 55.94579430348633 -3.188386540960998 124.09162902832031 202.05184936523438
55.94579430348633 -3.188386540960998 SW 55.945582171451974 -3.188598672995354 124.09162902832031 200.80184936523438
55.945582171451974 -3.188598672995354 NE 55.94579430348633 -3.188386540960998 124.09162902832031 199.55184936523438
55.94579430348633 -3.188386540960998 SSW 55.945517139626574 -3.1885013459907077 124.09162902832031 198.30184936523438
55.945517139626574 -3.1885013459907077 NNE 55.94579430348633 -3.188386540960998 124.09162902832031 197.05184936523438
55.94579430348633 -3.188386540960998 S 55.94549430348633 -3.188386540960998 124.09162902832031 195.80184936523438
55.94549430348633 -3.188386540960998 NE 55.945706435520684 -3.1881744089266424 124.09162902832031 194.55184936523438
55.945706435520684 -3.1881744089266424 WSW 55.94559163049097 -3.188451572786396 124.09162902832031 193.30184936523438
55.94559163049097 -3.188451572786396 E 55.94559163049097 -3.1881515727863956 124.09162902832031 192.05184936523438
55.94559163049097 -3.1881515727863956 W 55.94559163049097 -3.188451572786396 124.09162902832031 190.80184936523438
55.94559163049097 -3.188451572786396 NW 55.94580376252533 -3.1886637048207516 124.09162902832031 189.55184936523438
55.94580376252533 -3.1886637048207516 SE 55.94559163049097 -3.188451572786396 124.09162902832031 188.30184936523438
55.94559163049097 -3.188451572786396 NW 55.94580376252533 -3.1886637048207516 124.09162902832031 187.05184936523438
55.94580376252533 -3.1886637048207516 SE 55.94559163049097 -3.188451572786396 124.09162902832031 185.80184936523438
55.94559163049097 -3.188451572786396 W 55.94559163049097 -3.188751572786396 124.09162902832031 184.55184936523438
55.94559163049097 -3.188751572786396 ENE 55.945706435520684 -3.1884744089266426 124.09162902832031 183.30184936523438
55.945706435520684 -3.1884744089266426 WSW 55.94559163049097 -3.188751572786396 124.09162902832031 182.05184936523438
55.94559163049097 -3.188751572786396 N 55.945891630490976 -3.188751572786396 124.09162902832031 180.80184936523438
55.945891630490976 -3.188751572786396 S 55.94559163049097 -3.188751572786396 124.09162902832031 179.55184936523438
55.94559163049097 -3.188751572786396 NNE 55.94586879435073 -3.1886367677566865 124.09162902832031 178.30184936523438
55.94586879435073 -3.1886367677566865 SSW 55.94559163049097 -3.188751572786396 124.09162902832031 177.05184936523438
55.94559163049097 -3.188751572786396 N 55.945891630490976 -3.188751572786396 124.09162902832031 175.80184936523438
55.945891630490976 -3.188751572786396 S 55.94559163049097 -3.188751572786396 124.09162902832031 174.55184936523438
55.94559163049097 -3.188751572786396 N 55.945891630490976 -3.188751572786396 124.09162902832031 173.30184936523438
55.945891630490976 -3.188751572786396 SE 55.94567949845662 -3.18853944075204 124.09162902832031 172.05184936523438
55.94567949845662 -3.18853944075204 NW 55.945891630490976 -3.188751572786396 124.09162902832031 170.80184936523438
55.945891630490976 -3.188751572786396 N 55.94619163049098 -3.188751572786396 136.85487842559814 244.99092864990234
55.94619163049098 -3.188751572786396 S 55.945891630490976 -3.188751572786396 136.85487842559814 243.74092864990234
55.945891630490976 -3.188751572786396 ENE 55.94600643552069 -3.1884744089266426 136.85487842559814 242.49092864990234
55.94600643552069 -3.1884744089266426 WSW 55.945891630490976 -3.188751572786396 136.85487842559814 241.24092864990234
55.945891630490976 -3.188751572786396 E 55.945891630490976 -3.188451572786396 136.85487842559814 239.99092864990234
55.945891630490976 -3.188451572786396 W 55.945891630490976 -3.188751572786396 136.85487842559814 238.74092864990234
55.945891630490976 -3.188751572786396 ESE 55.945776825461266 -3.1884744089266426 136.85487842559814 237.49092864990234
55.945776825461266 -3.1884744089266426 WNW 55.945891630490976 -3.188751572786396 136.85487842559814 236.24092864990234
55.945891630490976 -3.188751572786396 ESE 55.945776825461266 -3.1884744089266426 136.85487842559814 234.99092864990234
55.945776825461266 -3.1884744089266426 SSE 55.94549966160151 -3.188359603896933 136.85487842559814 233.74092864990234
55.94549966160151 -3.188359603896933 NNW 55.945776825461266 -3.1884744089266426 136.85487842559814 232.49092864990234
55.945776825461266 -3.1884744089266426 NNW 55.94605398932102 -3.188589213956352 136.85487842559814 231.24092864990234
55.94605398932102 -3.188589213956352 SE 55.945841857286666 -3.1883770819219963 136.85487842559814 229.99092864990234
55.945841857286666 -3.1883770819219963 NNE 55.94611902114642 -3.188262276892287 136.85487842559814 228.74092864990234
55.94611902114642 -3.188262276892287 SW 55.94590688911207 -3.1884744089266426 136.85487842559814 227.49092864990234
55.94590688911207 -3.1884744089266426 N 55.94620688911207 -3.1884744089266426 136.85487842559814 226.24092864990234
55.94620688911207 -3.1884744089266426 S 55.94590688911207 -3.1884744089266426 136.85487842559814 224.99092864990234
55.94590688911207 -3.1884744089266426 NE 55.94611902114642 -3.188262276892287 136.85487842559814 223.74092864990234
55.94611902114642 -3.188262276892287 WSW 55.94600421611671 -3.18853944075204 136.85487842559814 222.49092864990234
55.94600421611671 -3.18853944075204 ENE 55.94611902114642 -3.188262276892287 136.85487842559814 221.24092864990234
55.94611902114642 -3.188262276892287 WSW 55.94600421611671 -3.18853944075204 136.85487842559814 219.99092864990234
55.94600421611671 -3.18853944075204 ENE 55.94611902114642 -3.188262276892287 136.85487842559814 218.74092864990234
55.94611902114642 -3.188262276892287 W 55.94611902114642 -3.188562276892287 136.85487842559814 217.49092864990234
55.94611902114642 -3.188562276892287 E 55.94611902114642 -3.188262276892287 136.85487842559814 216.24092864990234
55.94611902114642 -3.188262276892287 ESE 55.94600421611671 -3.1879851130325334 136.85487842559814 214.99092864990234
55.94600421611671 -3.1879851130325334 NW 55.94621634815107 -3.188197245066889 136.85487842559814 213.74092864990234
55.94621634815107 -3.188197245066889 E 55.94621634815107 -3.187897245066889 136.85487842559814 212.49092864990234
55.94621634815107 -3.187897245066889 W 55.94621634815107 -3.188197245066889 136.85487842559814 211.24092864990234
55.94621634815107 -3.188197245066889 S 55.945916348151066 -3.188197245066889 136.85487842559814 209.99092864990234
55.945916348151066 -3.188197245066889 N 55.94621634815107 -3.188197245066889 136.85487842559814 208.74092864990234
55.94621634815107 -3.188197245066889 S 55.945916348151066 -3.188197245066889 136.85487842559814 207.49092864990234
55.945916348151066 -3.188197245066889 NNE 55.94619351201082 -3.1880824400371797 136.85487842559814 206.24092864990234
55.94619351201082 -3.1880824400371797 SSW 55.945916348151066 -3.188197245066889 136.85487842559814 204.99092864990234
55.945916348151066 -3.188197245066889 NNW 55.94619351201082 -3.1883120500965987 136.85487842559814 203.74092864990234
55.94619351201082 -3.1883120500965987 SSE 55.945916348151066 -3.188197245066889 136.85487842559814 202.49092864990234
55.945916348151066 -3.188197245066889 W 55.945916348151066 -3.1884972450668894 136.85487842559814 201.24092864990234
55.945916348151066 -3.1884972450668894 E 55.945916348151066 -3.188197245066889 136.85487842559814 199.99092864990234
55.945916348151066 -3.188197245066889 W 55.945916348151066 -3.1884972450668894 136.85487842559814 198.74092864990234
55.945916348151066 -3.1884972450668894 E 55.945916348151066 -3.188197245066889 136.85487842559814 197.49092864990234
55.945916348151066 -3.188197245066889 NW 55.94612848018542 -3.188409377101245 136.85487842559814 196.24092864990234
55.94612848018542 -3.188409377101245 SSE 55.945851316325665 -3.1882945720715354 136.85487842559814 194.99092864990234
55.945851316325665 -3.1882945720715354 SW 55.94563918429131 -3.188506704105891 136.85487842559814 193.74092864990234
55.94563918429131 -3.188506704105891 NE 55.945851316325665 -3.1882945720715354 136.85487842559814 192.49092864990234
55.945851316325665 -3.1882945720715354 N 55.94615131632567 -3.1882945720715354 136.85487842559814 191.24092864990234
55.94615131632567 -3.1882945720715354 S 55.945851316325665 -3.1882945720715354 136.85487842559814 189.99092864990234
55.945851316325665 -3.1882945720715354 SW 55.94563918429131 -3.188506704105891 136.85487842559814 188.74092864990234
55.94563918429131 -3.188506704105891 SSE 55.94536202043155 -3.1883918990761817 136.85487842559814 187.49092864990234
55.94536202043155 -3.1883918990761817 NNW 55.94563918429131 -3.188506704105891 136.85487842559814 186.24092864990234
55.94563918429131 -3.188506704105891 SW 55.94542705225695 -3.188718836140247 136.85487842559814 184.99092864990234
55.94542705225695 -3.188718836140247 NE 55.94563918429131 -3.188506704105891 136.85487842559814 183.74092864990234
55.94563918429131 -3.188506704105891 SW 55.94542705225695 -3.188718836140247 136.85487842559814 182.49092864990234
55.94542705225695 -3.188718836140247 NW 55.94563918429131 -3.1889309681746028 136.85487842559814 181.24092864990234
55.94563918429131 -3.1889309681746028 SE 55.94542705225695 -3.188718836140247 136.85487842559814 179.99092864990234
55.94542705225695 -3.188718836140247 NW 55.94563918429131 -3.1889309681746028 136.85487842559814 178.74092864990234
55.94563918429131 -3.1889309681746028 SE 55.94542705225695 -3.188718836140247 136.85487842559814 177.49092864990234
55.94542705225695 -3.188718836140247 WNW 55.94554185728666 -3.1889960000000004 136.85487842559814 176.24092864990234
55.94554185728666 -3.1889960000000004 SE 55.94532972525231 -3.1887838679656446 136.85487842559814 174.99092864990234
55.94532972525231 -3.1887838679656446 NW 55.94554185728666 -3.1889960000000004 136.85487842559814 173.74092864990234
55.94554185728666 -3.1889960000000004 ESE 55.94542705225695 -3.188718836140247 136.85487842559814 172.49092864990234
55.94542705225695 -3.188718836140247 NW 55.94563918429131 -3.1889309681746028 136.85487842559814 171.24092864990234
55.94563918429131 -3.1889309681746028 SE 55.94542705225695 -3.188718836140247 136.85487842559814 169.99092864990234
55.94542705225695 -3.188718836140247 NW 55.94563918429131 -3.1889309681746028 136.85487842559814 168.74092864990234
55.94563918429131 -3.1889309681746028 SSE 55.94536202043155 -3.1888161631448932 136.85487842559814 167.49092864990234
55.94536202043155 -3.1888161631448932 NNW 55.94563918429131 -3.1889309681746028 136.85487842559814 166.24092864990234
55.94563918429131 -3.1889309681746028 NE 55.945851316325665 -3.188718836140247 136.85487842559814 164.99092864990234
55.945851316325665 -3.188718836140247 SSW 55.94557415246591 -3.1888336411699565 136.85487842559814 163.74092864990234
55.94557415246591 -3.1888336411699565 N 55.94587415246591 -3.1888336411699565 190.5436601638794 173.92611980438232
55.94587415246591 -3.1888336411699565 S 55.94557415246591 -3.1888336411699565 190.5436601638794 172.67611980438232
55.94557415246591 -3.1888336411699565 SE 55.94536202043155 -3.1886215091356007 190.5436601638794 171.42611980438232
55.94536202043155 -3.1886215091356007 WSW 55.94524721540184 -3.188898672995354 190.5436601638794 170.17611980438232
55.94524721540184 -3.188898672995354 NE 55.9454593474362 -3.1886865409609984 190.5436601638794 168.92611980438232
55.9454593474362 -3.1886865409609984 SW 55.94524721540184 -3.188898672995354 190.5436601638794 167.67611980438232
55.94524721540184 -3.188898672995354 E 55.94524721540184 -3.188598672995354 190.5436601638794 166.42611980438232
55.94524721540184 -3.188598672995354 W 55.94524721540184 -3.188898672995354 190.5436601638794 165.17611980438232
55.94524721540184 -3.188898672995354 SE 55.945035083367486 -3.1886865409609984 190.5436601638794 163.92611980438232
55.945035083367486 -3.1886865409609984 NW 55.94524721540184 -3.188898672995354 190.5436601638794 162.67611980438232
55.94524721540184 -3.188898672995354 W 55.94524721540184 -3.1891986729953543 190.5436601638794 161.42611980438232
55.94524721540184 -3.1891986729953543 E 55.94524721540184 -3.188898672995354 190.5436601638794 160.17611980438232
55.94524721540184 -3.188898672995354 WNW 55.94536202043155 -3.1891758368551075 190.5436601638794 158.92611980438232
55.94536202043155 -3.1891758368551075 ESE 55.94524721540184 -3.188898672995354 190.5436601638794 157.67611980438232
55.94524721540184 -3.188898672995354 W 55.94524721540184 -3.1891986729953543 190.5436601638794 156.42611980438232
55.94524721540184 -3.1891986729953543 E 55.94524721540184 -3.188898672995354 190.5436601638794 155.17611980438232
55.94524721540184 -3.188898672995354 W 55.94524721540184 -3.1891986729953543 190.5436601638794 153.92611980438232
55.94524721540184 -3.1891986729953543 SW 55.945035083367486 -3.18941080502971 190.5436601638794 152.67611980438232
55.945035083367486 -3.18941080502971 ENE 55.9451498883972 -3.1891336411699567 190.5436601638794 151.42611980438232
55.9451498883972 -3.1891336411699567 WNW 55.94526469342691 -3.18941080502971 190.5436601638794 150.17611980438232
55.94526469342691 -3.18941080502971 ESE 55.9451498883972 -3.1891336411699567 190.5436601638794 148.92611980438232
55.9451498883972 -3.1891336411699567 W 55.9451498883972 -3.189433641169957 190.5436601638794 147.67611980438232
55.9451498883972 -3.189433641169957 ESE 55.945035083367486 -3.1891564773102035 190.5436601638794 146.42611980438232
55.945035083367486 -3.1891564773102035 WNW 55.9451498883972 -3.189433641169957 190.5436601638794 145.17611980438232
55.9451498883972 -3.189433641169957 ESE 55.945035083367486 -3.1891564773102035 190.5436601638794 143.92611980438232
55.945035083367486 -3.1891564773102035 WSW 55.944920278337776 -3.189433641169957 190.5436601638794 142.67611980438232
55.944920278337776 -3.189433641169957 ENE 55.945035083367486 -3.1891564773102035 190.5436601638794 141.42611980438232
55.945035083367486 -3.1891564773102035 WSW 55.944920278337776 -3.189433641169957 190.5436601638794 140.17611980438232
55.944920278337776 -3.189433641169957 ESE 55.944805473308065 -3.1891564773102035 190.5436601638794 138.92611980438232
55.944805473308065 -3.1891564773102035 WNW 55.944920278337776 -3.189433641169957 190.5436601638794 137.67611980438232
55.944920278337776 -3.189433641169957 SW 55.94470814630342 -3.1896457732043126 190.5436601638794 136.42611980438232
55.94470814630342 -3.1896457732043126 NE 55.944920278337776 -3.189433641169957 190.5436601638794 135.17611980438232
55.944920278337776 -3.189433641169957 W 55.944920278337776 -3.189733641169957 190.5436601638794 133.92611980438232
55.944920278337776 -3.189733641169957 E 55.944920278337776 -3.189433641169957 190.5436601638794 132.67611980438232
55.944920278337776 -3.189433641169957 W 55.944920278337776 -3.189733641169957 190.5436601638794 131.42611980438232
55.944920278337776 -3.189733641169957 E 55.944920278337776 -3.189433641169957 190.5436601638794 130.17611980438232
55.944920278337776 -3.189433641169957 NNW 55.94519744219753 -3.1895484461996664 190.5436601638794 128.92611980438232
55.94519744219753 -3.1895484461996664 SE 55.944985310163176 -3.1893363141653106 190.5436601638794 127.67611980438232
55.944985310163176 -3.1893363141653106 W 55.944985310163176 -3.189636314165311 190.5436601638794 126.42611980438232
55.944985310163176 -3.189636314165311 ENE 55.945100115192886 -3.1893591503055574 190.5436601638794 125.17611980438232
