55.944425 -3.188396 SSW 55.944147836140246 -3.1885108050297095 0.0 248.75
55.944147836140246 -3.1885108050297095 NNE 55.944425 -3.188396 0.0 247.5
55.944425 -3.188396 ESE 55.94431019497029 -3.1881188361402466 0.0 246.25
55.94431019497029 -3.1881188361402466 WNW 55.944425 -3.188396 0.0 245.0
55.944425 -3.188396 E 55.944425 -3.188096 0.0 243.75
55.944425 -3.188096 W 55.944425 -3.188396 0.0 242.5
55.944425 -3.188396 E 55.944425 -3.188096 0.0 241.25
55.944425 -3.188096 NW 55.94463713203436 -3.1883081320343556 0.0 240.0
55.94463713203436 -3.1883081320343556 E 55.94463713203436 -3.1880081320343554 0.0 238.75
55.94463713203436 -3.1880081320343554 W 55.94463713203436 -3.1883081320343556 0.0 237.5
55.94463713203436 -3.1883081320343556 SSW 55.9443599681746 -3.188422937064065 0.0 236.25
55.9443599681746 -3.188422937064065 NNE 55.94463713203436 -3.1883081320343556 0.0 235.0
55.94463713203436 -3.1883081320343556 W 55.94463713203436 -3.188608132034356 0.0 233.75
55.94463713203436 -3.188608132034356 E 55.94463713203436 -3.1883081320343556 0.0 232.5
55.94463713203436 -3.1883081320343556 NNW 55.944914295894115 -3.188422937064065 0.0 231.25
55.944914295894115 -3.188422937064065 S 55.94461429589411 -3.188422937064065 0.0 230.0
55.94461429589411 -3.188422937064065 NNW 55.94489145975387 -3.1885377420937746 0.0 228.75
55.94489145975387 -3.1885377420937746 S 55.944591459753866 -3.1885377420937746 0.0 227.5
55.944591459753866 -3.1885377420937746 N 55.94489145975387 -3.1885377420937746 0.0 226.25
55.94489145975387 -3.1885377420937746 SSW 55.94461429589411 -3.188652547123484 115.20570373535156 345.00929260253906
55.94461429589411 -3.188652547123484 NNE 55.94489145975387 -3.1885377420937746 115.20570373535156 343.75929260253906
55.94489145975387 -3.1885377420937746 NE 55.945103591788225 -3.188325610059419 115.20570373535156 342.50929260253906
55.945103591788225 -3.188325610059419 W 55.945103591788225 -3.188625610059419 115.20570373535156 341.25929260253906
55.945103591788225 -3.188625610059419 E 55.945103591788225 -3.188325610059419 115.20570373535156 340.00929260253906
55.945103591788225 -3.188325610059419 SSE 55.94482642792847 -3.1882108050297093 115.20570373535156 338.75929260253906
55.94482642792847 -3.1882108050297093 NNW 55.945103591788225 -3.188325610059419 115.20570373535156 337.50929260253906
55.945103591788225 -3.188325610059419 N 55.94540359178823 -3.188325610059419 188.58209228515625 405.9635009765625
55.94540359178823 -3.188325610059419 S 55.945103591788225 -3.188325610059419 188.58209228515625 404.7135009765625
55.945103591788225 -3.188325610059419 ENE 55.945218396817936 -3.1880484461996654 188.58209228515625 403.4635009765625
55.945218396817936 -3.1880484461996654 WSW 55.945103591788225 -3.188325610059419 188.58209228515625 402.2135009765625
55.945103591788225 -3.188325610059419 N 55.94540359178823 -3.188325610059419 188.58209228515625 400.9635009765625
55.94540359178823 -3.188325610059419 SE 55.94519145975387 -3.188113478025063 188.58209228515625 399.7135009765625
55.94519145975387 -3.188113478025063 NW 55.94540359178823 -3.188325610059419 188.58209228515625 398.4635009765625
55.94540359178823 -3.188325610059419 S 55.945103591788225 -3.188325610059419 188.58209228515625 397.2135009765625
55.945103591788225 -3.188325610059419 N 55.94540359178823 -3.188325610059419 188.58209228515625 395.9635009765625
55.94540359178823 -3.188325610059419 E 55.94540359178823 -3.1880256100594186 188.58209228515625 394.7135009765625
55.94540359178823 -3.1880256100594186 W 55.94540359178823 -3.188325610059419 188.58209228515625 393.4635009765625
55.94540359178823 -3.188325610059419 E 55.94540359178823 -3.1880256100594186 188.58209228515625 392.2135009765625
55.94540359178823 -3.1880256100594186 W 55.94540359178823 -3.188325610059419 188.58209228515625 390.9635009765625
55.94540359178823 -3.188325610059419 NNE 55.945680755647984 -3.1882108050297093 188.58209228515625 389.7135009765625
55.945680755647984 -3.1882108050297093 SSW 55.94540359178823 -3.188325610059419 188.58209228515625 388.4635009765625
55.94540359178823 -3.188325610059419 NNE 55.945680755647984 -3.1882108050297093 188.58209228515625 387.2135009765625
55.945680755647984 -3.1882108050297093 SSE 55.94540359178823 -3.188096 188.58209228515625 385.9635009765625
55.94540359178823 -3.188096 N 55.94570359178823 -3.188096 188.58209228515625 384.7135009765625
55.94570359178823 -3.188096 WNW 55.94581839681794 -3.1883731638597532 188.58209228515625 383.4635009765625
55.94581839681794 -3.1883731638597532 ESE 55.94570359178823 -3.188096 188.58209228515625 382.2135009765625
55.94570359178823 -3.188096 NNW 55.94598075564799 -3.1882108050297093 188.58209228515625 380.9635009765625
55.94598075564799 -3.1882108050297093 SSE 55.94570359178823 -3.188096 188.58209228515625 379.7135009765625
55.94570359178823 -3.188096 NE 55.94591572382259 -3.187883867965644 188.58209228515625 378.4635009765625
55.94591572382259 -3.187883867965644 SW 55.94570359178823 -3.188096 188.58209228515625 377.2135009765625
55.94570359178823 -3.188096 ENE 55.94581839681794 -3.1878188361402464 188.58209228515625 375.9635009765625
55.94581839681794 -3.1878188361402464 WSW 55.94570359178823 -3.188096 188.58209228515625 374.7135009765625
55.94570359178823 -3.188096 ESE 55.94558878675852 -3.1878188361402464 188.58209228515625 373.4635009765625
55.94558878675852 -3.1878188361402464 W 55.94558878675852 -3.1881188361402466 188.58209228515625 372.2135009765625
55.94558878675852 -3.1881188361402466 E 55.94558878675852 -3.1878188361402464 188.58209228515625 370.9635009765625
55.94558878675852 -3.1878188361402464 W 55.94558878675852 -3.1881188361402466 188.58209228515625 369.7135009765625
55.94558878675852 -3.1881188361402466 E 55.94558878675852 -3.1878188361402464 188.58209228515625 368.4635009765625
55.94558878675852 -3.1878188361402464 NNW 55.94586595061828 -3.187933641169956 188.58209228515625 367.2135009765625
55.94586595061828 -3.187933641169956 SSE 55.94558878675852 -3.1878188361402464 188.58209228515625 365.9635009765625
55.94558878675852 -3.1878188361402464 NW 55.94580091879288 -3.188030968174602 188.58209228515625 364.7135009765625
55.94580091879288 -3.188030968174602 SE 55.94558878675852 -3.1878188361402464 188.58209228515625 363.4635009765625
55.94558878675852 -3.1878188361402464 SSE 55.945311622898764 -3.187704031110537 188.58209228515625 362.2135009765625
55.945311622898764 -3.187704031110537 NNE 55.94558878675852 -3.1875892260808274 188.58209228515625 360.9635009765625
55.94558878675852 -3.1875892260808274 SSW 55.945311622898764 -3.187704031110537 188.58209228515625 359.7135009765625
55.945311622898764 -3.187704031110537 NE 55.94552375493312 -3.187491899076181 188.58209228515625 358.4635009765625
55.94552375493312 -3.187491899076181 SW 55.945311622898764 -3.187704031110537 188.58209228515625 357.2135009765625
55.945311622898764 -3.187704031110537 NE 55.94552375493312 -3.187491899076181 188.58209228515625 355.9635009765625
55.94552375493312 -3.187491899076181 WNW 55.94563855996283 -3.1877690629359345 188.58209228515625 354.7135009765625
55.94563855996283 -3.1877690629359345 ESE 55.94552375493312 -3.187491899076181 188.58209228515625 353.4635009765625
55.94552375493312 -3.187491899076181 ESE 55.94540894990341 -3.1872147352164277 188.58209228515625 352.2135009765625
55.94540894990341 -3.1872147352164277 WSW 55.9452941448737 -3.187491899076181 188.58209228515625 350.9635009765625
55.9452941448737 -3.187491899076181 NE 55.945506276908056 -3.1872797670418254 188.58209228515625 349.7135009765625
55.945506276908056 -3.1872797670418254 SSW 55.9452291130483 -3.187394572071535 188.58209228515625 348.4635009765625
55.9452291130483 -3.187394572071535 NNE 55.945506276908056 -3.1872797670418254 188.58209228515625 347.2135009765625
55.945506276908056 -3.1872797670418254 SSW 55.9452291130483 -3.187394572071535 188.58209228515625 345.9635009765625
55.9452291130483 -3.187394572071535 ENE 55.94534391807801 -3.1871174082117815 188.58209228515625 344.7135009765625
55.94534391807801 -3.1871174082117815 WSW 55.9452291130483 -3.187394572071535 188.58209228515625 343.4635009765625
55.9452291130483 -3.187394572071535 ESE 55.94511430801859 -3.1871174082117815 188.58209228515625 342.2135009765625
55.94511430801859 -3.1871174082117815 NNW 55.945391471878345 -3.187232213241491 188.58209228515625 340.9635009765625
55.945391471878345 -3.187232213241491 SSE 55.94511430801859 -3.1871174082117815 188.58209228515625 339.7135009765625
55.94511430801859 -3.1871174082117815 NNW 55.945391471878345 -3.187232213241491 188.58209228515625 338.4635009765625
55.945391471878345 -3.187232213241491 ESE 55.945276666848635 -3.1869550493817376 188.58209228515625 337.2135009765625
55.945276666848635 -3.1869550493817376 WNW 55.945391471878345 -3.187232213241491 188.58209228515625 335.9635009765625
55.945391471878345 -3.187232213241491 E 55.945391471878345 -3.186932213241491 188.58209228515625 334.7135009765625
55.945391471878345 -3.186932213241491 W 55.945391471878345 -3.187232213241491 188.58209228515625 333.4635009765625
55.945391471878345 -3.187232213241491 N 55.94569147187835 -3.187232213241491 188.58209228515625 332.2135009765625
55.94569147187835 -3.187232213241491 S 55.945391471878345 -3.187232213241491 188.58209228515625 330.9635009765625
55.945391471878345 -3.187232213241491 N 55.94569147187835 -3.187232213241491 188.58209228515625 329.7135009765625
55.94569147187835 -3.187232213241491 SW 55.94547933984399 -3.1874443452758467 188.58209228515625 328.4635009765625
55.94547933984399 -3.1874443452758467 NNE 55.94575650370375 -3.1873295402461372 188.58209228515625 327.2135009765625
55.94575650370375 -3.1873295402461372 WSW 55.94564169867404 -3.1876067041058906 188.58209228515625 325.9635009765625
55.94564169867404 -3.1876067041058906 ENE 55.94575650370375 -3.1873295402461372 188.58209228515625 324.7135009765625
55.94575650370375 -3.1873295402461372 WSW 55.94564169867404 -3.1876067041058906 188.58209228515625 323.4635009765625
55.94564169867404 -3.1876067041058906 NNW 55.945918862533794 -3.1877215091356 188.58209228515625 322.2135009765625
55.945918862533794 -3.1877215091356 SSE 55.94564169867404 -3.1876067041058906 188.58209228515625 320.9635009765625
55.94564169867404 -3.1876067041058906 NW 55.945853830708394 -3.1878188361402464 188.58209228515625 319.7135009765625
55.945853830708394 -3.1878188361402464 E 55.945853830708394 -3.1875188361402462 188.58209228515625 318.4635009765625
55.945853830708394 -3.1875188361402462 W 55.945853830708394 -3.1878188361402464 188.58209228515625 317.2135009765625
55.945853830708394 -3.1878188361402464 N 55.9461538307084 -3.1878188361402464 188.58209228515625 315.9635009765625
55.9461538307084 -3.1878188361402464 SSW 55.94587666684864 -3.187933641169956 188.58209228515625 314.7135009765625
55.94587666684864 -3.187933641169956 NNW 55.9461538307084 -3.1880484461996654 188.58209228515625 313.4635009765625
55.9461538307084 -3.1880484461996654 SE 55.94594169867404 -3.1878363141653097 188.58209228515625 312.2135009765625
55.94594169867404 -3.1878363141653097 WNW 55.94605650370375 -3.188113478025063 188.58209228515625 310.9635009765625
55.94605650370375 -3.188113478025063 ENE 55.94617130873346 -3.1878363141653097 188.58209228515625 309.7135009765625
55.94617130873346 -3.1878363141653097 WSW 55.94605650370375 -3.188113478025063 188.58209228515625 308.4635009765625
55.94605650370375 -3.188113478025063 ENE 55.94617130873346 -3.1878363141653097 188.58209228515625 307.2135009765625
55.94617130873346 -3.1878363141653097 WSW 55.94605650370375 -3.188113478025063 188.58209228515625 305.9635009765625
55.94605650370375 -3.188113478025063 E 55.94605650370375 -3.187813478025063 188.58209228515625 304.7135009765625
55.94605650370375 -3.187813478025063 ENE 55.94617130873346 -3.1875363141653095 188.58209228515625 303.4635009765625
55.94617130873346 -3.1875363141653095 WSW 55.94605650370375 -3.187813478025063 188.58209228515625 302.2135009765625
55.94605650370375 -3.187813478025063 ESE 55.94594169867404 -3.1875363141653095 188.58209228515625 300.9635009765625
55.94594169867404 -3.1875363141653095 WNW 55.94605650370375 -3.187813478025063 188.58209228515625 299.7135009765625
55.94605650370375 -3.187813478025063 SSE 55.945779339843995 -3.1876986729953534 188.58209228515625 298.4635009765625
55.945779339843995 -3.1876986729953534 NNW 55.94605650370375 -3.187813478025063 188.58209228515625 297.2135009765625
55.94605650370375 -3.187813478025063 SSE 55.945779339843995 -3.1876986729953534 188.58209228515625 295.9635009765625
55.945779339843995 -3.1876986729953534 NE 55.94599147187835 -3.1874865409609976 188.58209228515625 294.7135009765625
55.94599147187835 -3.1874865409609976 NE 55.94620360391271 -3.187274408926642 188.58209228515625 293.4635009765625
55.94620360391271 -3.187274408926642 SW 55.94599147187835 -3.1874865409609976 188.58209228515625 292.2135009765625
55.94599147187835 -3.1874865409609976 ESE 55.94587666684864 -3.187209377101244 188.58209228515625 290.9635009765625
55.94587666684864 -3.187209377101244 WNW 55.94599147187835 -3.1874865409609976 188.58209228515625 289.7135009765625
55.94599147187835 -3.1874865409609976 ENE 55.94610627690806 -3.187209377101244 188.58209228515625 288.4635009765625
55.94610627690806 -3.187209377101244 SSW 55.945829113048305 -3.1873241821309537 188.58209228515625 287.2135009765625
55.945829113048305 -3.1873241821309537 NE 55.94604124508266 -3.187112050096598 188.58209228515625 285.9635009765625
55.94604124508266 -3.187112050096598 SW 55.945829113048305 -3.1873241821309537 188.58209228515625 284.7135009765625
55.945829113048305 -3.1873241821309537 NE 55.94604124508266 -3.187112050096598 188.58209228515625 283.4635009765625
55.94604124508266 -3.187112050096598 SSW 55.945764081222904 -3.1872268551263074 188.58209228515625 282.2135009765625
55.945764081222904 -3.1872268551263074 WSW 55.945649276193194 -3.187504018986061 188.58209228515625 280.9635009765625
55.945649276193194 -3.187504018986061 ENE 55.945764081222904 -3.1872268551263074 188.58209228515625 279.7135009765625
55.945764081222904 -3.1872268551263074 WNW 55.945878886252615 -3.187504018986061 188.58209228515625 278.4635009765625
55.945878886252615 -3.187504018986061 SE 55.94566675421826 -3.187291886951705 188.58209228515625 277.2135009765625
55.94566675421826 -3.187291886951705 NNW 55.945943918078015 -3.1874066919814146 188.58209228515625 275.9635009765625
55.945943918078015 -3.1874066919814146 SSE 55.94566675421826 -3.187291886951705 188.58209228515625 274.7135009765625
55.94566675421826 -3.187291886951705 NNW 55.945943918078015 -3.1874066919814146 188.58209228515625 273.4635009765625
55.945943918078015 -3.1874066919814146 SSE 55.94566675421826 -3.187291886951705 188.58209228515625 272.2135009765625
55.94566675421826 -3.187291886951705 NE 55.945878886252615 -3.1870797549173493 188.58209228515625 270.9635009765625
55.945878886252615 -3.1870797549173493 S 55.94557888625261 -3.1870797549173493 188.58209228515625 269.7135009765625
55.94557888625261 -3.1870797549173493 N 55.945878886252615 -3.1870797549173493 188.58209228515625 268.4635009765625
55.945878886252615 -3.1870797549173493 SE 55.94566675421826 -3.1868676228829935 188.58209228515625 267.2135009765625
55.94566675421826 -3.1868676228829935 NW 55.945878886252615 -3.1870797549173493 188.58209228515625 265.9635009765625
55.945878886252615 -3.1870797549173493 NNE 55.94615605011237 -3.18696494988764 188.58209228515625 264.7135009765625
55.94615605011237 -3.18696494988764 SW 55.945943918078015 -3.1871770819219956 188.58209228515625 263.4635009765625
55.945943918078015 -3.1871770819219956 NE 55.94615605011237 -3.18696494988764 188.58209228515625 262.2135009765625
55.94615605011237 -3.18696494988764 SW 55.945943918078015 -3.1871770819219956 188.58209228515625 260.9635009765625
55.945943918078015 -3.1871770819219956 NE 55.94615605011237 -3.18696494988764 188.58209228515625 259.7135009765625
55.94615605011237 -3.18696494988764 SW 55.945943918078015 -3.1871770819219956 188.58209228515625 258.4635009765625
55.945943918078015 -3.1871770819219956 NE 55.94615605011237 -3.18696494988764 188.58209228515625 257.2135009765625
55.94615605011237 -3.18696494988764 SW 55.945943918078015 -3.1871770819219956 188.58209228515625 255.9635009765625
55.945943918078015 -3.1871770819219956 ENE 55.946058723107726 -3.186899918062242 188.58209228515625 254.7135009765625
55.946058723107726 -3.186899918062242 SSW 55.94578155924797 -3.1870147230919517 188.58209228515625 253.4635009765625
55.94578155924797 -3.1870147230919517 NNE 55.946058723107726 -3.186899918062242 188.58209228515625 252.2135009765625
55.946058723107726 -3.186899918062242 ENE 55.946173528137436 -3.1866227542024887 188.58209228515625 250.9635009765625
55.946173528137436 -3.1866227542024887 WSW 55.946058723107726 -3.186899918062242 188.58209228515625 249.7135009765625
55.946058723107726 -3.186899918062242 ENE 55.946173528137436 -3.1866227542024887 188.58209228515625 248.4635009765625
55.946173528137436 -3.1866227542024887 W 55.946173528137436 -3.186922754202489 188.58209228515625 247.2135009765625
55.946173528137436 -3.186922754202489 SSE 55.94589636427768 -3.1868079491727794 188.58209228515625 245.9635009765625
55.94589636427768 -3.1868079491727794 NNW 55.946173528137436 -3.186922754202489 188.58209228515625 244.7135009765625
55.946173528137436 -3.186922754202489 E 55.946173528137436 -3.1866227542024887 188.58209228515625 243.4635009765625
55.946173528137436 -3.1866227542024887 W 55.946173528137436 -3.186922754202489 188.58209228515625 242.2135009765625
55.946173528137436 -3.186922754202489 E 55.946173528137436 -3.1866227542024887 188.58209228515625 240.9635009765625
55.946173528137436 -3.1866227542024887 SW 55.94596139610308 -3.1868348862368445 188.58209228515625 239.7135009765625
55.94596139610308 -3.1868348862368445 NE 55.946173528137436 -3.1866227542024887 188.58209228515625 238.4635009765625
55.946173528137436 -3.1866227542024887 W 55.946173528137436 -3.186922754202489 188.58209228515625 237.2135009765625
55.946173528137436 -3.186922754202489 E 55.946173528137436 -3.1866227542024887 188.58209228515625 235.9635009765625
55.946173528137436 -3.1866227542024887 SW 55.94596139610308 -3.1868348862368445 188.58209228515625 234.7135009765625
55.94596139610308 -3.1868348862368445 NE 55.946173528137436 -3.1866227542024887 188.58209228515625 233.4635009765625
55.946173528137436 -3.1866227542024887 E 55.946173528137436 -3.1863227542024886 188.58209228515625 232.2135009765625
55.946173528137436 -3.1863227542024886 W 55.946173528137436 -3.1866227542024887 188.58209228515625 230.9635009765625
55.946173528137436 -3.1866227542024887 E 55.946173528137436 -3.1863227542024886 188.58209228515625 229.7135009765625
55.946173528137436 -3.1863227542024886 W 55.946173528137436 -3.1866227542024887 188.58209228515625 228.4635009765625
55.946173528137436 -3.1866227542024887 ESE 55.946058723107726 -3.1863455903427353 188.58209228515625 227.2135009765625
55.946058723107726 -3.1863455903427353 SW 55.94584659107337 -3.186557722377091 209.74359130859375 336.86981201171875
55.94584659107337 -3.186557722377091 NE 55.946058723107726 -3.1863455903427353 209.74359130859375 335.61981201171875
55.946058723107726 -3.1863455903427353 WNW 55.946173528137436 -3.1866227542024887 209.74359130859375 334.36981201171875
55.946173528137436 -3.1866227542024887 ESE 55.946058723107726 -3.1863455903427353 209.74359130859375 333.11981201171875
55.946058723107726 -3.1863455903427353 WNW 55.946173528137436 -3.1866227542024887 209.74359130859375 331.86981201171875
55.946173528137436 -3.1866227542024887 ESE 55.946058723107726 -3.1863455903427353 209.74359130859375 330.61981201171875
55.946058723107726 -3.1863455903427353 E 55.946058723107726 -3.186045590342735 209.74359130859375 329.36981201171875
55.946058723107726 -3.186045590342735 W 55.946058723107726 -3.1863455903427353 209.74359130859375 328.11981201171875
55.946058723107726 -3.1863455903427353 ENE 55.946173528137436 -3.186068426482982 209.74359130859375 326.86981201171875
55.946173528137436 -3.186068426482982 WSW 55.946058723107726 -3.1863455903427353 209.74359130859375 325.61981201171875
55.946058723107726 -3.1863455903427353 ENE 55.946173528137436 -3.186068426482982 209.74359130859375 324.36981201171875
55.946173528137436 -3.186068426482982 WSW 55.946058723107726 -3.1863455903427353 209.74359130859375 323.11981201171875
55.946058723107726 -3.1863455903427353 E 55.946058723107726 -3.186045590342735 209.74359130859375 321.86981201171875
55.946058723107726 -3.186045590342735 WSW 55.945943918078015 -3.1863227542024886 209.74359130859375 320.61981201171875
55.945943918078015 -3.1863227542024886 ENE 55.946058723107726 -3.186045590342735 209.74359130859375 319.36981201171875
55.946058723107726 -3.186045590342735 WSW 55.945943918078015 -3.1863227542024886 209.74359130859375 318.11981201171875
55.945943918078015 -3.1863227542024886 ENE 55.946058723107726 -3.186045590342735 209.74359130859375 316.86981201171875
55.946058723107726 -3.186045590342735 W 55.946058723107726 -3.1863455903427353 209.74359130859375 315.61981201171875
55.946058723107726 -3.1863455903427353 E 55.946058723107726 -3.186045590342735 209.74359130859375 314.36981201171875
55.946058723107726 -3.186045590342735 ENE 55.946173528137436 -3.1857684264829818 209.74359130859375 313.11981201171875
55.946173528137436 -3.1857684264829818 W 55.946173528137436 -3.186068426482982 209.74359130859375 311.86981201171875
55.946173528137436 -3.186068426482982 E 55.946173528137436 -3.1857684264829818 209.74359130859375 310.61981201171875
55.946173528137436 -3.1857684264829818 W 55.946173528137436 -3.186068426482982 209.74359130859375 309.36981201171875
55.946173528137436 -3.186068426482982 SE 55.94596139610308 -3.185856294448626 209.74359130859375 308.11981201171875
55.94596139610308 -3.185856294448626 NW 55.946173528137436 -3.186068426482982 209.74359130859375 306.86981201171875
55.946173528137436 -3.186068426482982 SE 55.94596139610308 -3.185856294448626 209.74359130859375 305.61981201171875
55.94596139610308 -3.185856294448626 NW 55.946173528137436 -3.186068426482982 209.74359130859375 304.36981201171875
55.946173528137436 -3.186068426482982 SE 55.94596139610308 -3.185856294448626 209.74359130859375 303.11981201171875
55.94596139610308 -3.185856294448626 WNW 55.94607620113279 -3.1861334583083796 209.74359130859375 301.86981201171875
55.94607620113279 -3.1861334583083796 SE 55.945864069098434 -3.185921326274024 209.74359130859375 300.61981201171875
55.945864069098434 -3.185921326274024 NNW 55.94614123295819 -3.1860361313037333 209.74359130859375 299.36981201171875
55.94614123295819 -3.1860361313037333 SSE 55.945864069098434 -3.185921326274024 209.74359130859375 298.11981201171875
55.945864069098434 -3.185921326274024 SSW 55.94558690523868 -3.1860361313037333 209.74359130859375 296.86981201171875
55.94558690523868 -3.1860361313037333 NNE 55.945864069098434 -3.185921326274024 209.74359130859375 295.61981201171875
55.945864069098434 -3.185921326274024 SW 55.94565193706408 -3.1861334583083796 209.74359130859375 294.36981201171875
55.94565193706408 -3.1861334583083796 NNW 55.945929100923834 -3.186248263338089 209.74359130859375 293.11981201171875
55.945929100923834 -3.186248263338089 SW 55.94571696888948 -3.186460395372445 209.74359130859375 291.86981201171875
55.94571696888948 -3.186460395372445 NE 55.945929100923834 -3.186248263338089 209.74359130859375 290.61981201171875
55.945929100923834 -3.186248263338089 W 55.945929100923834 -3.1865482633380893 209.74359130859375 289.36981201171875
55.945929100923834 -3.1865482633380893 ENE 55.946043905953545 -3.186271099478336 209.74359130859375 288.11981201171875
55.946043905953545 -3.186271099478336 WSW 55.945929100923834 -3.1865482633380893 209.74359130859375 286.86981201171875
55.945929100923834 -3.1865482633380893 ENE 55.946043905953545 -3.186271099478336 209.74359130859375 285.61981201171875
55.946043905953545 -3.186271099478336 SW 55.94583177391919 -3.1864832315126916 209.74359130859375 284.36981201171875
55.94583177391919 -3.1864832315126916 NE 55.946043905953545 -3.186271099478336 209.74359130859375 283.11981201171875
55.946043905953545 -3.186271099478336 S 55.94574390595354 -3.186271099478336 209.74359130859375 281.86981201171875
55.94574390595354 -3.186271099478336 NW 55.9459560379879 -3.1864832315126916 209.74359130859375 280.61981201171875
55.9459560379879 -3.1864832315126916 SE 55.94574390595354 -3.186271099478336 209.74359130859375 279.36981201171875
55.94574390595354 -3.186271099478336 NE 55.9459560379879 -3.18605896744398 209.74359130859375 278.11981201171875
55.9459560379879 -3.18605896744398 SW 55.94574390595354 -3.186271099478336 209.74359130859375 276.86981201171875
55.94574390595354 -3.186271099478336 SW 55.945531773919186 -3.1864832315126916 209.74359130859375 275.61981201171875
55.945531773919186 -3.1864832315126916 NE 55.94574390595354 -3.186271099478336 209.74359130859375 274.36981201171875
55.94574390595354 -3.186271099478336 SW 55.945531773919186 -3.1864832315126916 209.74359130859375 273.11981201171875
55.945531773919186 -3.1864832315126916 NNE 55.94580893777894 -3.186368426482982 209.74359130859375 271.86981201171875
55.94580893777894 -3.186368426482982 SSW 55.945531773919186 -3.1864832315126916 209.74359130859375 270.61981201171875
55.945531773919186 -3.1864832315126916 N 55.94583177391919 -3.1864832315126916 209.74359130859375 269.36981201171875
55.94583177391919 -3.1864832315126916 S 55.945531773919186 -3.1864832315126916 209.74359130859375 268.11981201171875
55.945531773919186 -3.1864832315126916 E 55.945531773919186 -3.1861832315126914 209.74359130859375 266.86981201171875
55.945531773919186 -3.1861832315126914 W 55.945531773919186 -3.1864832315126916 209.74359130859375 265.61981201171875
55.945531773919186 -3.1864832315126916 E 55.945531773919186 -3.1861832315126914 209.74359130859375 264.36981201171875
55.945531773919186 -3.1861832315126914 SW 55.94531964188483 -3.186395363547047 209.74359130859375 263.11981201171875
55.94531964188483 -3.186395363547047 E 55.94531964188483 -3.186095363547047 209.74359130859375 261.86981201171875
55.94531964188483 -3.186095363547047 WSW 55.94520483685512 -3.1863725274068004 209.74359130859375 260.61981201171875
55.94520483685512 -3.1863725274068004 ENE 55.94531964188483 -3.186095363547047 209.74359130859375 259.36981201171875
55.94531964188483 -3.186095363547047 WSW 55.94520483685512 -3.1863725274068004 209.74359130859375 258.11981201171875
55.94520483685512 -3.1863725274068004 ESE 55.94509003182541 -3.186095363547047 209.74359130859375 256.86981201171875
55.94509003182541 -3.186095363547047 WNW 55.94520483685512 -3.1863725274068004 209.74359130859375 255.61981201171875
55.94520483685512 -3.1863725274068004 ESE 55.94509003182541 -3.186095363547047 209.74359130859375 254.36981201171875
55.94509003182541 -3.186095363547047 WNW 55.94520483685512 -3.1863725274068004 209.74359130859375 253.11981201171875
55.94520483685512 -3.1863725274068004 SSE 55.94492767299536 -3.186257722377091 209.74359130859375 251.86981201171875
55.94492767299536 -3.186257722377091 NNW 55.94520483685512 -3.1863725274068004 209.74359130859375 250.61981201171875
55.94520483685512 -3.1863725274068004 SSW 55.94492767299536 -3.18648733243651 215.97103548049927 315.1741943359375
55.94492767299536 -3.18648733243651 NNE 55.94520483685512 -3.1863725274068004 215.97103548049927 313.9241943359375
55.94520483685512 -3.1863725274068004 WNW 55.94531964188483 -3.186649691266554 215.97103548049927 312.6741943359375
55.94531964188483 -3.186649691266554 ESE 55.94520483685512 -3.1863725274068004 215.97103548049927 311.4241943359375
55.94520483685512 -3.1863725274068004 NNE 55.945482000714875 -3.186257722377091 215.97103548049927 310.1741943359375
55.945482000714875 -3.186257722377091 WSW 55.945367195685165 -3.1865348862368443 215.97103548049927 308.9241943359375
55.945367195685165 -3.1865348862368443 E 55.945367195685165 -3.186234886236844 215.97103548049927 307.6741943359375
55.945367195685165 -3.186234886236844 W 55.945367195685165 -3.1865348862368443 215.97103548049927 306.4241943359375
55.945367195685165 -3.1865348862368443 WSW 55.945252390655455 -3.1868120500965977 215.97103548049927 305.1741943359375
55.945252390655455 -3.1868120500965977 ENE 55.945367195685165 -3.1865348862368443 215.97103548049927 303.9241943359375
