55.944425 -3.188396 NNE 55.94470216385976 -3.1882811949702905 0.0 248.75
55.94470216385976 -3.1882811949702905 S 55.944402163859756 -3.1882811949702905 0.0 247.5
55.944402163859756 -3.1882811949702905 WSW 55.944287358830046 -3.188558358830044 0.0 246.25
55.944287358830046 -3.188558358830044 ENE 55.944402163859756 -3.1882811949702905 0.0 245.0
55.944402163859756 -3.1882811949702905 SW 55.9441900318254 -3.1884933270046463 0.0 243.75
55.9441900318254 -3.1884933270046463 ENE 55.94430483685511 -3.188216163144893 0.0 242.5
55.94430483685511 -3.188216163144893 WSW 55.9441900318254 -3.1884933270046463 0.0 241.25
55.9441900318254 -3.1884933270046463 E 55.9441900318254 -3.188193327004646 112.23311614990234 255.58265018463135
55.9441900318254 -3.188193327004646 W 55.9441900318254 -3.1884933270046463 112.23311614990234 254.33265018463135
55.9441900318254 -3.1884933270046463 NE 55.944402163859756 -3.1882811949702905 112.23311614990234 253.08265018463135
55.944402163859756 -3.1882811949702905 SW 55.9441900318254 -3.1884933270046463 112.23311614990234 251.83265018463135
55.9441900318254 -3.1884933270046463 SE 55.943977899791044 -3.1882811949702905 112.23311614990234 250.58265018463135
55.943977899791044 -3.1882811949702905 NW 55.9441900318254 -3.1884933270046463 112.23311614990234 249.33265018463135
55.9441900318254 -3.1884933270046463 SSE 55.94391286796564 -3.1883785219749368 112.23311614990234 248.08265018463135
55.94391286796564 -3.1883785219749368 NNW 55.9441900318254 -3.1884933270046463 112.23311614990234 246.83265018463135
55.9441900318254 -3.1884933270046463 SSE 55.94391286796564 -3.1883785219749368 112.23311614990234 245.58265018463135
55.94391286796564 -3.1883785219749368 NNW 55.9441900318254 -3.1884933270046463 112.23311614990234 244.33265018463135
55.9441900318254 -3.1884933270046463 S 55.9438900318254 -3.1884933270046463 112.23311614990234 243.08265018463135
55.9438900318254 -3.1884933270046463 N 55.9441900318254 -3.1884933270046463 112.23311614990234 241.83265018463135
55.9441900318254 -3.1884933270046463 S 55.9438900318254 -3.1884933270046463 112.23311614990234 240.58265018463135
55.9438900318254 -3.1884933270046463 NNW 55.944167195685154 -3.188608132034356 112.23311614990234 239.33265018463135
55.944167195685154 -3.188608132034356 SSE 55.9438900318254 -3.1884933270046463 112.23311614990234 238.08265018463135
55.9438900318254 -3.1884933270046463 NW 55.94410216385975 -3.188705459039002 112.23311614990234 236.83265018463135
55.94410216385975 -3.188705459039002 SE 55.9438900318254 -3.1884933270046463 112.23311614990234 235.58265018463135
55.9438900318254 -3.1884933270046463 WNW 55.94400483685511 -3.1887704908643997 112.23311614990234 234.33265018463135
55.94400483685511 -3.1887704908643997 ESE 55.9438900318254 -3.1884933270046463 112.23311614990234 233.08265018463135
55.9438900318254 -3.1884933270046463 WNW 55.94400483685511 -3.1887704908643997 112.23311614990234 231.83265018463135
55.94400483685511 -3.1887704908643997 SSE 55.94372767299535 -3.18865568583469 112.23311614990234 230.58265018463135
55.94372767299535 -3.18865568583469 NNW 55.94400483685511 -3.1887704908643997 112.23311614990234 229.33265018463135
55.94400483685511 -3.1887704908643997 SSE 55.94372767299535 -3.18865568583469 112.23311614990234 228.08265018463135
55.94372767299535 -3.18865568583469 WNW 55.94384247802506 -3.1889328496944436 112.23311614990234 226.83265018463135
55.94384247802506 -3.1889328496944436 ESE 55.94372767299535 -3.18865568583469 112.23311614990234 225.58265018463135
55.94372767299535 -3.18865568583469 WNW 55.94384247802506 -3.1889328496944436 112.23311614990234 224.33265018463135
55.94384247802506 -3.1889328496944436 ESE 55.94372767299535 -3.18865568583469 112.23311614990234 223.08265018463135
55.94372767299535 -3.18865568583469 W 55.94372767299535 -3.1889556858346904 112.23311614990234 221.83265018463135
55.94372767299535 -3.1889556858346904 E 55.94372767299535 -3.18865568583469 112.23311614990234 220.58265018463135
55.94372767299535 -3.18865568583469 S 55.94342767299535 -3.18865568583469 112.23311614990234 219.33265018463135
55.94342767299535 -3.18865568583469 N 55.94372767299535 -3.18865568583469 112.23311614990234 218.08265018463135
55.94372767299535 -3.18865568583469 SSE 55.943450509135594 -3.1885408808049807 112.23311614990234 216.83265018463135
55.943450509135594 -3.1885408808049807 NNW 55.94372767299535 -3.18865568583469 112.23311614990234 215.58265018463135
55.94372767299535 -3.18865568583469 ESE 55.94361286796564 -3.1883785219749368 112.23311614990234 214.33265018463135
55.94361286796564 -3.1883785219749368 WNW 55.94372767299535 -3.18865568583469 112.23311614990234 213.08265018463135
55.94372767299535 -3.18865568583469 ESE 55.94361286796564 -3.1883785219749368 112.23311614990234 211.83265018463135
55.94361286796564 -3.1883785219749368 ENE 55.94372767299535 -3.1881013581151834 112.23311614990234 210.58265018463135
55.94372767299535 -3.1881013581151834 WSW 55.94361286796564 -3.1883785219749368 112.23311614990234 209.33265018463135
55.94361286796564 -3.1883785219749368 NW 55.943825 -3.1885906540092925 112.23311614990234 208.08265018463135
55.943825 -3.1885906540092925 SE 55.94361286796564 -3.1883785219749368 112.23311614990234 206.83265018463135
55.94361286796564 -3.1883785219749368 SW 55.943400735931284 -3.1885906540092925 112.23311614990234 205.58265018463135
55.943400735931284 -3.1885906540092925 NE 55.94361286796564 -3.1883785219749368 112.23311614990234 204.33265018463135
55.94361286796564 -3.1883785219749368 SW 55.943400735931284 -3.1885906540092925 112.23311614990234 203.08265018463135
55.943400735931284 -3.1885906540092925 ENE 55.943515540960995 -3.188313490149539 112.23311614990234 201.83265018463135
55.943515540960995 -3.188313490149539 WSW 55.943400735931284 -3.1885906540092925 112.23311614990234 200.58265018463135
55.943400735931284 -3.1885906540092925 SE 55.94318860389693 -3.1883785219749368 112.23311614990234 199.33265018463135
55.94318860389693 -3.1883785219749368 NW 55.943400735931284 -3.1885906540092925 112.23311614990234 198.08265018463135
55.943400735931284 -3.1885906540092925 E 55.943400735931284 -3.1882906540092923 112.23311614990234 196.83265018463135
55.943400735931284 -3.1882906540092923 W 55.943400735931284 -3.1885906540092925 112.23311614990234 195.58265018463135
55.943400735931284 -3.1885906540092925 S 55.94310073593128 -3.1885906540092925 112.23311614990234 194.33265018463135
55.94310073593128 -3.1885906540092925 N 55.943400735931284 -3.1885906540092925 112.23311614990234 193.08265018463135
55.943400735931284 -3.1885906540092925 SE 55.94318860389693 -3.1883785219749368 112.23311614990234 191.83265018463135
55.94318860389693 -3.1883785219749368 NW 55.943400735931284 -3.1885906540092925 112.23311614990234 190.58265018463135
55.943400735931284 -3.1885906540092925 WSW 55.943285930901574 -3.188867817869046 112.23311614990234 189.33265018463135
55.943285930901574 -3.188867817869046 ENE 55.943400735931284 -3.1885906540092925 112.23311614990234 188.08265018463135
55.943400735931284 -3.1885906540092925 W 55.943400735931284 -3.1888906540092927 112.23311614990234 186.83265018463135
55.943400735931284 -3.1888906540092927 E 55.943400735931284 -3.1885906540092925 112.23311614990234 185.58265018463135
55.943400735931284 -3.1885906540092925 W 55.943400735931284 -3.1888906540092927 112.23311614990234 184.33265018463135
55.943400735931284 -3.1888906540092927 E 55.943400735931284 -3.1885906540092925 112.23311614990234 183.08265018463135
55.943400735931284 -3.1885906540092925 W 55.943400735931284 -3.1888906540092927 112.23311614990234 181.83265018463135
55.943400735931284 -3.1888906540092927 SE 55.94318860389693 -3.188678521974937 112.23311614990234 180.58265018463135
55.94318860389693 -3.188678521974937 NW 55.943400735931284 -3.1888906540092927 112.23311614990234 179.33265018463135
55.943400735931284 -3.1888906540092927 SE 55.94318860389693 -3.188678521974937 112.23311614990234 178.08265018463135
55.94318860389693 -3.188678521974937 NW 55.943400735931284 -3.1888906540092927 112.23311614990234 176.83265018463135
55.943400735931284 -3.1888906540092927 WSW 55.943285930901574 -3.189167817869046 112.23311614990234 175.58265018463135
55.943285930901574 -3.189167817869046 ENE 55.943400735931284 -3.1888906540092927 112.23311614990234 174.33265018463135
55.943400735931284 -3.1888906540092927 NNW 55.94367789979104 -3.1890054590390022 191.9101104736328 180.9525146484375
55.94367789979104 -3.1890054590390022 SSE 55.943400735931284 -3.1888906540092927 191.9101104736328 179.7025146484375
55.943400735931284 -3.1888906540092927 W 55.943400735931284 -3.189190654009293 191.9101104736328 178.4525146484375
55.943400735931284 -3.189190654009293 E 55.943400735931284 -3.1888906540092927 191.9101104736328 177.2025146484375
55.943400735931284 -3.1888906540092927 NNW 55.94367789979104 -3.1890054590390022 191.9101104736328 175.9525146484375
55.94367789979104 -3.1890054590390022 SSE 55.943400735931284 -3.1888906540092927 191.9101104736328 174.7025146484375
55.943400735931284 -3.1888906540092927 NNW 55.94367789979104 -3.1890054590390022 191.9101104736328 173.4525146484375
55.94367789979104 -3.1890054590390022 SSE 55.943400735931284 -3.1888906540092927 191.9101104736328 172.2025146484375
55.943400735931284 -3.1888906540092927 NNE 55.94367789979104 -3.188775848979583 191.9101104736328 170.9525146484375
55.94367789979104 -3.188775848979583 SSW 55.943400735931284 -3.1888906540092927 191.9101104736328 169.7025146484375
55.943400735931284 -3.1888906540092927 NNE 55.94367789979104 -3.188775848979583 191.9101104736328 168.4525146484375
55.94367789979104 -3.188775848979583 SSW 55.943400735931284 -3.1888906540092927 191.9101104736328 167.2025146484375
55.943400735931284 -3.1888906540092927 NE 55.94361286796564 -3.188678521974937 191.9101104736328 165.9525146484375
55.94361286796564 -3.188678521974937 SW 55.943400735931284 -3.1888906540092927 191.9101104736328 164.7025146484375
55.943400735931284 -3.1888906540092927 NE 55.94361286796564 -3.188678521974937 191.9101104736328 163.4525146484375
55.94361286796564 -3.188678521974937 W 55.94361286796564 -3.188978521974937 191.9101104736328 162.2025146484375
55.94361286796564 -3.188978521974937 ESE 55.94349806293593 -3.1887013581151837 191.9101104736328 160.9525146484375
55.94349806293593 -3.1887013581151837 NNW 55.94377522679569 -3.1888161631448932 191.9101104736328 159.7025146484375
55.94377522679569 -3.1888161631448932 S 55.943475226795684 -3.1888161631448932 191.9101104736328 158.4525146484375
55.943475226795684 -3.1888161631448932 NNE 55.94375239065544 -3.1887013581151837 191.9101104736328 157.2025146484375
55.94375239065544 -3.1887013581151837 S 55.94345239065544 -3.1887013581151837 191.9101104736328 155.9525146484375
55.94345239065544 -3.1887013581151837 NNW 55.943729554515194 -3.1888161631448932 191.9101104736328 154.7025146484375
55.943729554515194 -3.1888161631448932 N 55.9440295545152 -3.1888161631448932 268.68898010253906 273.2004623413086
55.9440295545152 -3.1888161631448932 S 55.943729554515194 -3.1888161631448932 268.68898010253906 271.9504623413086
55.943729554515194 -3.1888161631448932 W 55.943729554515194 -3.1891161631448934 268.68898010253906 270.7004623413086
55.943729554515194 -3.1891161631448934 ENE 55.943844359544904 -3.18883899928514 268.68898010253906 269.4504623413086
55.943844359544904 -3.18883899928514 S 55.9435443595449 -3.18883899928514 323.876220703125 280.0290937423706
55.9435443595449 -3.18883899928514 N 55.943844359544904 -3.18883899928514 323.876220703125 278.7790937423706
55.943844359544904 -3.18883899928514 SE 55.94363222751055 -3.1886268672507843 323.876220703125 277.5290937423706
55.94363222751055 -3.1886268672507843 NW 55.943844359544904 -3.18883899928514 323.876220703125 276.2790937423706
55.943844359544904 -3.18883899928514 ENE 55.943959164574615 -3.1885618354253866 323.876220703125 275.0290937423706
55.943959164574615 -3.1885618354253866 WSW 55.943844359544904 -3.18883899928514 323.876220703125 273.7790937423706
55.943844359544904 -3.18883899928514 NE 55.94405649157926 -3.1886268672507843 323.876220703125 272.5290937423706
55.94405649157926 -3.1886268672507843 WSW 55.94394168654955 -3.1889040311105377 323.876220703125 271.2790937423706
55.94394168654955 -3.1889040311105377 ENE 55.94405649157926 -3.1886268672507843 323.876220703125 270.0290937423706
55.94405649157926 -3.1886268672507843 WSW 55.94394168654955 -3.1889040311105377 323.876220703125 268.7790937423706
55.94394168654955 -3.1889040311105377 NE 55.94415381858391 -3.188691899076182 323.876220703125 267.5290937423706
55.94415381858391 -3.188691899076182 S 55.943853818583904 -3.188691899076182 323.876220703125 266.2790937423706
55.943853818583904 -3.188691899076182 N 55.94415381858391 -3.188691899076182 323.876220703125 265.0290937423706
55.94415381858391 -3.188691899076182 SE 55.94394168654955 -3.188479767041826 323.876220703125 263.7790937423706
55.94394168654955 -3.188479767041826 NW 55.94415381858391 -3.188691899076182 323.876220703125 262.5290937423706
55.94415381858391 -3.188691899076182 ENE 55.94426862361362 -3.1884147352164285 323.876220703125 261.2790937423706
55.94426862361362 -3.1884147352164285 WSW 55.94415381858391 -3.188691899076182 323.876220703125 260.0290937423706
55.94415381858391 -3.188691899076182 ENE 55.94426862361362 -3.1884147352164285 323.876220703125 258.7790937423706
55.94426862361362 -3.1884147352164285 WSW 55.94415381858391 -3.188691899076182 323.876220703125 257.5290937423706
55.94415381858391 -3.188691899076182 NE 55.94436595061826 -3.188479767041826 323.876220703125 256.2790937423706
55.94436595061826 -3.188479767041826 SW 55.94415381858391 -3.188691899076182 323.876220703125 255.0290937423706
55.94415381858391 -3.188691899076182 NE 55.94436595061826 -3.188479767041826 323.876220703125 253.7790937423706
55.94436595061826 -3.188479767041826 SW 55.94415381858391 -3.188691899076182 323.876220703125 252.5290937423706
55.94415381858391 -3.188691899076182 NE 55.94436595061826 -3.188479767041826 323.876220703125 251.2790937423706
55.94436595061826 -3.188479767041826 ENE 55.94448075564797 -3.1882026031820727 323.876220703125 250.0290937423706
55.94448075564797 -3.1882026031820727 WSW 55.94436595061826 -3.188479767041826 323.876220703125 248.7790937423706
55.94436595061826 -3.188479767041826 ESE 55.94425114558855 -3.1882026031820727 323.876220703125 247.5290937423706
55.94425114558855 -3.1882026031820727 WNW 55.94436595061826 -3.188479767041826 323.876220703125 246.2790937423706
55.94436595061826 -3.188479767041826 ESE 55.94425114558855 -3.1882026031820727 323.876220703125 245.0290937423706
55.94425114558855 -3.1882026031820727 WNW 55.94436595061826 -3.188479767041826 323.876220703125 243.7790937423706
55.94436595061826 -3.188479767041826 ESE 55.94425114558855 -3.1882026031820727 323.876220703125 242.5290937423706
55.94425114558855 -3.1882026031820727 W 55.94425114558855 -3.188502603182073 323.876220703125 241.2790937423706
55.94425114558855 -3.188502603182073 E 55.94425114558855 -3.1882026031820727 323.876220703125 240.0290937423706
55.94425114558855 -3.1882026031820727 WNW 55.94436595061826 -3.188479767041826 323.876220703125 238.7790937423706
55.94436595061826 -3.188479767041826 ESE 55.94425114558855 -3.1882026031820727 323.876220703125 237.5290937423706
55.94425114558855 -3.1882026031820727 SE 55.944039013554196 -3.187990471147717 323.876220703125 236.2790937423706
55.944039013554196 -3.187990471147717 NW 55.94425114558855 -3.1882026031820727 323.876220703125 235.0290937423706
55.94425114558855 -3.1882026031820727 SE 55.944039013554196 -3.187990471147717 323.876220703125 233.7790937423706
55.944039013554196 -3.187990471147717 NW 55.94425114558855 -3.1882026031820727 323.876220703125 232.5290937423706
55.94425114558855 -3.1882026031820727 SE 55.944039013554196 -3.187990471147717 323.876220703125 231.2790937423706
55.944039013554196 -3.187990471147717 NW 55.94425114558855 -3.1882026031820727 323.876220703125 230.0290937423706
55.94425114558855 -3.1882026031820727 SSW 55.943973981728796 -3.1883174082117822 323.876220703125 228.7790937423706
55.943973981728796 -3.1883174082117822 ENE 55.944088786758506 -3.188040244352029 323.876220703125 227.5290937423706
55.944088786758506 -3.188040244352029 WSW 55.943973981728796 -3.1883174082117822 323.876220703125 226.2790937423706
55.943973981728796 -3.1883174082117822 NNE 55.94425114558855 -3.1882026031820727 323.876220703125 225.0290937423706
55.94425114558855 -3.1882026031820727 SW 55.944039013554196 -3.1884147352164285 323.876220703125 223.7790937423706
55.944039013554196 -3.1884147352164285 NE 55.94425114558855 -3.1882026031820727 323.876220703125 222.5290937423706
55.94425114558855 -3.1882026031820727 WSW 55.94413634055884 -3.188479767041826 323.876220703125 221.2790937423706
55.94413634055884 -3.188479767041826 ENE 55.94425114558855 -3.1882026031820727 323.876220703125 220.0290937423706
55.94425114558855 -3.1882026031820727 SW 55.944039013554196 -3.1884147352164285 323.876220703125 218.7790937423706
55.944039013554196 -3.1884147352164285 NNE 55.94431617741395 -3.188299930186719 323.876220703125 217.5290937423706
55.94431617741395 -3.188299930186719 SSW 55.944039013554196 -3.1884147352164285 323.876220703125 216.2790937423706
55.944039013554196 -3.1884147352164285 N 55.9443390135542 -3.1884147352164285 323.876220703125 215.0290937423706
55.9443390135542 -3.1884147352164285 S 55.944039013554196 -3.1884147352164285 323.876220703125 213.7790937423706
55.944039013554196 -3.1884147352164285 NE 55.94425114558855 -3.1882026031820727 323.876220703125 212.5290937423706
55.94425114558855 -3.1882026031820727 SW 55.944039013554196 -3.1884147352164285 323.876220703125 211.2790937423706
55.944039013554196 -3.1884147352164285 E 55.944039013554196 -3.1881147352164283 323.876220703125 210.0290937423706
55.944039013554196 -3.1881147352164283 WSW 55.943924208524486 -3.1883918990761817 323.876220703125 208.7790937423706
55.943924208524486 -3.1883918990761817 NE 55.94413634055884 -3.188179767041826 323.876220703125 207.5290937423706
55.94413634055884 -3.188179767041826 SW 55.943924208524486 -3.1883918990761817 323.876220703125 206.2790937423706
55.943924208524486 -3.1883918990761817 N 55.94422420852449 -3.1883918990761817 330.64742708206177 274.3481779098511
55.94422420852449 -3.1883918990761817 S 55.943924208524486 -3.1883918990761817 330.64742708206177 273.0981779098511
55.943924208524486 -3.1883918990761817 N 55.94422420852449 -3.1883918990761817 330.64742708206177 271.8481779098511
55.94422420852449 -3.1883918990761817 S 55.943924208524486 -3.1883918990761817 330.64742708206177 270.5981779098511
55.943924208524486 -3.1883918990761817 S 55.94362420852448 -3.1883918990761817 330.64742708206177 269.3481779098511
55.94362420852448 -3.1883918990761817 N 55.943924208524486 -3.1883918990761817 330.64742708206177 268.0981779098511
55.943924208524486 -3.1883918990761817 ESE 55.943809403494775 -3.1881147352164283 330.64742708206177 266.8481779098511
55.943809403494775 -3.1881147352164283 WNW 55.943924208524486 -3.1883918990761817 330.64742708206177 265.5981779098511
55.943924208524486 -3.1883918990761817 ESE 55.943809403494775 -3.1881147352164283 330.64742708206177 264.3481779098511
55.943809403494775 -3.1881147352164283 WNW 55.943924208524486 -3.1883918990761817 330.64742708206177 263.0981779098511
55.943924208524486 -3.1883918990761817 ESE 55.943809403494775 -3.1881147352164283 330.64742708206177 261.8481779098511
55.943809403494775 -3.1881147352164283 W 55.943809403494775 -3.1884147352164285 330.64742708206177 260.5981779098511
55.943809403494775 -3.1884147352164285 E 55.943809403494775 -3.1881147352164283 330.64742708206177 259.3481779098511
55.943809403494775 -3.1881147352164283 WSW 55.943694598465065 -3.1883918990761817 330.64742708206177 258.0981779098511
55.943694598465065 -3.1883918990761817 E 55.943694598465065 -3.1880918990761815 330.64742708206177 256.8481779098511
55.943694598465065 -3.1880918990761815 W 55.943694598465065 -3.1883918990761817 330.64742708206177 255.59817790985107
55.943694598465065 -3.1883918990761817 E 55.943694598465065 -3.1880918990761815 330.64742708206177 254.34817790985107
55.943694598465065 -3.1880918990761815 W 55.943694598465065 -3.1883918990761817 330.64742708206177 253.09817790985107
55.943694598465065 -3.1883918990761817 E 55.943694598465065 -3.1880918990761815 330.64742708206177 251.84817790985107
55.943694598465065 -3.1880918990761815 WSW 55.943579793435354 -3.188369062935935 330.64742708206177 250.59817790985107
55.943579793435354 -3.188369062935935 ENE 55.943694598465065 -3.1880918990761815 330.64742708206177 249.34817790985107
55.943694598465065 -3.1880918990761815 SSE 55.94341743460531 -3.187977094046472 330.64742708206177 248.09817790985107
55.94341743460531 -3.187977094046472 NNW 55.943694598465065 -3.1880918990761815 330.64742708206177 246.84817790985107
55.943694598465065 -3.1880918990761815 ESE 55.943579793435354 -3.187814735216428 330.64742708206177 245.59817790985107
55.943579793435354 -3.187814735216428 WNW 55.943694598465065 -3.1880918990761815 330.64742708206177 244.34817790985107
55.943694598465065 -3.1880918990761815 ESE 55.943579793435354 -3.187814735216428 330.64742708206177 243.09817790985107
55.943579793435354 -3.187814735216428 WNW 55.943694598465065 -3.1880918990761815 330.64742708206177 241.84817790985107
55.943694598465065 -3.1880918990761815 E 55.943694598465065 -3.1877918990761813 330.64742708206177 240.59817790985107
55.943694598465065 -3.1877918990761813 W 55.943694598465065 -3.1880918990761815 330.64742708206177 239.34817790985107
55.943694598465065 -3.1880918990761815 NNE 55.94397176232482 -3.187977094046472 330.64742708206177 238.09817790985107
55.94397176232482 -3.187977094046472 WSW 55.94385695729511 -3.1882542579062254 330.64742708206177 236.84817790985107
55.94385695729511 -3.1882542579062254 ENE 55.94397176232482 -3.187977094046472 330.64742708206177 235.59817790985107
55.94397176232482 -3.187977094046472 WSW 55.94385695729511 -3.1882542579062254 330.64742708206177 234.34817790985107
55.94385695729511 -3.1882542579062254 ENE 55.94397176232482 -3.187977094046472 330.64742708206177 233.09817790985107
55.94397176232482 -3.187977094046472 W 55.94397176232482 -3.188277094046472 330.64742708206177 231.84817790985107
55.94397176232482 -3.188277094046472 E 55.94397176232482 -3.187977094046472 330.64742708206177 230.59817790985107
55.94397176232482 -3.187977094046472 WSW 55.94385695729511 -3.1882542579062254 330.64742708206177 229.34817790985107
55.94385695729511 -3.1882542579062254 NE 55.94406908932947 -3.1880421258718696 330.64742708206177 228.09817790985107
55.94406908932947 -3.1880421258718696 WSW 55.94395428429976 -3.188319289731623 330.64742708206177 226.84817790985107
55.94395428429976 -3.188319289731623 ENE 55.94406908932947 -3.1880421258718696 330.64742708206177 225.59817790985107
55.94406908932947 -3.1880421258718696 NNE 55.944346253189224 -3.18792732084216 330.64742708206177 224.34817790985107
55.944346253189224 -3.18792732084216 SSW 55.94406908932947 -3.1880421258718696 330.64742708206177 223.09817790985107
55.94406908932947 -3.1880421258718696 NE 55.94428122136382 -3.187829993837514 330.64742708206177 221.84817790985107
55.94428122136382 -3.187829993837514 SW 55.94406908932947 -3.1880421258718696 330.64742708206177 220.59817790985107
55.94406908932947 -3.1880421258718696 NW 55.94428122136382 -3.1882542579062254 330.64742708206177 219.34817790985107
55.94428122136382 -3.1882542579062254 SE 55.94406908932947 -3.1880421258718696 330.64742708206177 218.09817790985107
55.94406908932947 -3.1880421258718696 E 55.94406908932947 -3.1877421258718694 330.64742708206177 216.84817790985107
55.94406908932947 -3.1877421258718694 W 55.94406908932947 -3.1880421258718696 330.64742708206177 215.59817790985107
55.94406908932947 -3.1880421258718696 E 55.94406908932947 -3.1877421258718694 330.64742708206177 214.34817790985107
55.94406908932947 -3.1877421258718694 W 55.94406908932947 -3.1880421258718696 330.64742708206177 213.09817790985107
55.94406908932947 -3.1880421258718696 N 55.94436908932947 -3.1880421258718696 330.64742708206177 211.84817790985107
55.94436908932947 -3.1880421258718696 SSW 55.94409192546971 -3.188156930901579 330.64742708206177 210.59817790985107
55.94409192546971 -3.188156930901579 NNE 55.94436908932947 -3.1880421258718696 330.64742708206177 209.34817790985107
55.94436908932947 -3.1880421258718696 SSW 55.94409192546971 -3.188156930901579 330.64742708206177 208.09817790985107
55.94409192546971 -3.188156930901579 NNE 55.94436908932947 -3.1880421258718696 330.64742708206177 206.84817790985107
55.94436908932947 -3.1880421258718696 W 55.94436908932947 -3.18834212587187 330.64742708206177 205.59817790985107
55.94436908932947 -3.18834212587187 E 55.94436908932947 -3.1880421258718696 330.64742708206177 204.34817790985107
55.94436908932947 -3.1880421258718696 WNW 55.94448389435918 -3.188319289731623 330.64742708206177 203.09817790985107
55.94448389435918 -3.188319289731623 SE 55.944271762324824 -3.1881071576972673 330.64742708206177 201.84817790985107
55.944271762324824 -3.1881071576972673 NW 55.94448389435918 -3.188319289731623 330.64742708206177 200.59817790985107
55.94448389435918 -3.188319289731623 ESE 55.94436908932947 -3.1880421258718696 330.64742708206177 199.34817790985107
55.94436908932947 -3.1880421258718696 WNW 55.94448389435918 -3.188319289731623 330.64742708206177 198.09817790985107
55.94448389435918 -3.188319289731623 E 55.94448389435918 -3.188019289731623 330.64742708206177 196.84817790985107
55.94448389435918 -3.188019289731623 WNW 55.94459869938889 -3.1882964535913763 330.64742708206177 195.59817790985107
55.94459869938889 -3.1882964535913763 E 55.94459869938889 -3.187996453591376 330.64742708206177 194.34817790985107
55.94459869938889 -3.187996453591376 WNW 55.9447135044186 -3.1882736174511295 330.64742708206177 193.09817790985107
55.9447135044186 -3.1882736174511295 SE 55.944501372384245 -3.1880614854167737 330.64742708206177 191.84817790985107
55.944501372384245 -3.1880614854167737 NW 55.9447135044186 -3.1882736174511295 330.64742708206177 190.59817790985107
55.9447135044186 -3.1882736174511295 NNE 55.94499066827836 -3.18815881242142 330.64742708206177 189.34817790985107
55.94499066827836 -3.18815881242142 SSW 55.9447135044186 -3.1882736174511295 330.64742708206177 188.09817790985107
55.9447135044186 -3.1882736174511295 SW 55.944501372384245 -3.1884857494854852 330.64742708206177 186.84817790985107
55.944501372384245 -3.1884857494854852 NE 55.9447135044186 -3.1882736174511295 330.64742708206177 185.59817790985107
55.9447135044186 -3.1882736174511295 W 55.9447135044186 -3.1885736174511297 330.64742708206177 184.34817790985107
55.9447135044186 -3.1885736174511297 ENE 55.94482830944831 -3.1882964535913763 330.64742708206177 183.09817790985107
55.94482830944831 -3.1882964535913763 WNW 55.94494311447802 -3.1885736174511297 330.64742708206177 181.84817790985107
55.94494311447802 -3.1885736174511297 ESE 55.94482830944831 -3.1882964535913763 330.64742708206177 180.59817790985107
55.94482830944831 -3.1882964535913763 WNW 55.94494311447802 -3.1885736174511297 330.64742708206177 179.34817790985107
55.94494311447802 -3.1885736174511297 ESE 55.94482830944831 -3.1882964535913763 330.64742708206177 178.09817790985107
55.94482830944831 -3.1882964535913763 NW 55.94504044148267 -3.188508585625732 330.64742708206177 176.84817790985107
55.94504044148267 -3.188508585625732 SE 55.94482830944831 -3.1882964535913763 330.64742708206177 175.59817790985107
55.94482830944831 -3.1882964535913763 WNW 55.94494311447802 -3.1885736174511297 330.64742708206177 174.34817790985107
55.94494311447802 -3.1885736174511297 E 55.94494311447802 -3.1882736174511295 330.64742708206177 173.09817790985107
55.94494311447802 -3.1882736174511295 W 55.94494311447802 -3.1885736174511297 330.64742708206177 171.84817790985107
55.94494311447802 -3.1885736174511297 E 55.94494311447802 -3.1882736174511295 330.64742708206177 170.59817790985107
55.94494311447802 -3.1882736174511295 WNW 55.94505791950773 -3.188550781310883 330.64742708206177 169.34817790985107
55.94505791950773 -3.188550781310883 ESE 55.94494311447802 -3.1882736174511295 330.64742708206177 168.09817790985107
55.94494311447802 -3.1882736174511295 N 55.945243114478025 -3.1882736174511295 356.1684823036194 184.88181972503662
55.945243114478025 -3.1882736174511295 SSW 55.94496595061827 -3.188388422480839 356.1684823036194 183.63181972503662
55.94496595061827 -3.188388422480839 NNE 55.945243114478025 -3.1882736174511295 356.1684823036194 182.38181972503662
55.945243114478025 -3.1882736174511295 SW 55.94503098244367 -3.1884857494854852 356.1684823036194 181.13181972503662
55.94503098244367 -3.1884857494854852 N 55.94533098244367 -3.1884857494854852 356.1684823036194 179.88181972503662
