55.944425 -3.188396 NNE 55.94470216385976 -3.1882811949702905 0.0 248.75
55.94470216385976 -3.1882811949702905 S 55.944402163859756 -3.1882811949702905 0.0 247.5
55.944402163859756 -3.1882811949702905 WSW 55.944287358830046 -3.188558358830044 0.0 246.25
55.944287358830046 -3.188558358830044 ENE 55.944402163859756 -3.1882811949702905 0.0 245.0
55.944402163859756 -3.1882811949702905 SW 55.9441900318254 -3.1884933270046463 0.0 243.75
55.9441900318254 -3.1884933270046463 ENE 55.94430483685511 -3.188216163144893 0.0 242.5
55.94430483685511 -3.188216163144893 WSW 55.9441900318254 -3.1884933270046463 0.0 241.25
55.9441900318254 -3.1884933270046463 SSE 55.94391286796564 -3.1883785219749368 0.0 240.0
55.94391286796564 -3.1883785219749368 NNW 55.9441900318254 -3.1884933270046463 0.0 238.75
55.9441900318254 -3.1884933270046463 SSE 55.94391286796564 -3.1883785219749368 0.0 237.5
55.94391286796564 -3.1883785219749368 NNW 55.9441900318254 -3.1884933270046463 0.0 236.25
55.9441900318254 -3.1884933270046463 SE 55.943977899791044 -3.1882811949702905 0.0 235.0
55.943977899791044 -3.1882811949702905 NW 55.9441900318254 -3.1884933270046463 0.0 233.75
55.9441900318254 -3.1884933270046463 SSE 55.94391286796564 -3.1883785219749368 0.0 232.5
55.94391286796564 -3.1883785219749368 NNW 55.9441900318254 -3.1884933270046463 0.0 231.25
55.9441900318254 -3.1884933270046463 SSE 55.94391286796564 -3.1883785219749368 0.0 230.0
55.94391286796564 -3.1883785219749368 NNW 55.9441900318254 -3.1884933270046463 0.0 228.75
55.9441900318254 -3.1884933270046463 S 55.9438900318254 -3.1884933270046463 0.0 227.5
55.9438900318254 -3.1884933270046463 N 55.9441900318254 -3.1884933270046463 0.0 226.25
55.9441900318254 -3.1884933270046463 S 55.9438900318254 -3.1884933270046463 0.0 225.0
55.9438900318254 -3.1884933270046463 NNW 55.944167195685154 -3.188608132034356 0.0 223.75
55.944167195685154 -3.188608132034356 SSE 55.9438900318254 -3.1884933270046463 0.0 222.5
55.9438900318254 -3.1884933270046463 NE 55.94410216385975 -3.1882811949702905 0.0 221.25
55.94410216385975 -3.1882811949702905 SW 55.9438900318254 -3.1884933270046463 0.0 220.0
55.9438900318254 -3.1884933270046463 E 55.9438900318254 -3.188193327004646 0.0 218.75
55.9438900318254 -3.188193327004646 W 55.9438900318254 -3.1884933270046463 0.0 217.5
55.9438900318254 -3.1884933270046463 E 55.9438900318254 -3.188193327004646 0.0 216.25
55.9438900318254 -3.188193327004646 W 55.9438900318254 -3.1884933270046463 0.0 215.0
55.9438900318254 -3.1884933270046463 E 55.9438900318254 -3.188193327004646 0.0 213.75
55.9438900318254 -3.188193327004646 WSW 55.94377522679569 -3.1884704908643995 0.0 212.5
55.94377522679569 -3.1884704908643995 ENE 55.9438900318254 -3.188193327004646 0.0 211.25
55.9438900318254 -3.188193327004646 SW 55.94367789979104 -3.188405459039002 0.0 210.0
55.94367789979104 -3.188405459039002 NE 55.9438900318254 -3.188193327004646 0.0 208.75
55.9438900318254 -3.188193327004646 SSW 55.94361286796564 -3.1883081320343556 0.0 207.5
55.94361286796564 -3.1883081320343556 NNE 55.9438900318254 -3.188193327004646 0.0 206.25
55.9438900318254 -3.188193327004646 SSW 55.94361286796564 -3.1883081320343556 0.0 205.0
55.94361286796564 -3.1883081320343556 NE 55.943825 -3.188096 0.0 203.75
55.943825 -3.188096 SW 55.94361286796564 -3.1883081320343556 0.0 202.5
55.94361286796564 -3.1883081320343556 NE 55.943825 -3.188096 0.0 201.25
55.943825 -3.188096 SW 55.94361286796564 -3.1883081320343556 0.0 200.0
55.94361286796564 -3.1883081320343556 ENE 55.94372767299535 -3.188030968174602 0.0 198.75
55.94372767299535 -3.188030968174602 WSW 55.94361286796564 -3.1883081320343556 0.0 197.5
55.94361286796564 -3.1883081320343556 E 55.94361286796564 -3.1880081320343554 0.0 196.25
55.94361286796564 -3.1880081320343554 W 55.94361286796564 -3.1883081320343556 0.0 195.0
55.94361286796564 -3.1883081320343556 E 55.94361286796564 -3.1880081320343554 0.0 193.75
55.94361286796564 -3.1880081320343554 NW 55.943825 -3.188220264068711 0.0 192.5
55.943825 -3.188220264068711 SE 55.94361286796564 -3.1880081320343554 0.0 191.25
55.94361286796564 -3.1880081320343554 NNW 55.9438900318254 -3.188122937064065 0.0 190.0
55.9438900318254 -3.188122937064065 SSE 55.94361286796564 -3.1880081320343554 0.0 188.75
55.94361286796564 -3.1880081320343554 NE 55.943825 -3.1877959999999996 0.0 187.5
55.943825 -3.1877959999999996 SW 55.94361286796564 -3.1880081320343554 0.0 186.25
55.94361286796564 -3.1880081320343554 NNE 55.9438900318254 -3.187893327004646 0.0 185.0
55.9438900318254 -3.187893327004646 SW 55.94367789979104 -3.1881054590390017 0.0 183.75
55.94367789979104 -3.1881054590390017 NNE 55.9439550636508 -3.187990654009292 0.0 182.5
55.9439550636508 -3.187990654009292 SW 55.94374293161644 -3.188202786043648 0.0 181.25
55.94374293161644 -3.188202786043648 NE 55.9439550636508 -3.187990654009292 0.0 180.0
55.9439550636508 -3.187990654009292 WSW 55.94384025862109 -3.1882678178690456 0.0 178.75
55.94384025862109 -3.1882678178690456 ENE 55.9439550636508 -3.187990654009292 0.0 177.5
55.9439550636508 -3.187990654009292 W 55.9439550636508 -3.1882906540092923 0.0 176.25
55.9439550636508 -3.1882906540092923 E 55.9439550636508 -3.187990654009292 0.0 175.0
55.9439550636508 -3.187990654009292 WSW 55.94384025862109 -3.1882678178690456 0.0 173.75
55.94384025862109 -3.1882678178690456 NE 55.94405239065544 -3.18805568583469 0.0 172.5
55.94405239065544 -3.18805568583469 WSW 55.94393758562573 -3.188332849694443 0.0 171.25
55.94393758562573 -3.188332849694443 ENE 55.94405239065544 -3.18805568583469 0.0 170.0
55.94405239065544 -3.18805568583469 WSW 55.94393758562573 -3.188332849694443 0.0 168.75
55.94393758562573 -3.188332849694443 ENE 55.94405239065544 -3.18805568583469 0.0 167.5
55.94405239065544 -3.18805568583469 WNW 55.944167195685154 -3.188332849694443 0.0 166.25
55.944167195685154 -3.188332849694443 E 55.944167195685154 -3.188032849694443 0.0 165.0
55.944167195685154 -3.188032849694443 W 55.944167195685154 -3.188332849694443 0.0 163.75
55.944167195685154 -3.188332849694443 E 55.944167195685154 -3.188032849694443 0.0 162.5
55.944167195685154 -3.188032849694443 WNW 55.944282000714864 -3.1883100135541964 0.0 161.25
55.944282000714864 -3.1883100135541964 ESE 55.944167195685154 -3.188032849694443 0.0 160.0
55.944167195685154 -3.188032849694443 WNW 55.944282000714864 -3.1883100135541964 0.0 158.75
55.944282000714864 -3.1883100135541964 ESE 55.944167195685154 -3.188032849694443 0.0 157.5
55.944167195685154 -3.188032849694443 WNW 55.944282000714864 -3.1883100135541964 0.0 156.25
55.944282000714864 -3.1883100135541964 ENE 55.944396805744574 -3.188032849694443 0.0 155.0
55.944396805744574 -3.188032849694443 WSW 55.944282000714864 -3.1883100135541964 0.0 153.75
55.944282000714864 -3.1883100135541964 ENE 55.944396805744574 -3.188032849694443 0.0 152.5
55.944396805744574 -3.188032849694443 WSW 55.944282000714864 -3.1883100135541964 0.0 151.25
55.944282000714864 -3.1883100135541964 NNW 55.94455916457462 -3.188424818583906 0.0 150.0
55.94455916457462 -3.188424818583906 SSE 55.944282000714864 -3.1883100135541964 0.0 148.75
55.944282000714864 -3.1883100135541964 W 55.944282000714864 -3.1886100135541966 0.0 147.5
55.944282000714864 -3.1886100135541966 E 55.944282000714864 -3.1883100135541964 0.0 146.25
55.944282000714864 -3.1883100135541964 NNW 55.94455916457462 -3.188424818583906 0.0 145.0
55.94455916457462 -3.188424818583906 SE 55.944347032540264 -3.18821268654955 0.0 143.75
55.944347032540264 -3.18821268654955 NW 55.94455916457462 -3.188424818583906 0.0 142.5
55.94455916457462 -3.188424818583906 SE 55.944347032540264 -3.18821268654955 0.0 141.25
55.944347032540264 -3.18821268654955 NNW 55.94462419640002 -3.1883274915792597 0.0 140.0
55.94462419640002 -3.1883274915792597 SSE 55.944347032540264 -3.18821268654955 0.0 138.75
55.944347032540264 -3.18821268654955 N 55.94464703254027 -3.18821268654955 0.0 137.5
55.94464703254027 -3.18821268654955 S 55.944347032540264 -3.18821268654955 0.0 136.25
55.944347032540264 -3.18821268654955 N 55.94464703254027 -3.18821268654955 0.0 135.0
55.94464703254027 -3.18821268654955 SSW 55.94436986868051 -3.1883274915792597 0.0 133.75
55.94436986868051 -3.1883274915792597 NNE 55.94464703254027 -3.18821268654955 0.0 132.5
55.94464703254027 -3.18821268654955 NE 55.94485916457462 -3.1880005545151944 0.0 131.25
55.94485916457462 -3.1880005545151944 SW 55.94464703254027 -3.18821268654955 0.0 130.0
55.94464703254027 -3.18821268654955 SSW 55.94436986868051 -3.1883274915792597 0.0 128.75
55.94436986868051 -3.1883274915792597 NNE 55.94464703254027 -3.18821268654955 0.0 127.5
55.94464703254027 -3.18821268654955 WSW 55.94453222751056 -3.1884898504093035 0.0 126.25
55.94453222751056 -3.1884898504093035 ENE 55.94464703254027 -3.18821268654955 0.0 125.0
55.94464703254027 -3.18821268654955 WNW 55.94476183756998 -3.1884898504093035 0.0 123.75
55.94476183756998 -3.1884898504093035 ESE 55.94464703254027 -3.18821268654955 0.0 122.5
55.94464703254027 -3.18821268654955 WSW 55.94453222751056 -3.1884898504093035 0.0 121.25
55.94453222751056 -3.1884898504093035 NNE 55.94480939137031 -3.188375045379594 0.0 120.0
55.94480939137031 -3.188375045379594 SSW 55.94453222751056 -3.1884898504093035 0.0 118.75
55.94453222751056 -3.1884898504093035 NNE 55.94480939137031 -3.188375045379594 0.0 117.5
55.94480939137031 -3.188375045379594 WNW 55.944924196400024 -3.1886522092393474 0.0 116.25
55.944924196400024 -3.1886522092393474 ESE 55.94480939137031 -3.188375045379594 0.0 115.0
55.94480939137031 -3.188375045379594 NW 55.94502152340467 -3.18858717741395 0.0 113.75
55.94502152340467 -3.18858717741395 SE 55.94480939137031 -3.188375045379594 0.0 112.5
55.94480939137031 -3.188375045379594 N 55.945109391370316 -3.188375045379594 0.0 111.25
55.945109391370316 -3.188375045379594 S 55.94480939137031 -3.188375045379594 0.0 110.0
55.94480939137031 -3.188375045379594 NE 55.94502152340467 -3.1881629133452383 0.0 108.75
55.94502152340467 -3.1881629133452383 SW 55.94480939137031 -3.188375045379594 0.0 107.5
55.94480939137031 -3.188375045379594 NE 55.94502152340467 -3.1881629133452383 0.0 106.25
55.94502152340467 -3.1881629133452383 WSW 55.94490671837496 -3.1884400772049917 0.0 105.0
55.94490671837496 -3.1884400772049917 E 55.94490671837496 -3.1881400772049915 0.0 103.75
55.94490671837496 -3.1881400772049915 W 55.94490671837496 -3.1884400772049917 0.0 102.5
55.94490671837496 -3.1884400772049917 ENE 55.94502152340467 -3.1881629133452383 0.0 101.25
55.94502152340467 -3.1881629133452383 SSE 55.94474435954491 -3.1880481083155288 0.0 100.0
55.94474435954491 -3.1880481083155288 NNW 55.94502152340467 -3.1881629133452383 0.0 98.75
55.94502152340467 -3.1881629133452383 SSE 55.94474435954491 -3.1880481083155288 0.0 97.5
55.94474435954491 -3.1880481083155288 NNW 55.94502152340467 -3.1881629133452383 0.0 96.25
55.94502152340467 -3.1881629133452383 SSE 55.94474435954491 -3.1880481083155288 0.0 95.0
55.94474435954491 -3.1880481083155288 WNW 55.94485916457462 -3.188325272175282 0.0 93.75
55.94485916457462 -3.188325272175282 ESE 55.94474435954491 -3.1880481083155288 0.0 92.5
55.94474435954491 -3.1880481083155288 SW 55.94453222751056 -3.1882602403498845 0.0 91.25
55.94453222751056 -3.1882602403498845 NE 55.94474435954491 -3.1880481083155288 0.0 90.0
55.94474435954491 -3.1880481083155288 S 55.94444435954491 -3.1880481083155288 0.0 88.75
55.94444435954491 -3.1880481083155288 N 55.94474435954491 -3.1880481083155288 0.0 87.5
55.94474435954491 -3.1880481083155288 NE 55.94495649157927 -3.187835976281173 0.0 86.25
55.94495649157927 -3.187835976281173 SW 55.94474435954491 -3.1880481083155288 0.0 85.0
55.94474435954491 -3.1880481083155288 ENE 55.94485916457462 -3.1877709444557754 0.0 83.75
55.94485916457462 -3.1877709444557754 W 55.94485916457462 -3.1880709444557755 0.0 82.5
55.94485916457462 -3.1880709444557755 ENE 55.944973969604334 -3.187793780596022 0.0 81.25
55.944973969604334 -3.187793780596022 WSW 55.94485916457462 -3.1880709444557755 0.0 80.0
55.94485916457462 -3.1880709444557755 ENE 55.944973969604334 -3.187793780596022 0.0 78.75
55.944973969604334 -3.187793780596022 WNW 55.945088774634044 -3.1880709444557755 0.0 77.5
55.945088774634044 -3.1880709444557755 ESE 55.944973969604334 -3.187793780596022 0.0 76.25
55.944973969604334 -3.187793780596022 WNW 55.945088774634044 -3.1880709444557755 0.0 75.0
55.945088774634044 -3.1880709444557755 SSE 55.94481161077429 -3.187956139426066 0.0 73.75
55.94481161077429 -3.187956139426066 NNW 55.945088774634044 -3.1880709444557755 0.0 72.5
55.945088774634044 -3.1880709444557755 SSE 55.94481161077429 -3.187956139426066 0.0 71.25
55.94481161077429 -3.187956139426066 NW 55.945023742808644 -3.188168271460422 0.0 70.0
55.945023742808644 -3.188168271460422 E 55.945023742808644 -3.1878682714604216 0.0 68.75
55.945023742808644 -3.1878682714604216 W 55.945023742808644 -3.188168271460422 0.0 67.5
55.945023742808644 -3.188168271460422 NE 55.945235874843 -3.187956139426066 0.0 66.25
55.945235874843 -3.187956139426066 SW 55.945023742808644 -3.188168271460422 0.0 65.0
55.945023742808644 -3.188168271460422 NE 55.945235874843 -3.187956139426066 0.0 63.75
55.945235874843 -3.187956139426066 SSW 55.944958710983244 -3.1880709444557755 0.0 62.5
55.944958710983244 -3.1880709444557755 NNE 55.945235874843 -3.187956139426066 0.0 61.25
55.945235874843 -3.187956139426066 SE 55.945023742808644 -3.1877440073917103 0.0 60.0
55.945023742808644 -3.1877440073917103 NNW 55.9453009066684 -3.1878588124214198 0.0 58.75
55.9453009066684 -3.1878588124214198 SE 55.945088774634044 -3.187646680387064 0.0 57.5
55.945088774634044 -3.187646680387064 WNW 55.945203579663755 -3.1879238442468174 0.0 56.25
55.945203579663755 -3.1879238442468174 ENE 55.945318384693465 -3.187646680387064 0.0 55.0
55.945318384693465 -3.187646680387064 WSW 55.945203579663755 -3.1879238442468174 0.0 53.75
55.945203579663755 -3.1879238442468174 ENE 55.945318384693465 -3.187646680387064 0.0 52.5
55.945318384693465 -3.187646680387064 SW 55.94510625265911 -3.1878588124214198 0.0 51.25
55.94510625265911 -3.1878588124214198 NE 55.945318384693465 -3.187646680387064 0.0 50.0
55.945318384693465 -3.187646680387064 E 55.945318384693465 -3.187346680387064 0.0 48.75
55.945318384693465 -3.187346680387064 W 55.945318384693465 -3.187646680387064 0.0 47.5
55.945318384693465 -3.187646680387064 NW 55.94553051672782 -3.1878588124214198 0.0 46.25
55.94553051672782 -3.1878588124214198 SE 55.945318384693465 -3.187646680387064 0.0 45.0
55.945318384693465 -3.187646680387064 WSW 55.945203579663755 -3.1879238442468174 0.0 43.75
55.945203579663755 -3.1879238442468174 ENE 55.945318384693465 -3.187646680387064 0.0 42.5
55.945318384693465 -3.187646680387064 S 55.94501838469346 -3.187646680387064 0.0 41.25
55.94501838469346 -3.187646680387064 N 55.945318384693465 -3.187646680387064 0.0 40.0
55.945318384693465 -3.187646680387064 E 55.945318384693465 -3.187346680387064 0.0 38.75
55.945318384693465 -3.187346680387064 W 55.945318384693465 -3.187646680387064 0.0 37.5
55.945318384693465 -3.187646680387064 ESE 55.945203579663755 -3.1873695165273106 0.0 36.25
55.945203579663755 -3.1873695165273106 WNW 55.945318384693465 -3.187646680387064 0.0 35.0
55.945318384693465 -3.187646680387064 NNE 55.94559554855322 -3.1875318753573545 0.0 33.75
55.94559554855322 -3.1875318753573545 SSW 55.945318384693465 -3.187646680387064 0.0 32.5
55.945318384693465 -3.187646680387064 NNE 55.94559554855322 -3.1875318753573545 0.0 31.25
55.94559554855322 -3.1875318753573545 SSW 55.945318384693465 -3.187646680387064 0.0 30.0
55.945318384693465 -3.187646680387064 NNE 55.94559554855322 -3.1875318753573545 0.0 28.75
55.94559554855322 -3.1875318753573545 SW 55.945383416518865 -3.1877440073917103 0.0 27.5
55.945383416518865 -3.1877440073917103 NE 55.94559554855322 -3.1875318753573545 0.0 26.25
55.94559554855322 -3.1875318753573545 SW 55.945383416518865 -3.1877440073917103 0.0 25.0
55.945383416518865 -3.1877440073917103 NNE 55.94566058037862 -3.1876292023620008 0.0 23.75
55.94566058037862 -3.1876292023620008 SW 55.945448448344266 -3.1878413343963565 0.0 22.5
55.945448448344266 -3.1878413343963565 NE 55.94566058037862 -3.1876292023620008 0.0 21.25
55.94566058037862 -3.1876292023620008 WSW 55.94554577534891 -3.187906366221754 0.0 20.0
55.94554577534891 -3.187906366221754 NE 55.94575790738327 -3.1876942341873984 0.0 18.75
55.94575790738327 -3.1876942341873984 WNW 55.94587271241298 -3.187971398047152 0.0 17.5
55.94587271241298 -3.187971398047152 ESE 55.94575790738327 -3.1876942341873984 0.0 16.25
55.94575790738327 -3.1876942341873984 ENE 55.94587271241298 -3.187417070327645 19.425140380859375 51.33317565917969
55.94587271241298 -3.187417070327645 WSW 55.94575790738327 -3.1876942341873984 19.425140380859375 50.08317565917969
55.94575790738327 -3.1876942341873984 ENE 55.94587271241298 -3.187417070327645 19.425140380859375 48.83317565917969
55.94587271241298 -3.187417070327645 WSW 55.94575790738327 -3.1876942341873984 19.425140380859375 47.58317565917969
55.94575790738327 -3.1876942341873984 NW 55.945970039417624 -3.187906366221754 19.425140380859375 46.33317565917969
55.945970039417624 -3.187906366221754 SE 55.94575790738327 -3.1876942341873984 19.425140380859375 45.08317565917969
55.94575790738327 -3.1876942341873984 WNW 55.94587271241298 -3.187971398047152 19.425140380859375 43.83317565917969
55.94587271241298 -3.187971398047152 ESE 55.94575790738327 -3.1876942341873984 19.425140380859375 42.58317565917969
55.94575790738327 -3.1876942341873984 WNW 55.94587271241298 -3.187971398047152 19.425140380859375 41.33317565917969
55.94587271241298 -3.187971398047152 E 55.94587271241298 -3.1876713980471516 19.425140380859375 40.08317565917969
55.94587271241298 -3.1876713980471516 W 55.94587271241298 -3.187971398047152 19.425140380859375 38.83317565917969
55.94587271241298 -3.187971398047152 E 55.94587271241298 -3.1876713980471516 19.425140380859375 37.58317565917969
55.94587271241298 -3.1876713980471516 SW 55.94566058037862 -3.1878835300815074 19.425140380859375 36.33317565917969
55.94566058037862 -3.1878835300815074 NE 55.94587271241298 -3.1876713980471516 19.425140380859375 35.08317565917969
55.94587271241298 -3.1876713980471516 NNW 55.946149876272735 -3.187786203076861 19.425140380859375 33.83317565917969
55.946149876272735 -3.187786203076861 SSE 55.94587271241298 -3.1876713980471516 19.425140380859375 32.58317565917969
55.94587271241298 -3.1876713980471516 NW 55.946084844447334 -3.1878835300815074 19.425140380859375 31.333175659179688
55.946084844447334 -3.1878835300815074 SE 55.94587271241298 -3.1876713980471516 19.425140380859375 30.083175659179688
55.94587271241298 -3.1876713980471516 NW 55.946084844447334 -3.1878835300815074 19.425140380859375 28.833175659179688
55.946084844447334 -3.1878835300815074 SSE 55.94580768058758 -3.187768725051798 19.425140380859375 27.583175659179688
55.94580768058758 -3.187768725051798 NNW 55.946084844447334 -3.1878835300815074 19.425140380859375 26.333175659179688
55.946084844447334 -3.1878835300815074 SSE 55.94580768058758 -3.187768725051798 19.425140380859375 25.083175659179688
55.94580768058758 -3.187768725051798 NNW 55.946084844447334 -3.1878835300815074 19.425140380859375 23.833175659179688
55.946084844447334 -3.1878835300815074 SSE 55.94580768058758 -3.187768725051798 19.425140380859375 22.583175659179688
55.94580768058758 -3.187768725051798 W 55.94580768058758 -3.188068725051798 19.425140380859375 21.333175659179688
55.94580768058758 -3.188068725051798 E 55.94580768058758 -3.187768725051798 19.425140380859375 20.083175659179688
55.94580768058758 -3.187768725051798 W 55.94580768058758 -3.188068725051798 19.425140380859375 18.833175659179688
55.94580768058758 -3.188068725051798 SE 55.94559554855322 -3.1878565930174423 19.425140380859375 17.583175659179688
55.94559554855322 -3.1878565930174423 NW 55.94580768058758 -3.188068725051798 19.425140380859375 16.333175659179688
55.94580768058758 -3.188068725051798 S 55.945507680587575 -3.188068725051798 19.425140380859375 15.083175659179688
55.945507680587575 -3.188068725051798 N 55.94580768058758 -3.188068725051798 19.425140380859375 13.833175659179688
55.94580768058758 -3.188068725051798 S 55.945507680587575 -3.188068725051798 19.425140380859375 12.583175659179688
55.945507680587575 -3.188068725051798 NNE 55.94578484444733 -3.1879539200220885 19.425140380859375 11.333175659179688
55.94578484444733 -3.1879539200220885 SSW 55.945507680587575 -3.188068725051798 19.425140380859375 10.083175659179688
55.945507680587575 -3.188068725051798 NE 55.94571981262193 -3.1878565930174423 19.425140380859375 8.833175659179688
55.94571981262193 -3.1878565930174423 SW 55.945507680587575 -3.188068725051798 19.425140380859375 7.5831756591796875
55.945507680587575 -3.188068725051798 ENE 55.945622485617285 -3.1877915611920447 19.425140380859375 6.3331756591796875
55.945622485617285 -3.1877915611920447 WSW 55.945507680587575 -3.188068725051798 19.425140380859375 5.0831756591796875
55.945507680587575 -3.188068725051798 ENE 55.945622485617285 -3.1877915611920447 19.425140380859375 3.8331756591796875
55.945622485617285 -3.1877915611920447 WSW 55.945507680587575 -3.188068725051798 19.425140380859375 2.5831756591796875
55.945507680587575 -3.188068725051798 ENE 55.945622485617285 -3.1877915611920447 19.425140380859375 1.3331756591796875
55.945622485617285 -3.1877915611920447 SW 55.94541035358293 -3.1880036932264004 19.425140380859375 0.0831756591796875
