55.944425 -3.188396 ESE 55.94431019497029 -3.1881188361402466 0.0 248.75
55.94431019497029 -3.1881188361402466 WSW 55.94419538994058 -3.188396 0.0 247.5
55.94419538994058 -3.188396 NE 55.94440752197494 -3.1881838679656442 0.0 246.25
55.94440752197494 -3.1881838679656442 S 55.944107521974935 -3.1881838679656442 0.0 245.0
55.944107521974935 -3.1881838679656442 ENE 55.944222327004645 -3.187906704105891 0.0 243.75
55.944222327004645 -3.187906704105891 WSW 55.944107521974935 -3.1881838679656442 0.0 242.5
55.944107521974935 -3.1881838679656442 SSE 55.94383035811518 -3.1880690629359347 0.0 241.25
55.94383035811518 -3.1880690629359347 ENE 55.94394516314489 -3.1877918990761813 0.0 240.0
55.94394516314489 -3.1877918990761813 NNW 55.944222327004645 -3.187906704105891 0.0 238.75
55.944222327004645 -3.187906704105891 SE 55.94401019497029 -3.187694572071535 0.0 237.5
55.94401019497029 -3.187694572071535 NW 55.944222327004645 -3.187906704105891 0.0 236.25
55.944222327004645 -3.187906704105891 SE 55.94401019497029 -3.187694572071535 0.0 235.0
55.94401019497029 -3.187694572071535 N 55.94431019497029 -3.187694572071535 0.0 233.75
55.94431019497029 -3.187694572071535 SSE 55.944033031110536 -3.1875797670418256 0.0 232.5
55.944033031110536 -3.1875797670418256 NE 55.94424516314489 -3.18736763500747 0.0 231.25
55.94424516314489 -3.18736763500747 W 55.94424516314489 -3.18766763500747 0.0 230.0
55.94424516314489 -3.18766763500747 E 55.94424516314489 -3.18736763500747 0.0 228.75
55.94424516314489 -3.18736763500747 NNE 55.94452232700465 -3.1872528299777603 0.0 227.5
55.94452232700465 -3.1872528299777603 S 55.944222327004645 -3.1872528299777603 0.0 226.25
55.944222327004645 -3.1872528299777603 NNE 55.9444994908644 -3.1871380249480508 0.0 225.0
55.9444994908644 -3.1871380249480508 SSE 55.944222327004645 -3.1870232199183413 0.0 223.75
55.944222327004645 -3.1870232199183413 NNW 55.9444994908644 -3.1871380249480508 0.0 222.5
55.9444994908644 -3.1871380249480508 SE 55.944287358830046 -3.186925892913695 0.0 221.25
55.944287358830046 -3.186925892913695 NE 55.9444994908644 -3.186713760879339 0.0 220.0
55.9444994908644 -3.186713760879339 SW 55.944287358830046 -3.186925892913695 0.0 218.75
55.944287358830046 -3.186925892913695 NE 55.9444994908644 -3.186713760879339 0.0 217.5
55.9444994908644 -3.186713760879339 NE 55.94471162289876 -3.1865016288449834 0.0 216.25
55.94471162289876 -3.1865016288449834 SW 55.9444994908644 -3.186713760879339 0.0 215.0
55.9444994908644 -3.186713760879339 NNW 55.94477665472416 -3.1868285659090487 0.0 213.75
55.94477665472416 -3.1868285659090487 ENE 55.94489145975387 -3.1865514020492953 0.0 212.5
55.94489145975387 -3.1865514020492953 NW 55.945103591788225 -3.186763534083651 0.0 211.25
55.945103591788225 -3.186763534083651 S 55.94480359178822 -3.186763534083651 0.0 210.0
55.94480359178822 -3.186763534083651 N 55.945103591788225 -3.186763534083651 0.0 208.75
55.945103591788225 -3.186763534083651 SE 55.94489145975387 -3.1865514020492953 0.0 207.5
55.94489145975387 -3.1865514020492953 NW 55.945103591788225 -3.186763534083651 0.0 206.25
55.945103591788225 -3.186763534083651 E 55.945103591788225 -3.186463534083651 0.0 205.0
55.945103591788225 -3.186463534083651 N 55.94540359178823 -3.186463534083651 0.0 203.75
55.94540359178823 -3.186463534083651 SW 55.94519145975387 -3.1866756661180067 0.0 202.5
55.94519145975387 -3.1866756661180067 ENE 55.94530626478358 -3.1863985022582533 0.0 201.25
55.94530626478358 -3.1863985022582533 S 55.94500626478358 -3.1863985022582533 0.0 200.0
55.94500626478358 -3.1863985022582533 NNE 55.945283428643336 -3.1862836972285438 0.0 198.75
55.945283428643336 -3.1862836972285438 S 55.94498342864333 -3.1862836972285438 0.0 197.5
55.94498342864333 -3.1862836972285438 N 55.945283428643336 -3.1862836972285438 0.0 196.25
55.945283428643336 -3.1862836972285438 SSE 55.94500626478358 -3.1861688921988343 0.0 195.0
55.94500626478358 -3.1861688921988343 E 55.94500626478358 -3.185868892198834 0.0 193.75
55.94500626478358 -3.185868892198834 W 55.94500626478358 -3.1861688921988343 0.0 192.5
55.94500626478358 -3.1861688921988343 E 55.94500626478358 -3.185868892198834 0.0 191.25
55.94500626478358 -3.185868892198834 SSW 55.94472910092382 -3.1859836972285436 0.0 190.0
55.94472910092382 -3.1859836972285436 NE 55.94494123295818 -3.185771565194188 0.0 188.75
55.94494123295818 -3.185771565194188 SSW 55.94466406909842 -3.1858863702238973 0.0 187.5
55.94466406909842 -3.1858863702238973 SSE 55.944386905238666 -3.185771565194188 0.0 186.25
55.944386905238666 -3.185771565194188 NW 55.94459903727302 -3.1859836972285436 0.0 185.0
55.94459903727302 -3.1859836972285436 SE 55.944386905238666 -3.185771565194188 0.0 183.75
55.944386905238666 -3.185771565194188 NE 55.94459903727302 -3.185559433159832 0.0 182.5
55.94459903727302 -3.185559433159832 SSE 55.944321873413266 -3.1854446281301225 0.0 181.25
55.944321873413266 -3.1854446281301225 ESE 55.944207068383555 -3.185167464270369 0.0 180.0
55.944207068383555 -3.185167464270369 WNW 55.944321873413266 -3.1854446281301225 0.0 178.75
55.944321873413266 -3.1854446281301225 SSE 55.94404470955351 -3.185329823100413 19.190059661865234 186.17756271362305
55.94404470955351 -3.185329823100413 NW 55.944256841587865 -3.185541955134769 19.190059661865234 184.92756271362305
55.944256841587865 -3.185541955134769 SE 55.94404470955351 -3.185329823100413 19.190059661865234 183.67756271362305
55.94404470955351 -3.185329823100413 WSW 55.9439299045238 -3.1856069869601664 19.190059661865234 182.42756271362305
55.9439299045238 -3.1856069869601664 ENE 55.94404470955351 -3.185329823100413 19.190059661865234 181.17756271362305
55.94404470955351 -3.185329823100413 WSW 55.9439299045238 -3.1856069869601664 19.190059661865234 179.92756271362305
55.9439299045238 -3.1856069869601664 S 55.943629904523796 -3.1856069869601664 61.406646728515625 192.10958003997803
55.943629904523796 -3.1856069869601664 NNW 55.94390706838355 -3.185721791989876 61.406646728515625 190.85958003997803
55.94390706838355 -3.185721791989876 S 55.94360706838355 -3.185721791989876 144.54363250732422 234.1565580368042
55.94360706838355 -3.185721791989876 WSW 55.94349226335384 -3.1859989558496293 144.54363250732422 232.9065580368042
55.94349226335384 -3.1859989558496293 E 55.94349226335384 -3.185698955849629 144.54363250732422 231.6565580368042
55.94349226335384 -3.185698955849629 W 55.94349226335384 -3.1859989558496293 144.54363250732422 230.4065580368042
55.94349226335384 -3.1859989558496293 NE 55.943704395388195 -3.1857868238152736 144.54363250732422 229.1565580368042
55.943704395388195 -3.1857868238152736 SW 55.94349226335384 -3.1859989558496293 144.54363250732422 227.9065580368042
55.94349226335384 -3.1859989558496293 WSW 55.94337745832413 -3.1862761197093827 144.54363250732422 226.6565580368042
55.94337745832413 -3.1862761197093827 NNE 55.943654622183885 -3.1861613146796732 219.6675796508789 307.3983030319214
55.943654622183885 -3.1861613146796732 NW 55.94386675421824 -3.186373446714029 219.6675796508789 306.1483030319214
55.94386675421824 -3.186373446714029 ESE 55.94375194918853 -3.1860962828542756 219.6675796508789 304.8983030319214
55.94375194918853 -3.1860962828542756 WNW 55.94386675421824 -3.186373446714029 219.6675796508789 303.6483030319214
55.94386675421824 -3.186373446714029 E 55.94386675421824 -3.186073446714029 219.6675796508789 302.3983030319214
55.94386675421824 -3.186073446714029 W 55.94386675421824 -3.186373446714029 219.6675796508789 301.1483030319214
55.94386675421824 -3.186373446714029 ENE 55.94398155924795 -3.1860962828542756 219.6675796508789 299.8983030319214
55.94398155924795 -3.1860962828542756 W 55.94398155924795 -3.186396282854276 219.6675796508789 298.6483030319214
55.94398155924795 -3.186396282854276 S 55.94368155924795 -3.186396282854276 222.63826823234558 390.22795391082764
55.94368155924795 -3.186396282854276 N 55.94398155924795 -3.186396282854276 222.63826823234558 388.97795391082764
55.94398155924795 -3.186396282854276 S 55.94368155924795 -3.186396282854276 222.63826823234558 387.72795391082764
55.94368155924795 -3.186396282854276 ENE 55.94379636427766 -3.1861191189945224 222.63826823234558 386.47795391082764
55.94379636427766 -3.1861191189945224 SW 55.9435842322433 -3.186331251028878 222.63826823234558 385.22795391082764
55.9435842322433 -3.186331251028878 SW 55.94337210020895 -3.186543383063234 222.63826823234558 383.97795391082764
55.94337210020895 -3.186543383063234 W 55.94337210020895 -3.186843383063234 222.63826823234558 382.72795391082764
55.94337210020895 -3.186843383063234 S 55.943072100208944 -3.186843383063234 222.63826823234558 381.47795391082764
55.943072100208944 -3.186843383063234 N 55.94337210020895 -3.186843383063234 222.63826823234558 380.22795391082764
55.94337210020895 -3.186843383063234 NNW 55.9436492640687 -3.1869581880929436 222.63826823234558 378.97795391082764
55.9436492640687 -3.1869581880929436 NE 55.94386139610306 -3.186746056058588 222.63826823234558 377.72795391082764
55.94386139610306 -3.186746056058588 SW 55.9436492640687 -3.1869581880929436 222.63826823234558 376.47795391082764
55.9436492640687 -3.1869581880929436 NE 55.94386139610306 -3.186746056058588 222.63826823234558 375.22795391082764
55.94386139610306 -3.186746056058588 N 55.94416139610306 -3.186746056058588 222.63826823234558 373.97795391082764
55.94416139610306 -3.186746056058588 E 55.94416139610306 -3.1864460560585877 241.75272631645203 418.9448347091675
55.94416139610306 -3.1864460560585877 W 55.94416139610306 -3.186746056058588 241.75272631645203 417.6948347091675
55.94416139610306 -3.186746056058588 W 55.94416139610306 -3.187046056058588 241.75272631645203 416.4448347091675
55.94416139610306 -3.187046056058588 W 55.94416139610306 -3.1873460560585882 241.75272631645203 415.1948347091675
55.94416139610306 -3.1873460560585882 E 55.94416139610306 -3.187046056058588 241.75272631645203 413.9448347091675
55.94416139610306 -3.187046056058588 WSW 55.94404659107335 -3.1873232199183414 241.75272631645203 412.6948347091675
55.94404659107335 -3.1873232199183414 W 55.94404659107335 -3.1876232199183416 241.75272631645203 411.4448347091675
55.94404659107335 -3.1876232199183416 WNW 55.94416139610306 -3.187900383778095 241.75272631645203 410.1948347091675
55.94416139610306 -3.187900383778095 ENE 55.94427620113277 -3.1876232199183416 241.75272631645203 408.9448347091675
55.94427620113277 -3.1876232199183416 NW 55.94448833316713 -3.1878353519526974 241.75272631645203 407.6948347091675
55.94448833316713 -3.1878353519526974 NNW 55.944765497026886 -3.187950156982407 241.75272631645203 406.4448347091675
55.944765497026886 -3.187950156982407 SSE 55.94448833316713 -3.1878353519526974 241.75272631645203 405.1948347091675
55.94448833316713 -3.1878353519526974 NNW 55.944765497026886 -3.187950156982407 241.75272631645203 403.9448347091675
55.944765497026886 -3.187950156982407 SSE 55.94448833316713 -3.1878353519526974 241.75272631645203 402.6948347091675
55.94448833316713 -3.1878353519526974 NNW 55.944765497026886 -3.187950156982407 241.75272631645203 401.4448347091675
55.944765497026886 -3.187950156982407 SE 55.94455336499253 -3.187738024948051 241.75272631645203 400.1948347091675
55.94455336499253 -3.187738024948051 NW 55.944765497026886 -3.187950156982407 241.75272631645203 398.9448347091675
55.944765497026886 -3.187950156982407 WSW 55.944650691997175 -3.1882273208421603 241.75272631645203 397.6948347091675
55.944650691997175 -3.1882273208421603 NE 55.94486282403153 -3.1880151888078045 241.75272631645203 396.4448347091675
55.94486282403153 -3.1880151888078045 SW 55.944650691997175 -3.1882273208421603 241.75272631645203 395.1948347091675
55.944650691997175 -3.1882273208421603 NW 55.94486282403153 -3.188439452876516 241.75272631645203 393.9448347091675
55.94486282403153 -3.188439452876516 SSE 55.944585660171775 -3.1883246478468066 241.75272631645203 392.6948347091675
55.944585660171775 -3.1883246478468066 W 55.944585660171775 -3.1886246478468068 241.75272631645203 391.4448347091675
55.944585660171775 -3.1886246478468068 ESE 55.944470855142065 -3.1883474839870534 241.75272631645203 390.1948347091675
55.944470855142065 -3.1883474839870534 W 55.944470855142065 -3.1886474839870536 241.75272631645203 388.9448347091675
55.944470855142065 -3.1886474839870536 NE 55.94468298717642 -3.188435351952698 241.75272631645203 387.6948347091675
55.94468298717642 -3.188435351952698 SW 55.944470855142065 -3.1886474839870536 241.75272631645203 386.4448347091675
55.944470855142065 -3.1886474839870536 WSW 55.944356050112354 -3.188924647846807 241.75272631645203 385.1948347091675
55.944356050112354 -3.188924647846807 ENE 55.944470855142065 -3.1886474839870536 241.75272631645203 383.9448347091675
55.944470855142065 -3.1886474839870536 W 55.944470855142065 -3.1889474839870537 241.75272631645203 382.6948347091675
55.944470855142065 -3.1889474839870537 ESE 55.944356050112354 -3.1886703201273003 241.75272631645203 381.4448347091675
55.944356050112354 -3.1886703201273003 WNW 55.944470855142065 -3.1889474839870537 241.75272631645203 380.1948347091675
55.944470855142065 -3.1889474839870537 W 55.944470855142065 -3.189247483987054 241.75272631645203 378.9448347091675
55.944470855142065 -3.189247483987054 NE 55.94468298717642 -3.189035351952698 241.75272631645203 377.6948347091675
55.94468298717642 -3.189035351952698 SW 55.944470855142065 -3.189247483987054 241.75272631645203 376.4448347091675
55.944470855142065 -3.189247483987054 SSW 55.94419369128231 -3.1893622890167634 241.75272631645203 375.1948347091675
55.94419369128231 -3.1893622890167634 SSE 55.94391652742255 -3.189247483987054 241.75272631645203 373.9448347091675
55.94391652742255 -3.189247483987054 NNW 55.94419369128231 -3.1893622890167634 241.75272631645203 372.6948347091675
55.94419369128231 -3.1893622890167634 ESE 55.9440788862526 -3.18908512515701 241.75272631645203 371.4448347091675
55.9440788862526 -3.18908512515701 W 55.9440788862526 -3.1893851251570102 241.75272631645203 370.1948347091675
55.9440788862526 -3.1893851251570102 E 55.9440788862526 -3.18908512515701 241.75272631645203 368.9448347091675
55.9440788862526 -3.18908512515701 SW 55.94386675421824 -3.189297257191366 241.75272631645203 367.6948347091675
55.94386675421824 -3.189297257191366 NE 55.9440788862526 -3.18908512515701 241.75272631645203 366.4448347091675
55.9440788862526 -3.18908512515701 NNE 55.944356050112354 -3.1889703201273005 241.75272631645203 365.1948347091675
55.944356050112354 -3.1889703201273005 SSW 55.9440788862526 -3.18908512515701 241.75272631645203 363.9448347091675
55.9440788862526 -3.18908512515701 SW 55.94386675421824 -3.189297257191366 241.75272631645203 362.6948347091675
55.94386675421824 -3.189297257191366 SE 55.943654622183885 -3.18908512515701 241.75272631645203 361.4448347091675
55.943654622183885 -3.18908512515701 WNW 55.943769427213596 -3.1893622890167634 241.75272631645203 360.1948347091675
55.943769427213596 -3.1893622890167634 ESE 55.943654622183885 -3.18908512515701 241.75272631645203 358.9448347091675
55.943654622183885 -3.18908512515701 SSE 55.94337745832413 -3.1889703201273005 241.75272631645203 357.6948347091675
55.94337745832413 -3.1889703201273005 WNW 55.94349226335384 -3.189247483987054 241.75272631645203 356.4448347091675
55.94349226335384 -3.189247483987054 SSE 55.94321509949408 -3.1891326789573444 241.75272631645203 355.1948347091675
55.94321509949408 -3.1891326789573444 WNW 55.94332990452379 -3.189409842817098 241.75272631645203 353.9448347091675
55.94332990452379 -3.189409842817098 SE 55.94311777248944 -3.189197710782742 241.75272631645203 352.6948347091675
55.94311777248944 -3.189197710782742 NW 55.94332990452379 -3.189409842817098 241.75272631645203 351.4448347091675
55.94332990452379 -3.189409842817098 E 55.94332990452379 -3.1891098428170976 241.75272631645203 350.1948347091675
55.94332990452379 -3.1891098428170976 W 55.94332990452379 -3.189409842817098 241.75272631645203 348.9448347091675
55.94332990452379 -3.189409842817098 ENE 55.9434447095535 -3.1891326789573444 241.75272631645203 347.6948347091675
55.9434447095535 -3.1891326789573444 WSW 55.94332990452379 -3.189409842817098 241.75272631645203 346.4448347091675
55.94332990452379 -3.189409842817098 W 55.94332990452379 -3.189709842817098 241.75272631645203 345.1948347091675
55.94332990452379 -3.189709842817098 SSW 55.94305274066404 -3.1898246478468075 241.75272631645203 343.9448347091675
55.94305274066404 -3.1898246478468075 SW 55.94284060862968 -3.1900367798811633 241.75272631645203 342.6948347091675
55.94284060862968 -3.1900367798811633 NNW 55.94311777248944 -3.190151584910873 241.75272631645203 341.4448347091675
55.94311777248944 -3.190151584910873 SSW 55.94284060862968 -3.1902663899405823 241.75272631645203 340.1948347091675
55.94284060862968 -3.1902663899405823 N 55.94314060862968 -3.1902663899405823 241.75272631645203 338.9448347091675
55.94314060862968 -3.1902663899405823 NNE 55.94341777248944 -3.190151584910873 241.75272631645203 337.6948347091675
55.94341777248944 -3.190151584910873 SSW 55.94314060862968 -3.1902663899405823 241.75272631645203 336.4448347091675
55.94314060862968 -3.1902663899405823 NNW 55.94341777248944 -3.190381194970292 241.75272631645203 335.1948347091675
55.94341777248944 -3.190381194970292 E 55.94341777248944 -3.1900811949702916 241.75272631645203 333.9448347091675
55.94341777248944 -3.1900811949702916 WSW 55.94330296745973 -3.190358358830045 241.75272631645203 332.6948347091675
55.94330296745973 -3.190358358830045 NNW 55.943580131319486 -3.1904731638597545 352.58764147758484 370.27787685394287
55.943580131319486 -3.1904731638597545 S 55.94328013131948 -3.1904731638597545 352.58764147758484 369.02787685394287
55.94328013131948 -3.1904731638597545 WNW 55.94339493634919 -3.190750327719508 352.58764147758484 367.77787685394287
55.94339493634919 -3.190750327719508 SE 55.94318280431484 -3.190538195685152 352.58764147758484 366.52787685394287
55.94318280431484 -3.190538195685152 WSW 55.94306799928513 -3.1908153595449056 352.58764147758484 365.27787685394287
55.94306799928513 -3.1908153595449056 ENE 55.94318280431484 -3.190538195685152 352.58764147758484 364.02787685394287
55.94318280431484 -3.190538195685152 WSW 55.94306799928513 -3.1908153595449056 352.58764147758484 362.77787685394287
55.94306799928513 -3.1908153595449056 SW 55.94285586725077 -3.1910274915792614 352.58764147758484 361.52787685394287
55.94285586725077 -3.1910274915792614 N 55.94315586725077 -3.1910274915792614 352.58764147758484 360.27787685394287
55.94315586725077 -3.1910274915792614 W 55.94315586725077 -3.1913274915792615 352.58764147758484 359.02787685394287
55.94315586725077 -3.1913274915792615 SE 55.94294373521642 -3.1911153595449058 434.8317973613739 449.58038234710693
55.94294373521642 -3.1911153595449058 NW 55.94315586725077 -3.1913274915792615 434.8317973613739 448.33038234710693
55.94315586725077 -3.1913274915792615 SSE 55.94287870339102 -3.191212686549552 434.8317973613739 447.08038234710693
55.94287870339102 -3.191212686549552 NNW 55.94315586725077 -3.1913274915792615 434.8317973613739 445.83038234710693
55.94315586725077 -3.1913274915792615 S 55.94285586725077 -3.1913274915792615 434.8317973613739 444.58038234710693
55.94285586725077 -3.1913274915792615 ESE 55.94274106222106 -3.191050327719508 434.8317973613739 443.33038234710693
55.94274106222106 -3.191050327719508 W 55.94274106222106 -3.1913503277195083 434.8317973613739 442.08038234710693
55.94274106222106 -3.1913503277195083 WNW 55.94285586725077 -3.1916274915792617 434.8317973613739 440.83038234710693
55.94285586725077 -3.1916274915792617 ESE 55.94274106222106 -3.1913503277195083 434.8317973613739 439.58038234710693
55.94274106222106 -3.1913503277195083 WNW 55.94285586725077 -3.1916274915792617 434.8317973613739 438.33038234710693
55.94285586725077 -3.1916274915792617 SW 55.942643735216414 -3.1918396236136175 524.8702266216278 468.2238779067993
55.942643735216414 -3.1918396236136175 N 55.94294373521642 -3.1918396236136175 524.8702266216278 466.9738779067993
55.94294373521642 -3.1918396236136175 SW 55.94273160318206 -3.1920517556479733 524.8702266216278 465.7238779067993
55.94273160318206 -3.1920517556479733 NW 55.94294373521642 -3.192263887682329 524.8702266216278 464.4738779067993
55.94294373521642 -3.192263887682329 SE 55.94273160318206 -3.1920517556479733 524.8702266216278 463.2238779067993
55.94273160318206 -3.1920517556479733 WNW 55.94284640821177 -3.1923289195077267 634.8917338848114 583.8848581314087
55.94284640821177 -3.1923289195077267 ENE 55.94296121324148 -3.1920517556479733 634.8917338848114 582.6348581314087
55.94296121324148 -3.1920517556479733 WSW 55.94284640821177 -3.1923289195077267 634.8917338848114 581.3848581314087
55.94284640821177 -3.1923289195077267 ESE 55.94273160318206 -3.1920517556479733 634.8917338848114 580.1348581314087
55.94273160318206 -3.1920517556479733 WNW 55.94284640821177 -3.1923289195077267 634.8917338848114 578.8848581314087
55.94284640821177 -3.1923289195077267 NNE 55.94312357207153 -3.192214114478017 634.8917338848114 577.6348581314087
55.94312357207153 -3.192214114478017 SSW 55.94284640821177 -3.1923289195077267 634.8917338848114 576.3848581314087
55.94284640821177 -3.1923289195077267 SE 55.942634276177415 -3.192116787473371 634.8917338848114 575.1348581314087
55.942634276177415 -3.192116787473371 WNW 55.942749081207126 -3.1923939513331243 634.8917338848114 573.8848581314087
55.942749081207126 -3.1923939513331243 NNE 55.94302624506688 -3.192279146303415 634.8917338848114 572.6348581314087
55.94302624506688 -3.192279146303415 N 55.943326245066885 -3.192279146303415 634.8917338848114 571.3848581314087
55.943326245066885 -3.192279146303415 NE 55.94353837710124 -3.192067014269059 634.8917338848114 570.1348581314087
55.94353837710124 -3.192067014269059 N 55.943838377101244 -3.192067014269059 634.8917338848114 568.8848581314087
55.943838377101244 -3.192067014269059 S 55.94353837710124 -3.192067014269059 634.8917338848114 567.6348581314087
55.94353837710124 -3.192067014269059 N 55.943838377101244 -3.192067014269059 634.8917338848114 566.3848581314087
55.943838377101244 -3.192067014269059 S 55.94353837710124 -3.192067014269059 634.8917338848114 565.1348581314087
55.94353837710124 -3.192067014269059 NE 55.9437505091356 -3.1918548822347033 634.8917338848114 563.8848581314087
55.9437505091356 -3.1918548822347033 SW 55.94353837710124 -3.192067014269059 634.8917338848114 562.6348581314087
55.94353837710124 -3.192067014269059 NE 55.9437505091356 -3.1918548822347033 634.8917338848114 561.3848581314087
55.9437505091356 -3.1918548822347033 SE 55.94353837710124 -3.1916427502003475 634.8917338848114 560.1348581314087
55.94353837710124 -3.1916427502003475 N 55.943838377101244 -3.1916427502003475 634.8917338848114 558.8848581314087
55.943838377101244 -3.1916427502003475 ENE 55.943953182130954 -3.191365586340594 644.3253428936005 608.8599405288696
55.943953182130954 -3.191365586340594 SW 55.9437410500966 -3.19157771837495 644.3253428936005 607.6099405288696
55.9437410500966 -3.19157771837495 NE 55.943953182130954 -3.191365586340594 644.3253428936005 606.3599405288696
55.943953182130954 -3.191365586340594 WSW 55.943838377101244 -3.1916427502003475 644.3253428936005 605.1099405288696
55.943838377101244 -3.1916427502003475 ENE 55.943953182130954 -3.191365586340594 644.3253428936005 603.8599405288696
55.943953182130954 -3.191365586340594 ENE 55.944067987160665 -3.1910884224808407 644.3253428936005 602.6099405288696
55.944067987160665 -3.1910884224808407 W 55.944067987160665 -3.191388422480841 644.3253428936005 601.3599405288696
55.944067987160665 -3.191388422480841 N 55.94436798716067 -3.191388422480841 644.3253428936005 600.1099405288696
55.94436798716067 -3.191388422480841 SE 55.94415585512631 -3.191176290446485 663.4453303813934 650.8830728530884
55.94415585512631 -3.191176290446485 N 55.944455855126314 -3.191176290446485 663.4453303813934 649.6330728530884
55.944455855126314 -3.191176290446485 ESE 55.944341050096604 -3.1908991265867317 663.4453303813934 648.3830728530884
55.944341050096604 -3.1908991265867317 WNW 55.944455855126314 -3.191176290446485 663.4453303813934 647.1330728530884
55.944455855126314 -3.191176290446485 SE 55.94424372309196 -3.1909641584121293 663.4453303813934 645.8830728530884
55.94424372309196 -3.1909641584121293 NE 55.944455855126314 -3.1907520263777736 663.4453303813934 644.6330728530884
55.944455855126314 -3.1907520263777736 SSE 55.94417869126656 -3.190637221348064 663.4453303813934 643.3830728530884
55.94417869126656 -3.190637221348064 W 55.94417869126656 -3.1909372213480642 663.4453303813934 642.1330728530884
55.94417869126656 -3.1909372213480642 SE 55.9439665592322 -3.1907250893137085 663.4453303813934 640.8830728530884
55.9439665592322 -3.1907250893137085 WNW 55.94408136426191 -3.191002253173462 663.4453303813934 639.6330728530884
55.94408136426191 -3.191002253173462 N 55.944381364261915 -3.191002253173462 663.4453303813934 638.3830728530884
55.944381364261915 -3.191002253173462 S 55.94408136426191 -3.191002253173462 663.4453303813934 637.1330728530884
55.94408136426191 -3.191002253173462 SSE 55.943804200402155 -3.1908874481437524 663.4453303813934 635.8830728530884
55.943804200402155 -3.1908874481437524 N 55.94410420040216 -3.1908874481437524 663.4453303813934 634.6330728530884
55.94410420040216 -3.1908874481437524 S 55.943804200402155 -3.1908874481437524 663.4453303813934 633.3830728530884
55.943804200402155 -3.1908874481437524 N 55.94410420040216 -3.1908874481437524 663.4453303813934 632.1330728530884
55.94410420040216 -3.1908874481437524 S 55.943804200402155 -3.1908874481437524 663.4453303813934 630.8830728530884
55.943804200402155 -3.1908874481437524 ENE 55.943919005431866 -3.190610284283999 709.3416278362274 666.7347383499146
55.943919005431866 -3.190610284283999 E 55.943919005431866 -3.1903102842839988 791.8243091106415 730.9407777786255
55.943919005431866 -3.1903102842839988 WSW 55.943804200402155 -3.190587448143752 791.8243091106415 729.6907777786255
55.943804200402155 -3.190587448143752 SSE 55.9435270365424 -3.1904726431140427 791.8243091106415 728.4407777786255
55.9435270365424 -3.1904726431140427 WSW 55.94341223151269 -3.190749806973796 791.8243091106415 727.1907777786255
55.94341223151269 -3.190749806973796 NW 55.943624363547045 -3.190961939008152 791.8243091106415 725.9407777786255
55.943624363547045 -3.190961939008152 SE 55.94341223151269 -3.190749806973796 791.8243091106415 724.6907777786255
55.94341223151269 -3.190749806973796 NW 55.943624363547045 -3.190961939008152 791.8243091106415 723.4407777786255
55.943624363547045 -3.190961939008152 SSE 55.94334719968729 -3.1908471339784423 791.8243091106415 722.1907777786255
55.94334719968729 -3.1908471339784423 WSW 55.94323239465758 -3.1911242978381957 791.8243091106415 720.9407777786255
55.94323239465758 -3.1911242978381957 NNW 55.943509558517334 -3.1912391028679052 791.8243091106415 719.6907777786255
55.943509558517334 -3.1912391028679052 NNW 55.94378672237709 -3.1913539078976148 791.8243091106415 718.4407777786255
55.94378672237709 -3.1913539078976148 S 55.94348672237709 -3.1913539078976148 791.8243091106415 717.1907777786255
55.94348672237709 -3.1913539078976148 S 55.943186722377085 -3.1913539078976148 791.8243091106415 715.9407777786255
55.943186722377085 -3.1913539078976148 N 55.94348672237709 -3.1913539078976148 791.8243091106415 714.6907777786255
