55.944425 -3.188396 NW 55.94463713203436 -3.188608132034356 95.3455810546875 324.4723205566406
55.94463713203436 -3.188608132034356 SSW 55.9443599681746 -3.1887229370640653 95.3455810546875 323.2223205566406
55.9443599681746 -3.1887229370640653 NNW 55.94463713203436 -3.188837742093775 95.3455810546875 321.9723205566406
55.94463713203436 -3.188837742093775 NNW 55.944914295894115 -3.1889525471234843 157.27088165283203 438.4545593261719
55.944914295894115 -3.1889525471234843 W 55.944914295894115 -3.1892525471234845 157.27088165283203 437.2045593261719
55.944914295894115 -3.1892525471234845 S 55.94461429589411 -3.1892525471234845 244.13467407226562 474.3230285644531
55.94461429589411 -3.1892525471234845 S 55.94431429589411 -3.1892525471234845 335.07740020751953 482.03402519226074
55.94431429589411 -3.1892525471234845 SW 55.94410216385975 -3.1894646791578403 349.31103515625 530.2422618865967
55.94410216385975 -3.1894646791578403 ENE 55.944216968889464 -3.189187515298087 349.31103515625 528.9922618865967
55.944216968889464 -3.189187515298087 WSW 55.94410216385975 -3.1894646791578403 349.31103515625 527.7422618865967
55.94410216385975 -3.1894646791578403 WNW 55.944216968889464 -3.1897418430175937 386.1529197692871 528.5312457084656
55.944216968889464 -3.1897418430175937 W 55.944216968889464 -3.190041843017594 386.1529197692871 527.2812457084656
55.944216968889464 -3.190041843017594 ESE 55.94410216385975 -3.1897646791578405 386.1529197692871 526.0312457084656
55.94410216385975 -3.1897646791578405 WSW 55.94398735883004 -3.190041843017594 386.1529197692871 524.7812457084656
55.94398735883004 -3.190041843017594 WSW 55.94387255380033 -3.1903190068773473 485.15050888061523 586.6456255912781
55.94387255380033 -3.1903190068773473 NW 55.94408468583469 -3.190531138911703 485.15050888061523 585.3956255912781
55.94408468583469 -3.190531138911703 NNW 55.944361849694445 -3.1906459439414125 485.15050888061523 584.1456255912781
55.944361849694445 -3.1906459439414125 SE 55.94414971766009 -3.1904338119070568 485.15050888061523 582.8956255912781
55.94414971766009 -3.1904338119070568 NW 55.944361849694445 -3.1906459439414125 485.15050888061523 581.6456255912781
55.944361849694445 -3.1906459439414125 NW 55.9445739817288 -3.1908580759757683 485.15050888061523 580.3956255912781
55.9445739817288 -3.1908580759757683 W 55.9445739817288 -3.1911580759757685 521.9688606262207 617.7913851737976
55.9445739817288 -3.1911580759757685 W 55.9445739817288 -3.1914580759757687 521.9688606262207 616.5413851737976
55.9445739817288 -3.1914580759757687 WSW 55.94445917669909 -3.191735239835522 521.9688606262207 615.2913851737976
55.94445917669909 -3.191735239835522 SW 55.944247044664735 -3.191947371869878 521.9688606262207 614.0413851737976
55.944247044664735 -3.191947371869878 SE 55.94403491263038 -3.191735239835522 521.9688606262207 612.7913851737976
55.94403491263038 -3.191735239835522 ESE 55.94392010760067 -3.1914580759757687 521.9688606262207 611.5413851737976
55.94392010760067 -3.1914580759757687 NW 55.944132239635024 -3.1916702080101245 521.9688606262207 610.2913851737976
55.944132239635024 -3.1916702080101245 SE 55.94392010760067 -3.1914580759757687 521.9688606262207 609.0413851737976
55.94392010760067 -3.1914580759757687 SE 55.94370797556631 -3.191245943941413 521.9688606262207 607.7913851737976
55.94370797556631 -3.191245943941413 S 55.94340797556631 -3.191245943941413 535.3683443069458 663.750331401825
55.94340797556631 -3.191245943941413 WNW 55.94352278059602 -3.1915231078011663 550.1668386459351 764.5350375175476
55.94352278059602 -3.1915231078011663 S 55.94322278059602 -3.1915231078011663 550.1668386459351 763.2850375175476
55.94322278059602 -3.1915231078011663 SW 55.94301064856166 -3.191735239835522 550.1668386459351 762.0350375175476
55.94301064856166 -3.191735239835522 S 55.94271064856166 -3.191735239835522 550.1668386459351 760.7850375175476
55.94271064856166 -3.191735239835522 E 55.94271064856166 -3.191435239835522 550.1668386459351 759.5350375175476
55.94271064856166 -3.191435239835522 E 55.94271064856166 -3.1911352398355217 550.1668386459351 758.2850375175476
55.94271064856166 -3.1911352398355217 NNE 55.942987812421414 -3.191020434805812 621.1523199081421 787.7801260948181
55.942987812421414 -3.191020434805812 ENE 55.943102617451125 -3.190743270946059 621.1523199081421 786.5301260948181
55.943102617451125 -3.190743270946059 NE 55.94331474948548 -3.190531138911703 621.1523199081421 785.2801260948181
55.94331474948548 -3.190531138911703 SE 55.943102617451125 -3.1903190068773473 621.1523199081421 784.0301260948181
55.943102617451125 -3.1903190068773473 SE 55.94289048541677 -3.1901068748429915 621.1523199081421 782.7801260948181
55.94289048541677 -3.1901068748429915 SE 55.94267835338241 -3.1898947428086357 621.1523199081421 781.5301260948181
55.94267835338241 -3.1898947428086357 NW 55.94289048541677 -3.1901068748429915 621.1523199081421 780.2801260948181
55.94289048541677 -3.1901068748429915 ESE 55.94277568038706 -3.189829710983238 625.0843098163605 873.1879858970642
55.94277568038706 -3.189829710983238 W 55.94277568038706 -3.1901297109832383 625.0843098163605 871.9379858970642
55.94277568038706 -3.1901297109832383 ENE 55.94289048541677 -3.189852547123485 625.0843098163605 870.6879858970642
55.94289048541677 -3.189852547123485 SE 55.94267835338241 -3.189640415089129 625.0843098163605 869.4379858970642
55.94267835338241 -3.189640415089129 E 55.94267835338241 -3.189340415089129 654.8613083362579 950.9592719078064
55.94267835338241 -3.189340415089129 E 55.94267835338241 -3.1890404150891287 654.8613083362579 949.7092719078064
55.94267835338241 -3.1890404150891287 N 55.942978353382415 -3.1890404150891287 654.8613083362579 948.4592719078064
55.942978353382415 -3.1890404150891287 SSE 55.94270118952266 -3.188925610059419 654.8613083362579 947.2092719078064
55.94270118952266 -3.188925610059419 ENE 55.94281599455237 -3.188648446199666 654.8613083362579 945.9592719078064
55.94281599455237 -3.188648446199666 ENE 55.94293079958208 -3.1883712823399124 654.8613083362579 944.7092719078064
55.94293079958208 -3.1883712823399124 NE 55.943142931616435 -3.1881591503055566 654.8613083362579 943.4592719078064
55.943142931616435 -3.1881591503055566 N 55.94344293161644 -3.1881591503055566 776.0868866443634 942.3520313203335
55.94344293161644 -3.1881591503055566 WNW 55.94355773664615 -3.18843631416531 814.8732712268829 965.4477382600307
55.94355773664615 -3.18843631416531 NW 55.943769868680505 -3.188648446199666 814.8732712268829 964.1977382600307
55.943769868680505 -3.188648446199666 E 55.943769868680505 -3.1883484461996656 814.8732712268829 962.9477382600307
55.943769868680505 -3.1883484461996656 NNW 55.94404703254026 -3.188463251229375 846.522664308548 1040.6178584992886
55.94404703254026 -3.188463251229375 ENE 55.94416183756997 -3.1881860873696217 846.522664308548 1039.3678584992886
55.94416183756997 -3.1881860873696217 SSE 55.943884673710215 -3.188071282339912 846.522664308548 1038.1178584992886
55.943884673710215 -3.188071282339912 ENE 55.943999478739926 -3.187794118480159 846.522664308548 1036.8678584992886
55.943999478739926 -3.187794118480159 ENE 55.944114283769636 -3.1875169546204054 846.522664308548 1035.6178584992886
55.944114283769636 -3.1875169546204054 NNE 55.94439144762939 -3.187402149590696 846.522664308548 1034.3678584992886
55.94439144762939 -3.187402149590696 NNW 55.94466861148915 -3.1875169546204054 846.522664308548 1033.1178584992886
55.94466861148915 -3.1875169546204054 ESE 55.94455380645944 -3.187239790760652 853.8523199558258 1128.5845867097378
55.94455380645944 -3.187239790760652 ENE 55.94466861148915 -3.1869626269008986 853.8523199558258 1127.3345867097378
55.94466861148915 -3.1869626269008986 ENE 55.94478341651886 -3.186685463041145 853.8523199558258 1126.0845867097378
55.94478341651886 -3.186685463041145 NNW 55.945060580378616 -3.1868002680708547 853.8523199558258 1124.8345867097378
55.945060580378616 -3.1868002680708547 W 55.945060580378616 -3.187100268070855 853.8523199558258 1123.5845867097378
55.945060580378616 -3.187100268070855 NE 55.94527271241297 -3.186888136036499 962.9245626926422 1167.1420093476772
55.94527271241297 -3.186888136036499 SW 55.945060580378616 -3.187100268070855 962.9245626926422 1165.8920093476772
55.945060580378616 -3.187100268070855 NW 55.94527271241297 -3.1873124001052107 962.9245626926422 1164.6420093476772
55.94527271241297 -3.1873124001052107 SSW 55.944995548553216 -3.18742720513492 1068.8213522434235 1277.597873300314
55.944995548553216 -3.18742720513492 N 55.94529554855322 -3.18742720513492 1068.8213522434235 1276.347873300314
55.94529554855322 -3.18742720513492 NW 55.945507680587575 -3.187639337169276 1068.8213522434235 1275.097873300314
55.945507680587575 -3.187639337169276 WNW 55.945622485617285 -3.1879165010290293 1068.8213522434235 1273.847873300314
55.945622485617285 -3.1879165010290293 ENE 55.945737290646996 -3.187639337169276 1068.8213522434235 1272.597873300314
55.945737290646996 -3.187639337169276 NE 55.94594942268135 -3.18742720513492 1172.4646933078766 1375.0525852143764
55.94594942268135 -3.18742720513492 WNW 55.94606422771106 -3.1877043689946736 1172.4646933078766 1373.8025852143764
55.94606422771106 -3.1877043689946736 W 55.94606422771106 -3.1880043689946738 1172.4646933078766 1372.5525852143764
55.94606422771106 -3.1880043689946738 S 55.94576422771106 -3.1880043689946738 1172.4646933078766 1371.3025852143764
55.94576422771106 -3.1880043689946738 WSW 55.94564942268135 -3.188281532854427 1242.396082162857 1420.255229562521
55.94564942268135 -3.188281532854427 WSW 55.94553461765164 -3.1885586967141806 1242.396082162857 1419.005229562521
55.94553461765164 -3.1885586967141806 WNW 55.94564942268135 -3.188835860573934 1242.396082162857 1417.755229562521
55.94564942268135 -3.188835860573934 W 55.94564942268135 -3.189135860573934 1242.396082162857 1416.505229562521
55.94564942268135 -3.189135860573934 E 55.94564942268135 -3.188835860573934 1242.396082162857 1415.255229562521
55.94564942268135 -3.188835860573934 W 55.94564942268135 -3.189135860573934 1242.396082162857 1414.005229562521
55.94564942268135 -3.189135860573934 N 55.94594942268135 -3.189135860573934 1242.396082162857 1412.755229562521
55.94594942268135 -3.189135860573934 NE 55.94616155471571 -3.1889237285395784 1242.396082162857 1411.505229562521
55.94616155471571 -3.1889237285395784 E 55.94616155471571 -3.188623728539578 1364.536447763443 1494.1073718965054
55.94616155471571 -3.188623728539578 SE 55.94594942268135 -3.1884115965052224 1364.536447763443 1492.8573718965054
55.94594942268135 -3.1884115965052224 S 55.94564942268135 -3.1884115965052224 1364.536447763443 1491.6073718965054
55.94564942268135 -3.1884115965052224 SSE 55.94537225882159 -3.188296791475513 1364.536447763443 1490.3573718965054
55.94537225882159 -3.188296791475513 SE 55.945160126787236 -3.188084659441157 1364.536447763443 1489.1073718965054
55.945160126787236 -3.188084659441157 S 55.94486012678723 -3.188084659441157 1466.6591742038727 1547.617004007101
55.94486012678723 -3.188084659441157 SW 55.94464799475288 -3.188296791475513 1466.6591742038727 1546.367004007101
55.94464799475288 -3.188296791475513 ENE 55.94476279978259 -3.1880196276157595 1466.6591742038727 1545.117004007101
55.94476279978259 -3.1880196276157595 ESE 55.94464799475288 -3.187742463756006 1466.6591742038727 1543.867004007101
55.94464799475288 -3.187742463756006 SE 55.94443586271852 -3.1875303317216503 1466.6591742038727 1542.617004007101
55.94443586271852 -3.1875303317216503 SSE 55.944158698858764 -3.187415526691941 1466.6591742038727 1541.367004007101
55.944158698858764 -3.187415526691941 SSE 55.94388153499901 -3.1873007216622313 1542.0157415866852 1580.860152810812
55.94388153499901 -3.1873007216622313 S 55.943581534999005 -3.1873007216622313 1542.0157415866852 1579.610152810812
55.943581534999005 -3.1873007216622313 ENE 55.943696340028715 -3.187023557802478 1542.0157415866852 1578.360152810812
55.943696340028715 -3.187023557802478 NE 55.94390847206307 -3.186811425768122 1542.0157415866852 1577.110152810812
55.94390847206307 -3.186811425768122 NNE 55.94418563592283 -3.1866966207384126 1542.0157415866852 1575.860152810812
55.94418563592283 -3.1866966207384126 SE 55.94397350388847 -3.186484488704057 1542.0157415866852 1574.610152810812
55.94397350388847 -3.186484488704057 ESE 55.94385869885876 -3.1862073248443035 1542.0157415866852 1573.360152810812
55.94385869885876 -3.1862073248443035 WNW 55.94397350388847 -3.186484488704057 1542.0157415866852 1572.110152810812
55.94397350388847 -3.186484488704057 ESE 55.94385869885876 -3.1862073248443035 1542.0157415866852 1570.860152810812
55.94385869885876 -3.1862073248443035 NNE 55.94413586271852 -3.186092519814594 1542.0157415866852 1569.610152810812
55.94413586271852 -3.186092519814594 SSW 55.94385869885876 -3.1862073248443035 1542.0157415866852 1568.360152810812
55.94385869885876 -3.1862073248443035 WSW 55.94374389382905 -3.186484488704057 1542.0157415866852 1567.110152810812
55.94374389382905 -3.186484488704057 ENE 55.94385869885876 -3.1862073248443035 1542.0157415866852 1565.860152810812
55.94385869885876 -3.1862073248443035 E 55.94385869885876 -3.1859073248443033 1542.0157415866852 1564.610152810812
55.94385869885876 -3.1859073248443033 E 55.94385869885876 -3.185607324844303 1542.0157415866852 1563.360152810812
55.94385869885876 -3.185607324844303 SE 55.943646566824405 -3.1853951928099473 1645.5045492649078 1584.600486367941
55.943646566824405 -3.1853951928099473 SE 55.94343443479005 -3.1851830607755915 1645.5045492649078 1583.350486367941
55.94343443479005 -3.1851830607755915 WSW 55.94331962976034 -3.185460224635345 1645.5045492649078 1582.100486367941
55.94331962976034 -3.185460224635345 SSW 55.94304246590058 -3.1855750296650545 1645.5045492649078 1580.850486367941
55.94304246590058 -3.1855750296650545 WSW 55.94292766087087 -3.185852193524808 1645.5045492649078 1579.600486367941
55.94292766087087 -3.185852193524808 WSW 55.94281285584116 -3.1861293573845613 1645.5045492649078 1578.350486367941
55.94281285584116 -3.1861293573845613 NW 55.94302498787552 -3.186341489418917 1645.5045492649078 1577.100486367941
55.94302498787552 -3.186341489418917 NNE 55.943302151735274 -3.1862266843892075 1712.4952337741852 1685.2580409944057
55.943302151735274 -3.1862266843892075 E 55.943302151735274 -3.1859266843892073 1712.4952337741852 1684.0080409944057
55.943302151735274 -3.1859266843892073 WSW 55.943187346705564 -3.1862038482489607 1712.4952337741852 1682.7580409944057
55.943187346705564 -3.1862038482489607 WSW 55.94307254167585 -3.186481012108714 1712.4952337741852 1681.5080409944057
55.94307254167585 -3.186481012108714 WSW 55.94295773664614 -3.1867581759684676 1712.4952337741852 1680.2580409944057
55.94295773664614 -3.1867581759684676 SSW 55.94268057278639 -3.186872980998177 1809.2176840305328 1736.4065090119839
55.94268057278639 -3.186872980998177 NNW 55.94295773664614 -3.1869877860278866 1809.2176840305328 1735.1565090119839
55.94295773664614 -3.1869877860278866 S 55.94265773664614 -3.1869877860278866 1809.2176840305328 1733.9065090119839
55.94265773664614 -3.1869877860278866 NNE 55.9429349005059 -3.186872980998177 1809.2176840305328 1732.6565090119839
55.9429349005059 -3.186872980998177 WNW 55.94304970553561 -3.1871501448579305 1809.2176840305328 1731.4065090119839
55.94304970553561 -3.1871501448579305 NW 55.94326183756996 -3.1873622768922862 1809.2176840305328 1730.1565090119839
55.94326183756996 -3.1873622768922862 SW 55.94304970553561 -3.187574408926642 1809.2176840305328 1728.9065090119839
55.94304970553561 -3.187574408926642 W 55.94304970553561 -3.187874408926642 1809.2176840305328 1727.6565090119839
55.94304970553561 -3.187874408926642 WNW 55.94316451056532 -3.1881515727863956 1809.2176840305328 1726.4065090119839
55.94316451056532 -3.1881515727863956 W 55.94316451056532 -3.188451572786396 1809.2176840305328 1725.1565090119839
55.94316451056532 -3.188451572786396 WNW 55.94327931559503 -3.188728736646149 1809.2176840305328 1723.9065090119839
55.94327931559503 -3.188728736646149 WNW 55.94339412062474 -3.1890059005059026 1809.2176840305328 1722.6565090119839
55.94339412062474 -3.1890059005059026 SW 55.94318198859038 -3.1892180325402584 1809.2176840305328 1721.4065090119839
55.94318198859038 -3.1892180325402584 NNE 55.94345915245014 -3.189103227510549 1809.2176840305328 1720.1565090119839
55.94345915245014 -3.189103227510549 NW 55.943671284484495 -3.1893153595449046 1809.2176840305328 1718.9065090119839
55.943671284484495 -3.1893153595449046 WNW 55.943786089514205 -3.189592523404658 1829.2990152835846 1751.159411996603
55.943786089514205 -3.189592523404658 SW 55.94357395747985 -3.189804655439014 1829.2990152835846 1749.909411996603
55.94357395747985 -3.189804655439014 W 55.94357395747985 -3.190104655439014 1829.2990152835846 1748.659411996603
55.94357395747985 -3.190104655439014 WNW 55.94368876250956 -3.1903818192987674 1829.2990152835846 1747.409411996603
55.94368876250956 -3.1903818192987674 WNW 55.94380356753927 -3.190658983158521 1829.2990152835846 1746.159411996603
55.94380356753927 -3.190658983158521 WNW 55.94391837256898 -3.190936147018274 1829.2990152835846 1744.909411996603
55.94391837256898 -3.190936147018274 N 55.94421837256898 -3.190936147018274 1829.2990152835846 1743.659411996603
55.94421837256898 -3.190936147018274 SW 55.94400624053463 -3.19114827905263 1829.2990152835846 1742.409411996603
55.94400624053463 -3.19114827905263 ENE 55.94412104556434 -3.1908711151928766 1829.2990152835846 1741.159411996603
55.94412104556434 -3.1908711151928766 ENE 55.94423585059405 -3.190593951333123 1829.2990152835846 1739.909411996603
55.94423585059405 -3.190593951333123 ENE 55.94435065562376 -3.1903167874733698 1829.2990152835846 1738.659411996603
55.94435065562376 -3.1903167874733698 N 55.94465065562376 -3.1903167874733698 1829.2990152835846 1737.409411996603
55.94465065562376 -3.1903167874733698 ESE 55.94453585059405 -3.1900396236136164 1829.2990152835846 1736.159411996603
55.94453585059405 -3.1900396236136164 E 55.94453585059405 -3.189739623613616 1829.2990152835846 1734.909411996603
55.94453585059405 -3.189739623613616 NNE 55.94481301445381 -3.1896248185839067 1829.2990152835846 1733.659411996603
55.94481301445381 -3.1896248185839067 NNW 55.94509017831356 -3.189739623613616 1829.2990152835846 1732.409411996603
55.94509017831356 -3.189739623613616 W 55.94509017831356 -3.1900396236136164 1829.2990152835846 1731.159411996603
55.94509017831356 -3.1900396236136164 NW 55.94530231034792 -3.190251755647972 1829.2990152835846 1729.909411996603
55.94530231034792 -3.190251755647972 SW 55.94509017831356 -3.190463887682328 1829.2990152835846 1728.659411996603
55.94509017831356 -3.190463887682328 S 55.94479017831356 -3.190463887682328 1829.2990152835846 1727.409411996603
55.94479017831356 -3.190463887682328 NNW 55.94506734217332 -3.1905786927120374 1829.2990152835846 1726.159411996603
55.94506734217332 -3.1905786927120374 NNW 55.945344506033074 -3.190693497741747 1829.2990152835846 1724.909411996603
55.945344506033074 -3.190693497741747 W 55.945344506033074 -3.190993497741747 1829.2990152835846 1723.659411996603
55.945344506033074 -3.190993497741747 SW 55.94513237399872 -3.191205629776103 1829.2990152835846 1722.409411996603
55.94513237399872 -3.191205629776103 WSW 55.94501756896901 -3.1914827936358563 1829.2990152835846 1721.159411996603
55.94501756896901 -3.1914827936358563 SSE 55.94474040510925 -3.191367988606147 1829.2990152835846 1719.909411996603
55.94474040510925 -3.191367988606147 N 55.94504040510925 -3.191367988606147 1829.2990152835846 1718.659411996603
55.94504040510925 -3.191367988606147 N 55.945340405109256 -3.191367988606147 1829.2990152835846 1717.409411996603
55.945340405109256 -3.191367988606147 NW 55.94555253714361 -3.1915801206405026 1880.3624804019928 1789.0415378510952
55.94555253714361 -3.1915801206405026 NW 55.94576466917797 -3.1917922526748583 1880.3624804019928 1787.7915378510952
55.94576466917797 -3.1917922526748583 NNW 55.946041833037725 -3.191907057704568 1960.1540529727936 1808.8187251985073
55.946041833037725 -3.191907057704568 SSW 55.94576466917797 -3.1920218627342773 1960.1540529727936 1807.5687251985073
55.94576466917797 -3.1920218627342773 W 55.94576466917797 -3.1923218627342775 1960.1540529727936 1806.3187251985073
55.94576466917797 -3.1923218627342775 NNE 55.946041833037725 -3.192207057704568 1960.1540529727936 1805.0687251985073
55.946041833037725 -3.192207057704568 SSW 55.94576466917797 -3.1923218627342775 1960.1540529727936 1803.8187251985073
55.94576466917797 -3.1923218627342775 SSW 55.94548750531821 -3.192436667763987 1960.1540529727936 1802.5687251985073
55.94548750531821 -3.192436667763987 SSE 55.945210341458456 -3.1923218627342775 1960.1540529727936 1801.3187251985073
55.945210341458456 -3.1923218627342775 S 55.94491034145845 -3.1923218627342775 1960.1540529727936 1800.0687251985073
55.94491034145845 -3.1923218627342775 SSE 55.944633177598696 -3.192207057704568 1960.1540529727936 1798.8187251985073
55.944633177598696 -3.192207057704568 S 55.94433317759869 -3.192207057704568 1960.1540529727936 1797.5687251985073
55.94433317759869 -3.192207057704568 SSE 55.94405601373894 -3.1920922526748585 1960.1540529727936 1796.3187251985073
55.94405601373894 -3.1920922526748585 SSW 55.94377884987918 -3.192207057704568 1960.1540529727936 1795.0687251985073
55.94377884987918 -3.192207057704568 S 55.94347884987918 -3.192207057704568 1960.1540529727936 1793.8187251985073
55.94347884987918 -3.192207057704568 S 55.943178849879175 -3.192207057704568 1960.1540529727936 1792.5687251985073
55.943178849879175 -3.192207057704568 SSW 55.94290168601942 -3.1923218627342775 1960.1540529727936 1791.3187251985073
55.94290168601942 -3.1923218627342775 NNE 55.943178849879175 -3.192207057704568 1960.1540529727936 1790.0687251985073
55.943178849879175 -3.192207057704568 NNE 55.94345601373893 -3.1920922526748585 1960.1540529727936 1788.8187251985073
55.94345601373893 -3.1920922526748585 NNE 55.94373317759869 -3.191977447645149 1960.1540529727936 1787.5687251985073
55.94373317759869 -3.191977447645149 NNE 55.944010341458444 -3.1918626426154395 1960.1540529727936 1786.3187251985073
55.944010341458444 -3.1918626426154395 NNE 55.9442875053182 -3.19174783758573 1960.1540529727936 1785.0687251985073
55.9442875053182 -3.19174783758573 NNE 55.94456466917796 -3.1916330325560205 1960.1540529727936 1783.8187251985073
55.94456466917796 -3.1916330325560205 NNE 55.944841833037714 -3.191518227526311 1960.1540529727936 1782.5687251985073
55.944841833037714 -3.191518227526311 NNE 55.94511899689747 -3.1914034224966015 1960.1540529727936 1781.3187251985073
55.94511899689747 -3.1914034224966015 NNE 55.94539616075723 -3.191288617466892 1960.1540529727936 1780.0687251985073
55.94539616075723 -3.191288617466892 NE 55.94560829279158 -3.191076485432536 1960.1540529727936 1778.8187251985073
55.94560829279158 -3.191076485432536 N 55.945908292791586 -3.191076485432536 1960.1540529727936 1777.5687251985073
55.945908292791586 -3.191076485432536 SSE 55.94563112893183 -3.1909616804028267 1960.1540529727936 1776.3187251985073
55.94563112893183 -3.1909616804028267 E 55.94563112893183 -3.1906616804028265 1960.1540529727936 1775.0687251985073
55.94563112893183 -3.1906616804028265 E 55.94563112893183 -3.1903616804028263 1960.1540529727936 1773.8187251985073
55.94563112893183 -3.1903616804028263 ENE 55.94574593396154 -3.190084516543073 1994.9825022220612 1842.864646524191
55.94574593396154 -3.190084516543073 E 55.94574593396154 -3.1897845165430727 1994.9825022220612 1841.614646524191
55.94574593396154 -3.1897845165430727 ENE 55.94586073899125 -3.1895073526833193 1994.9825022220612 1840.364646524191
55.94586073899125 -3.1895073526833193 E 55.94586073899125 -3.189207352683319 1994.9825022220612 1839.114646524191
55.94586073899125 -3.189207352683319 SE 55.945648606956894 -3.1889952206489633 1994.9825022220612 1837.864646524191
55.945648606956894 -3.1889952206489633 E 55.945648606956894 -3.188695220648963 1994.9825022220612 1836.614646524191
55.945648606956894 -3.188695220648963 ESE 55.94553380192718 -3.1884180567892098 1994.9825022220612 1835.364646524191
55.94553380192718 -3.1884180567892098 E 55.94553380192718 -3.1881180567892096 1994.9825022220612 1834.114646524191
55.94553380192718 -3.1881180567892096 E 55.94553380192718 -3.1878180567892094 1994.9825022220612 1832.864646524191
55.94553380192718 -3.1878180567892094 E 55.94553380192718 -3.187518056789209 1994.9825022220612 1831.614646524191
55.94553380192718 -3.187518056789209 E 55.94553380192718 -3.187218056789209 1994.9825022220612 1830.364646524191
55.94553380192718 -3.187218056789209 NE 55.94574593396154 -3.1870059247548532 1994.9825022220612 1829.114646524191
55.94574593396154 -3.1870059247548532 NE 55.945958065995896 -3.1867937927204975 1994.9825022220612 1827.864646524191
55.945958065995896 -3.1867937927204975 NE 55.94617019803025 -3.1865816606861417 1994.9825022220612 1826.614646524191
55.94617019803025 -3.1865816606861417 E 55.94617019803025 -3.1862816606861415 1994.9825022220612 1825.364646524191
55.94617019803025 -3.1862816606861415 SW 55.945958065995896 -3.1864937927204973 2026.311271905899 1853.4946056306362
55.945958065995896 -3.1864937927204973 SW 55.94574593396154 -3.186705924754853 2026.311271905899 1852.2446056306362
55.94574593396154 -3.186705924754853 SSW 55.94546877010178 -3.1868207297845625 2026.311271905899 1850.9946056306362
55.94546877010178 -3.1868207297845625 ESE 55.94535396507207 -3.186543565924809 2026.311271905899 1849.7446056306362
55.94535396507207 -3.186543565924809 NE 55.94556609710643 -3.1863314338904534 2026.311271905899 1848.4946056306362
55.94556609710643 -3.1863314338904534 SSW 55.94528893324667 -3.186446238920163 2026.311271905899 1847.2446056306362
55.94528893324667 -3.186446238920163 SE 55.945076801212316 -3.186234106885807 2064.4377825260162 1925.9304195344448
55.945076801212316 -3.186234106885807 SSE 55.94479963735256 -3.1861193018560976 2064.4377825260162 1924.6804195344448
55.94479963735256 -3.1861193018560976 ENE 55.94491444238227 -3.185842137996344 2064.4377825260162 1923.4304195344448
55.94491444238227 -3.185842137996344 NW 55.945126574416626 -3.1860542700307 2064.4377825260162 1922.1804195344448
55.945126574416626 -3.1860542700307 ENE 55.94524137944634 -3.1857771061709466 2064.4377825260162 1920.9304195344448
55.94524137944634 -3.1857771061709466 NNW 55.94551854330609 -3.185891911200656 2064.4377825260162 1919.6804195344448
55.94551854330609 -3.185891911200656 SSE 55.94524137944634 -3.1857771061709466 2064.4377825260162 1918.4304195344448
55.94524137944634 -3.1857771061709466 NNW 55.94551854330609 -3.185891911200656 2064.4377825260162 1917.1804195344448
55.94551854330609 -3.185891911200656 WNW 55.945633348335804 -3.1861690750604095 2064.4377825260162 1915.9304195344448
55.945633348335804 -3.1861690750604095 SE 55.94542121630145 -3.1859569430260537 2155.136924982071 1952.8800884187222
55.94542121630145 -3.1859569430260537 SE 55.94520908426709 -3.185744810991698 2155.136924982071 1951.6300884187222
55.94520908426709 -3.185744810991698 ENE 55.9453238892968 -3.1854676471319445 2155.136924982071 1950.3800884187222
55.9453238892968 -3.1854676471319445 ENE 55.94543869432651 -3.185190483272191 2155.136924982071 1949.1300884187222
55.94543869432651 -3.185190483272191 ENE 55.94555349935622 -3.1849133194124377 2155.136924982071 1947.8800884187222
55.94555349935622 -3.1849133194124377 WNW 55.94566830438593 -3.185190483272191 2155.136924982071 1946.6300884187222
55.94566830438593 -3.185190483272191 NW 55.94588043642029 -3.185402615306547 2155.136924982071 1945.3800884187222
55.94588043642029 -3.185402615306547 WNW 55.94599524145 -3.1856797791663003 2155.136924982071 1944.1300884187222
55.94599524145 -3.1856797791663003 E 55.94599524145 -3.1853797791663 2155.136924982071 1942.8800884187222
55.94599524145 -3.1853797791663 E 55.94599524145 -3.1850797791663 2155.136924982071 1941.6300884187222
55.94599524145 -3.1850797791663 ESE 55.94588043642029 -3.1848026153065465 2155.136924982071 1940.3800884187222
55.94588043642029 -3.1848026153065465 SE 55.94566830438593 -3.1845904832721907 2266.9654314517975 1994.5446391999722
55.94566830438593 -3.1845904832721907 SW 55.94545617235158 -3.1848026153065465 2266.9654314517975 1993.2946391999722
55.94545617235158 -3.1848026153065465 E 55.94545617235158 -3.1845026153065463 2266.9654314517975 1992.0446391999722
55.94545617235158 -3.1845026153065463 NNE 55.94573333621133 -3.184387810276837 2266.9654314517975 1990.7946391999722
55.94573333621133 -3.184387810276837 N 55.946033336211336 -3.184387810276837 2266.9654314517975 1989.5446391999722
55.946033336211336 -3.184387810276837 SSW 55.94575617235158 -3.1845026153065463 2266.9654314517975 1988.2946391999722
55.94575617235158 -3.1845026153065463 SW 55.94554404031722 -3.184714747340902 2266.9654314517975 1987.0446391999722
