55.944425 -3.188396 NW 55.94463713203436 -3.188608132034356 0.0 248.75
55.94463713203436 -3.188608132034356 SE 55.944425 -3.188396 0.0 247.5
55.944425 -3.188396 ESE 55.94431019497029 -3.1881188361402466 0.0 246.25
55.94431019497029 -3.1881188361402466 WNW 55.944425 -3.188396 0.0 245.0
55.944425 -3.188396 E 55.944425 -3.188096 0.0 243.75
55.944425 -3.188096 W 55.944425 -3.188396 0.0 242.5
55.944425 -3.188396 E 55.944425 -3.188096 0.0 241.25
55.944425 -3.188096 NW 55.94463713203436 -3.1883081320343556 0.0 240.0
55.94463713203436 -3.1883081320343556 E 55.94463713203436 -3.1880081320343554 64.43146514892578 357.89806365966797
55.94463713203436 -3.1880081320343554 W 55.94463713203436 -3.1883081320343556 64.43146514892578 356.64806365966797
55.94463713203436 -3.1883081320343556 NNW 55.944914295894115 -3.188422937064065 64.43146514892578 355.39806365966797
55.944914295894115 -3.188422937064065 SSE 55.94463713203436 -3.1883081320343556 64.43146514892578 354.14806365966797
55.94463713203436 -3.1883081320343556 WNW 55.94475193706407 -3.188585295894109 139.80479431152344 361.26686573028564
55.94475193706407 -3.188585295894109 WSW 55.94463713203436 -3.1888624597538624 139.80479431152344 360.01686573028564
55.94463713203436 -3.1888624597538624 ENE 55.94475193706407 -3.188585295894109 139.80479431152344 358.76686573028564
55.94475193706407 -3.188585295894109 W 55.94475193706407 -3.188885295894109 139.80479431152344 357.51686573028564
55.94475193706407 -3.188885295894109 E 55.94475193706407 -3.188585295894109 139.80479431152344 356.26686573028564
55.94475193706407 -3.188585295894109 NNE 55.945029100923826 -3.1884704908643995 139.80479431152344 355.01686573028564
55.945029100923826 -3.1884704908643995 E 55.945029100923826 -3.1881704908643993 139.80479431152344 353.76686573028564
55.945029100923826 -3.1881704908643993 W 55.945029100923826 -3.1884704908643995 139.80479431152344 352.51686573028564
55.945029100923826 -3.1884704908643995 SSE 55.94475193706407 -3.18835568583469 139.80479431152344 351.26686573028564
55.94475193706407 -3.18835568583469 N 55.94505193706407 -3.18835568583469 139.80479431152344 350.01686573028564
55.94505193706407 -3.18835568583469 NE 55.94526406909843 -3.188143553800334 139.80479431152344 348.76686573028564
55.94526406909843 -3.188143553800334 SW 55.94505193706407 -3.18835568583469 139.80479431152344 347.51686573028564
55.94505193706407 -3.18835568583469 NE 55.94526406909843 -3.188143553800334 139.80479431152344 346.26686573028564
55.94526406909843 -3.188143553800334 WNW 55.94537887412814 -3.1884207176600876 139.80479431152344 345.01686573028564
55.94537887412814 -3.1884207176600876 ESE 55.94526406909843 -3.188143553800334 139.80479431152344 343.76686573028564
55.94526406909843 -3.188143553800334 WNW 55.94537887412814 -3.1884207176600876 139.80479431152344 342.51686573028564
55.94537887412814 -3.1884207176600876 E 55.94537887412814 -3.1881207176600874 188.47671127319336 446.87260913848877
55.94537887412814 -3.1881207176600874 W 55.94537887412814 -3.1884207176600876 188.47671127319336 445.62260913848877
55.94537887412814 -3.1884207176600876 NNW 55.945656037987895 -3.188535522689797 188.47671127319336 444.37260913848877
55.945656037987895 -3.188535522689797 SE 55.94544390595354 -3.1883233906554413 188.47671127319336 443.12260913848877
55.94544390595354 -3.1883233906554413 NW 55.945656037987895 -3.188535522689797 188.47671127319336 441.87260913848877
55.945656037987895 -3.188535522689797 SSE 55.94537887412814 -3.1884207176600876 188.47671127319336 440.62260913848877
55.94537887412814 -3.1884207176600876 NNW 55.945656037987895 -3.188535522689797 188.47671127319336 439.37260913848877
55.945656037987895 -3.188535522689797 ESE 55.945541232958185 -3.1882583588300437 188.47671127319336 438.12260913848877
55.945541232958185 -3.1882583588300437 WNW 55.945656037987895 -3.188535522689797 188.47671127319336 436.87260913848877
55.945656037987895 -3.188535522689797 ESE 55.945541232958185 -3.1882583588300437 188.47671127319336 435.62260913848877
55.945541232958185 -3.1882583588300437 NNW 55.94581839681794 -3.1883731638597532 188.47671127319336 434.37260913848877
55.94581839681794 -3.1883731638597532 SSE 55.945541232958185 -3.1882583588300437 188.47671127319336 433.12260913848877
55.945541232958185 -3.1882583588300437 WSW 55.945426427928474 -3.188535522689797 188.47671127319336 431.87260913848877
55.945426427928474 -3.188535522689797 ENE 55.945541232958185 -3.1882583588300437 188.47671127319336 430.62260913848877
55.945541232958185 -3.1882583588300437 NE 55.94575336499254 -3.188046226795688 188.47671127319336 429.37260913848877
55.94575336499254 -3.188046226795688 SW 55.945541232958185 -3.1882583588300437 188.47671127319336 428.12260913848877
55.945541232958185 -3.1882583588300437 NE 55.94575336499254 -3.188046226795688 188.47671127319336 426.87260913848877
55.94575336499254 -3.188046226795688 NNW 55.9460305288523 -3.1881610318253975 188.47671127319336 425.62260913848877
55.9460305288523 -3.1881610318253975 SSE 55.94575336499254 -3.188046226795688 188.47671127319336 424.37260913848877
55.94575336499254 -3.188046226795688 WNW 55.94586817002225 -3.1883233906554413 188.47671127319336 423.12260913848877
55.94586817002225 -3.1883233906554413 SE 55.945656037987895 -3.1881112586210856 188.47671127319336 421.87260913848877
55.945656037987895 -3.1881112586210856 WNW 55.945770843017606 -3.188388422480839 188.47671127319336 420.62260913848877
55.945770843017606 -3.188388422480839 S 55.9454708430176 -3.188388422480839 188.47671127319336 419.37260913848877
55.9454708430176 -3.188388422480839 N 55.945770843017606 -3.188388422480839 188.47671127319336 418.12260913848877
55.945770843017606 -3.188388422480839 N 55.94607084301761 -3.188388422480839 188.47671127319336 416.87260913848877
55.94607084301761 -3.188388422480839 S 55.945770843017606 -3.188388422480839 188.47671127319336 415.62260913848877
55.945770843017606 -3.188388422480839 SSE 55.94549367915785 -3.1882736174511295 208.1491470336914 523.9459962844849
55.94549367915785 -3.1882736174511295 NNW 55.945770843017606 -3.188388422480839 208.1491470336914 522.6959962844849
55.945770843017606 -3.188388422480839 N 55.94607084301761 -3.188388422480839 208.1491470336914 521.4459962844849
55.94607084301761 -3.188388422480839 SSW 55.94579367915785 -3.1885032275105485 208.1491470336914 520.1959962844849
55.94579367915785 -3.1885032275105485 N 55.946093679157855 -3.1885032275105485 208.1491470336914 518.9459962844849
55.946093679157855 -3.1885032275105485 SE 55.9458815471235 -3.1882910954761927 208.1491470336914 517.6959962844849
55.9458815471235 -3.1882910954761927 NW 55.946093679157855 -3.1885032275105485 208.1491470336914 516.4459962844849
55.946093679157855 -3.1885032275105485 E 55.946093679157855 -3.1882032275105483 208.1491470336914 515.1959962844849
55.946093679157855 -3.1882032275105483 W 55.946093679157855 -3.1885032275105485 208.1491470336914 513.9459962844849
55.946093679157855 -3.1885032275105485 E 55.946093679157855 -3.1882032275105483 208.1491470336914 512.6959962844849
55.946093679157855 -3.1882032275105483 W 55.946093679157855 -3.1885032275105485 208.1491470336914 511.44599628448486
55.946093679157855 -3.1885032275105485 ESE 55.945978874128144 -3.188226063650795 208.1491470336914 510.19599628448486
55.945978874128144 -3.188226063650795 NE 55.9461910061625 -3.1880139316164393 208.1491470336914 508.94599628448486
55.9461910061625 -3.1880139316164393 WSW 55.94607620113279 -3.1882910954761927 208.1491470336914 507.69599628448486
55.94607620113279 -3.1882910954761927 ESE 55.94596139610308 -3.1880139316164393 208.1491470336914 506.44599628448486
55.94596139610308 -3.1880139316164393 WSW 55.94584659107337 -3.1882910954761927 208.1491470336914 505.19599628448486
55.94584659107337 -3.1882910954761927 E 55.94584659107337 -3.1879910954761925 208.1491470336914 503.94599628448486
55.94584659107337 -3.1879910954761925 NNW 55.946123754933126 -3.188105900505902 208.1491470336914 502.69599628448486
55.946123754933126 -3.188105900505902 ESE 55.946008949903415 -3.1878287366461486 208.1491470336914 501.44599628448486
55.946008949903415 -3.1878287366461486 W 55.946008949903415 -3.188128736646149 208.1491470336914 500.19599628448486
55.946008949903415 -3.188128736646149 ESE 55.945894144873705 -3.1878515727863954 208.1491470336914 498.94599628448486
55.945894144873705 -3.1878515727863954 NNE 55.94617130873346 -3.187736767756686 208.1491470336914 497.69599628448486
55.94617130873346 -3.187736767756686 SSW 55.945894144873705 -3.1878515727863954 208.1491470336914 496.44599628448486
55.945894144873705 -3.1878515727863954 ESE 55.945779339843995 -3.187574408926642 208.1491470336914 495.19599628448486
55.945779339843995 -3.187574408926642 WNW 55.945894144873705 -3.1878515727863954 208.1491470336914 493.94599628448486
55.945894144873705 -3.1878515727863954 ENE 55.946008949903415 -3.187574408926642 208.1491470336914 492.69599628448486
55.946008949903415 -3.187574408926642 WSW 55.945894144873705 -3.1878515727863954 208.1491470336914 491.44599628448486
55.945894144873705 -3.1878515727863954 NE 55.94610627690806 -3.1876394407520396 208.1491470336914 490.19599628448486
55.94610627690806 -3.1876394407520396 WSW 55.94599147187835 -3.187916604611793 208.1491470336914 488.94599628448486
55.94599147187835 -3.187916604611793 NE 55.94620360391271 -3.1877044725774373 208.1491470336914 487.69599628448486
55.94620360391271 -3.1877044725774373 SW 55.94599147187835 -3.187916604611793 208.1491470336914 486.44599628448486
55.94599147187835 -3.187916604611793 NE 55.94620360391271 -3.1877044725774373 208.1491470336914 485.19599628448486
55.94620360391271 -3.1877044725774373 WSW 55.946088798883 -3.1879816364371907 208.1491470336914 483.94599628448486
55.946088798883 -3.1879816364371907 WNW 55.94620360391271 -3.188258800296944 208.1491470336914 482.69599628448486
55.94620360391271 -3.188258800296944 ESE 55.946088798883 -3.1879816364371907 208.1491470336914 481.44599628448486
55.946088798883 -3.1879816364371907 WNW 55.94620360391271 -3.188258800296944 208.1491470336914 480.19599628448486
55.94620360391271 -3.188258800296944 ESE 55.946088798883 -3.1879816364371907 208.1491470336914 478.94599628448486
55.946088798883 -3.1879816364371907 WNW 55.94620360391271 -3.188258800296944 208.1491470336914 477.69599628448486
55.94620360391271 -3.188258800296944 W 55.94620360391271 -3.1885588002969443 208.1491470336914 476.44599628448486
55.94620360391271 -3.1885588002969443 E 55.94620360391271 -3.188258800296944 208.1491470336914 475.19599628448486
55.94620360391271 -3.188258800296944 W 55.94620360391271 -3.1885588002969443 208.1491470336914 473.94599628448486
55.94620360391271 -3.1885588002969443 SSW 55.94592644005295 -3.188673605326654 208.1491470336914 472.69599628448486
55.94592644005295 -3.188673605326654 NNE 55.94620360391271 -3.1885588002969443 208.1491470336914 471.44599628448486
55.94620360391271 -3.1885588002969443 WSW 55.946088798883 -3.1888359641566977 208.1491470336914 470.19599628448486
55.946088798883 -3.1888359641566977 ENE 55.94620360391271 -3.1885588002969443 208.1491470336914 468.94599628448486
55.94620360391271 -3.1885588002969443 W 55.94620360391271 -3.1888588002969445 208.1491470336914 467.69599628448486
55.94620360391271 -3.1888588002969445 E 55.94620360391271 -3.1885588002969443 208.1491470336914 466.44599628448486
55.94620360391271 -3.1885588002969443 SSW 55.94592644005295 -3.188673605326654 208.1491470336914 465.19599628448486
55.94592644005295 -3.188673605326654 N 55.94622644005295 -3.188673605326654 208.1491470336914 463.94599628448486
55.94622644005295 -3.188673605326654 S 55.94592644005295 -3.188673605326654 208.1491470336914 462.69599628448486
55.94592644005295 -3.188673605326654 ESE 55.94581163502324 -3.1883964414669004 208.1491470336914 461.44599628448486
55.94581163502324 -3.1883964414669004 WNW 55.94592644005295 -3.188673605326654 208.1491470336914 460.19599628448486
55.94592644005295 -3.188673605326654 ESE 55.94581163502324 -3.1883964414669004 208.1491470336914 458.94599628448486
55.94581163502324 -3.1883964414669004 WSW 55.94569682999353 -3.188673605326654 208.1491470336914 457.69599628448486
55.94569682999353 -3.188673605326654 SW 55.945484697959174 -3.1888857373610096 208.1491470336914 456.44599628448486
55.945484697959174 -3.1888857373610096 NE 55.94569682999353 -3.188673605326654 208.1491470336914 455.19599628448486
55.94569682999353 -3.188673605326654 S 55.94539682999353 -3.188673605326654 208.1491470336914 453.94599628448486
55.94539682999353 -3.188673605326654 NW 55.94560896202788 -3.1888857373610096 208.1491470336914 452.69599628448486
55.94560896202788 -3.1888857373610096 SE 55.94539682999353 -3.188673605326654 208.1491470336914 451.44599628448486
55.94539682999353 -3.188673605326654 NW 55.94560896202788 -3.1888857373610096 208.1491470336914 450.19599628448486
55.94560896202788 -3.1888857373610096 SSE 55.94533179816813 -3.1887709323313 208.1491470336914 448.94599628448486
55.94533179816813 -3.1887709323313 NNW 55.94560896202788 -3.1888857373610096 208.1491470336914 447.69599628448486
55.94560896202788 -3.1888857373610096 N 55.945908962027886 -3.1888857373610096 208.1491470336914 446.44599628448486
55.945908962027886 -3.1888857373610096 S 55.94560896202788 -3.1888857373610096 208.1491470336914 445.19599628448486
55.94560896202788 -3.1888857373610096 N 55.945908962027886 -3.1888857373610096 208.1491470336914 443.94599628448486
55.945908962027886 -3.1888857373610096 SSW 55.94563179816813 -3.189000542390719 208.1491470336914 442.69599628448486
55.94563179816813 -3.189000542390719 NNE 55.945908962027886 -3.1888857373610096 208.1491470336914 441.44599628448486
55.945908962027886 -3.1888857373610096 SW 55.94569682999353 -3.1890978693953653 208.1491470336914 440.19599628448486
55.94569682999353 -3.1890978693953653 NE 55.945908962027886 -3.1888857373610096 208.1491470336914 438.94599628448486
55.945908962027886 -3.1888857373610096 SSE 55.94563179816813 -3.1887709323313 279.70082092285156 518.9794816970825
55.94563179816813 -3.1887709323313 NNW 55.945908962027886 -3.1888857373610096 279.70082092285156 517.7294816970825
55.945908962027886 -3.1888857373610096 NW 55.94612109406224 -3.1890978693953653 279.70082092285156 516.4794816970825
55.94612109406224 -3.1890978693953653 SW 55.945908962027886 -3.189310001429721 279.70082092285156 515.2294816970825
55.945908962027886 -3.189310001429721 E 55.945908962027886 -3.189010001429721 279.70082092285156 513.9794816970825
55.945908962027886 -3.189010001429721 WSW 55.945794156998176 -3.1892871652894743 279.70082092285156 512.7294816970825
55.945794156998176 -3.1892871652894743 S 55.94549415699817 -3.1892871652894743 279.70082092285156 511.4794816970825
55.94549415699817 -3.1892871652894743 N 55.945794156998176 -3.1892871652894743 279.70082092285156 510.2294816970825
55.945794156998176 -3.1892871652894743 NNW 55.94607132085793 -3.189401970319184 308.2798309326172 588.1272630691528
55.94607132085793 -3.189401970319184 SSE 55.945794156998176 -3.1892871652894743 308.2798309326172 586.8772630691528
55.945794156998176 -3.1892871652894743 NNW 55.94607132085793 -3.189401970319184 308.2798309326172 585.6272630691528
55.94607132085793 -3.189401970319184 SE 55.945859188823576 -3.189189838284828 308.2798309326172 584.3772630691528
55.945859188823576 -3.189189838284828 NW 55.94607132085793 -3.189401970319184 308.2798309326172 583.1272630691528
55.94607132085793 -3.189401970319184 WSW 55.94595651582822 -3.1896791341789372 308.2798309326172 581.8772630691528
55.94595651582822 -3.1896791341789372 ENE 55.94607132085793 -3.189401970319184 308.2798309326172 580.6272630691528
55.94607132085793 -3.189401970319184 SW 55.945859188823576 -3.1896141023535396 308.2798309326172 579.3772630691528
55.945859188823576 -3.1896141023535396 NNW 55.94613635268333 -3.189728907383249 308.2798309326172 578.1272630691528
55.94613635268333 -3.189728907383249 SSE 55.945859188823576 -3.1896141023535396 308.2798309326172 576.8772630691528
55.945859188823576 -3.1896141023535396 WNW 55.945973993853286 -3.189891266213293 308.2798309326172 575.6272630691528
55.945973993853286 -3.189891266213293 ESE 55.945859188823576 -3.1896141023535396 308.2798309326172 574.3772630691528
55.945859188823576 -3.1896141023535396 WNW 55.945973993853286 -3.189891266213293 308.2798309326172 573.1272630691528
55.945973993853286 -3.189891266213293 E 55.945973993853286 -3.189591266213293 308.2798309326172 571.8772630691528
55.945973993853286 -3.189591266213293 W 55.945973993853286 -3.189891266213293 308.2798309326172 570.6272630691528
55.945973993853286 -3.189891266213293 NW 55.94618612588764 -3.1901033982476488 308.2798309326172 569.3772630691528
55.94618612588764 -3.1901033982476488 SE 55.945973993853286 -3.189891266213293 308.2798309326172 568.1272630691528
55.945973993853286 -3.189891266213293 NW 55.94618612588764 -3.1901033982476488 308.2798309326172 566.8772630691528
55.94618612588764 -3.1901033982476488 ESE 55.94607132085793 -3.1898262343878954 308.2798309326172 565.6272630691528
55.94607132085793 -3.1898262343878954 WNW 55.94618612588764 -3.1901033982476488 308.2798309326172 564.3772630691528
55.94618612588764 -3.1901033982476488 E 55.94618612588764 -3.1898033982476486 308.2798309326172 563.1272630691528
55.94618612588764 -3.1898033982476486 W 55.94618612588764 -3.1901033982476488 308.2798309326172 561.8772630691528
55.94618612588764 -3.1901033982476488 E 55.94618612588764 -3.1898033982476486 308.2798309326172 560.6272630691528
55.94618612588764 -3.1898033982476486 E 55.94618612588764 -3.1895033982476484 308.2798309326172 559.3772630691528
55.94618612588764 -3.1895033982476484 ESE 55.94607132085793 -3.189226234387895 308.2798309326172 558.1272630691528
55.94607132085793 -3.189226234387895 SSW 55.945794156998176 -3.1893410394176045 308.2798309326172 556.8772630691528
55.945794156998176 -3.1893410394176045 WSW 55.945679351968465 -3.189618203277358 308.2798309326172 555.6272630691528
55.945679351968465 -3.189618203277358 SW 55.94546721993411 -3.1898303353117137 308.2798309326172 554.3772630691528
55.94546721993411 -3.1898303353117137 NE 55.945679351968465 -3.189618203277358 308.2798309326172 553.1272630691528
55.945679351968465 -3.189618203277358 W 55.945679351968465 -3.189918203277358 308.2798309326172 551.8772630691528
55.945679351968465 -3.189918203277358 SE 55.94546721993411 -3.1897060712430023 341.98254776000977 596.367226600647
55.94546721993411 -3.1897060712430023 NW 55.945679351968465 -3.189918203277358 341.98254776000977 595.117226600647
55.945679351968465 -3.189918203277358 N 55.94597935196847 -3.189918203277358 341.98254776000977 593.867226600647
55.94597935196847 -3.189918203277358 S 55.945679351968465 -3.189918203277358 341.98254776000977 592.617226600647
55.945679351968465 -3.189918203277358 N 55.94597935196847 -3.189918203277358 341.98254776000977 591.367226600647
55.94597935196847 -3.189918203277358 SSW 55.94570218810871 -3.1900330083070676 341.98254776000977 590.117226600647
55.94570218810871 -3.1900330083070676 NW 55.94591432014307 -3.1902451403414234 341.98254776000977 588.867226600647
55.94591432014307 -3.1902451403414234 SE 55.94570218810871 -3.1900330083070676 341.98254776000977 587.617226600647
55.94570218810871 -3.1900330083070676 S 55.94540218810871 -3.1900330083070676 341.98254776000977 586.367226600647
55.94540218810871 -3.1900330083070676 N 55.94570218810871 -3.1900330083070676 341.98254776000977 585.117226600647
55.94570218810871 -3.1900330083070676 S 55.94540218810871 -3.1900330083070676 341.98254776000977 583.867226600647
55.94540218810871 -3.1900330083070676 WNW 55.94551699313842 -3.190310172166821 341.98254776000977 582.617226600647
55.94551699313842 -3.190310172166821 ESE 55.94540218810871 -3.1900330083070676 341.98254776000977 581.367226600647
55.94540218810871 -3.1900330083070676 NNE 55.945679351968465 -3.189918203277358 341.98254776000977 580.117226600647
55.945679351968465 -3.189918203277358 SSW 55.94540218810871 -3.1900330083070676 341.98254776000977 578.867226600647
55.94540218810871 -3.1900330083070676 SW 55.94519005607435 -3.1902451403414234 341.98254776000977 577.617226600647
55.94519005607435 -3.1902451403414234 ENE 55.94530486110406 -3.18996797648167 341.98254776000977 576.367226600647
55.94530486110406 -3.18996797648167 ENE 55.94541966613377 -3.1896908126219166 341.98254776000977 575.117226600647
55.94541966613377 -3.1896908126219166 WSW 55.94530486110406 -3.18996797648167 341.98254776000977 573.867226600647
55.94530486110406 -3.18996797648167 WSW 55.94519005607435 -3.1902451403414234 341.98254776000977 572.617226600647
55.94519005607435 -3.1902451403414234 ESE 55.94507525104464 -3.18996797648167 341.98254776000977 571.367226600647
55.94507525104464 -3.18996797648167 NW 55.945287383079 -3.1901801085160257 341.98254776000977 570.117226600647
55.945287383079 -3.1901801085160257 SSW 55.94501021921924 -3.1902949135457352 341.98254776000977 568.867226600647
55.94501021921924 -3.1902949135457352 NNE 55.945287383079 -3.1901801085160257 341.98254776000977 567.617226600647
55.945287383079 -3.1901801085160257 S 55.944987383078995 -3.1901801085160257 341.98254776000977 566.367226600647
55.944987383078995 -3.1901801085160257 NNW 55.94526454693875 -3.1902949135457352 341.98254776000977 565.117226600647
55.94526454693875 -3.1902949135457352 SSE 55.944987383078995 -3.1901801085160257 341.98254776000977 563.867226600647
55.944987383078995 -3.1901801085160257 NNW 55.94526454693875 -3.1902949135457352 341.98254776000977 562.617226600647
55.94526454693875 -3.1902949135457352 NNE 55.94554171079851 -3.1901801085160257 341.98254776000977 561.367226600647
55.94554171079851 -3.1901801085160257 SSW 55.94526454693875 -3.1902949135457352 341.98254776000977 560.117226600647
55.94526454693875 -3.1902949135457352 WNW 55.94537935196846 -3.1905720774054886 341.98254776000977 558.867226600647
55.94537935196846 -3.1905720774054886 E 55.94537935196846 -3.1902720774054885 341.98254776000977 557.617226600647
55.94537935196846 -3.1902720774054885 NW 55.94559148400282 -3.1904842094398442 341.98254776000977 556.367226600647
55.94559148400282 -3.1904842094398442 SE 55.94537935196846 -3.1902720774054885 341.98254776000977 555.117226600647
55.94537935196846 -3.1902720774054885 NW 55.94559148400282 -3.1904842094398442 341.98254776000977 553.867226600647
55.94559148400282 -3.1904842094398442 SE 55.94537935196846 -3.1902720774054885 341.98254776000977 552.617226600647
55.94537935196846 -3.1902720774054885 NW 55.94559148400282 -3.1904842094398442 341.98254776000977 551.367226600647
55.94559148400282 -3.1904842094398442 ESE 55.94547667897311 -3.190207045580091 341.98254776000977 550.117226600647
55.94547667897311 -3.190207045580091 W 55.94547667897311 -3.190507045580091 341.98254776000977 548.867226600647
55.94547667897311 -3.190507045580091 NW 55.945688811007464 -3.190719177614447 341.98254776000977 547.617226600647
55.945688811007464 -3.190719177614447 SE 55.94547667897311 -3.190507045580091 341.98254776000977 546.367226600647
55.94547667897311 -3.190507045580091 WSW 55.9453618739434 -3.1907842094398444 341.98254776000977 545.117226600647
55.9453618739434 -3.1907842094398444 ENE 55.94547667897311 -3.190507045580091 341.98254776000977 543.867226600647
55.94547667897311 -3.190507045580091 WSW 55.9453618739434 -3.1907842094398444 341.98254776000977 542.617226600647
55.9453618739434 -3.1907842094398444 N 55.9456618739434 -3.1907842094398444 341.98254776000977 541.367226600647
55.9456618739434 -3.1907842094398444 S 55.9453618739434 -3.1907842094398444 341.98254776000977 540.117226600647
55.9453618739434 -3.1907842094398444 N 55.9456618739434 -3.1907842094398444 341.98254776000977 538.867226600647
55.9456618739434 -3.1907842094398444 S 55.9453618739434 -3.1907842094398444 341.98254776000977 537.617226600647
55.9453618739434 -3.1907842094398444 N 55.9456618739434 -3.1907842094398444 341.98254776000977 536.367226600647
55.9456618739434 -3.1907842094398444 SSE 55.945384710083644 -3.190669404410135 341.98254776000977 535.117226600647
55.945384710083644 -3.190669404410135 WNW 55.945499515113355 -3.1909465682698883 341.98254776000977 533.867226600647
55.945499515113355 -3.1909465682698883 SW 55.945287383079 -3.191158700304244 341.98254776000977 532.617226600647
55.945287383079 -3.191158700304244 NE 55.945499515113355 -3.1909465682698883 341.98254776000977 531.367226600647
55.945499515113355 -3.1909465682698883 W 55.945499515113355 -3.1912465682698885 341.98254776000977 530.117226600647
55.945499515113355 -3.1912465682698885 E 55.945499515113355 -3.1909465682698883 341.98254776000977 528.867226600647
55.945499515113355 -3.1909465682698883 SW 55.945287383079 -3.191158700304244 341.98254776000977 527.617226600647
55.945287383079 -3.191158700304244 NE 55.945499515113355 -3.1909465682698883 341.98254776000977 526.367226600647
55.945499515113355 -3.1909465682698883 SW 55.945287383079 -3.191158700304244 341.98254776000977 525.117226600647
55.945287383079 -3.191158700304244 E 55.945287383079 -3.190858700304244 414.4023094177246 637.7822732925415
55.945287383079 -3.190858700304244 W 55.945287383079 -3.191158700304244 414.4023094177246 636.5322732925415
55.945287383079 -3.191158700304244 SSW 55.94501021921924 -3.1912735053339536 414.4023094177246 635.2822732925415
55.94501021921924 -3.1912735053339536 NNE 55.945287383079 -3.191158700304244 414.4023094177246 634.0322732925415
55.945287383079 -3.191158700304244 SSE 55.94501021921924 -3.1910438952745346 514.3282356262207 750.9893655776978
55.94501021921924 -3.1910438952745346 NNW 55.945287383079 -3.191158700304244 514.3282356262207 749.7393655776978
55.945287383079 -3.191158700304244 S 55.944987383078995 -3.191158700304244 514.3282356262207 748.4893655776978
55.944987383078995 -3.191158700304244 N 55.945287383079 -3.191158700304244 514.3282356262207 747.2393655776978
55.945287383079 -3.191158700304244 S 55.944987383078995 -3.191158700304244 514.3282356262207 745.9893655776978
55.944987383078995 -3.191158700304244 NE 55.94519951511335 -3.1909465682698883 514.3282356262207 744.7393655776978
55.94519951511335 -3.1909465682698883 SSW 55.944922351253595 -3.191061373299598 574.169017791748 747.829206943512
55.944922351253595 -3.191061373299598 NE 55.94513448328795 -3.190849241265242 574.169017791748 746.579206943512
55.94513448328795 -3.190849241265242 SSW 55.944857319428195 -3.1909640462949516 574.169017791748 745.329206943512
55.944857319428195 -3.1909640462949516 NNE 55.94513448328795 -3.190849241265242 574.169017791748 744.079206943512
55.94513448328795 -3.190849241265242 SSW 55.944857319428195 -3.1909640462949516 574.169017791748 742.829206943512
55.944857319428195 -3.1909640462949516 NNE 55.94513448328795 -3.190849241265242 574.169017791748 741.579206943512
55.94513448328795 -3.190849241265242 SSW 55.944857319428195 -3.1909640462949516 574.169017791748 740.329206943512
55.944857319428195 -3.1909640462949516 W 55.944857319428195 -3.1912640462949518 574.169017791748 739.079206943512
55.944857319428195 -3.1912640462949518 SE 55.94464518739384 -3.191051914260596 574.169017791748 737.829206943512
55.94464518739384 -3.191051914260596 NW 55.944857319428195 -3.1912640462949518 574.169017791748 736.579206943512
55.944857319428195 -3.1912640462949518 S 55.94455731942819 -3.1912640462949518 574.169017791748 735.329206943512
55.94455731942819 -3.1912640462949518 NNW 55.94483448328795 -3.1913788513246613 663.555965423584 837.1461548805237
55.94483448328795 -3.1913788513246613 SSE 55.94455731942819 -3.1912640462949518 663.555965423584 835.8961548805237
55.94455731942819 -3.1912640462949518 E 55.94455731942819 -3.1909640462949516 663.555965423584 834.6461548805237
55.94455731942819 -3.1909640462949516 W 55.94455731942819 -3.1912640462949518 663.555965423584 833.3961548805237
55.94455731942819 -3.1912640462949518 NW 55.94476945146255 -3.1914761783293075 663.555965423584 832.1461548805237
55.94476945146255 -3.1914761783293075 SE 55.94455731942819 -3.1912640462949518 663.555965423584 830.8961548805237
55.94455731942819 -3.1912640462949518 SSW 55.944280155568435 -3.1913788513246613 663.555965423584 829.6461548805237
55.944280155568435 -3.1913788513246613 NNE 55.94455731942819 -3.1912640462949518 663.555965423584 828.3961548805237
55.94455731942819 -3.1912640462949518 SW 55.944345187393836 -3.1914761783293075 663.555965423584 827.1461548805237
55.944345187393836 -3.1914761783293075 NE 55.94455731942819 -3.1912640462949518 663.555965423584 825.8961548805237
