55.944425 -3.188396 E 55.944425 -3.188096 0.0 248.75
55.944425 -3.188096 WNW 55.94453980502971 -3.1883731638597532 0.0 247.5
55.94453980502971 -3.1883731638597532 SE 55.94432767299536 -3.1881610318253975 0.0 246.25
55.94432767299536 -3.1881610318253975 NW 55.94453980502971 -3.1883731638597532 0.0 245.0
55.94453980502971 -3.1883731638597532 SSE 55.944262641169956 -3.1882583588300437 0.0 243.75
55.944262641169956 -3.1882583588300437 NNW 55.94453980502971 -3.1883731638597532 0.0 242.5
55.94453980502971 -3.1883731638597532 SSE 55.944262641169956 -3.1882583588300437 0.0 241.25
55.944262641169956 -3.1882583588300437 NNW 55.94453980502971 -3.1883731638597532 0.0 240.0
55.94453980502971 -3.1883731638597532 ESE 55.944425 -3.188096 0.0 238.75
55.944425 -3.188096 WNW 55.94453980502971 -3.1883731638597532 0.0 237.5
55.94453980502971 -3.1883731638597532 ESE 55.944425 -3.188096 0.0 236.25
55.944425 -3.188096 NW 55.94463713203436 -3.1883081320343556 0.0 235.0
55.94463713203436 -3.1883081320343556 ESE 55.94452232700465 -3.188030968174602 0.0 233.75
55.94452232700465 -3.188030968174602 WNW 55.94463713203436 -3.1883081320343556 0.0 232.5
55.94463713203436 -3.1883081320343556 ENE 55.94475193706407 -3.188030968174602 0.0 231.25
55.94475193706407 -3.188030968174602 WSW 55.94463713203436 -3.1883081320343556 0.0 230.0
55.94463713203436 -3.1883081320343556 WSW 55.94452232700465 -3.188585295894109 0.0 228.75
55.94452232700465 -3.188585295894109 ENE 55.94463713203436 -3.1883081320343556 0.0 227.5
55.94463713203436 -3.1883081320343556 W 55.94463713203436 -3.188608132034356 0.0 226.25
55.94463713203436 -3.188608132034356 E 55.94463713203436 -3.1883081320343556 0.0 225.0
55.94463713203436 -3.1883081320343556 NW 55.944849264068715 -3.1885202640687114 0.0 223.75
55.944849264068715 -3.1885202640687114 E 55.944849264068715 -3.188220264068711 0.0 222.5
55.944849264068715 -3.188220264068711 W 55.944849264068715 -3.1885202640687114 0.0 221.25
55.944849264068715 -3.1885202640687114 E 55.944849264068715 -3.188220264068711 0.0 220.0
55.944849264068715 -3.188220264068711 W 55.944849264068715 -3.1885202640687114 0.0 218.75
55.944849264068715 -3.1885202640687114 E 55.944849264068715 -3.188220264068711 0.0 217.5
55.944849264068715 -3.188220264068711 WNW 55.944964069098425 -3.1884974279284646 0.0 216.25
55.944964069098425 -3.1884974279284646 ESE 55.944849264068715 -3.188220264068711 0.0 215.0
55.944849264068715 -3.188220264068711 WNW 55.944964069098425 -3.1884974279284646 0.0 213.75
55.944964069098425 -3.1884974279284646 E 55.944964069098425 -3.1881974279284644 0.0 212.5
55.944964069098425 -3.1881974279284644 W 55.944964069098425 -3.1884974279284646 0.0 211.25
55.944964069098425 -3.1884974279284646 ENE 55.945078874128136 -3.188220264068711 0.0 210.0
55.945078874128136 -3.188220264068711 WSW 55.944964069098425 -3.1884974279284646 0.0 208.75
55.944964069098425 -3.1884974279284646 ENE 55.945078874128136 -3.188220264068711 0.0 207.5
55.945078874128136 -3.188220264068711 W 55.945078874128136 -3.1885202640687114 0.0 206.25
55.945078874128136 -3.1885202640687114 E 55.945078874128136 -3.188220264068711 0.0 205.0
55.945078874128136 -3.188220264068711 W 55.945078874128136 -3.1885202640687114 0.0 203.75
55.945078874128136 -3.1885202640687114 S 55.94477887412813 -3.1885202640687114 0.0 202.5
55.94477887412813 -3.1885202640687114 N 55.945078874128136 -3.1885202640687114 0.0 201.25
55.945078874128136 -3.1885202640687114 SW 55.94486674209378 -3.188732396103067 0.0 200.0
55.94486674209378 -3.188732396103067 NE 55.945078874128136 -3.1885202640687114 0.0 198.75
55.945078874128136 -3.1885202640687114 WSW 55.944964069098425 -3.1887974279284648 0.0 197.5
55.944964069098425 -3.1887974279284648 E 55.944964069098425 -3.1884974279284646 0.0 196.25
55.944964069098425 -3.1884974279284646 W 55.944964069098425 -3.1887974279284648 0.0 195.0
55.944964069098425 -3.1887974279284648 ESE 55.944849264068715 -3.1885202640687114 0.0 193.75
55.944849264068715 -3.1885202640687114 WNW 55.944964069098425 -3.1887974279284648 0.0 192.5
55.944964069098425 -3.1887974279284648 SSE 55.94468690523867 -3.1886826228987553 0.0 191.25
55.94468690523867 -3.1886826228987553 NNW 55.944964069098425 -3.1887974279284648 0.0 190.0
55.944964069098425 -3.1887974279284648 S 55.94466406909842 -3.1887974279284648 0.0 188.75
55.94466406909842 -3.1887974279284648 N 55.944964069098425 -3.1887974279284648 0.0 187.5
55.944964069098425 -3.1887974279284648 SSW 55.94468690523867 -3.1889122329581743 0.0 186.25
55.94468690523867 -3.1889122329581743 NNE 55.944964069098425 -3.1887974279284648 0.0 185.0
55.944964069098425 -3.1887974279284648 SSW 55.94468690523867 -3.1889122329581743 0.0 183.75
55.94468690523867 -3.1889122329581743 N 55.94498690523867 -3.1889122329581743 0.0 182.5
55.94498690523867 -3.1889122329581743 S 55.94468690523867 -3.1889122329581743 0.0 181.25
55.94468690523867 -3.1889122329581743 NNW 55.944964069098425 -3.189027037987884 0.0 180.0
55.944964069098425 -3.189027037987884 SSE 55.94468690523867 -3.1889122329581743 0.0 178.75
55.94468690523867 -3.1889122329581743 NNW 55.944964069098425 -3.189027037987884 0.0 177.5
55.944964069098425 -3.189027037987884 SSE 55.94468690523867 -3.1889122329581743 0.0 176.25
55.94468690523867 -3.1889122329581743 NNW 55.944964069098425 -3.189027037987884 0.0 175.0
55.944964069098425 -3.189027037987884 WNW 55.945078874128136 -3.189304201847637 26.654504776000977 204.6126823425293
55.945078874128136 -3.189304201847637 ESE 55.944964069098425 -3.189027037987884 26.654504776000977 203.3626823425293
55.944964069098425 -3.189027037987884 WSW 55.944849264068715 -3.189304201847637 135.6201877593994 301.54411697387695
55.944849264068715 -3.189304201847637 ENE 55.944964069098425 -3.189027037987884 135.6201877593994 300.29411697387695
55.944964069098425 -3.189027037987884 ENE 55.945078874128136 -3.1887498741281304 135.6201877593994 299.04411697387695
55.945078874128136 -3.1887498741281304 WSW 55.944964069098425 -3.189027037987884 135.6201877593994 297.79411697387695
55.944964069098425 -3.189027037987884 ENE 55.945078874128136 -3.1887498741281304 135.6201877593994 296.54411697387695
55.945078874128136 -3.1887498741281304 WSW 55.944964069098425 -3.189027037987884 135.6201877593994 295.29411697387695
55.944964069098425 -3.189027037987884 ENE 55.945078874128136 -3.1887498741281304 135.6201877593994 294.04411697387695
55.945078874128136 -3.1887498741281304 SW 55.94486674209378 -3.188962006162486 135.6201877593994 292.79411697387695
55.94486674209378 -3.188962006162486 NE 55.945078874128136 -3.1887498741281304 135.6201877593994 291.54411697387695
55.945078874128136 -3.1887498741281304 N 55.94537887412814 -3.1887498741281304 135.6201877593994 290.29411697387695
55.94537887412814 -3.1887498741281304 S 55.945078874128136 -3.1887498741281304 135.6201877593994 289.04411697387695
55.945078874128136 -3.1887498741281304 N 55.94537887412814 -3.1887498741281304 135.6201877593994 287.79411697387695
55.94537887412814 -3.1887498741281304 S 55.945078874128136 -3.1887498741281304 135.6201877593994 286.54411697387695
55.945078874128136 -3.1887498741281304 NNE 55.94535603798789 -3.188635069098421 135.6201877593994 285.29411697387695
55.94535603798789 -3.188635069098421 S 55.94505603798789 -3.188635069098421 135.6201877593994 284.04411697387695
55.94505603798789 -3.188635069098421 NNW 55.945333201847646 -3.1887498741281304 135.6201877593994 282.79411697387695
55.945333201847646 -3.1887498741281304 SE 55.94512106981329 -3.1885377420937746 135.6201877593994 281.54411697387695
55.94512106981329 -3.1885377420937746 NNE 55.945398233673046 -3.188422937064065 135.6201877593994 280.29411697387695
55.945398233673046 -3.188422937064065 SSW 55.94512106981329 -3.1885377420937746 135.6201877593994 279.04411697387695
55.94512106981329 -3.1885377420937746 E 55.94512106981329 -3.1882377420937744 135.6201877593994 277.79411697387695
55.94512106981329 -3.1882377420937744 W 55.94512106981329 -3.1885377420937746 135.6201877593994 276.54411697387695
55.94512106981329 -3.1885377420937746 E 55.94512106981329 -3.1882377420937744 135.6201877593994 275.29411697387695
55.94512106981329 -3.1882377420937744 NNE 55.945398233673046 -3.188122937064065 135.6201877593994 274.04411697387695
55.945398233673046 -3.188122937064065 SW 55.94518610163869 -3.1883350690984207 135.6201877593994 272.79411697387695
55.94518610163869 -3.1883350690984207 NE 55.945398233673046 -3.188122937064065 135.6201877593994 271.54411697387695
55.945398233673046 -3.188122937064065 SW 55.94518610163869 -3.1883350690984207 135.6201877593994 270.29411697387695
55.94518610163869 -3.1883350690984207 E 55.94518610163869 -3.1880350690984205 135.6201877593994 269.04411697387695
55.94518610163869 -3.1880350690984205 W 55.94518610163869 -3.1883350690984207 135.6201877593994 267.79411697387695
55.94518610163869 -3.1883350690984207 SE 55.944973969604334 -3.188122937064065 135.6201877593994 266.54411697387695
55.944973969604334 -3.188122937064065 NW 55.94518610163869 -3.1883350690984207 135.6201877593994 265.29411697387695
55.94518610163869 -3.1883350690984207 SSE 55.94490893777893 -3.188220264068711 135.6201877593994 264.04411697387695
55.94490893777893 -3.188220264068711 N 55.945208937778936 -3.188220264068711 135.6201877593994 262.79411697387695
55.945208937778936 -3.188220264068711 S 55.94490893777893 -3.188220264068711 135.6201877593994 261.54411697387695
55.94490893777893 -3.188220264068711 ENE 55.945023742808644 -3.1879431002089578 135.6201877593994 260.29411697387695
55.945023742808644 -3.1879431002089578 WSW 55.94490893777893 -3.188220264068711 135.6201877593994 259.04411697387695
55.94490893777893 -3.188220264068711 SW 55.94469680574458 -3.188432396103067 135.6201877593994 257.79411697387695
55.94469680574458 -3.188432396103067 NE 55.94490893777893 -3.188220264068711 135.6201877593994 256.54411697387695
55.94490893777893 -3.188220264068711 SW 55.94469680574458 -3.188432396103067 135.6201877593994 255.29411697387695
55.94469680574458 -3.188432396103067 NE 55.94490893777893 -3.188220264068711 135.6201877593994 254.04411697387695
55.94490893777893 -3.188220264068711 WNW 55.945023742808644 -3.1884974279284646 135.6201877593994 252.79411697387695
55.945023742808644 -3.1884974279284646 SE 55.94481161077429 -3.188285295894109 135.6201877593994 251.54411697387695
55.94481161077429 -3.188285295894109 ENE 55.944926415804 -3.1880081320343554 135.6201877593994 250.29411697387695
55.944926415804 -3.1880081320343554 WSW 55.94481161077429 -3.188285295894109 135.6201877593994 249.04411697387695
55.94481161077429 -3.188285295894109 ENE 55.944926415804 -3.1880081320343554 135.6201877593994 247.79411697387695
55.944926415804 -3.1880081320343554 WSW 55.94481161077429 -3.188285295894109 135.6201877593994 246.54411697387695
55.94481161077429 -3.188285295894109 ENE 55.944926415804 -3.1880081320343554 135.6201877593994 245.29411697387695
55.944926415804 -3.1880081320343554 E 55.944926415804 -3.187708132034355 135.6201877593994 244.04411697387695
55.944926415804 -3.187708132034355 W 55.944926415804 -3.1880081320343554 135.6201877593994 242.79411697387695
55.944926415804 -3.1880081320343554 WSW 55.94481161077429 -3.188285295894109 135.6201877593994 241.54411697387695
55.94481161077429 -3.188285295894109 ENE 55.944926415804 -3.1880081320343554 135.6201877593994 240.29411697387695
55.944926415804 -3.1880081320343554 SSE 55.94464925194424 -3.187893327004646 135.6201877593994 239.04411697387695
55.94464925194424 -3.187893327004646 NNW 55.944926415804 -3.1880081320343554 135.6201877593994 237.79411697387695
55.944926415804 -3.1880081320343554 SE 55.94471428376964 -3.1877959999999996 135.6201877593994 236.54411697387695
55.94471428376964 -3.1877959999999996 NW 55.944926415804 -3.1880081320343554 135.6201877593994 235.29411697387695
55.944926415804 -3.1880081320343554 E 55.944926415804 -3.187708132034355 135.6201877593994 234.04411697387695
55.944926415804 -3.187708132034355 W 55.944926415804 -3.1880081320343554 135.6201877593994 232.79411697387695
55.944926415804 -3.1880081320343554 NE 55.945138547838354 -3.1877959999999996 135.6201877593994 231.54411697387695
55.945138547838354 -3.1877959999999996 WSW 55.945023742808644 -3.188073163859753 135.6201877593994 230.29411697387695
55.945023742808644 -3.188073163859753 NE 55.945235874843 -3.1878610318253973 135.6201877593994 229.04411697387695
55.945235874843 -3.1878610318253973 WSW 55.94512106981329 -3.1881381956851507 135.6201877593994 227.79411697387695
55.94512106981329 -3.1881381956851507 E 55.94512106981329 -3.1878381956851505 135.6201877593994 226.54411697387695
55.94512106981329 -3.1878381956851505 W 55.94512106981329 -3.1881381956851507 135.6201877593994 225.29411697387695
55.94512106981329 -3.1881381956851507 SSE 55.94484390595353 -3.188023390655441 135.6201877593994 224.04411697387695
55.94484390595353 -3.188023390655441 NNW 55.94512106981329 -3.1881381956851507 135.6201877593994 222.79411697387695
55.94512106981329 -3.1881381956851507 SSW 55.94484390595353 -3.18825300071486 135.6201877593994 221.54411697387695
55.94484390595353 -3.18825300071486 ESE 55.94472910092382 -3.1879758368551068 135.6201877593994 220.29411697387695
55.94472910092382 -3.1879758368551068 WNW 55.94484390595353 -3.18825300071486 135.6201877593994 219.04411697387695
55.94484390595353 -3.18825300071486 ESE 55.94472910092382 -3.1879758368551068 135.6201877593994 217.79411697387695
55.94472910092382 -3.1879758368551068 WNW 55.94484390595353 -3.18825300071486 135.6201877593994 216.54411697387695
55.94484390595353 -3.18825300071486 E 55.94484390595353 -3.18795300071486 135.6201877593994 215.29411697387695
55.94484390595353 -3.18795300071486 SSW 55.94456674209378 -3.1880678057445695 135.6201877593994 214.04411697387695
55.94456674209378 -3.1880678057445695 NNE 55.94484390595353 -3.18795300071486 135.6201877593994 212.79411697387695
55.94484390595353 -3.18795300071486 S 55.94454390595353 -3.18795300071486 135.6201877593994 211.54411697387695
55.94454390595353 -3.18795300071486 N 55.94484390595353 -3.18795300071486 135.6201877593994 210.29411697387695
55.94484390595353 -3.18795300071486 SSW 55.94456674209378 -3.1880678057445695 135.6201877593994 209.04411697387695
55.94456674209378 -3.1880678057445695 E 55.94456674209378 -3.1877678057445693 135.6201877593994 207.79411697387695
55.94456674209378 -3.1877678057445693 W 55.94456674209378 -3.1880678057445695 135.6201877593994 206.54411697387695
55.94456674209378 -3.1880678057445695 E 55.94456674209378 -3.1877678057445693 135.6201877593994 205.29411697387695
55.94456674209378 -3.1877678057445693 W 55.94456674209378 -3.1880678057445695 135.6201877593994 204.04411697387695
55.94456674209378 -3.1880678057445695 E 55.94456674209378 -3.1877678057445693 135.6201877593994 202.79411697387695
55.94456674209378 -3.1877678057445693 WSW 55.944451937064066 -3.1880449696043227 135.6201877593994 201.54411697387695
55.944451937064066 -3.1880449696043227 ENE 55.94456674209378 -3.1877678057445693 135.6201877593994 200.29411697387695
55.94456674209378 -3.1877678057445693 N 55.94486674209378 -3.1877678057445693 135.6201877593994 199.04411697387695
55.94486674209378 -3.1877678057445693 S 55.94456674209378 -3.1877678057445693 135.6201877593994 197.79411697387695
55.94456674209378 -3.1877678057445693 S 55.944266742093774 -3.1877678057445693 135.6201877593994 196.54411697387695
55.944266742093774 -3.1877678057445693 N 55.94456674209378 -3.1877678057445693 135.6201877593994 195.29411697387695
55.94456674209378 -3.1877678057445693 SSE 55.94428957823402 -3.18765300071486 135.6201877593994 194.04411697387695
55.94428957823402 -3.18765300071486 N 55.94458957823402 -3.18765300071486 135.6201877593994 192.79411697387695
55.94458957823402 -3.18765300071486 S 55.94428957823402 -3.18765300071486 135.6201877593994 191.54411697387695
55.94428957823402 -3.18765300071486 N 55.94458957823402 -3.18765300071486 135.6201877593994 190.29411697387695
55.94458957823402 -3.18765300071486 S 55.94428957823402 -3.18765300071486 135.6201877593994 189.04411697387695
55.94428957823402 -3.18765300071486 N 55.94458957823402 -3.18765300071486 135.6201877593994 187.79411697387695
55.94458957823402 -3.18765300071486 WNW 55.94470438326373 -3.187930164574613 135.6201877593994 186.54411697387695
55.94470438326373 -3.187930164574613 ESE 55.94458957823402 -3.18765300071486 135.6201877593994 185.29411697387695
55.94458957823402 -3.18765300071486 WNW 55.94470438326373 -3.187930164574613 135.6201877593994 184.04411697387695
55.94470438326373 -3.187930164574613 ESE 55.94458957823402 -3.18765300071486 135.6201877593994 182.79411697387695
55.94458957823402 -3.18765300071486 WNW 55.94470438326373 -3.187930164574613 135.6201877593994 181.54411697387695
55.94470438326373 -3.187930164574613 E 55.94470438326373 -3.187630164574613 245.4220676422119 192.52996444702148
55.94470438326373 -3.187630164574613 W 55.94470438326373 -3.187930164574613 245.4220676422119 191.27996444702148
55.94470438326373 -3.187930164574613 ENE 55.944819188293444 -3.18765300071486 245.4220676422119 190.02996444702148
55.944819188293444 -3.18765300071486 SW 55.94460705625909 -3.1878651327492156 245.4220676422119 188.77996444702148
55.94460705625909 -3.1878651327492156 ENE 55.9447218612888 -3.187587968889462 245.4220676422119 187.52996444702148
55.9447218612888 -3.187587968889462 S 55.944421861288795 -3.187587968889462 245.4220676422119 186.27996444702148
55.944421861288795 -3.187587968889462 N 55.9447218612888 -3.187587968889462 245.4220676422119 185.02996444702148
55.9447218612888 -3.187587968889462 WSW 55.94460705625909 -3.1878651327492156 245.4220676422119 183.77996444702148
55.94460705625909 -3.1878651327492156 ENE 55.9447218612888 -3.187587968889462 245.4220676422119 182.52996444702148
55.9447218612888 -3.187587968889462 SW 55.94450972925444 -3.187800100923818 253.83436489105225 280.4382438659668
55.94450972925444 -3.187800100923818 NE 55.9447218612888 -3.187587968889462 253.83436489105225 279.1882438659668
55.9447218612888 -3.187587968889462 N 55.9450218612888 -3.187587968889462 253.83436489105225 277.9382438659668
55.9450218612888 -3.187587968889462 SSE 55.944744697429044 -3.1874731638597527 253.83436489105225 276.6882438659668
55.944744697429044 -3.1874731638597527 NW 55.9449568294634 -3.1876852958941084 253.83436489105225 275.4382438659668
55.9449568294634 -3.1876852958941084 SE 55.944744697429044 -3.1874731638597527 253.83436489105225 274.1882438659668
55.944744697429044 -3.1874731638597527 SE 55.94453256539469 -3.187261031825397 253.83436489105225 272.9382438659668
55.94453256539469 -3.187261031825397 NW 55.944744697429044 -3.1874731638597527 253.83436489105225 271.6882438659668
55.944744697429044 -3.1874731638597527 NW 55.9449568294634 -3.1876852958941084 253.83436489105225 270.4382438659668
55.9449568294634 -3.1876852958941084 SE 55.944744697429044 -3.1874731638597527 253.83436489105225 269.1882438659668
55.944744697429044 -3.1874731638597527 SSE 55.94446753356929 -3.187358358830043 253.83436489105225 267.9382438659668
55.94446753356929 -3.187358358830043 N 55.94476753356929 -3.187358358830043 314.91457653045654 338.88156509399414
55.94476753356929 -3.187358358830043 ENE 55.944882338599 -3.1870811949702897 435.6932706832886 436.09704208374023
55.944882338599 -3.1870811949702897 WSW 55.94476753356929 -3.187358358830043 435.6932706832886 434.84704208374023
55.94476753356929 -3.187358358830043 ENE 55.944882338599 -3.1870811949702897 435.6932706832886 433.59704208374023
55.944882338599 -3.1870811949702897 WSW 55.94476753356929 -3.187358358830043 435.6932706832886 432.34704208374023
55.94476753356929 -3.187358358830043 E 55.94476753356929 -3.187058358830043 547.5841703414917 516.0216331481934
55.94476753356929 -3.187058358830043 W 55.94476753356929 -3.187358358830043 547.5841703414917 514.7716331481934
55.94476753356929 -3.187358358830043 N 55.94506753356929 -3.187358358830043 599.2307424545288 543.6224899291992
55.94506753356929 -3.187358358830043 S 55.94476753356929 -3.187358358830043 599.2307424545288 542.3724899291992
55.94476753356929 -3.187358358830043 ENE 55.944882338599 -3.1870811949702897 599.2307424545288 541.1224899291992
55.944882338599 -3.1870811949702897 WSW 55.94476753356929 -3.187358358830043 599.2307424545288 539.8724899291992
55.94476753356929 -3.187358358830043 ESE 55.94465272853958 -3.1870811949702897 696.6095571517944 634.1686248779297
55.94465272853958 -3.1870811949702897 W 55.94465272853958 -3.18738119497029 802.3280477523804 643.6720895767212
55.94465272853958 -3.18738119497029 E 55.94465272853958 -3.1870811949702897 802.3280477523804 642.4220895767212
55.94465272853958 -3.1870811949702897 W 55.94465272853958 -3.18738119497029 802.3280477523804 641.1720895767212
55.94465272853958 -3.18738119497029 SE 55.944440596505224 -3.187169062935934 802.3280477523804 639.9220895767212
55.944440596505224 -3.187169062935934 NW 55.94465272853958 -3.18738119497029 802.3280477523804 638.6720895767212
55.94465272853958 -3.18738119497029 SE 55.944440596505224 -3.187169062935934 802.3280477523804 637.4220895767212
55.944440596505224 -3.187169062935934 NW 55.94465272853958 -3.18738119497029 802.3280477523804 636.1720895767212
55.94465272853958 -3.18738119497029 SE 55.944440596505224 -3.187169062935934 802.3280477523804 634.9220895767212
55.944440596505224 -3.187169062935934 WNW 55.944555401534934 -3.1874462267956876 861.9005117416382 704.1337900161743
55.944555401534934 -3.1874462267956876 ESE 55.944440596505224 -3.187169062935934 861.9005117416382 702.8837900161743
55.944440596505224 -3.187169062935934 WNW 55.944555401534934 -3.1874462267956876 861.9005117416382 701.6337900161743
55.944555401534934 -3.1874462267956876 ESE 55.944440596505224 -3.187169062935934 861.9005117416382 700.3837900161743
55.944440596505224 -3.187169062935934 WNW 55.944555401534934 -3.1874462267956876 861.9005117416382 699.1337900161743
55.944555401534934 -3.1874462267956876 W 55.944555401534934 -3.1877462267956878 861.9005117416382 697.8837900161743
55.944555401534934 -3.1877462267956878 E 55.944555401534934 -3.1874462267956876 861.9005117416382 696.6337900161743
55.944555401534934 -3.1874462267956876 SW 55.94434326950058 -3.1876583588300433 861.9005117416382 695.3837900161743
55.94434326950058 -3.1876583588300433 NE 55.944555401534934 -3.1874462267956876 861.9005117416382 694.1337900161743
55.944555401534934 -3.1874462267956876 ESE 55.944440596505224 -3.187169062935934 861.9005117416382 692.8837900161743
55.944440596505224 -3.187169062935934 WNW 55.944555401534934 -3.1874462267956876 861.9005117416382 691.6337900161743
55.944555401534934 -3.1874462267956876 SW 55.94434326950058 -3.1876583588300433 861.9005117416382 690.3837900161743
55.94434326950058 -3.1876583588300433 NE 55.944555401534934 -3.1874462267956876 861.9005117416382 689.1337900161743
55.944555401534934 -3.1874462267956876 W 55.944555401534934 -3.1877462267956878 861.9005117416382 687.8837900161743
55.944555401534934 -3.1877462267956878 E 55.944555401534934 -3.1874462267956876 861.9005117416382 686.6337900161743
55.944555401534934 -3.1874462267956876 NNW 55.94483256539469 -3.187561031825397 861.9005117416382 685.3837900161743
55.94483256539469 -3.187561031825397 E 55.94483256539469 -3.187261031825397 861.9005117416382 684.1337900161743
55.94483256539469 -3.187261031825397 W 55.94483256539469 -3.187561031825397 861.9005117416382 682.8837900161743
55.94483256539469 -3.187561031825397 NE 55.94504469742905 -3.1873488997910413 861.9005117416382 681.6337900161743
55.94504469742905 -3.1873488997910413 SW 55.94483256539469 -3.187561031825397 861.9005117416382 680.3837900161743
55.94483256539469 -3.187561031825397 NE 55.94504469742905 -3.1873488997910413 861.9005117416382 679.1337900161743
55.94504469742905 -3.1873488997910413 W 55.94504469742905 -3.1876488997910415 861.9005117416382 677.8837900161743
55.94504469742905 -3.1876488997910415 E 55.94504469742905 -3.1873488997910413 861.9005117416382 676.6337900161743
55.94504469742905 -3.1873488997910413 NW 55.9452568294634 -3.187561031825397 861.9005117416382 675.3837900161743
55.9452568294634 -3.187561031825397 SE 55.94504469742905 -3.1873488997910413 861.9005117416382 674.1337900161743
55.94504469742905 -3.1873488997910413 NW 55.9452568294634 -3.187561031825397 861.9005117416382 672.8837900161743
55.9452568294634 -3.187561031825397 ESE 55.94514202443369 -3.1872838679656437 922.2581243515015 671.688393484801
55.94514202443369 -3.1872838679656437 WNW 55.9452568294634 -3.187561031825397 922.2581243515015 670.438393484801
55.9452568294634 -3.187561031825397 E 55.9452568294634 -3.187261031825397 922.2581243515015 669.188393484801
55.9452568294634 -3.187261031825397 WNW 55.945371634493114 -3.1875381956851503 1028.1376028060913 738.7949150912464
55.945371634493114 -3.1875381956851503 E 55.945371634493114 -3.18723819568515 1028.1376028060913 737.5449150912464
55.945371634493114 -3.18723819568515 W 55.945371634493114 -3.1875381956851503 1028.1376028060913 736.2949150912464
55.945371634493114 -3.1875381956851503 E 55.945371634493114 -3.18723819568515 1028.1376028060913 735.0449150912464
55.945371634493114 -3.18723819568515 W 55.945371634493114 -3.1875381956851503 1028.1376028060913 733.7949150912464
55.945371634493114 -3.1875381956851503 E 55.945371634493114 -3.18723819568515 1028.1376028060913 732.5449150912464
55.945371634493114 -3.18723819568515 W 55.945371634493114 -3.1875381956851503 1028.1376028060913 731.2949150912464
55.945371634493114 -3.1875381956851503 E 55.945371634493114 -3.18723819568515 1028.1376028060913 730.0449150912464
55.945371634493114 -3.18723819568515 NNW 55.94564879835287 -3.1873530007148596 1046.1161489486694 763.752041708678
55.94564879835287 -3.1873530007148596 SSE 55.945371634493114 -3.18723819568515 1046.1161489486694 762.502041708678
55.945371634493114 -3.18723819568515 W 55.945371634493114 -3.1875381956851503 1046.1161489486694 761.252041708678
55.945371634493114 -3.1875381956851503 E 55.945371634493114 -3.18723819568515 1046.1161489486694 760.002041708678
55.945371634493114 -3.18723819568515 ESE 55.9452568294634 -3.1869610318253967 1046.1161489486694 758.752041708678
55.9452568294634 -3.1869610318253967 WNW 55.945371634493114 -3.18723819568515 1046.1161489486694 757.502041708678
55.945371634493114 -3.18723819568515 SE 55.94515950245876 -3.1870260636507943 1046.1161489486694 756.252041708678
55.94515950245876 -3.1870260636507943 NW 55.945371634493114 -3.18723819568515 1046.1161489486694 755.002041708678
55.945371634493114 -3.18723819568515 SE 55.94515950245876 -3.1870260636507943 1046.1161489486694 753.752041708678
55.94515950245876 -3.1870260636507943 NW 55.945371634493114 -3.18723819568515 1046.1161489486694 752.502041708678
55.945371634493114 -3.18723819568515 S 55.94507163449311 -3.18723819568515 1046.1161489486694 751.252041708678
55.94507163449311 -3.18723819568515 N 55.945371634493114 -3.18723819568515 1046.1161489486694 750.002041708678
55.945371634493114 -3.18723819568515 S 55.94507163449311 -3.18723819568515 1046.1161489486694 748.752041708678
55.94507163449311 -3.18723819568515 N 55.945371634493114 -3.18723819568515 1046.1161489486694 747.502041708678
