55.944425 -3.188396 SW 55.944212867965646 -3.188608132034356 0.0 248.75
55.944212867965646 -3.188608132034356 NE 55.944425 -3.188396 0.0 247.5
55.944425 -3.188396 ESE 55.94431019497029 -3.1881188361402466 0.0 246.25
55.94431019497029 -3.1881188361402466 WNW 55.944425 -3.188396 0.0 245.0
55.944425 -3.188396 E 55.944425 -3.188096 0.0 243.75
55.944425 -3.188096 NW 55.94463713203436 -3.1883081320343556 0.0 242.5
55.94463713203436 -3.1883081320343556 SE 55.944425 -3.188096 0.0 241.25
55.944425 -3.188096 NW 55.94463713203436 -3.1883081320343556 0.0 240.0
55.94463713203436 -3.1883081320343556 ENE 55.94475193706407 -3.188030968174602 0.0 238.75
55.94475193706407 -3.188030968174602 W 55.94475193706407 -3.1883309681746024 0.0 237.5
55.94475193706407 -3.1883309681746024 WSW 55.94463713203436 -3.188608132034356 0.0 236.25
55.94463713203436 -3.188608132034356 NE 55.944849264068715 -3.188396 0.0 235.0
55.944849264068715 -3.188396 SW 55.94463713203436 -3.188608132034356 0.0 233.75
55.94463713203436 -3.188608132034356 NNE 55.944914295894115 -3.1884933270046463 0.0 232.5
55.944914295894115 -3.1884933270046463 WNW 55.945029100923826 -3.1887704908643997 11.867860794067383 347.7981872558594
55.945029100923826 -3.1887704908643997 E 55.945029100923826 -3.1884704908643995 128.90411567687988 457.4065399169922
55.945029100923826 -3.1884704908643995 SSE 55.94475193706407 -3.18835568583469 128.90411567687988 456.1565399169922
55.94475193706407 -3.18835568583469 N 55.94505193706407 -3.18835568583469 199.22532081604004 577.4298477172852
55.94505193706407 -3.18835568583469 NE 55.94526406909843 -3.188143553800334 199.22532081604004 576.1798477172852
55.94526406909843 -3.188143553800334 SW 55.94505193706407 -3.18835568583469 199.22532081604004 574.9298477172852
55.94505193706407 -3.18835568583469 NE 55.94526406909843 -3.188143553800334 199.22532081604004 573.6798477172852
55.94526406909843 -3.188143553800334 WNW 55.94537887412814 -3.1884207176600876 226.8250675201416 681.9804992675781
55.94537887412814 -3.1884207176600876 ESE 55.94526406909843 -3.188143553800334 226.8250675201416 680.7304992675781
55.94526406909843 -3.188143553800334 WNW 55.94537887412814 -3.1884207176600876 226.8250675201416 679.4804992675781
55.94537887412814 -3.1884207176600876 NNW 55.945656037987895 -3.188535522689797 226.8250675201416 678.2304992675781
55.945656037987895 -3.188535522689797 SSE 55.94537887412814 -3.1884207176600876 226.8250675201416 676.9804992675781
55.94537887412814 -3.1884207176600876 NNW 55.945656037987895 -3.188535522689797 226.8250675201416 675.7304992675781
55.945656037987895 -3.188535522689797 SE 55.94544390595354 -3.1883233906554413 265.82874488830566 724.1228065490723
55.94544390595354 -3.1883233906554413 NW 55.945656037987895 -3.188535522689797 265.82874488830566 722.8728065490723
55.945656037987895 -3.188535522689797 SSE 55.94537887412814 -3.1884207176600876 265.82874488830566 721.6228065490723
55.94537887412814 -3.1884207176600876 NNW 55.945656037987895 -3.188535522689797 265.82874488830566 720.3728065490723
55.945656037987895 -3.188535522689797 ESE 55.945541232958185 -3.1882583588300437 348.6198444366455 835.4072380065918
55.945541232958185 -3.1882583588300437 WNW 55.945656037987895 -3.188535522689797 348.6198444366455 834.1572380065918
55.945656037987895 -3.188535522689797 ESE 55.945541232958185 -3.1882583588300437 348.6198444366455 832.9072380065918
55.945541232958185 -3.1882583588300437 NNW 55.94581839681794 -3.1883731638597532 463.08242988586426 896.5281944274902
55.94581839681794 -3.1883731638597532 SSE 55.945541232958185 -3.1882583588300437 463.08242988586426 895.2781944274902
55.945541232958185 -3.1882583588300437 NNW 55.94581839681794 -3.1883731638597532 463.08242988586426 894.0281944274902
55.94581839681794 -3.1883731638597532 SSE 55.945541232958185 -3.1882583588300437 463.08242988586426 892.7781944274902
55.945541232958185 -3.1882583588300437 NE 55.94575336499254 -3.188046226795688 463.08242988586426 891.5281944274902
55.94575336499254 -3.188046226795688 SW 55.945541232958185 -3.1882583588300437 463.08242988586426 890.2781944274902
55.945541232958185 -3.1882583588300437 NE 55.94575336499254 -3.188046226795688 463.08242988586426 889.0281944274902
55.94575336499254 -3.188046226795688 ESE 55.94563855996283 -3.1877690629359345 463.08242988586426 887.7781944274902
55.94563855996283 -3.1877690629359345 WNW 55.94575336499254 -3.188046226795688 463.08242988586426 886.5281944274902
55.94575336499254 -3.188046226795688 WNW 55.94586817002225 -3.1883233906554413 463.08242988586426 885.2781944274902
55.94586817002225 -3.1883233906554413 SE 55.945656037987895 -3.1881112586210856 463.08242988586426 884.0281944274902
55.945656037987895 -3.1881112586210856 WNW 55.945770843017606 -3.188388422480839 463.08242988586426 882.7781944274902
55.945770843017606 -3.188388422480839 S 55.9454708430176 -3.188388422480839 541.8147983551025 910.1394481658936
55.9454708430176 -3.188388422480839 N 55.945770843017606 -3.188388422480839 541.8147983551025 908.8894481658936
55.945770843017606 -3.188388422480839 SE 55.94555871098325 -3.188176290446483 657.5329456329346 927.0837173461914
55.94555871098325 -3.188176290446483 NW 55.945770843017606 -3.188388422480839 657.5329456329346 925.8337173461914
55.945770843017606 -3.188388422480839 NW 55.94598297505196 -3.1886005545151948 765.1451206207275 932.390754699707
55.94598297505196 -3.1886005545151948 SE 55.945770843017606 -3.188388422480839 765.1451206207275 931.140754699707
55.945770843017606 -3.188388422480839 N 55.94607084301761 -3.188388422480839 886.9571399688721 1029.6744689941406
55.94607084301761 -3.188388422480839 SSW 55.94579367915785 -3.1885032275105485 886.9571399688721 1028.4244689941406
55.94579367915785 -3.1885032275105485 N 55.946093679157855 -3.1885032275105485 1004.1065998077393 1068.828456878662
55.946093679157855 -3.1885032275105485 WNW 55.946208484187565 -3.188780391370302 1081.4047107696533 1135.5914344787598
55.946208484187565 -3.188780391370302 ESE 55.946093679157855 -3.1885032275105485 1081.4047107696533 1134.3414344787598
55.946093679157855 -3.1885032275105485 E 55.946093679157855 -3.1882032275105483 1081.4047107696533 1133.0914344787598
55.946093679157855 -3.1882032275105483 W 55.946093679157855 -3.1885032275105485 1081.4047107696533 1131.8414344787598
55.946093679157855 -3.1885032275105485 E 55.946093679157855 -3.1882032275105483 1081.4047107696533 1130.5914344787598
55.946093679157855 -3.1882032275105483 W 55.946093679157855 -3.1885032275105485 1081.4047107696533 1129.3414344787598
55.946093679157855 -3.1885032275105485 ESE 55.945978874128144 -3.188226063650795 1081.4047107696533 1128.0914344787598
55.945978874128144 -3.188226063650795 NE 55.9461910061625 -3.1880139316164393 1081.4047107696533 1126.8414344787598
55.9461910061625 -3.1880139316164393 WSW 55.94607620113279 -3.1882910954761927 1081.4047107696533 1125.5914344787598
55.94607620113279 -3.1882910954761927 ESE 55.94596139610308 -3.1880139316164393 1081.4047107696533 1124.3414344787598
55.94596139610308 -3.1880139316164393 WSW 55.94584659107337 -3.1882910954761927 1081.4047107696533 1123.0914344787598
55.94584659107337 -3.1882910954761927 E 55.94584659107337 -3.1879910954761925 1081.4047107696533 1121.8414344787598
55.94584659107337 -3.1879910954761925 NNW 55.946123754933126 -3.188105900505902 1081.4047107696533 1120.5914344787598
55.946123754933126 -3.188105900505902 ESE 55.946008949903415 -3.1878287366461486 1081.4047107696533 1119.3414344787598
55.946008949903415 -3.1878287366461486 W 55.946008949903415 -3.188128736646149 1081.4047107696533 1118.0914344787598
55.946008949903415 -3.188128736646149 ESE 55.945894144873705 -3.1878515727863954 1081.4047107696533 1116.8414344787598
55.945894144873705 -3.1878515727863954 N 55.94619414487371 -3.1878515727863954 1081.4047107696533 1115.5914344787598
55.94619414487371 -3.1878515727863954 S 55.945894144873705 -3.1878515727863954 1081.4047107696533 1114.3414344787598
55.945894144873705 -3.1878515727863954 ESE 55.945779339843995 -3.187574408926642 1081.4047107696533 1113.0914344787598
55.945779339843995 -3.187574408926642 WNW 55.945894144873705 -3.1878515727863954 1081.4047107696533 1111.8414344787598
55.945894144873705 -3.1878515727863954 ENE 55.946008949903415 -3.187574408926642 1109.9077758789062 1214.9252891540527
55.946008949903415 -3.187574408926642 WSW 55.945894144873705 -3.1878515727863954 1109.9077758789062 1213.6752891540527
55.945894144873705 -3.1878515727863954 NE 55.94610627690806 -3.1876394407520396 1109.9077758789062 1212.4252891540527
55.94610627690806 -3.1876394407520396 WSW 55.94599147187835 -3.187916604611793 1109.9077758789062 1211.1752891540527
55.94599147187835 -3.187916604611793 NE 55.94620360391271 -3.1877044725774373 1109.9077758789062 1209.9252891540527
55.94620360391271 -3.1877044725774373 SW 55.94599147187835 -3.187916604611793 1109.9077758789062 1208.6752891540527
55.94599147187835 -3.187916604611793 NE 55.94620360391271 -3.1877044725774373 1109.9077758789062 1207.4252891540527
55.94620360391271 -3.1877044725774373 WSW 55.946088798883 -3.1879816364371907 1189.0020370483398 1301.4151344299316
55.946088798883 -3.1879816364371907 SSW 55.94581163502324 -3.1880964414669 1213.2596588134766 1379.7620429992676
55.94581163502324 -3.1880964414669 NNE 55.946088798883 -3.1879816364371907 1213.2596588134766 1378.5120429992676
55.946088798883 -3.1879816364371907 WNW 55.94620360391271 -3.188258800296944 1213.2596588134766 1377.2620429992676
55.94620360391271 -3.188258800296944 ESE 55.946088798883 -3.1879816364371907 1213.2596588134766 1376.0120429992676
55.946088798883 -3.1879816364371907 WNW 55.94620360391271 -3.188258800296944 1213.2596588134766 1374.7620429992676
55.94620360391271 -3.188258800296944 W 55.94620360391271 -3.1885588002969443 1213.2596588134766 1373.5120429992676
55.94620360391271 -3.1885588002969443 E 55.94620360391271 -3.188258800296944 1213.2596588134766 1372.2620429992676
55.94620360391271 -3.188258800296944 W 55.94620360391271 -3.1885588002969443 1213.2596588134766 1371.0120429992676
55.94620360391271 -3.1885588002969443 SSW 55.94592644005295 -3.188673605326654 1213.2596588134766 1369.7620429992676
55.94592644005295 -3.188673605326654 NNE 55.94620360391271 -3.1885588002969443 1213.2596588134766 1368.5120429992676
55.94620360391271 -3.1885588002969443 WSW 55.946088798883 -3.1888359641566977 1213.2596588134766 1367.2620429992676
55.946088798883 -3.1888359641566977 ENE 55.94620360391271 -3.1885588002969443 1213.2596588134766 1366.0120429992676
55.94620360391271 -3.1885588002969443 W 55.94620360391271 -3.1888588002969445 1213.2596588134766 1364.7620429992676
55.94620360391271 -3.1888588002969445 E 55.94620360391271 -3.1885588002969443 1213.2596588134766 1363.5120429992676
55.94620360391271 -3.1885588002969443 SSW 55.94592644005295 -3.188673605326654 1213.2596588134766 1362.2620429992676
55.94592644005295 -3.188673605326654 W 55.94592644005295 -3.188973605326654 1228.5733575820923 1462.585849761963
55.94592644005295 -3.188973605326654 E 55.94592644005295 -3.188673605326654 1228.5733575820923 1461.335849761963
55.94592644005295 -3.188673605326654 ESE 55.94581163502324 -3.1883964414669004 1228.5733575820923 1460.085849761963
55.94581163502324 -3.1883964414669004 WNW 55.94592644005295 -3.188673605326654 1228.5733575820923 1458.835849761963
55.94592644005295 -3.188673605326654 ESE 55.94581163502324 -3.1883964414669004 1228.5733575820923 1457.585849761963
55.94581163502324 -3.1883964414669004 WSW 55.94569682999353 -3.188673605326654 1228.5733575820923 1456.335849761963
55.94569682999353 -3.188673605326654 SW 55.945484697959174 -3.1888857373610096 1228.5733575820923 1455.085849761963
55.945484697959174 -3.1888857373610096 NE 55.94569682999353 -3.188673605326654 1228.5733575820923 1453.835849761963
55.94569682999353 -3.188673605326654 SW 55.945484697959174 -3.1888857373610096 1228.5733575820923 1452.585849761963
55.945484697959174 -3.1888857373610096 N 55.945784697959176 -3.1888857373610096 1228.5733575820923 1451.335849761963
55.945784697959176 -3.1888857373610096 S 55.945484697959174 -3.1888857373610096 1228.5733575820923 1450.085849761963
55.945484697959174 -3.1888857373610096 N 55.945784697959176 -3.1888857373610096 1228.5733575820923 1448.835849761963
55.945784697959176 -3.1888857373610096 S 55.945484697959174 -3.1888857373610096 1228.5733575820923 1447.585849761963
55.945484697959174 -3.1888857373610096 NNW 55.94576186181893 -3.189000542390719 1228.5733575820923 1446.335849761963
55.94576186181893 -3.189000542390719 NNE 55.94603902567869 -3.1888857373610096 1228.5733575820923 1445.085849761963
55.94603902567869 -3.1888857373610096 SSW 55.94576186181893 -3.189000542390719 1228.5733575820923 1443.835849761963
55.94576186181893 -3.189000542390719 NNE 55.94603902567869 -3.1888857373610096 1228.5733575820923 1442.585849761963
55.94603902567869 -3.1888857373610096 SSW 55.94576186181893 -3.189000542390719 1228.5733575820923 1441.335849761963
55.94576186181893 -3.189000542390719 ESE 55.94564705678922 -3.1887233785309657 1291.7414293289185 1453.841516494751
55.94564705678922 -3.1887233785309657 NNW 55.945924220648976 -3.188838183560675 1291.7414293289185 1452.591516494751
55.945924220648976 -3.188838183560675 WNW 55.94603902567869 -3.1891153474204286 1291.7414293289185 1451.341516494751
55.94603902567869 -3.1891153474204286 SSE 55.94576186181893 -3.189000542390719 1291.7414293289185 1450.091516494751
55.94576186181893 -3.189000542390719 NNW 55.94603902567869 -3.1891153474204286 1291.7414293289185 1448.841516494751
55.94603902567869 -3.1891153474204286 SSW 55.94576186181893 -3.189230152450138 1291.7414293289185 1447.591516494751
55.94576186181893 -3.189230152450138 NNE 55.94603902567869 -3.1891153474204286 1291.7414293289185 1446.341516494751
55.94603902567869 -3.1891153474204286 SW 55.94582689364433 -3.1893274794547843 1291.7414293289185 1445.091516494751
55.94582689364433 -3.1893274794547843 ESE 55.94571208861462 -3.189050315595031 1291.7414293289185 1443.841516494751
55.94571208861462 -3.189050315595031 NW 55.945924220648976 -3.1892624476293867 1298.2597069740295 1504.739065170288
55.945924220648976 -3.1892624476293867 NW 55.94613635268333 -3.1894745796637425 1298.2597069740295 1503.489065170288
55.94613635268333 -3.1894745796637425 SSE 55.945859188823576 -3.189359774634033 1298.2597069740295 1502.239065170288
55.945859188823576 -3.189359774634033 NNW 55.94613635268333 -3.1894745796637425 1298.2597069740295 1500.989065170288
55.94613635268333 -3.1894745796637425 SW 55.945924220648976 -3.1896867116980983 1298.2597069740295 1499.739065170288
55.945924220648976 -3.1896867116980983 S 55.94562422064897 -3.1896867116980983 1298.2597069740295 1498.489065170288
55.94562422064897 -3.1896867116980983 NNW 55.94590138450873 -3.1898015167278078 1298.2597069740295 1497.239065170288
55.94590138450873 -3.1898015167278078 NNE 55.946178548368486 -3.1896867116980983 1298.2597069740295 1495.989065170288
55.946178548368486 -3.1896867116980983 SW 55.94596641633413 -3.189898843732454 1298.2597069740295 1494.739065170288
55.94596641633413 -3.189898843732454 ENE 55.94608122136384 -3.1896216798727006 1298.2597069740295 1493.489065170288
55.94608122136384 -3.1896216798727006 WSW 55.94596641633413 -3.189898843732454 1298.2597069740295 1492.239065170288
55.94596641633413 -3.189898843732454 NW 55.946178548368486 -3.19011097576681 1298.2597069740295 1490.989065170288
55.946178548368486 -3.19011097576681 SE 55.94596641633413 -3.189898843732454 1298.2597069740295 1489.739065170288
55.94596641633413 -3.189898843732454 NW 55.946178548368486 -3.19011097576681 1298.2597069740295 1488.489065170288
55.946178548368486 -3.19011097576681 ESE 55.946063743338776 -3.1898338119070564 1298.2597069740295 1487.239065170288
55.946063743338776 -3.1898338119070564 WNW 55.946178548368486 -3.19011097576681 1298.2597069740295 1485.989065170288
55.946178548368486 -3.19011097576681 E 55.946178548368486 -3.1898109757668096 1298.2597069740295 1484.739065170288
55.946178548368486 -3.1898109757668096 W 55.946178548368486 -3.19011097576681 1298.2597069740295 1483.489065170288
55.946178548368486 -3.19011097576681 E 55.946178548368486 -3.1898109757668096 1298.2597069740295 1482.239065170288
55.946178548368486 -3.1898109757668096 E 55.946178548368486 -3.1895109757668094 1298.2597069740295 1480.989065170288
55.946178548368486 -3.1895109757668094 ESE 55.946063743338776 -3.189233811907056 1298.2597069740295 1479.739065170288
55.946063743338776 -3.189233811907056 SSW 55.94578657947902 -3.1893486169367655 1298.2597069740295 1478.489065170288
55.94578657947902 -3.1893486169367655 WSW 55.94567177444931 -3.189625780796519 1298.2597069740295 1477.239065170288
55.94567177444931 -3.189625780796519 SW 55.94545964241495 -3.1898379128308747 1403.5402626991272 1481.93039560318
55.94545964241495 -3.1898379128308747 NE 55.94567177444931 -3.189625780796519 1403.5402626991272 1480.68039560318
55.94567177444931 -3.189625780796519 W 55.94567177444931 -3.189925780796519 1429.4382843971252 1488.7392363548279
55.94567177444931 -3.189925780796519 ESE 55.9455569694196 -3.1896486169367657 1429.4382843971252 1487.4892363548279
55.9455569694196 -3.1896486169367657 WNW 55.94567177444931 -3.189925780796519 1429.4382843971252 1486.2392363548279
55.94567177444931 -3.189925780796519 N 55.94597177444931 -3.189925780796519 1429.4382843971252 1484.9892363548279
55.94597177444931 -3.189925780796519 S 55.94567177444931 -3.189925780796519 1429.4382843971252 1483.7392363548279
55.94567177444931 -3.189925780796519 N 55.94597177444931 -3.189925780796519 1429.4382843971252 1482.4892363548279
55.94597177444931 -3.189925780796519 SSW 55.945694610589555 -3.1900405858262286 1429.4382843971252 1481.2392363548279
55.945694610589555 -3.1900405858262286 NW 55.94590674262391 -3.1902527178605844 1429.4382843971252 1479.9892363548279
55.94590674262391 -3.1902527178605844 SE 55.945694610589555 -3.1900405858262286 1429.4382843971252 1478.7392363548279
55.945694610589555 -3.1900405858262286 S 55.94539461058955 -3.1900405858262286 1429.4382843971252 1477.4892363548279
55.94539461058955 -3.1900405858262286 N 55.945694610589555 -3.1900405858262286 1429.4382843971252 1476.2392363548279
55.945694610589555 -3.1900405858262286 S 55.94539461058955 -3.1900405858262286 1429.4382843971252 1474.9892363548279
55.94539461058955 -3.1900405858262286 WNW 55.94550941561926 -3.190317749685982 1429.4382843971252 1473.7392363548279
55.94550941561926 -3.190317749685982 ESE 55.94539461058955 -3.1900405858262286 1429.4382843971252 1472.4892363548279
55.94539461058955 -3.1900405858262286 N 55.945694610589555 -3.1900405858262286 1429.4382843971252 1471.2392363548279
55.945694610589555 -3.1900405858262286 S 55.94539461058955 -3.1900405858262286 1429.4382843971252 1469.9892363548279
55.94539461058955 -3.1900405858262286 SW 55.945182478555196 -3.1902527178605844 1429.4382843971252 1468.7392363548279
55.945182478555196 -3.1902527178605844 ENE 55.94529728358491 -3.189975554000831 1429.4382843971252 1467.4892363548279
55.94529728358491 -3.189975554000831 NNE 55.94557444744466 -3.1898607489711215 1486.6803803443909 1550.6298460960388
55.94557444744466 -3.1898607489711215 SSW 55.94529728358491 -3.189975554000831 1486.6803803443909 1549.3798460960388
55.94529728358491 -3.189975554000831 WSW 55.945182478555196 -3.1902527178605844 1486.6803803443909 1548.1298460960388
55.945182478555196 -3.1902527178605844 ESE 55.945067673525486 -3.189975554000831 1486.6803803443909 1546.8798460960388
55.945067673525486 -3.189975554000831 NW 55.94527980555984 -3.1901876860351868 1486.6803803443909 1545.6298460960388
55.94527980555984 -3.1901876860351868 S 55.94497980555984 -3.1901876860351868 1486.6803803443909 1544.3798460960388
55.94497980555984 -3.1901876860351868 N 55.94527980555984 -3.1901876860351868 1486.6803803443909 1543.1298460960388
55.94527980555984 -3.1901876860351868 S 55.94497980555984 -3.1901876860351868 1486.6803803443909 1541.8798460960388
55.94497980555984 -3.1901876860351868 NNW 55.945256969419596 -3.1903024910648963 1486.6803803443909 1540.6298460960388
55.945256969419596 -3.1903024910648963 SSE 55.94497980555984 -3.1901876860351868 1486.6803803443909 1539.3798460960388
55.94497980555984 -3.1901876860351868 NNW 55.945256969419596 -3.1903024910648963 1486.6803803443909 1538.1298460960388
55.945256969419596 -3.1903024910648963 SW 55.94504483738524 -3.190514623099252 1486.6803803443909 1536.8798460960388
55.94504483738524 -3.190514623099252 NE 55.945256969419596 -3.1903024910648963 1486.6803803443909 1535.6298460960388
55.945256969419596 -3.1903024910648963 NW 55.94546910145395 -3.190514623099252 1486.6803803443909 1534.3798460960388
55.94546910145395 -3.190514623099252 SE 55.945256969419596 -3.1903024910648963 1486.6803803443909 1533.1298460960388
55.945256969419596 -3.1903024910648963 NNW 55.94553413327935 -3.190417296094606 1486.6803803443909 1531.8798460960388
55.94553413327935 -3.190417296094606 SSE 55.945256969419596 -3.1903024910648963 1486.6803803443909 1530.6298460960388
55.945256969419596 -3.1903024910648963 NNW 55.94553413327935 -3.190417296094606 1486.6803803443909 1529.3798460960388
55.94553413327935 -3.190417296094606 SSE 55.945256969419596 -3.1903024910648963 1486.6803803443909 1528.1298460960388
55.945256969419596 -3.1903024910648963 NNW 55.94553413327935 -3.190417296094606 1486.6803803443909 1526.8798460960388
55.94553413327935 -3.190417296094606 NNE 55.94581129713911 -3.1903024910648963 1510.008951663971 1594.4927687644958
55.94581129713911 -3.1903024910648963 SSW 55.94553413327935 -3.190417296094606 1510.008951663971 1593.2427687644958
55.94553413327935 -3.190417296094606 SW 55.945322001244996 -3.1906294281289616 1510.008951663971 1591.9927687644958
55.945322001244996 -3.1906294281289616 NE 55.94553413327935 -3.190417296094606 1510.008951663971 1590.7427687644958
55.94553413327935 -3.190417296094606 WSW 55.94541932824964 -3.190694459954359 1510.008951663971 1589.4927687644958
55.94541932824964 -3.190694459954359 S 55.94511932824964 -3.190694459954359 1510.008951663971 1588.2427687644958
55.94511932824964 -3.190694459954359 N 55.94541932824964 -3.190694459954359 1510.008951663971 1586.9927687644958
55.94541932824964 -3.190694459954359 SW 55.945207196215286 -3.190906591988715 1607.836946964264 1594.30415391922
55.945207196215286 -3.190906591988715 NNE 55.94548436007504 -3.1907917869590054 1607.836946964264 1593.05415391922
55.94548436007504 -3.1907917869590054 S 55.94518436007504 -3.1907917869590054 1607.836946964264 1591.80415391922
55.94518436007504 -3.1907917869590054 N 55.94548436007504 -3.1907917869590054 1607.836946964264 1590.55415391922
55.94548436007504 -3.1907917869590054 SSE 55.945207196215286 -3.190676981929296 1607.836946964264 1589.30415391922
55.945207196215286 -3.190676981929296 NNW 55.94548436007504 -3.1907917869590054 1607.836946964264 1588.05415391922
55.94548436007504 -3.1907917869590054 N 55.945784360075045 -3.1907917869590054 1607.836946964264 1586.80415391922
55.945784360075045 -3.1907917869590054 SSE 55.94550719621529 -3.190676981929296 1720.6601357460022 1594.0194897651672
55.94550719621529 -3.190676981929296 WSW 55.94539239118558 -3.1909541457890493 1720.6601357460022 1592.7694897651672
55.94539239118558 -3.1909541457890493 ENE 55.94550719621529 -3.190676981929296 1720.6601357460022 1591.5194897651672
55.94550719621529 -3.190676981929296 W 55.94550719621529 -3.190976981929296 1720.6601357460022 1590.2694897651672
55.94550719621529 -3.190976981929296 SSE 55.94523003235553 -3.1908621768995866 1720.6601357460022 1589.0194897651672
55.94523003235553 -3.1908621768995866 NNW 55.94550719621529 -3.190976981929296 1720.6601357460022 1587.7694897651672
55.94550719621529 -3.190976981929296 NE 55.945719328249645 -3.1907648498949404 1720.6601357460022 1586.5194897651672
55.945719328249645 -3.1907648498949404 SW 55.94550719621529 -3.190976981929296 1720.6601357460022 1585.2694897651672
55.94550719621529 -3.190976981929296 WSW 55.94539239118558 -3.1912541457890495 1816.3089089393616 1699.8748669624329
55.94539239118558 -3.1912541457890495 E 55.94539239118558 -3.1909541457890493 1816.3089089393616 1698.6248669624329
55.94539239118558 -3.1909541457890493 W 55.94539239118558 -3.1912541457890495 1816.3089089393616 1697.3748669624329
55.94539239118558 -3.1912541457890495 ESE 55.94527758615587 -3.190976981929296 1888.5549492835999 1740.0505566596985
55.94527758615587 -3.190976981929296 W 55.94527758615587 -3.1912769819292963 1939.9976754188538 1817.4673810005188
55.94527758615587 -3.1912769819292963 SE 55.94506545412151 -3.1910648498949405 1939.9976754188538 1816.2173810005188
55.94506545412151 -3.1910648498949405 NW 55.94527758615587 -3.1912769819292963 1939.9976754188538 1814.9673810005188
55.94527758615587 -3.1912769819292963 SE 55.94506545412151 -3.1910648498949405 1939.9976754188538 1813.7173810005188
55.94506545412151 -3.1910648498949405 NNW 55.94534261798127 -3.19117965492465 1939.9976754188538 1812.4673810005188
55.94534261798127 -3.19117965492465 S 55.945042617981265 -3.19117965492465 1993.3794770240784 1880.0111737251282
55.945042617981265 -3.19117965492465 SSW 55.94476545412151 -3.1912944599543596 1993.3794770240784 1878.7611737251282
55.94476545412151 -3.1912944599543596 NNE 55.945042617981265 -3.19117965492465 1993.3794770240784 1877.5111737251282
55.945042617981265 -3.19117965492465 E 55.945042617981265 -3.19087965492465 2100.400167942047 1917.8129620552063
55.945042617981265 -3.19087965492465 W 55.945042617981265 -3.19117965492465 2100.400167942047 1916.5629620552063
55.945042617981265 -3.19117965492465 ESE 55.944927812951555 -3.1909024910648967 2176.68470621109 1967.0265583992004
55.944927812951555 -3.1909024910648967 W 55.944927812951555 -3.191202491064897 2176.68470621109 1965.7765583992004
55.944927812951555 -3.191202491064897 E 55.944927812951555 -3.1909024910648967 2176.68470621109 1964.5265583992004
55.944927812951555 -3.1909024910648967 W 55.944927812951555 -3.191202491064897 2176.68470621109 1963.2765583992004
55.944927812951555 -3.191202491064897 E 55.944927812951555 -3.1909024910648967 2176.68470621109 1962.0265583992004
55.944927812951555 -3.1909024910648967 S 55.94462781295155 -3.1909024910648967 2176.68470621109 1960.7765583992004
55.94462781295155 -3.1909024910648967 NNW 55.94490497681131 -3.191017296094606 2270.4322571754456 2037.4293675422668
55.94490497681131 -3.191017296094606 WSW 55.9447901717816 -3.1912944599543596 2310.204348087311 2129.2466435432434
55.9447901717816 -3.1912944599543596 ENE 55.94490497681131 -3.191017296094606 2310.204348087311 2127.9966435432434
55.94490497681131 -3.191017296094606 WSW 55.9447901717816 -3.1912944599543596 2310.204348087311 2126.7466435432434
55.9447901717816 -3.1912944599543596 S 55.944490171781595 -3.1912944599543596 2310.204348087311 2125.4966435432434
55.944490171781595 -3.1912944599543596 N 55.9447901717816 -3.1912944599543596 2310.204348087311 2124.2466435432434
55.9447901717816 -3.1912944599543596 S 55.944490171781595 -3.1912944599543596 2310.204348087311 2122.9966435432434
55.944490171781595 -3.1912944599543596 NNE 55.94476733564135 -3.19117965492465 2310.204348087311 2121.7466435432434
55.94476733564135 -3.19117965492465 SSW 55.944490171781595 -3.1912944599543596 2310.204348087311 2120.4966435432434
55.944490171781595 -3.1912944599543596 N 55.9447901717816 -3.1912944599543596 2310.204348087311 2119.2466435432434
55.9447901717816 -3.1912944599543596 S 55.944490171781595 -3.1912944599543596 2310.204348087311 2117.9966435432434
55.944490171781595 -3.1912944599543596 NE 55.94470230381595 -3.191082327920004 2310.204348087311 2116.7466435432434
55.94470230381595 -3.191082327920004 SW 55.944490171781595 -3.1912944599543596 2310.204348087311 2115.4966435432434
55.944490171781595 -3.1912944599543596 W 55.944490171781595 -3.1915944599543598 2310.204348087311 2114.2466435432434
55.944490171781595 -3.1915944599543598 ESE 55.944375366751885 -3.1913172960946063 2420.252817630768 2128.083508014679
55.944375366751885 -3.1913172960946063 WNW 55.944490171781595 -3.1915944599543598 2420.252817630768 2126.833508014679
55.944490171781595 -3.1915944599543598 SE 55.94427803974724 -3.191382327920004 2434.802155971527 2149.425590991974
55.94427803974724 -3.191382327920004 NW 55.944490171781595 -3.1915944599543598 2434.802155971527 2148.175590991974
55.944490171781595 -3.1915944599543598 ENE 55.944604976811306 -3.1913172960946063 2434.802155971527 2146.925590991974
55.944604976811306 -3.1913172960946063 WSW 55.944490171781595 -3.1915944599543598 2434.802155971527 2145.675590991974
