55.944425 -3.188396 NNE 55.94470216385976 -3.1882811949702905 0.0 248.75
55.94470216385976 -3.1882811949702905 S 55.944402163859756 -3.1882811949702905 0.0 247.5
55.944402163859756 -3.1882811949702905 WSW 55.944287358830046 -3.188558358830044 0.0 246.25
55.944287358830046 -3.188558358830044 ENE 55.944402163859756 -3.1882811949702905 0.0 245.0
55.944402163859756 -3.1882811949702905 SW 55.9441900318254 -3.1884933270046463 0.0 243.75
55.9441900318254 -3.1884933270046463 ENE 55.94430483685511 -3.188216163144893 0.0 242.5
55.94430483685511 -3.188216163144893 WSW 55.9441900318254 -3.1884933270046463 0.0 241.25
55.9441900318254 -3.1884933270046463 SSW 55.94391286796564 -3.188608132034356 0.0 240.0
55.94391286796564 -3.188608132034356 NNE 55.9441900318254 -3.1884933270046463 0.0 238.75
55.9441900318254 -3.1884933270046463 W 55.9441900318254 -3.1887933270046465 0.0 237.5
55.9441900318254 -3.1887933270046465 E 55.9441900318254 -3.1884933270046463 0.0 236.25
55.9441900318254 -3.1884933270046463 SE 55.943977899791044 -3.1882811949702905 0.0 235.0
55.943977899791044 -3.1882811949702905 NW 55.9441900318254 -3.1884933270046463 0.0 233.75
55.9441900318254 -3.1884933270046463 SSE 55.94391286796564 -3.1883785219749368 0.0 232.5
55.94391286796564 -3.1883785219749368 NNW 55.9441900318254 -3.1884933270046463 0.0 231.25
55.9441900318254 -3.1884933270046463 SSE 55.94391286796564 -3.1883785219749368 0.0 230.0
55.94391286796564 -3.1883785219749368 NNW 55.9441900318254 -3.1884933270046463 0.0 228.75
55.9441900318254 -3.1884933270046463 S 55.9438900318254 -3.1884933270046463 0.0 227.5
55.9438900318254 -3.1884933270046463 N 55.9441900318254 -3.1884933270046463 0.0 226.25
55.9441900318254 -3.1884933270046463 S 55.9438900318254 -3.1884933270046463 0.0 225.0
55.9438900318254 -3.1884933270046463 NNW 55.944167195685154 -3.188608132034356 0.0 223.75
55.944167195685154 -3.188608132034356 SSE 55.9438900318254 -3.1884933270046463 0.0 222.5
55.9438900318254 -3.1884933270046463 NE 55.94410216385975 -3.1882811949702905 0.0 221.25
55.94410216385975 -3.1882811949702905 SW 55.9438900318254 -3.1884933270046463 0.0 220.0
55.9438900318254 -3.1884933270046463 E 55.9438900318254 -3.188193327004646 0.0 218.75
55.9438900318254 -3.188193327004646 W 55.9438900318254 -3.1884933270046463 0.0 217.5
55.9438900318254 -3.1884933270046463 E 55.9438900318254 -3.188193327004646 0.0 216.25
55.9438900318254 -3.188193327004646 W 55.9438900318254 -3.1884933270046463 0.0 215.0
55.9438900318254 -3.1884933270046463 E 55.9438900318254 -3.188193327004646 0.0 213.75
55.9438900318254 -3.188193327004646 WSW 55.94377522679569 -3.1884704908643995 0.0 212.5
55.94377522679569 -3.1884704908643995 ENE 55.9438900318254 -3.188193327004646 0.0 211.25
55.9438900318254 -3.188193327004646 N 55.9441900318254 -3.188193327004646 0.0 210.0
55.9441900318254 -3.188193327004646 S 55.9438900318254 -3.188193327004646 0.0 208.75
55.9438900318254 -3.188193327004646 SSW 55.94361286796564 -3.1883081320343556 0.0 207.5
55.94361286796564 -3.1883081320343556 NNE 55.9438900318254 -3.188193327004646 0.0 206.25
55.9438900318254 -3.188193327004646 SSW 55.94361286796564 -3.1883081320343556 0.0 205.0
55.94361286796564 -3.1883081320343556 NE 55.943825 -3.188096 0.0 203.75
55.943825 -3.188096 SW 55.94361286796564 -3.1883081320343556 0.0 202.5
55.94361286796564 -3.1883081320343556 NE 55.943825 -3.188096 0.0 201.25
55.943825 -3.188096 SW 55.94361286796564 -3.1883081320343556 0.0 200.0
55.94361286796564 -3.1883081320343556 ENE 55.94372767299535 -3.188030968174602 0.0 198.75
55.94372767299535 -3.188030968174602 WSW 55.94361286796564 -3.1883081320343556 0.0 197.5
55.94361286796564 -3.1883081320343556 E 55.94361286796564 -3.1880081320343554 0.0 196.25
55.94361286796564 -3.1880081320343554 W 55.94361286796564 -3.1883081320343556 0.0 195.0
55.94361286796564 -3.1883081320343556 E 55.94361286796564 -3.1880081320343554 0.0 193.75
55.94361286796564 -3.1880081320343554 NW 55.943825 -3.188220264068711 0.0 192.5
55.943825 -3.188220264068711 SE 55.94361286796564 -3.1880081320343554 0.0 191.25
55.94361286796564 -3.1880081320343554 ESE 55.94349806293593 -3.187730968174602 0.0 190.0
55.94349806293593 -3.187730968174602 WNW 55.94361286796564 -3.1880081320343554 0.0 188.75
55.94361286796564 -3.1880081320343554 NE 55.943825 -3.1877959999999996 0.0 187.5
55.943825 -3.1877959999999996 SW 55.94361286796564 -3.1880081320343554 0.0 186.25
55.94361286796564 -3.1880081320343554 NNE 55.9438900318254 -3.187893327004646 0.0 185.0
55.9438900318254 -3.187893327004646 SW 55.94367789979104 -3.1881054590390017 0.0 183.75
55.94367789979104 -3.1881054590390017 NNE 55.9439550636508 -3.187990654009292 0.0 182.5
55.9439550636508 -3.187990654009292 SW 55.94374293161644 -3.188202786043648 0.0 181.25
55.94374293161644 -3.188202786043648 NE 55.9439550636508 -3.187990654009292 0.0 180.0
55.9439550636508 -3.187990654009292 WSW 55.94384025862109 -3.1882678178690456 0.0 178.75
55.94384025862109 -3.1882678178690456 ENE 55.9439550636508 -3.187990654009292 0.0 177.5
55.9439550636508 -3.187990654009292 W 55.9439550636508 -3.1882906540092923 0.0 176.25
55.9439550636508 -3.1882906540092923 E 55.9439550636508 -3.187990654009292 0.0 175.0
55.9439550636508 -3.187990654009292 WSW 55.94384025862109 -3.1882678178690456 0.0 173.75
55.94384025862109 -3.1882678178690456 NE 55.94405239065544 -3.18805568583469 0.0 172.5
55.94405239065544 -3.18805568583469 WSW 55.94393758562573 -3.188332849694443 0.0 171.25
55.94393758562573 -3.188332849694443 ENE 55.94405239065544 -3.18805568583469 0.0 170.0
55.94405239065544 -3.18805568583469 WSW 55.94393758562573 -3.188332849694443 0.0 168.75
55.94393758562573 -3.188332849694443 NE 55.94414971766009 -3.1881207176600874 0.0 167.5
55.94414971766009 -3.1881207176600874 WSW 55.94403491263038 -3.188397881519841 0.0 166.25
55.94403491263038 -3.188397881519841 ENE 55.94414971766009 -3.1881207176600874 0.0 165.0
55.94414971766009 -3.1881207176600874 SSW 55.94387255380033 -3.188235522689797 0.0 163.75
55.94387255380033 -3.188235522689797 NNE 55.94414971766009 -3.1881207176600874 0.0 162.5
55.94414971766009 -3.1881207176600874 NNW 55.944426881519846 -3.188235522689797 0.0 161.25
55.944426881519846 -3.188235522689797 SSE 55.94414971766009 -3.1881207176600874 0.0 160.0
55.94414971766009 -3.1881207176600874 NW 55.944361849694445 -3.188332849694443 0.0 158.75
55.944361849694445 -3.188332849694443 SE 55.94414971766009 -3.1881207176600874 0.0 157.5
55.94414971766009 -3.1881207176600874 NW 55.944361849694445 -3.188332849694443 0.0 156.25
55.944361849694445 -3.188332849694443 ESE 55.944247044664735 -3.18805568583469 0.0 155.0
55.944247044664735 -3.18805568583469 WNW 55.944361849694445 -3.188332849694443 0.0 153.75
55.944361849694445 -3.188332849694443 SE 55.94414971766009 -3.1881207176600874 0.0 152.5
55.94414971766009 -3.1881207176600874 NW 55.944361849694445 -3.188332849694443 0.0 151.25
55.944361849694445 -3.188332849694443 WNW 55.944476654724156 -3.1886100135541966 0.0 150.0
55.944476654724156 -3.1886100135541966 ESE 55.944361849694445 -3.188332849694443 0.0 148.75
55.944361849694445 -3.188332849694443 ENE 55.944476654724156 -3.18805568583469 0.0 147.5
55.944476654724156 -3.18805568583469 WSW 55.944361849694445 -3.188332849694443 0.0 146.25
55.944361849694445 -3.188332849694443 SSW 55.94408468583469 -3.1884476547241527 92.31188201904297 256.4075164794922
55.94408468583469 -3.1884476547241527 NNE 55.944361849694445 -3.188332849694443 92.31188201904297 255.1575164794922
55.944361849694445 -3.188332849694443 ENE 55.944476654724156 -3.18805568583469 92.31188201904297 253.9075164794922
55.944476654724156 -3.18805568583469 WSW 55.944361849694445 -3.188332849694443 92.31188201904297 252.6575164794922
55.944361849694445 -3.188332849694443 ENE 55.944476654724156 -3.18805568583469 92.31188201904297 251.4075164794922
55.944476654724156 -3.18805568583469 WSW 55.944361849694445 -3.188332849694443 92.31188201904297 250.1575164794922
55.944361849694445 -3.188332849694443 ENE 55.944476654724156 -3.18805568583469 92.31188201904297 248.9075164794922
55.944476654724156 -3.18805568583469 WNW 55.944591459753866 -3.188332849694443 92.31188201904297 247.6575164794922
55.944591459753866 -3.188332849694443 ESE 55.944476654724156 -3.18805568583469 92.31188201904297 246.4075164794922
55.944476654724156 -3.18805568583469 WNW 55.944591459753866 -3.188332849694443 92.31188201904297 245.1575164794922
55.944591459753866 -3.188332849694443 E 55.944591459753866 -3.188032849694443 92.31188201904297 243.9075164794922
55.944591459753866 -3.188032849694443 W 55.944591459753866 -3.188332849694443 92.31188201904297 242.6575164794922
55.944591459753866 -3.188332849694443 N 55.94489145975387 -3.188332849694443 92.31188201904297 241.4075164794922
55.94489145975387 -3.188332849694443 SSE 55.94461429589411 -3.1882180446647337 92.31188201904297 240.1575164794922
55.94461429589411 -3.1882180446647337 W 55.94461429589411 -3.188518044664734 92.31188201904297 238.9075164794922
55.94461429589411 -3.188518044664734 ENE 55.94472910092382 -3.1882408808049805 92.31188201904297 237.6575164794922
55.94472910092382 -3.1882408808049805 W 55.94472910092382 -3.1885408808049807 92.31188201904297 236.4075164794922
55.94472910092382 -3.1885408808049807 ENE 55.94484390595353 -3.1882637169452273 92.31188201904297 235.1575164794922
55.94484390595353 -3.1882637169452273 W 55.94484390595353 -3.1885637169452274 92.31188201904297 233.9075164794922
55.94484390595353 -3.1885637169452274 E 55.94484390595353 -3.1882637169452273 92.31188201904297 232.6575164794922
55.94484390595353 -3.1882637169452273 W 55.94484390595353 -3.1885637169452274 92.31188201904297 231.4075164794922
55.94484390595353 -3.1885637169452274 E 55.94484390595353 -3.1882637169452273 92.31188201904297 230.1575164794922
55.94484390595353 -3.1882637169452273 W 55.94484390595353 -3.1885637169452274 92.31188201904297 228.9075164794922
55.94484390595353 -3.1885637169452274 ENE 55.944958710983244 -3.188286553085474 92.31188201904297 227.6575164794922
55.944958710983244 -3.188286553085474 S 55.94465871098324 -3.188286553085474 92.31188201904297 226.4075164794922
55.94465871098324 -3.188286553085474 N 55.944958710983244 -3.188286553085474 92.31188201904297 225.1575164794922
55.944958710983244 -3.188286553085474 N 55.945258710983246 -3.188286553085474 92.31188201904297 223.9075164794922
55.945258710983246 -3.188286553085474 S 55.944958710983244 -3.188286553085474 92.31188201904297 222.6575164794922
55.944958710983244 -3.188286553085474 SE 55.94474657894889 -3.1880744210511183 92.31188201904297 221.4075164794922
55.94474657894889 -3.1880744210511183 NW 55.944958710983244 -3.188286553085474 92.31188201904297 220.1575164794922
55.944958710983244 -3.188286553085474 ESE 55.94484390595353 -3.1880093892257206 92.31188201904297 218.9075164794922
55.94484390595353 -3.1880093892257206 WNW 55.944958710983244 -3.188286553085474 92.31188201904297 217.6575164794922
55.944958710983244 -3.188286553085474 ESE 55.94484390595353 -3.1880093892257206 92.31188201904297 216.4075164794922
55.94484390595353 -3.1880093892257206 W 55.94484390595353 -3.188309389225721 92.31188201904297 215.1575164794922
55.94484390595353 -3.188309389225721 E 55.94484390595353 -3.1880093892257206 92.31188201904297 213.9075164794922
55.94484390595353 -3.1880093892257206 W 55.94484390595353 -3.188309389225721 92.31188201904297 212.6575164794922
55.94484390595353 -3.188309389225721 NNE 55.94512106981329 -3.1881945841960113 197.02565002441406 316.9347152709961
55.94512106981329 -3.1881945841960113 SSW 55.94484390595353 -3.188309389225721 197.02565002441406 315.6847152709961
55.94484390595353 -3.188309389225721 NW 55.94505603798789 -3.1885215212600766 197.02565002441406 314.4347152709961
55.94505603798789 -3.1885215212600766 SE 55.94484390595353 -3.188309389225721 197.02565002441406 313.1847152709961
55.94484390595353 -3.188309389225721 NNW 55.94512106981329 -3.1884241942554303 197.02565002441406 311.9347152709961
55.94512106981329 -3.1884241942554303 SSE 55.94484390595353 -3.188309389225721 197.02565002441406 310.6847152709961
55.94484390595353 -3.188309389225721 NW 55.94505603798789 -3.1885215212600766 197.02565002441406 309.4347152709961
55.94505603798789 -3.1885215212600766 SE 55.94484390595353 -3.188309389225721 197.02565002441406 308.1847152709961
55.94484390595353 -3.188309389225721 NW 55.94505603798789 -3.1885215212600766 197.02565002441406 306.9347152709961
55.94505603798789 -3.1885215212600766 E 55.94505603798789 -3.1882215212600764 197.02565002441406 305.6847152709961
55.94505603798789 -3.1882215212600764 W 55.94505603798789 -3.1885215212600766 197.02565002441406 304.4347152709961
55.94505603798789 -3.1885215212600766 E 55.94505603798789 -3.1882215212600764 197.02565002441406 303.1847152709961
55.94505603798789 -3.1882215212600764 WSW 55.94494123295818 -3.18849868511983 197.02565002441406 301.9347152709961
55.94494123295818 -3.18849868511983 ENE 55.94505603798789 -3.1882215212600764 197.02565002441406 300.6847152709961
55.94505603798789 -3.1882215212600764 W 55.94505603798789 -3.1885215212600766 197.02565002441406 299.4347152709961
55.94505603798789 -3.1885215212600766 E 55.94505603798789 -3.1882215212600764 197.02565002441406 298.1847152709961
55.94505603798789 -3.1882215212600764 SE 55.94484390595353 -3.1880093892257206 197.02565002441406 296.9347152709961
55.94484390595353 -3.1880093892257206 NW 55.94505603798789 -3.1882215212600764 197.02565002441406 295.6847152709961
55.94505603798789 -3.1882215212600764 W 55.94505603798789 -3.1885215212600766 197.02565002441406 294.4347152709961
55.94505603798789 -3.1885215212600766 ENE 55.9451708430176 -3.188244357400323 197.02565002441406 293.1847152709961
55.9451708430176 -3.188244357400323 E 55.9451708430176 -3.187944357400323 197.02565002441406 291.9347152709961
55.9451708430176 -3.187944357400323 W 55.9451708430176 -3.188244357400323 197.02565002441406 290.6847152709961
55.9451708430176 -3.188244357400323 NE 55.945382975051956 -3.1880322253659674 197.02565002441406 289.4347152709961
55.945382975051956 -3.1880322253659674 SW 55.9451708430176 -3.188244357400323 197.02565002441406 288.1847152709961
55.9451708430176 -3.188244357400323 E 55.9451708430176 -3.187944357400323 197.02565002441406 286.9347152709961
55.9451708430176 -3.187944357400323 W 55.9451708430176 -3.188244357400323 197.02565002441406 285.6847152709961
55.9451708430176 -3.188244357400323 NW 55.945382975051956 -3.188456489434679 197.02565002441406 284.4347152709961
55.945382975051956 -3.188456489434679 SE 55.9451708430176 -3.188244357400323 197.02565002441406 283.1847152709961
55.9451708430176 -3.188244357400323 E 55.9451708430176 -3.187944357400323 197.02565002441406 281.9347152709961
55.9451708430176 -3.187944357400323 WNW 55.94528564804731 -3.1882215212600764 197.02565002441406 280.6847152709961
55.94528564804731 -3.1882215212600764 ESE 55.9451708430176 -3.187944357400323 197.02565002441406 279.4347152709961
55.9451708430176 -3.187944357400323 WNW 55.94528564804731 -3.1882215212600764 197.02565002441406 278.1847152709961
55.94528564804731 -3.1882215212600764 ESE 55.9451708430176 -3.187944357400323 197.02565002441406 276.9347152709961
55.9451708430176 -3.187944357400323 WNW 55.94528564804731 -3.1882215212600764 197.02565002441406 275.6847152709961
55.94528564804731 -3.1882215212600764 ESE 55.9451708430176 -3.187944357400323 197.02565002441406 274.4347152709961
55.9451708430176 -3.187944357400323 WSW 55.94505603798789 -3.1882215212600764 197.02565002441406 273.1847152709961
55.94505603798789 -3.1882215212600764 ENE 55.9451708430176 -3.187944357400323 197.02565002441406 271.9347152709961
55.9451708430176 -3.187944357400323 WSW 55.94505603798789 -3.1882215212600764 197.02565002441406 270.6847152709961
55.94505603798789 -3.1882215212600764 ESE 55.94494123295818 -3.187944357400323 197.02565002441406 269.4347152709961
55.94494123295818 -3.187944357400323 NW 55.945153364992535 -3.1881564894346788 197.02565002441406 268.1847152709961
55.945153364992535 -3.1881564894346788 SE 55.94494123295818 -3.187944357400323 197.02565002441406 266.9347152709961
55.94494123295818 -3.187944357400323 NNW 55.945218396817936 -3.1880591624300325 197.02565002441406 265.6847152709961
55.945218396817936 -3.1880591624300325 SSE 55.94494123295818 -3.187944357400323 197.02565002441406 264.4347152709961
55.94494123295818 -3.187944357400323 SW 55.94472910092382 -3.1881564894346788 244.2181053161621 354.29254150390625
55.94472910092382 -3.1881564894346788 NE 55.94494123295818 -3.187944357400323 244.2181053161621 353.04254150390625
55.94494123295818 -3.187944357400323 NNW 55.945218396817936 -3.1880591624300325 244.2181053161621 351.79254150390625
55.945218396817936 -3.1880591624300325 SSE 55.94494123295818 -3.187944357400323 244.2181053161621 350.54254150390625
55.94494123295818 -3.187944357400323 S 55.944641232958176 -3.187944357400323 244.2181053161621 349.29254150390625
55.944641232958176 -3.187944357400323 N 55.94494123295818 -3.187944357400323 244.2181053161621 348.04254150390625
55.94494123295818 -3.187944357400323 S 55.944641232958176 -3.187944357400323 244.2181053161621 346.79254150390625
55.944641232958176 -3.187944357400323 NNW 55.94491839681793 -3.1880591624300325 244.2181053161621 345.54254150390625
55.94491839681793 -3.1880591624300325 SSE 55.944641232958176 -3.187944357400323 244.2181053161621 344.29254150390625
55.944641232958176 -3.187944357400323 NNW 55.94491839681793 -3.1880591624300325 244.2181053161621 343.04254150390625
55.94491839681793 -3.1880591624300325 SSE 55.944641232958176 -3.187944357400323 244.2181053161621 341.79254150390625
55.944641232958176 -3.187944357400323 NNW 55.94491839681793 -3.1880591624300325 244.2181053161621 340.54254150390625
55.94491839681793 -3.1880591624300325 SSE 55.944641232958176 -3.187944357400323 244.2181053161621 339.29254150390625
55.944641232958176 -3.187944357400323 NNW 55.94491839681793 -3.1880591624300325 244.2181053161621 338.04254150390625
55.94491839681793 -3.1880591624300325 SSE 55.944641232958176 -3.187944357400323 244.2181053161621 336.79254150390625
55.944641232958176 -3.187944357400323 SE 55.94442910092382 -3.1877322253659672 244.2181053161621 335.54254150390625
55.94442910092382 -3.1877322253659672 NW 55.944641232958176 -3.187944357400323 244.2181053161621 334.29254150390625
55.944641232958176 -3.187944357400323 W 55.944641232958176 -3.188244357400323 244.2181053161621 333.04254150390625
55.944641232958176 -3.188244357400323 ESE 55.944526427928466 -3.18796719354057 246.73109483718872 357.4764938354492
55.944526427928466 -3.18796719354057 N 55.94482642792847 -3.18796719354057 246.73109483718872 356.2264938354492
55.94482642792847 -3.18796719354057 SSE 55.94454926406871 -3.1878523885108603 246.73109483718872 354.9764938354492
55.94454926406871 -3.1878523885108603 NE 55.94476139610307 -3.1876402564765045 246.73109483718872 353.7264938354492
55.94476139610307 -3.1876402564765045 SW 55.94454926406871 -3.1878523885108603 246.73109483718872 352.4764938354492
55.94454926406871 -3.1878523885108603 NW 55.94476139610307 -3.188064520545216 246.73109483718872 351.2264938354492
55.94476139610307 -3.188064520545216 SE 55.94454926406871 -3.1878523885108603 246.73109483718872 349.9764938354492
55.94454926406871 -3.1878523885108603 SW 55.944337132034356 -3.188064520545216 246.73109483718872 348.7264938354492
55.944337132034356 -3.188064520545216 NE 55.94454926406871 -3.1878523885108603 246.73109483718872 347.4764938354492
55.94454926406871 -3.1878523885108603 S 55.94424926406871 -3.1878523885108603 246.73109483718872 346.2264938354492
55.94424926406871 -3.1878523885108603 N 55.94454926406871 -3.1878523885108603 246.73109483718872 344.9764938354492
55.94454926406871 -3.1878523885108603 WNW 55.94466406909842 -3.1881295523706137 246.73109483718872 343.7264938354492
55.94466406909842 -3.1881295523706137 ESE 55.94454926406871 -3.1878523885108603 246.73109483718872 342.4764938354492
55.94454926406871 -3.1878523885108603 NNE 55.94482642792847 -3.1877375834811508 257.6130270957947 404.10024642944336
55.94482642792847 -3.1877375834811508 SSW 55.94454926406871 -3.1878523885108603 257.6130270957947 402.85024642944336
55.94454926406871 -3.1878523885108603 SSW 55.944272100208956 -3.18796719354057 257.6130270957947 401.60024642944336
55.944272100208956 -3.18796719354057 NNE 55.94454926406871 -3.1878523885108603 257.6130270957947 400.35024642944336
55.94454926406871 -3.1878523885108603 SW 55.944337132034356 -3.188064520545216 257.6130270957947 399.10024642944336
55.944337132034356 -3.188064520545216 NE 55.94454926406871 -3.1878523885108603 257.6130270957947 397.85024642944336
55.94454926406871 -3.1878523885108603 SW 55.944337132034356 -3.188064520545216 257.6130270957947 396.60024642944336
55.944337132034356 -3.188064520545216 NNE 55.94461429589411 -3.1879497155155065 257.6130270957947 395.35024642944336
55.94461429589411 -3.1879497155155065 SSW 55.944337132034356 -3.188064520545216 257.6130270957947 394.10024642944336
55.944337132034356 -3.188064520545216 W 55.944337132034356 -3.1883645205452162 257.6130270957947 392.85024642944336
55.944337132034356 -3.1883645205452162 ENE 55.944451937064066 -3.188087356685463 257.6130270957947 391.60024642944336
55.944451937064066 -3.188087356685463 NNE 55.94472910092382 -3.1879725516557533 257.6130270957947 390.35024642944336
55.94472910092382 -3.1879725516557533 SSW 55.944451937064066 -3.188087356685463 257.6130270957947 389.10024642944336
55.944451937064066 -3.188087356685463 SSW 55.94417477320431 -3.1882021617151723 257.6130270957947 387.85024642944336
55.94417477320431 -3.1882021617151723 NNE 55.944451937064066 -3.188087356685463 257.6130270957947 386.60024642944336
55.944451937064066 -3.188087356685463 SSW 55.94417477320431 -3.1882021617151723 257.6130270957947 385.35024642944336
55.94417477320431 -3.1882021617151723 N 55.94447477320431 -3.1882021617151723 257.6130270957947 384.10024642944336
55.94447477320431 -3.1882021617151723 S 55.94417477320431 -3.1882021617151723 257.6130270957947 382.85024642944336
55.94417477320431 -3.1882021617151723 N 55.94447477320431 -3.1882021617151723 257.6130270957947 381.60024642944336
55.94447477320431 -3.1882021617151723 NE 55.94468690523867 -3.1879900296808166 257.6130270957947 380.35024642944336
55.94468690523867 -3.1879900296808166 SW 55.94447477320431 -3.1882021617151723 257.6130270957947 379.10024642944336
55.94447477320431 -3.1882021617151723 ESE 55.9443599681746 -3.187924997855419 257.6130270957947 377.85024642944336
55.9443599681746 -3.187924997855419 WNW 55.94447477320431 -3.1882021617151723 257.6130270957947 376.60024642944336
55.94447477320431 -3.1882021617151723 ENE 55.94458957823402 -3.187924997855419 257.6130270957947 375.35024642944336
55.94458957823402 -3.187924997855419 SW 55.94437744619967 -3.1881371298897747 257.6130270957947 374.10024642944336
55.94437744619967 -3.1881371298897747 NNE 55.94465461005942 -3.188022324860065 257.6130270957947 372.85024642944336
55.94465461005942 -3.188022324860065 SSW 55.94437744619967 -3.1881371298897747 257.6130270957947 371.60024642944336
55.94437744619967 -3.1881371298897747 N 55.94467744619967 -3.1881371298897747 257.6130270957947 370.35024642944336
55.94467744619967 -3.1881371298897747 S 55.94437744619967 -3.1881371298897747 257.6130270957947 369.10024642944336
55.94437744619967 -3.1881371298897747 NW 55.94458957823402 -3.1883492619241305 257.6130270957947 367.85024642944336
55.94458957823402 -3.1883492619241305 SSW 55.94431241437427 -3.18846406695384 257.6130270957947 366.60024642944336
55.94431241437427 -3.18846406695384 NNE 55.94458957823402 -3.1883492619241305 257.6130270957947 365.35024642944336
55.94458957823402 -3.1883492619241305 WNW 55.94470438326373 -3.188626425783884 257.6130270957947 364.10024642944336
55.94470438326373 -3.188626425783884 ESE 55.94458957823402 -3.1883492619241305 257.6130270957947 362.85024642944336
55.94458957823402 -3.1883492619241305 SW 55.94437744619967 -3.1885613939584863 291.319833278656 389.6306972503662
55.94437744619967 -3.1885613939584863 N 55.94467744619967 -3.1885613939584863 300.3982825279236 479.6787929534912
55.94467744619967 -3.1885613939584863 S 55.94437744619967 -3.1885613939584863 300.3982825279236 478.4287929534912
55.94437744619967 -3.1885613939584863 N 55.94467744619967 -3.1885613939584863 300.3982825279236 477.1787929534912
55.94467744619967 -3.1885613939584863 SSW 55.94440028233991 -3.1886761989881958 300.3982825279236 475.9287929534912
55.94440028233991 -3.1886761989881958 NNE 55.94467744619967 -3.1885613939584863 300.3982825279236 474.6787929534912
55.94467744619967 -3.1885613939584863 SSW 55.94440028233991 -3.1886761989881958 300.3982825279236 473.4287929534912
55.94440028233991 -3.1886761989881958 WSW 55.9442854773102 -3.188953362847949 300.3982825279236 472.1787929534912
55.9442854773102 -3.188953362847949 ENE 55.94440028233991 -3.1886761989881958 300.3982825279236 470.9287929534912
55.94440028233991 -3.1886761989881958 ESE 55.9442854773102 -3.1883990351284424 300.3982825279236 469.6787929534912
55.9442854773102 -3.1883990351284424 WNW 55.94440028233991 -3.1886761989881958 300.3982825279236 468.4287929534912
55.94440028233991 -3.1886761989881958 E 55.94440028233991 -3.1883761989881956 300.3982825279236 467.1787929534912
55.94440028233991 -3.1883761989881956 W 55.94440028233991 -3.1886761989881958 300.3982825279236 465.9287929534912
55.94440028233991 -3.1886761989881958 ESE 55.9442854773102 -3.1883990351284424 300.3982825279236 464.6787929534912
55.9442854773102 -3.1883990351284424 WNW 55.94440028233991 -3.1886761989881958 300.3982825279236 463.4287929534912
55.94440028233991 -3.1886761989881958 SE 55.94418815030556 -3.18846406695384 300.3982825279236 462.1787929534912
55.94418815030556 -3.18846406695384 NW 55.94440028233991 -3.1886761989881958 300.3982825279236 460.9287929534912
55.94440028233991 -3.1886761989881958 SSE 55.94412311848016 -3.1885613939584863 300.3982825279236 459.6787929534912
55.94412311848016 -3.1885613939584863 NNW 55.94440028233991 -3.1886761989881958 300.3982825279236 458.4287929534912
55.94440028233991 -3.1886761989881958 SSE 55.94412311848016 -3.1885613939584863 300.3982825279236 457.1787929534912
55.94412311848016 -3.1885613939584863 NNW 55.94440028233991 -3.1886761989881958 300.3982825279236 455.9287929534912
55.94440028233991 -3.1886761989881958 SSE 55.94412311848016 -3.1885613939584863 300.3982825279236 454.6787929534912
55.94412311848016 -3.1885613939584863 N 55.94442311848016 -3.1885613939584863 300.3982825279236 453.4287929534912
