55.944425 -3.188396 WSW 55.94431019497029 -3.1886731638597534 0.0 248.75
55.94431019497029 -3.1886731638597534 ENE 55.944425 -3.188396 0.0 247.5
55.944425 -3.188396 ESE 55.94431019497029 -3.1881188361402466 0.0 246.25
55.94431019497029 -3.1881188361402466 WNW 55.944425 -3.188396 0.0 245.0
55.944425 -3.188396 E 55.944425 -3.188096 0.0 243.75
55.944425 -3.188096 NW 55.94463713203436 -3.1883081320343556 0.0 242.5
55.94463713203436 -3.1883081320343556 SE 55.944425 -3.188096 0.0 241.25
55.944425 -3.188096 NNW 55.94470216385976 -3.1882108050297093 0.0 240.0
55.94470216385976 -3.1882108050297093 SSE 55.944425 -3.188096 0.0 238.75
55.944425 -3.188096 SW 55.944212867965646 -3.1883081320343556 0.0 237.5
55.944212867965646 -3.1883081320343556 ENE 55.94432767299536 -3.188030968174602 0.0 236.25
55.94432767299536 -3.188030968174602 SW 55.944115540961 -3.188243100208958 0.0 235.0
55.944115540961 -3.188243100208958 ESE 55.94400073593129 -3.1879659363492046 0.0 233.75
55.94400073593129 -3.1879659363492046 WNW 55.944115540961 -3.188243100208958 0.0 232.5
55.944115540961 -3.188243100208958 SE 55.943903408926644 -3.188030968174602 0.0 231.25
55.943903408926644 -3.188030968174602 NW 55.944115540961 -3.188243100208958 0.0 230.0
55.944115540961 -3.188243100208958 SSE 55.943838377101244 -3.1881282951792485 0.0 228.75
55.943838377101244 -3.1881282951792485 NNW 55.944115540961 -3.188243100208958 0.0 227.5
55.944115540961 -3.188243100208958 SSE 55.943838377101244 -3.1881282951792485 0.0 226.25
55.943838377101244 -3.1881282951792485 SE 55.94362624506689 -3.1879161631448927 0.0 225.0
55.94362624506689 -3.1879161631448927 NW 55.943838377101244 -3.1881282951792485 0.0 223.75
55.943838377101244 -3.1881282951792485 S 55.94353837710124 -3.1881282951792485 0.0 222.5
55.94353837710124 -3.1881282951792485 NW 55.9437505091356 -3.1883404272136042 0.0 221.25
55.9437505091356 -3.1883404272136042 SE 55.94353837710124 -3.1881282951792485 0.0 220.0
55.94353837710124 -3.1881282951792485 W 55.94353837710124 -3.1884282951792486 0.0 218.75
55.94353837710124 -3.1884282951792486 E 55.94353837710124 -3.1881282951792485 0.0 217.5
55.94353837710124 -3.1881282951792485 NW 55.9437505091356 -3.1883404272136042 0.0 216.25
55.9437505091356 -3.1883404272136042 SSE 55.94347334527584 -3.1882256221838947 0.0 215.0
55.94347334527584 -3.1882256221838947 E 55.94347334527584 -3.1879256221838945 0.0 213.75
55.94347334527584 -3.1879256221838945 WSW 55.94335854024613 -3.188202786043648 11.253704071044922 261.0101852416992
55.94335854024613 -3.188202786043648 ENE 55.94347334527584 -3.1879256221838945 11.253704071044922 259.7601852416992
55.94347334527584 -3.1879256221838945 SSW 55.943196181416084 -3.188040427213604 11.253704071044922 258.5101852416992
55.943196181416084 -3.188040427213604 NNE 55.94347334527584 -3.1879256221838945 11.253704071044922 257.2601852416992
55.94347334527584 -3.1879256221838945 SSW 55.943196181416084 -3.188040427213604 11.253704071044922 256.0101852416992
55.943196181416084 -3.188040427213604 NE 55.94340831345044 -3.1878282951792483 11.253704071044922 254.76018524169922
55.94340831345044 -3.1878282951792483 SW 55.943196181416084 -3.188040427213604 11.253704071044922 253.51018524169922
55.943196181416084 -3.188040427213604 NE 55.94340831345044 -3.1878282951792483 11.253704071044922 252.26018524169922
55.94340831345044 -3.1878282951792483 S 55.94310831345044 -3.1878282951792483 11.253704071044922 251.01018524169922
55.94310831345044 -3.1878282951792483 N 55.94340831345044 -3.1878282951792483 11.253704071044922 249.76018524169922
55.94340831345044 -3.1878282951792483 ENE 55.94352311848015 -3.187551131319495 11.253704071044922 248.51018524169922
55.94352311848015 -3.187551131319495 WSW 55.94340831345044 -3.1878282951792483 11.253704071044922 247.26018524169922
55.94340831345044 -3.1878282951792483 ESE 55.94329350842073 -3.187551131319495 11.253704071044922 246.01018524169922
55.94329350842073 -3.187551131319495 S 55.94299350842073 -3.187551131319495 66.59388732910156 263.59812927246094
55.94299350842073 -3.187551131319495 N 55.94329350842073 -3.187551131319495 66.59388732910156 262.34812927246094
55.94329350842073 -3.187551131319495 SE 55.943081376386374 -3.187338999285139 66.59388732910156 261.09812927246094
55.943081376386374 -3.187338999285139 NNW 55.94335854024613 -3.1874538043148486 66.59388732910156 259.84812927246094
55.94335854024613 -3.1874538043148486 SSE 55.943081376386374 -3.187338999285139 66.59388732910156 258.59812927246094
55.943081376386374 -3.187338999285139 NNW 55.94335854024613 -3.1874538043148486 66.59388732910156 257.34812927246094
55.94335854024613 -3.1874538043148486 ESE 55.94324373521642 -3.187176640455095 66.59388732910156 256.09812927246094
55.94324373521642 -3.187176640455095 WNW 55.94335854024613 -3.1874538043148486 66.59388732910156 254.84812927246094
55.94335854024613 -3.1874538043148486 NNW 55.94363570410589 -3.187568609344558 66.59388732910156 253.59812927246094
55.94363570410589 -3.187568609344558 SE 55.94342357207153 -3.1873564773102023 66.59388732910156 252.34812927246094
55.94342357207153 -3.1873564773102023 NW 55.94363570410589 -3.187568609344558 66.59388732910156 251.09812927246094
55.94363570410589 -3.187568609344558 ESE 55.94352089907618 -3.1872914454848047 66.59388732910156 249.84812927246094
55.94352089907618 -3.1872914454848047 WNW 55.94363570410589 -3.187568609344558 66.59388732910156 248.59812927246094
55.94363570410589 -3.187568609344558 E 55.94363570410589 -3.187268609344558 66.59388732910156 247.34812927246094
55.94363570410589 -3.187268609344558 SSW 55.94335854024613 -3.1873834143742674 66.59388732910156 246.09812927246094
55.94335854024613 -3.1873834143742674 ENE 55.94347334527584 -3.187106250514514 66.59388732910156 244.84812927246094
55.94347334527584 -3.187106250514514 WSW 55.94335854024613 -3.1873834143742674 66.59388732910156 243.59812927246094
55.94335854024613 -3.1873834143742674 ESE 55.94324373521642 -3.187106250514514 66.59388732910156 242.34812927246094
55.94324373521642 -3.187106250514514 NNW 55.94352089907618 -3.1872210555442235 66.59388732910156 241.09812927246094
55.94352089907618 -3.1872210555442235 SE 55.94330876704182 -3.1870089235098678 66.59388732910156 239.84812927246094
55.94330876704182 -3.1870089235098678 WSW 55.94319396201211 -3.187286087369621 66.59388732910156 238.59812927246094
55.94319396201211 -3.187286087369621 E 55.94319396201211 -3.186986087369621 66.59388732910156 237.34812927246094
55.94319396201211 -3.186986087369621 W 55.94319396201211 -3.187286087369621 66.59388732910156 236.09812927246094
55.94319396201211 -3.187286087369621 S 55.94289396201211 -3.187286087369621 66.59388732910156 234.84812927246094
55.94289396201211 -3.187286087369621 N 55.94319396201211 -3.187286087369621 66.59388732910156 233.59812927246094
55.94319396201211 -3.187286087369621 SW 55.942981829977754 -3.187498219403977 66.59388732910156 232.34812927246094
55.942981829977754 -3.187498219403977 NE 55.94319396201211 -3.187286087369621 66.59388732910156 231.09812927246094
55.94319396201211 -3.187286087369621 SSW 55.94291679815235 -3.1874008923993307 66.59388732910156 229.84812927246094
55.94291679815235 -3.1874008923993307 E 55.94291679815235 -3.1871008923993305 66.59388732910156 228.59812927246094
55.94291679815235 -3.1871008923993305 WNW 55.943031603182064 -3.187378056259084 66.59388732910156 227.34812927246094
55.943031603182064 -3.187378056259084 NE 55.94324373521642 -3.187165924224728 66.59388732910156 226.09812927246094
55.94324373521642 -3.187165924224728 SSE 55.94296657135666 -3.1870511191950186 66.59388732910156 224.84812927246094
55.94296657135666 -3.1870511191950186 ESE 55.94285176632695 -3.186773955335265 66.59388732910156 223.59812927246094
55.94285176632695 -3.186773955335265 WNW 55.94296657135666 -3.1870511191950186 66.59388732910156 222.34812927246094
55.94296657135666 -3.1870511191950186 SSE 55.94268940749691 -3.186936314165309 134.92092895507812 277.4400405883789
55.94268940749691 -3.186936314165309 NE 55.94290153953126 -3.1867241821309533 134.92092895507812 276.1900405883789
55.94290153953126 -3.1867241821309533 SW 55.94268940749691 -3.186936314165309 134.92092895507812 274.9400405883789
55.94268940749691 -3.186936314165309 W 55.94268940749691 -3.1872363141653093 134.92092895507812 273.6900405883789
55.94268940749691 -3.1872363141653093 E 55.94268940749691 -3.186936314165309 134.92092895507812 272.4400405883789
55.94268940749691 -3.186936314165309 NW 55.94290153953126 -3.187148446199665 134.92092895507812 271.1900405883789
55.94290153953126 -3.187148446199665 SSW 55.94262437567151 -3.1872632512293744 134.92092895507812 269.9400405883789
55.94262437567151 -3.1872632512293744 N 55.94292437567151 -3.1872632512293744 134.92092895507812 268.6900405883789
55.94292437567151 -3.1872632512293744 S 55.94262437567151 -3.1872632512293744 134.92092895507812 267.4400405883789
55.94262437567151 -3.1872632512293744 WNW 55.94273918070122 -3.1875404150891278 134.92092895507812 266.1900405883789
55.94273918070122 -3.1875404150891278 N 55.94303918070122 -3.1875404150891278 134.92092895507812 264.9400405883789
55.94303918070122 -3.1875404150891278 S 55.94273918070122 -3.1875404150891278 134.92092895507812 263.6900405883789
55.94273918070122 -3.1875404150891278 NNE 55.943016344560974 -3.1874256100594183 134.92092895507812 262.4400405883789
55.943016344560974 -3.1874256100594183 SW 55.94280421252662 -3.187637742093774 134.92092895507812 261.1900405883789
55.94280421252662 -3.187637742093774 WNW 55.94291901755633 -3.1879149059535274 134.92092895507812 259.9400405883789
55.94291901755633 -3.1879149059535274 ENE 55.94303382258604 -3.187637742093774 134.92092895507812 258.6900405883789
55.94303382258604 -3.187637742093774 W 55.94303382258604 -3.1879377420937742 134.92092895507812 257.4400405883789
55.94303382258604 -3.1879377420937742 E 55.94303382258604 -3.187637742093774 134.92092895507812 256.1900405883789
55.94303382258604 -3.187637742093774 WNW 55.94314862761575 -3.1879149059535274 134.92092895507812 254.9400405883789
55.94314862761575 -3.1879149059535274 ESE 55.94303382258604 -3.187637742093774 134.92092895507812 253.6900405883789
55.94303382258604 -3.187637742093774 N 55.94333382258604 -3.187637742093774 134.92092895507812 252.4400405883789
55.94333382258604 -3.187637742093774 S 55.94303382258604 -3.187637742093774 134.92092895507812 251.1900405883789
55.94303382258604 -3.187637742093774 ENE 55.94314862761575 -3.1873605782340206 134.92092895507812 249.9400405883789
55.94314862761575 -3.1873605782340206 WSW 55.94303382258604 -3.187637742093774 134.92092895507812 248.6900405883789
55.94303382258604 -3.187637742093774 SSW 55.94275665872628 -3.1877525471234835 134.92092895507812 247.4400405883789
55.94275665872628 -3.1877525471234835 NNE 55.94303382258604 -3.187637742093774 134.92092895507812 246.1900405883789
55.94303382258604 -3.187637742093774 S 55.942733822586035 -3.187637742093774 134.92092895507812 244.9400405883789
55.942733822586035 -3.187637742093774 W 55.942733822586035 -3.1879377420937742 134.92092895507812 243.6900405883789
55.942733822586035 -3.1879377420937742 NE 55.94294595462039 -3.1877256100594185 224.39202880859375 302.0298309326172
55.94294595462039 -3.1877256100594185 SW 55.942733822586035 -3.1879377420937742 224.39202880859375 300.7798309326172
55.942733822586035 -3.1879377420937742 NE 55.94294595462039 -3.1877256100594185 224.39202880859375 299.5298309326172
55.94294595462039 -3.1877256100594185 W 55.94294595462039 -3.1880256100594186 224.39202880859375 298.2798309326172
55.94294595462039 -3.1880256100594186 E 55.94294595462039 -3.1877256100594185 224.39202880859375 297.0298309326172
55.94294595462039 -3.1877256100594185 W 55.94294595462039 -3.1880256100594186 224.39202880859375 295.7798309326172
55.94294595462039 -3.1880256100594186 N 55.943245954620394 -3.1880256100594186 224.39202880859375 294.5298309326172
55.943245954620394 -3.1880256100594186 S 55.94294595462039 -3.1880256100594186 224.39202880859375 293.2798309326172
55.94294595462039 -3.1880256100594186 N 55.943245954620394 -3.1880256100594186 224.39202880859375 292.0298309326172
55.943245954620394 -3.1880256100594186 SW 55.94303382258604 -3.1882377420937744 294.3681869506836 384.24353790283203
55.94303382258604 -3.1882377420937744 NNE 55.943310986445795 -3.188122937064065 294.3681869506836 382.99353790283203
55.943310986445795 -3.188122937064065 SSW 55.94303382258604 -3.1882377420937744 294.3681869506836 381.74353790283203
55.94303382258604 -3.1882377420937744 NE 55.943245954620394 -3.1880256100594186 294.3681869506836 380.49353790283203
55.943245954620394 -3.1880256100594186 SW 55.94303382258604 -3.1882377420937744 294.3681869506836 379.24353790283203
55.94303382258604 -3.1882377420937744 SSE 55.94275665872628 -3.188122937064065 294.3681869506836 377.99353790283203
55.94275665872628 -3.188122937064065 NW 55.94296879076064 -3.1883350690984207 294.3681869506836 376.74353790283203
55.94296879076064 -3.1883350690984207 NNE 55.943245954620394 -3.188220264068711 294.3681869506836 375.49353790283203
55.943245954620394 -3.188220264068711 SW 55.94303382258604 -3.188432396103067 294.3681869506836 374.24353790283203
55.94303382258604 -3.188432396103067 S 55.942733822586035 -3.188432396103067 294.3681869506836 372.99353790283203
55.942733822586035 -3.188432396103067 NNW 55.94301098644579 -3.1885472011327765 294.3681869506836 371.74353790283203
55.94301098644579 -3.1885472011327765 N 55.943310986445795 -3.1885472011327765 294.3681869506836 370.49353790283203
55.943310986445795 -3.1885472011327765 S 55.94301098644579 -3.1885472011327765 294.3681869506836 369.24353790283203
55.94301098644579 -3.1885472011327765 SSW 55.942733822586035 -3.188662006162486 294.3681869506836 367.99353790283203
55.942733822586035 -3.188662006162486 N 55.94303382258604 -3.188662006162486 294.3681869506836 366.74353790283203
55.94303382258604 -3.188662006162486 S 55.942733822586035 -3.188662006162486 294.3681869506836 365.49353790283203
55.942733822586035 -3.188662006162486 NE 55.94294595462039 -3.18844987412813 294.3681869506836 364.24353790283203
55.94294595462039 -3.18844987412813 SW 55.942733822586035 -3.188662006162486 294.3681869506836 362.99353790283203
55.942733822586035 -3.188662006162486 ESE 55.942619017556325 -3.1883848423027326 317.1541290283203 430.75035095214844
55.942619017556325 -3.1883848423027326 WNW 55.942733822586035 -3.188662006162486 317.1541290283203 429.50035095214844
55.942733822586035 -3.188662006162486 E 55.942733822586035 -3.1883620061624858 317.1541290283203 428.25035095214844
55.942733822586035 -3.1883620061624858 WNW 55.942848627615746 -3.188639170022239 317.1541290283203 427.00035095214844
55.942848627615746 -3.188639170022239 E 55.942848627615746 -3.188339170022239 317.1541290283203 425.75035095214844
55.942848627615746 -3.188339170022239 ESE 55.942733822586035 -3.1880620061624856 317.1541290283203 424.50035095214844
55.942733822586035 -3.1880620061624856 WSW 55.942619017556325 -3.188339170022239 317.1541290283203 423.25035095214844
55.942619017556325 -3.188339170022239 ENE 55.942733822586035 -3.1880620061624856 317.1541290283203 422.00035095214844
55.942733822586035 -3.1880620061624856 WSW 55.942619017556325 -3.188339170022239 317.1541290283203 420.75035095214844
55.942619017556325 -3.188339170022239 ENE 55.942733822586035 -3.1880620061624856 317.1541290283203 419.50035095214844
55.942733822586035 -3.1880620061624856 WSW 55.942619017556325 -3.188339170022239 317.1541290283203 418.25035095214844
55.942619017556325 -3.188339170022239 NNW 55.94289618141608 -3.1884539750519485 317.1541290283203 417.00035095214844
55.94289618141608 -3.1884539750519485 N 55.943196181416084 -3.1884539750519485 317.1541290283203 415.75035095214844
55.943196181416084 -3.1884539750519485 W 55.943196181416084 -3.1887539750519487 317.1541290283203 414.50035095214844
55.943196181416084 -3.1887539750519487 ENE 55.943310986445795 -3.1884768111921953 317.1541290283203 413.25035095214844
55.943310986445795 -3.1884768111921953 WNW 55.943425791475505 -3.1887539750519487 317.1541290283203 412.00035095214844
55.943425791475505 -3.1887539750519487 E 55.943425791475505 -3.1884539750519485 317.1541290283203 410.75035095214844
55.943425791475505 -3.1884539750519485 W 55.943425791475505 -3.1887539750519487 317.1541290283203 409.50035095214844
55.943425791475505 -3.1887539750519487 E 55.943425791475505 -3.1884539750519485 317.1541290283203 408.25035095214844
55.943425791475505 -3.1884539750519485 W 55.943425791475505 -3.1887539750519487 317.1541290283203 407.00035095214844
55.943425791475505 -3.1887539750519487 NNW 55.94370295533526 -3.188868780081658 317.1541290283203 405.75035095214844
55.94370295533526 -3.188868780081658 S 55.94340295533526 -3.188868780081658 317.1541290283203 404.50035095214844
55.94340295533526 -3.188868780081658 W 55.94340295533526 -3.1891687800816584 317.1541290283203 403.25035095214844
55.94340295533526 -3.1891687800816584 E 55.94340295533526 -3.188868780081658 317.1541290283203 402.00035095214844
55.94340295533526 -3.188868780081658 WSW 55.94328815030555 -3.1891459439414116 414.8622741699219 516.7882080078125
55.94328815030555 -3.1891459439414116 ENE 55.94340295533526 -3.188868780081658 414.8622741699219 515.5382080078125
55.94340295533526 -3.188868780081658 SW 55.9431908233009 -3.189080912116014 414.8622741699219 514.2882080078125
55.9431908233009 -3.189080912116014 SW 55.942978691266546 -3.1892930441503697 414.8622741699219 513.0382080078125
55.942978691266546 -3.1892930441503697 NNE 55.9432558551263 -3.1891782391206602 414.8622741699219 511.7882080078125
55.9432558551263 -3.1891782391206602 SSW 55.942978691266546 -3.1892930441503697 414.8622741699219 510.5382080078125
55.942978691266546 -3.1892930441503697 NE 55.9431908233009 -3.189080912116014 414.8622741699219 509.2882080078125
55.9431908233009 -3.189080912116014 SW 55.942978691266546 -3.1892930441503697 414.8622741699219 508.0382080078125
55.942978691266546 -3.1892930441503697 E 55.942978691266546 -3.1889930441503695 414.8622741699219 506.7882080078125
55.942978691266546 -3.1889930441503695 SW 55.94276655923219 -3.1892051761847253 414.8622741699219 505.5382080078125
55.94276655923219 -3.1892051761847253 NE 55.942978691266546 -3.1889930441503695 414.8622741699219 504.2882080078125
55.942978691266546 -3.1889930441503695 SSE 55.94270152740679 -3.18887823912066 414.8622741699219 503.0382080078125
55.94270152740679 -3.18887823912066 NNW 55.942978691266546 -3.1889930441503695 414.8622741699219 501.7882080078125
55.942978691266546 -3.1889930441503695 ENE 55.94309349629626 -3.188715880290616 414.8622741699219 500.5382080078125
55.94309349629626 -3.188715880290616 WSW 55.942978691266546 -3.1889930441503695 414.8622741699219 499.2882080078125
55.942978691266546 -3.1889930441503695 NNE 55.9432558551263 -3.18887823912066 414.8622741699219 498.0382080078125
55.9432558551263 -3.18887823912066 SSE 55.942978691266546 -3.1887634340909505 414.8622741699219 496.7882080078125
55.942978691266546 -3.1887634340909505 NNW 55.9432558551263 -3.18887823912066 414.8622741699219 495.5382080078125
55.9432558551263 -3.18887823912066 E 55.9432558551263 -3.18857823912066 414.8622741699219 494.2882080078125
55.9432558551263 -3.18857823912066 WNW 55.94337066015601 -3.1888554029804133 414.8622741699219 493.0382080078125
55.94337066015601 -3.1888554029804133 SSE 55.94309349629626 -3.1887405979507037 414.8622741699219 491.7882080078125
55.94309349629626 -3.1887405979507037 ESE 55.942978691266546 -3.1884634340909503 414.8622741699219 490.5382080078125
55.942978691266546 -3.1884634340909503 WNW 55.94309349629626 -3.1887405979507037 414.8622741699219 489.2882080078125
55.94309349629626 -3.1887405979507037 SSE 55.9428163324365 -3.1886257929209942 414.8622741699219 488.0382080078125
55.9428163324365 -3.1886257929209942 W 55.9428163324365 -3.1889257929209944 414.8622741699219 486.7882080078125
55.9428163324365 -3.1889257929209944 W 55.9428163324365 -3.1892257929209946 414.8622741699219 485.5382080078125
55.9428163324365 -3.1892257929209946 E 55.9428163324365 -3.1889257929209944 414.8622741699219 484.2882080078125
55.9428163324365 -3.1889257929209944 W 55.9428163324365 -3.1892257929209946 414.8622741699219 483.0382080078125
55.9428163324365 -3.1892257929209946 E 55.9428163324365 -3.1889257929209944 414.8622741699219 481.7882080078125
55.9428163324365 -3.1889257929209944 W 55.9428163324365 -3.1892257929209946 414.8622741699219 480.5382080078125
55.9428163324365 -3.1892257929209946 NW 55.943028464470856 -3.1894379249553504 414.8622741699219 479.2882080078125
55.943028464470856 -3.1894379249553504 SSE 55.9427513006111 -3.189323119925641 414.8622741699219 478.0382080078125
55.9427513006111 -3.189323119925641 NW 55.942963432645456 -3.1895352519599967 503.0730743408203 511.0415344238281
55.942963432645456 -3.1895352519599967 E 55.942963432645456 -3.1892352519599965 503.0730743408203 509.7915344238281
55.942963432645456 -3.1892352519599965 NW 55.94317556467981 -3.1894473839943522 503.0730743408203 508.5415344238281
55.94317556467981 -3.1894473839943522 S 55.94287556467981 -3.1894473839943522 503.0730743408203 507.2915344238281
55.94287556467981 -3.1894473839943522 N 55.94317556467981 -3.1894473839943522 503.0730743408203 506.0415344238281
55.94317556467981 -3.1894473839943522 SSW 55.942898400820056 -3.1895621890240617 595.8974151611328 613.361686706543
55.942898400820056 -3.1895621890240617 NW 55.94311053285441 -3.1897743210584175 595.8974151611328 612.111686706543
55.94311053285441 -3.1897743210584175 SE 55.942898400820056 -3.1895621890240617 595.8974151611328 610.861686706543
55.942898400820056 -3.1895621890240617 WNW 55.943013205849766 -3.189839352883815 595.8974151611328 609.611686706543
55.943013205849766 -3.189839352883815 NNE 55.94329036970952 -3.1897245478541056 654.1498260498047 727.7745513916016
55.94329036970952 -3.1897245478541056 SSW 55.943013205849766 -3.189839352883815 654.1498260498047 726.5245513916016
55.943013205849766 -3.189839352883815 NNW 55.94329036970952 -3.1899541579135247 654.1498260498047 725.2745513916016
55.94329036970952 -3.1899541579135247 SSE 55.943013205849766 -3.189839352883815 654.1498260498047 724.0245513916016
55.943013205849766 -3.189839352883815 SE 55.94280107381541 -3.1896272208494594 654.1498260498047 722.7745513916016
55.94280107381541 -3.1896272208494594 W 55.94280107381541 -3.1899272208494596 654.1498260498047 721.5245513916016
55.94280107381541 -3.1899272208494596 ESE 55.9426862687857 -3.189650056989706 654.1498260498047 720.2745513916016
55.9426862687857 -3.189650056989706 WNW 55.94280107381541 -3.1899272208494596 654.1498260498047 719.0245513916016
55.94280107381541 -3.1899272208494596 WSW 55.9426862687857 -3.190204384709213 654.1498260498047 717.7745513916016
55.9426862687857 -3.190204384709213 ENE 55.94280107381541 -3.1899272208494596 654.1498260498047 716.5245513916016
55.94280107381541 -3.1899272208494596 NW 55.943013205849766 -3.1901393528838153 677.0122756958008 830.2366714477539
55.943013205849766 -3.1901393528838153 ESE 55.942898400820056 -3.189862189024062 677.0122756958008 828.9866714477539
55.942898400820056 -3.189862189024062 WNW 55.943013205849766 -3.1901393528838153 677.0122756958008 827.7366714477539
55.943013205849766 -3.1901393528838153 ENE 55.94312801087948 -3.189862189024062 700.1167030334473 936.8240356445312
55.94312801087948 -3.189862189024062 WSW 55.943013205849766 -3.1901393528838153 700.1167030334473 935.5740356445312
55.943013205849766 -3.1901393528838153 WNW 55.94312801087948 -3.1904165167435687 700.1167030334473 934.3240356445312
55.94312801087948 -3.1904165167435687 ESE 55.943013205849766 -3.1901393528838153 700.1167030334473 933.0740356445312
55.943013205849766 -3.1901393528838153 NW 55.94322533788412 -3.190351484918171 791.2255058288574 950.6704654693604
55.94322533788412 -3.190351484918171 SE 55.943013205849766 -3.1901393528838153 791.2255058288574 949.4204654693604
55.943013205849766 -3.1901393528838153 NW 55.94322533788412 -3.190351484918171 791.2255058288574 948.1704654693604
55.94322533788412 -3.190351484918171 ESE 55.94311053285441 -3.1900743210584177 791.2255058288574 946.9204654693604
55.94311053285441 -3.1900743210584177 WNW 55.94322533788412 -3.190351484918171 791.2255058288574 945.6704654693604
55.94322533788412 -3.190351484918171 ENE 55.94334014291383 -3.1900743210584177 844.6988716125488 1023.2590274810791
55.94334014291383 -3.1900743210584177 SW 55.94312801087948 -3.1902864530927735 844.6988716125488 1022.0090274810791
55.94312801087948 -3.1902864530927735 N 55.94342801087948 -3.1902864530927735 844.6988716125488 1020.7590274810791
55.94342801087948 -3.1902864530927735 S 55.94312801087948 -3.1902864530927735 844.6988716125488 1019.5090274810791
55.94312801087948 -3.1902864530927735 N 55.94342801087948 -3.1902864530927735 844.6988716125488 1018.2590274810791
55.94342801087948 -3.1902864530927735 W 55.94342801087948 -3.1905864530927737 881.6272621154785 1060.7588558197021
55.94342801087948 -3.1905864530927737 E 55.94342801087948 -3.1902864530927735 881.6272621154785 1059.5088558197021
55.94342801087948 -3.1902864530927735 WSW 55.94331320584977 -3.190563616952527 881.6272621154785 1058.2588558197021
55.94331320584977 -3.190563616952527 ESE 55.94319840082006 -3.1902864530927735 881.6272621154785 1057.0088558197021
55.94319840082006 -3.1902864530927735 W 55.94319840082006 -3.1905864530927737 881.6272621154785 1055.7588558197021
55.94319840082006 -3.1905864530927737 E 55.94319840082006 -3.1902864530927735 881.6272621154785 1054.5088558197021
55.94319840082006 -3.1902864530927735 W 55.94319840082006 -3.1905864530927737 881.6272621154785 1053.2588558197021
55.94319840082006 -3.1905864530927737 WNW 55.94331320584977 -3.190863616952527 881.6272621154785 1052.0088558197021
55.94331320584977 -3.190863616952527 E 55.94331320584977 -3.190563616952527 881.6272621154785 1050.7588558197021
55.94331320584977 -3.190563616952527 NNW 55.943590369709526 -3.1906784219822364 881.6272621154785 1049.5088558197021
55.943590369709526 -3.1906784219822364 SSE 55.94331320584977 -3.190563616952527 881.6272621154785 1048.2588558197021
55.94331320584977 -3.190563616952527 NNW 55.943590369709526 -3.1906784219822364 881.6272621154785 1047.0088558197021
55.943590369709526 -3.1906784219822364 SSE 55.94331320584977 -3.190563616952527 881.6272621154785 1045.7588558197021
55.94331320584977 -3.190563616952527 WNW 55.94342801087948 -3.1908407808122803 881.6272621154785 1044.5088558197021
55.94342801087948 -3.1908407808122803 NE 55.943640142913836 -3.1906286487779245 916.3692779541016 1075.1574802398682
55.943640142913836 -3.1906286487779245 SW 55.94342801087948 -3.1908407808122803 916.3692779541016 1073.9074802398682
55.94342801087948 -3.1908407808122803 SE 55.94321587884512 -3.1906286487779245 916.3692779541016 1072.6574802398682
55.94321587884512 -3.1906286487779245 NW 55.94342801087948 -3.1908407808122803 916.3692779541016 1071.4074802398682
55.94342801087948 -3.1908407808122803 N 55.94372801087948 -3.1908407808122803 916.3692779541016 1070.1574802398682
55.94372801087948 -3.1908407808122803 SW 55.943515878845126 -3.191052912846636 916.3692779541016 1068.9074802398682
55.943515878845126 -3.191052912846636 NE 55.94372801087948 -3.1908407808122803 916.3692779541016 1067.6574802398682
55.94372801087948 -3.1908407808122803 SW 55.943515878845126 -3.191052912846636 916.3692779541016 1066.4074802398682
55.943515878845126 -3.191052912846636 NW 55.94372801087948 -3.191265044880992 916.3692779541016 1065.1574802398682
55.94372801087948 -3.191265044880992 SE 55.943515878845126 -3.191052912846636 916.3692779541016 1063.9074802398682
55.943515878845126 -3.191052912846636 NW 55.94372801087948 -3.191265044880992 916.3692779541016 1062.6574802398682
55.94372801087948 -3.191265044880992 ENE 55.94384281590919 -3.1909878810212384 916.3692779541016 1061.4074802398682
55.94384281590919 -3.1909878810212384 WSW 55.94372801087948 -3.191265044880992 916.3692779541016 1060.1574802398682
