55.944425 -3.188396 SW 55.944212867965646 -3.188608132034356 0.0 248.75
55.944212867965646 -3.188608132034356 NE 55.944425 -3.188396 0.0 247.5
55.944425 -3.188396 ESE 55.94431019497029 -3.1881188361402466 0.0 246.25
55.94431019497029 -3.1881188361402466 WNW 55.944425 -3.188396 0.0 245.0
55.944425 -3.188396 E 55.944425 -3.188096 0.0 243.75
55.944425 -3.188096 W 55.944425 -3.188396 0.0 242.5
55.944425 -3.188396 E 55.944425 -3.188096 0.0 241.25
55.944425 -3.188096 NW 55.94463713203436 -3.1883081320343556 16.001678466796875 247.75298643112183
55.94463713203436 -3.1883081320343556 E 55.94463713203436 -3.1880081320343554 16.001678466796875 246.50298643112183
55.94463713203436 -3.1880081320343554 W 55.94463713203436 -3.1883081320343556 16.001678466796875 245.25298643112183
55.94463713203436 -3.1883081320343556 WNW 55.94475193706407 -3.188585295894109 16.001678466796875 244.00298643112183
55.94475193706407 -3.188585295894109 ESE 55.94463713203436 -3.1883081320343556 16.001678466796875 242.75298643112183
55.94463713203436 -3.1883081320343556 NNW 55.944914295894115 -3.188422937064065 16.001678466796875 241.50298643112183
55.944914295894115 -3.188422937064065 SSE 55.94463713203436 -3.1883081320343556 16.001678466796875 240.25298643112183
55.94463713203436 -3.1883081320343556 WNW 55.94475193706407 -3.188585295894109 16.001678466796875 239.00298643112183
55.94475193706407 -3.188585295894109 NNE 55.945029100923826 -3.1884704908643995 16.001678466796875 237.75298643112183
55.945029100923826 -3.1884704908643995 SSW 55.94475193706407 -3.188585295894109 16.001678466796875 236.50298643112183
55.94475193706407 -3.188585295894109 NE 55.944964069098425 -3.1883731638597532 16.001678466796875 235.25298643112183
55.944964069098425 -3.1883731638597532 WSW 55.944849264068715 -3.1886503277195066 16.001678466796875 234.00298643112183
55.944849264068715 -3.1886503277195066 NE 55.94506139610307 -3.188438195685151 16.001678466796875 232.75298643112183
55.94506139610307 -3.188438195685151 S 55.94476139610307 -3.188438195685151 16.001678466796875 231.50298643112183
55.94476139610307 -3.188438195685151 N 55.94506139610307 -3.188438195685151 16.001678466796875 230.25298643112183
55.94506139610307 -3.188438195685151 ENE 55.94517620113278 -3.1881610318253975 16.001678466796875 229.00298643112183
55.94517620113278 -3.1881610318253975 WSW 55.94506139610307 -3.188438195685151 16.001678466796875 227.75298643112183
55.94506139610307 -3.188438195685151 ENE 55.94517620113278 -3.1881610318253975 16.001678466796875 226.50298643112183
55.94517620113278 -3.1881610318253975 NW 55.94538833316714 -3.1883731638597532 16.001678466796875 225.25298643112183
55.94538833316714 -3.1883731638597532 SE 55.94517620113278 -3.1881610318253975 16.001678466796875 224.00298643112183
55.94517620113278 -3.1881610318253975 NW 55.94538833316714 -3.1883731638597532 16.001678466796875 222.75298643112183
55.94538833316714 -3.1883731638597532 SSE 55.94511116930738 -3.1882583588300437 16.001678466796875 221.50298643112183
55.94511116930738 -3.1882583588300437 N 55.945411169307384 -3.1882583588300437 16.001678466796875 220.25298643112183
55.945411169307384 -3.1882583588300437 SSW 55.94513400544763 -3.1883731638597532 16.001678466796875 219.00298643112183
55.94513400544763 -3.1883731638597532 NNE 55.945411169307384 -3.1882583588300437 16.001678466796875 217.75298643112183
55.945411169307384 -3.1882583588300437 NNW 55.94568833316714 -3.1883731638597532 16.001678466796875 216.50298643112183
55.94568833316714 -3.1883731638597532 SE 55.945476201132784 -3.1881610318253975 16.001678466796875 215.25298643112183
55.945476201132784 -3.1881610318253975 NW 55.94568833316714 -3.1883731638597532 16.001678466796875 214.00298643112183
55.94568833316714 -3.1883731638597532 ESE 55.94557352813743 -3.188096 16.001678466796875 212.75298643112183
55.94557352813743 -3.188096 NNW 55.94585069199719 -3.1882108050297093 16.001678466796875 211.50298643112183
55.94585069199719 -3.1882108050297093 SE 55.94563855996283 -3.1879986729953536 16.001678466796875 210.25298643112183
55.94563855996283 -3.1879986729953536 NW 55.94585069199719 -3.1882108050297093 16.001678466796875 209.00298643112183
55.94585069199719 -3.1882108050297093 SSE 55.94557352813743 -3.188096 16.001678466796875 207.75298643112183
55.94557352813743 -3.188096 WNW 55.94568833316714 -3.1883731638597532 16.001678466796875 206.50298643112183
55.94568833316714 -3.1883731638597532 SE 55.945476201132784 -3.1881610318253975 16.001678466796875 205.25298643112183
55.945476201132784 -3.1881610318253975 NW 55.94568833316714 -3.1883731638597532 16.001678466796875 204.00298643112183
55.94568833316714 -3.1883731638597532 SSE 55.945411169307384 -3.1882583588300437 16.001678466796875 202.75298643112183
55.945411169307384 -3.1882583588300437 NNW 55.94568833316714 -3.1883731638597532 16.001678466796875 201.50298643112183
55.94568833316714 -3.1883731638597532 NNW 55.9459654970269 -3.1884879688894627 16.001678466796875 200.25298643112183
55.9459654970269 -3.1884879688894627 SSE 55.94568833316714 -3.1883731638597532 16.001678466796875 199.00298643112183
55.94568833316714 -3.1883731638597532 NNW 55.9459654970269 -3.1884879688894627 16.001678466796875 197.75298643112183
55.9459654970269 -3.1884879688894627 SSE 55.94568833316714 -3.1883731638597532 16.001678466796875 196.50298643112183
55.94568833316714 -3.1883731638597532 NNE 55.9459654970269 -3.1882583588300437 16.001678466796875 195.25298643112183
55.9459654970269 -3.1882583588300437 SSW 55.94568833316714 -3.1883731638597532 16.001678466796875 194.00298643112183
55.94568833316714 -3.1883731638597532 NNE 55.9459654970269 -3.1882583588300437 16.001678466796875 192.75298643112183
55.9459654970269 -3.1882583588300437 ENE 55.94608030205661 -3.1879811949702903 16.001678466796875 191.50298643112183
55.94608030205661 -3.1879811949702903 WSW 55.9459654970269 -3.1882583588300437 16.001678466796875 190.25298643112183
55.9459654970269 -3.1882583588300437 NE 55.94617762906125 -3.188046226795688 24.34072208404541 301.3715853691101
55.94617762906125 -3.188046226795688 WSW 55.94606282403154 -3.1883233906554413 24.34072208404541 300.1215853691101
55.94606282403154 -3.1883233906554413 ENE 55.94617762906125 -3.188046226795688 24.34072208404541 298.8715853691101
55.94617762906125 -3.188046226795688 WSW 55.94606282403154 -3.1883233906554413 24.34072208404541 297.6215853691101
55.94606282403154 -3.1883233906554413 WSW 55.94594801900183 -3.1886005545151948 24.34072208404541 296.3715853691101
55.94594801900183 -3.1886005545151948 ENE 55.94606282403154 -3.1883233906554413 24.34072208404541 295.1215853691101
55.94606282403154 -3.1883233906554413 E 55.94606282403154 -3.188023390655441 24.34072208404541 293.8715853691101
55.94606282403154 -3.188023390655441 W 55.94606282403154 -3.1883233906554413 24.34072208404541 292.6215853691101
55.94606282403154 -3.1883233906554413 SW 55.94585069199719 -3.188535522689797 24.34072208404541 291.3715853691101
55.94585069199719 -3.188535522689797 NE 55.94606282403154 -3.1883233906554413 24.34072208404541 290.1215853691101
55.94606282403154 -3.1883233906554413 WNW 55.94617762906125 -3.1886005545151948 24.34072208404541 288.8715853691101
55.94617762906125 -3.1886005545151948 E 55.94617762906125 -3.1883005545151946 24.34072208404541 287.6215853691101
55.94617762906125 -3.1883005545151946 W 55.94617762906125 -3.1886005545151948 24.34072208404541 286.3715853691101
55.94617762906125 -3.1886005545151948 E 55.94617762906125 -3.1883005545151946 24.34072208404541 285.1215853691101
55.94617762906125 -3.1883005545151946 WSW 55.94606282403154 -3.188577718374948 24.34072208404541 283.8715853691101
55.94606282403154 -3.188577718374948 E 55.94606282403154 -3.1882777183749478 24.34072208404541 282.6215853691101
55.94606282403154 -3.1882777183749478 WSW 55.94594801900183 -3.188554882234701 24.34072208404541 281.3715853691101
55.94594801900183 -3.188554882234701 ESE 55.94583321397212 -3.1882777183749478 24.34072208404541 280.1215853691101
55.94583321397212 -3.1882777183749478 WNW 55.94594801900183 -3.188554882234701 24.34072208404541 278.8715853691101
55.94594801900183 -3.188554882234701 S 55.94564801900183 -3.188554882234701 24.34072208404541 277.6215853691101
55.94564801900183 -3.188554882234701 NNE 55.945925182861586 -3.1884400772049917 24.34072208404541 276.3715853691101
55.945925182861586 -3.1884400772049917 SW 55.94571305082723 -3.1886522092393474 24.34072208404541 275.1215853691101
55.94571305082723 -3.1886522092393474 N 55.94601305082723 -3.1886522092393474 24.34072208404541 273.8715853691101
55.94601305082723 -3.1886522092393474 SW 55.94580091879288 -3.188864341273703 24.34072208404541 272.6215853691101
55.94580091879288 -3.188864341273703 NE 55.94601305082723 -3.1886522092393474 24.34072208404541 271.3715853691101
55.94601305082723 -3.1886522092393474 NW 55.94622518286159 -3.188864341273703 24.34072208404541 270.1215853691101
55.94622518286159 -3.188864341273703 ESE 55.94611037783188 -3.18858717741395 24.34072208404541 268.8715853691101
55.94611037783188 -3.18858717741395 WNW 55.94622518286159 -3.188864341273703 24.34072208404541 267.6215853691101
55.94622518286159 -3.188864341273703 ESE 55.94611037783188 -3.18858717741395 24.34072208404541 266.3715853691101
55.94611037783188 -3.18858717741395 WNW 55.94622518286159 -3.188864341273703 24.34072208404541 265.1215853691101
55.94622518286159 -3.188864341273703 ESE 55.94611037783188 -3.18858717741395 24.34072208404541 263.8715853691101
55.94611037783188 -3.18858717741395 WNW 55.94622518286159 -3.188864341273703 24.34072208404541 262.6215853691101
55.94622518286159 -3.188864341273703 S 55.945925182861586 -3.188864341273703 24.34072208404541 261.3715853691101
55.945925182861586 -3.188864341273703 NE 55.94613731489594 -3.1886522092393474 24.34072208404541 260.1215853691101
55.94613731489594 -3.1886522092393474 SW 55.945925182861586 -3.188864341273703 24.34072208404541 258.8715853691101
55.945925182861586 -3.188864341273703 SW 55.94571305082723 -3.189076473308059 24.34072208404541 257.6215853691101
55.94571305082723 -3.189076473308059 NE 55.945925182861586 -3.188864341273703 24.34072208404541 256.3715853691101
55.945925182861586 -3.188864341273703 WSW 55.945810377831876 -3.1891415051334566 24.34072208404541 255.1215853691101
55.945810377831876 -3.1891415051334566 NNE 55.94608754169163 -3.189026700103747 24.34072208404541 253.8715853691101
55.94608754169163 -3.189026700103747 SW 55.945875409657276 -3.189238832138103 24.34072208404541 252.6215853691101
55.945875409657276 -3.189238832138103 SSW 55.94559824579752 -3.1893536371678124 24.34072208404541 251.3715853691101
55.94559824579752 -3.1893536371678124 NNE 55.945875409657276 -3.189238832138103 24.34072208404541 250.1215853691101
55.945875409657276 -3.189238832138103 NW 55.94608754169163 -3.1894509641724587 24.34072208404541 248.8715853691101
55.94608754169163 -3.1894509641724587 SSE 55.945810377831876 -3.189336159142749 24.34072208404541 247.6215853691101
55.945810377831876 -3.189336159142749 NNW 55.94608754169163 -3.1894509641724587 24.34072208404541 246.3715853691101
55.94608754169163 -3.1894509641724587 S 55.94578754169163 -3.1894509641724587 24.34072208404541 245.1215853691101
55.94578754169163 -3.1894509641724587 N 55.94608754169163 -3.1894509641724587 24.34072208404541 243.8715853691101
55.94608754169163 -3.1894509641724587 SE 55.945875409657276 -3.189238832138103 24.34072208404541 242.6215853691101
55.945875409657276 -3.189238832138103 W 55.945875409657276 -3.189538832138103 24.34072208404541 241.3715853691101
55.945875409657276 -3.189538832138103 ESE 55.945760604627566 -3.1892616682783497 24.34072208404541 240.1215853691101
55.945760604627566 -3.1892616682783497 WNW 55.945875409657276 -3.189538832138103 24.34072208404541 238.8715853691101
55.945875409657276 -3.189538832138103 SSW 55.94559824579752 -3.1896536371678126 24.34072208404541 237.6215853691101
55.94559824579752 -3.1896536371678126 NNW 55.945875409657276 -3.189768442197522 24.34072208404541 236.3715853691101
55.945875409657276 -3.189768442197522 SSE 55.94559824579752 -3.1896536371678126 24.34072208404541 235.1215853691101
55.94559824579752 -3.1896536371678126 SW 55.94538611376316 -3.1898657692021684 24.34072208404541 233.8715853691101
55.94538611376316 -3.1898657692021684 N 55.945686113763166 -3.1898657692021684 24.34072208404541 232.6215853691101
55.945686113763166 -3.1898657692021684 SSW 55.94540894990341 -3.189980574231878 24.34072208404541 231.3715853691101
55.94540894990341 -3.189980574231878 NNE 55.945686113763166 -3.1898657692021684 24.34072208404541 230.1215853691101
55.945686113763166 -3.1898657692021684 W 55.945686113763166 -3.1901657692021685 24.34072208404541 228.8715853691101
55.945686113763166 -3.1901657692021685 ENE 55.94580091879288 -3.189888605342415 24.34072208404541 227.6215853691101
55.94580091879288 -3.189888605342415 WSW 55.945686113763166 -3.1901657692021685 24.34072208404541 226.3715853691101
55.945686113763166 -3.1901657692021685 ENE 55.94580091879288 -3.189888605342415 24.34072208404541 225.1215853691101
55.94580091879288 -3.189888605342415 ENE 55.94591572382259 -3.1896114414826617 24.34072208404541 223.8715853691101
55.94591572382259 -3.1896114414826617 WSW 55.94580091879288 -3.189888605342415 24.34072208404541 222.6215853691101
55.94580091879288 -3.189888605342415 NW 55.94601305082723 -3.190100737376771 24.34072208404541 221.3715853691101
55.94601305082723 -3.190100737376771 E 55.94601305082723 -3.1898007373767707 24.34072208404541 220.1215853691101
55.94601305082723 -3.1898007373767707 WNW 55.94612785585694 -3.190077901236524 47.43110370635986 299.8672823905945
55.94612785585694 -3.190077901236524 ESE 55.94601305082723 -3.1898007373767707 47.43110370635986 298.6172823905945
55.94601305082723 -3.1898007373767707 WNW 55.94612785585694 -3.190077901236524 47.43110370635986 297.3672823905945
55.94612785585694 -3.190077901236524 SE 55.94591572382259 -3.1898657692021684 47.43110370635986 296.1172823905945
55.94591572382259 -3.1898657692021684 NW 55.94612785585694 -3.190077901236524 47.43110370635986 294.8672823905945
55.94612785585694 -3.190077901236524 W 55.94612785585694 -3.1903779012365243 47.43110370635986 293.6172823905945
55.94612785585694 -3.1903779012365243 E 55.94612785585694 -3.190077901236524 47.43110370635986 292.3672823905945
55.94612785585694 -3.190077901236524 ESE 55.94601305082723 -3.1898007373767707 47.43110370635986 291.1172823905945
55.94601305082723 -3.1898007373767707 WNW 55.94612785585694 -3.190077901236524 47.43110370635986 289.8672823905945
55.94612785585694 -3.190077901236524 W 55.94612785585694 -3.1903779012365243 47.43110370635986 288.6172823905945
55.94612785585694 -3.1903779012365243 ESE 55.94601305082723 -3.190100737376771 47.43110370635986 287.3672823905945
55.94601305082723 -3.190100737376771 NE 55.94622518286159 -3.189888605342415 47.43110370635986 286.1172823905945
55.94622518286159 -3.189888605342415 SW 55.94601305082723 -3.190100737376771 47.43110370635986 284.8672823905945
55.94601305082723 -3.190100737376771 WNW 55.94612785585694 -3.1903779012365243 47.43110370635986 283.6172823905945
55.94612785585694 -3.1903779012365243 SSE 55.94585069199719 -3.190263096206815 136.61070728302002 366.73318815231323
55.94585069199719 -3.190263096206815 WSW 55.945735886967476 -3.190540260066568 136.61070728302002 365.48318815231323
55.945735886967476 -3.190540260066568 ENE 55.94585069199719 -3.190263096206815 136.61070728302002 364.23318815231323
55.94585069199719 -3.190263096206815 NNE 55.94612785585694 -3.1901482911771053 136.61070728302002 362.98318815231323
55.94612785585694 -3.1901482911771053 SSW 55.94585069199719 -3.190263096206815 136.61070728302002 361.73318815231323
55.94585069199719 -3.190263096206815 NNE 55.94612785585694 -3.1901482911771053 136.61070728302002 360.48318815231323
55.94612785585694 -3.1901482911771053 SSW 55.94585069199719 -3.190263096206815 136.61070728302002 359.23318815231323
55.94585069199719 -3.190263096206815 SSW 55.94557352813743 -3.1903779012365243 136.61070728302002 357.98318815231323
55.94557352813743 -3.1903779012365243 NNE 55.94585069199719 -3.190263096206815 136.61070728302002 356.73318815231323
55.94585069199719 -3.190263096206815 WSW 55.945735886967476 -3.190540260066568 136.61070728302002 355.48318815231323
55.945735886967476 -3.190540260066568 ENE 55.94585069199719 -3.190263096206815 136.61070728302002 354.23318815231323
55.94585069199719 -3.190263096206815 WSW 55.945735886967476 -3.190540260066568 136.61070728302002 352.98318815231323
55.945735886967476 -3.190540260066568 ENE 55.94585069199719 -3.190263096206815 136.61070728302002 351.73318815231323
55.94585069199719 -3.190263096206815 WSW 55.945735886967476 -3.190540260066568 136.61070728302002 350.48318815231323
55.945735886967476 -3.190540260066568 NE 55.94594801900183 -3.1903281280322124 255.31621265411377 459.29017972946167
55.94594801900183 -3.1903281280322124 W 55.94594801900183 -3.1906281280322126 255.31621265411377 458.04017972946167
55.94594801900183 -3.1906281280322126 NNW 55.94622518286159 -3.190742933061922 255.31621265411377 456.79017972946167
55.94622518286159 -3.190742933061922 SSE 55.94594801900183 -3.1906281280322126 255.31621265411377 455.54017972946167
55.94594801900183 -3.1906281280322126 W 55.94594801900183 -3.190928128032213 255.31621265411377 454.29017972946167
55.94594801900183 -3.190928128032213 E 55.94594801900183 -3.1906281280322126 255.31621265411377 453.04017972946167
55.94594801900183 -3.1906281280322126 W 55.94594801900183 -3.190928128032213 255.31621265411377 451.79017972946167
55.94594801900183 -3.190928128032213 NE 55.94616015103619 -3.190715995997857 255.31621265411377 450.54017972946167
55.94616015103619 -3.190715995997857 SW 55.94594801900183 -3.190928128032213 255.31621265411377 449.29017972946167
55.94594801900183 -3.190928128032213 NNW 55.94622518286159 -3.1910429330619223 255.31621265411377 448.04017972946167
55.94622518286159 -3.1910429330619223 ESE 55.94611037783188 -3.190765769202169 255.31621265411377 446.79017972946167
55.94611037783188 -3.190765769202169 WNW 55.94622518286159 -3.1910429330619223 255.31621265411377 445.54017972946167
55.94622518286159 -3.1910429330619223 SSW 55.94594801900183 -3.191157738091632 333.2322130203247 513.8078188896179
55.94594801900183 -3.191157738091632 SE 55.945735886967476 -3.190945606057276 394.4838037490845 530.6586928367615
55.945735886967476 -3.190945606057276 NW 55.94594801900183 -3.191157738091632 394.4838037490845 529.4086928367615
55.94594801900183 -3.191157738091632 W 55.94594801900183 -3.191457738091632 479.4960107803345 603.1038298606873
55.94594801900183 -3.191457738091632 ESE 55.94583321397212 -3.1911805742318786 479.4960107803345 601.8538298606873
55.94583321397212 -3.1911805742318786 WSW 55.94571840894241 -3.191457738091632 496.26462841033936 695.8272032737732
55.94571840894241 -3.191457738091632 E 55.94571840894241 -3.191157738091632 496.26462841033936 694.5772032737732
55.94571840894241 -3.191157738091632 W 55.94571840894241 -3.191457738091632 496.26462841033936 693.3272032737732
55.94571840894241 -3.191457738091632 E 55.94571840894241 -3.191157738091632 496.26462841033936 692.0772032737732
55.94571840894241 -3.191157738091632 SW 55.945506276908056 -3.1913698701259876 496.26462841033936 690.8272032737732
55.945506276908056 -3.1913698701259876 ENE 55.945621081937766 -3.191092706266234 496.26462841033936 689.5772032737732
55.945621081937766 -3.191092706266234 SSW 55.94534391807801 -3.1912075112959437 566.0348615646362 708.3648352622986
55.94534391807801 -3.1912075112959437 NNE 55.945621081937766 -3.191092706266234 566.0348615646362 707.1148352622986
55.945621081937766 -3.191092706266234 S 55.94532108193776 -3.191092706266234 566.0348615646362 705.8648352622986
55.94532108193776 -3.191092706266234 N 55.945621081937766 -3.191092706266234 566.0348615646362 704.6148352622986
55.945621081937766 -3.191092706266234 SSE 55.94534391807801 -3.1909779012365247 566.0348615646362 703.3648352622986
55.94534391807801 -3.1909779012365247 NNW 55.945621081937766 -3.191092706266234 566.0348615646362 702.1148352622986
55.945621081937766 -3.191092706266234 SSE 55.94534391807801 -3.1909779012365247 566.0348615646362 700.8648352622986
55.94534391807801 -3.1909779012365247 WNW 55.94545872310772 -3.191255065096278 566.0348615646362 699.6148352622986
55.94545872310772 -3.191255065096278 SE 55.945246591073364 -3.1910429330619223 566.0348615646362 698.3648352622986
55.945246591073364 -3.1910429330619223 W 55.945246591073364 -3.1913429330619225 566.0348615646362 697.1148352622986
55.945246591073364 -3.1913429330619225 ESE 55.94513178604365 -3.191065769202169 566.0348615646362 695.8648352622986
55.94513178604365 -3.191065769202169 WNW 55.945246591073364 -3.1913429330619225 566.0348615646362 694.6148352622986
55.945246591073364 -3.1913429330619225 ESE 55.94513178604365 -3.191065769202169 566.0348615646362 693.3648352622986
55.94513178604365 -3.191065769202169 NW 55.94534391807801 -3.191277901236525 566.0348615646362 692.1148352622986
55.94534391807801 -3.191277901236525 SSE 55.94506675421825 -3.1911630962068154 566.0348615646362 690.8648352622986
55.94506675421825 -3.1911630962068154 NE 55.94527888625261 -3.1909509641724596 566.0348615646362 689.6148352622986
55.94527888625261 -3.1909509641724596 SW 55.94506675421825 -3.1911630962068154 566.0348615646362 688.3648352622986
55.94506675421825 -3.1911630962068154 E 55.94506675421825 -3.190863096206815 566.0348615646362 687.1148352622986
55.94506675421825 -3.190863096206815 WSW 55.94495194918854 -3.1911402600665686 566.0348615646362 685.8648352622986
55.94495194918854 -3.1911402600665686 ENE 55.94506675421825 -3.190863096206815 566.0348615646362 684.6148352622986
55.94506675421825 -3.190863096206815 WSW 55.94495194918854 -3.1911402600665686 566.0348615646362 683.3648352622986
55.94495194918854 -3.1911402600665686 ESE 55.94483714415883 -3.190863096206815 640.3389387130737 712.2927603721619
55.94483714415883 -3.190863096206815 S 55.94453714415883 -3.190863096206815 650.3321886062622 835.9223380088806
55.94453714415883 -3.190863096206815 N 55.94483714415883 -3.190863096206815 650.3321886062622 834.6723380088806
55.94483714415883 -3.190863096206815 WNW 55.94495194918854 -3.1911402600665686 650.3321886062622 833.4223380088806
55.94495194918854 -3.1911402600665686 SE 55.944739817154186 -3.190928128032213 734.7052125930786 851.6564116477966
55.944739817154186 -3.190928128032213 SW 55.94452768511983 -3.1911402600665686 837.3888368606567 936.3308577537537
55.94452768511983 -3.1911402600665686 NE 55.944739817154186 -3.190928128032213 837.3888368606567 935.0808577537537
55.944739817154186 -3.190928128032213 SSW 55.94446265329443 -3.1910429330619223 837.3888368606567 933.8308577537537
55.94446265329443 -3.1910429330619223 NNE 55.944739817154186 -3.190928128032213 837.3888368606567 932.5808577537537
55.944739817154186 -3.190928128032213 SSW 55.94446265329443 -3.1910429330619223 837.3888368606567 931.3308577537537
55.94446265329443 -3.1910429330619223 NE 55.944674785328786 -3.1908308010275666 837.3888368606567 930.0808577537537
55.944674785328786 -3.1908308010275666 WSW 55.944559980299076 -3.19110796488732 837.3888368606567 928.8308577537537
55.944559980299076 -3.19110796488732 ENE 55.944674785328786 -3.1908308010275666 837.3888368606567 927.5808577537537
55.944674785328786 -3.1908308010275666 NNW 55.94495194918854 -3.190945606057276 837.3888368606567 926.3308577537537
55.94495194918854 -3.190945606057276 SSE 55.944674785328786 -3.1908308010275666 837.3888368606567 925.0808577537537
55.944674785328786 -3.1908308010275666 NNW 55.94495194918854 -3.190945606057276 837.3888368606567 923.8308577537537
55.94495194918854 -3.190945606057276 SSE 55.944674785328786 -3.1908308010275666 837.3888368606567 922.5808577537537
55.944674785328786 -3.1908308010275666 NNW 55.94495194918854 -3.190945606057276 837.3888368606567 921.3308577537537
55.94495194918854 -3.190945606057276 SE 55.944739817154186 -3.1907334740229203 837.3888368606567 920.0808577537537
55.944739817154186 -3.1907334740229203 NNW 55.94501698101394 -3.19084827905263 837.3888368606567 918.8308577537537
55.94501698101394 -3.19084827905263 SE 55.94480484897959 -3.190636147018274 837.3888368606567 917.5808577537537
55.94480484897959 -3.190636147018274 SW 55.94459271694523 -3.19084827905263 837.3888368606567 916.3308577537537
55.94459271694523 -3.19084827905263 ENE 55.94470752197494 -3.1905711151928764 837.3888368606567 915.0808577537537
55.94470752197494 -3.1905711151928764 SSW 55.944430358115184 -3.190685920222586 837.3888368606567 913.8308577537537
55.944430358115184 -3.190685920222586 NNE 55.94470752197494 -3.1905711151928764 837.3888368606567 912.5808577537537
55.94470752197494 -3.1905711151928764 WSW 55.94459271694523 -3.19084827905263 837.3888368606567 911.3308577537537
55.94459271694523 -3.19084827905263 E 55.94459271694523 -3.1905482790526296 942.6545305252075 1001.403687953949
55.94459271694523 -3.1905482790526296 W 55.94459271694523 -3.19084827905263 942.6545305252075 1000.153687953949
55.94459271694523 -3.19084827905263 SE 55.944380584910874 -3.190636147018274 942.6545305252075 998.903687953949
55.944380584910874 -3.190636147018274 NW 55.94459271694523 -3.19084827905263 942.6545305252075 997.653687953949
55.94459271694523 -3.19084827905263 SSE 55.944315553085474 -3.1907334740229203 942.6545305252075 996.403687953949
55.944315553085474 -3.1907334740229203 WNW 55.944430358115184 -3.1910106378826737 942.6545305252075 995.153687953949
55.944430358115184 -3.1910106378826737 ESE 55.944315553085474 -3.1907334740229203 942.6545305252075 993.903687953949
55.944315553085474 -3.1907334740229203 WNW 55.944430358115184 -3.1910106378826737 942.6545305252075 992.653687953949
55.944430358115184 -3.1910106378826737 SSE 55.94415319425543 -3.190895832852964 942.6545305252075 991.403687953949
55.94415319425543 -3.190895832852964 NNW 55.944430358115184 -3.1910106378826737 942.6545305252075 990.153687953949
55.944430358115184 -3.1910106378826737 S 55.94413035811518 -3.1910106378826737 942.6545305252075 988.903687953949
55.94413035811518 -3.1910106378826737 N 55.944430358115184 -3.1910106378826737 942.6545305252075 987.653687953949
55.944430358115184 -3.1910106378826737 SSE 55.94415319425543 -3.190895832852964 942.6545305252075 986.403687953949
55.94415319425543 -3.190895832852964 NNW 55.944430358115184 -3.1910106378826737 942.6545305252075 985.153687953949
55.944430358115184 -3.1910106378826737 SE 55.94421822608083 -3.190798505848318 977.2456827163696 1065.8677916526794
55.94421822608083 -3.190798505848318 NNE 55.944495389940585 -3.1906837008186084 977.2456827163696 1064.6177916526794
55.944495389940585 -3.1906837008186084 SSW 55.94421822608083 -3.190798505848318 977.2456827163696 1063.3677916526794
55.94421822608083 -3.190798505848318 SE 55.94400609404647 -3.190586373813962 1061.0849542617798 1181.868676662445
55.94400609404647 -3.190586373813962 NNW 55.94428325790623 -3.1907011788436717 1061.0849542617798 1180.618676662445
55.94428325790623 -3.1907011788436717 WSW 55.94416845287652 -3.190978342703425 1061.0849542617798 1179.368676662445
55.94416845287652 -3.190978342703425 ENE 55.94428325790623 -3.1907011788436717 1061.0849542617798 1178.118676662445
55.94428325790623 -3.1907011788436717 ESE 55.94416845287652 -3.1904240149839183 1083.583815574646 1257.8017745018005
55.94416845287652 -3.1904240149839183 WNW 55.94428325790623 -3.1907011788436717 1083.583815574646 1256.5517745018005
55.94428325790623 -3.1907011788436717 ESE 55.94416845287652 -3.1904240149839183 1083.583815574646 1255.3017745018005
55.94416845287652 -3.1904240149839183 WNW 55.94428325790623 -3.1907011788436717 1083.583815574646 1254.0517745018005
55.94428325790623 -3.1907011788436717 ENE 55.94439806293594 -3.1904240149839183 1083.583815574646 1252.8017745018005
55.94439806293594 -3.1904240149839183 W 55.94439806293594 -3.1907240149839184 1083.583815574646 1251.5517745018005
55.94439806293594 -3.1907240149839184 E 55.94439806293594 -3.1904240149839183 1083.583815574646 1250.3017745018005
55.94439806293594 -3.1904240149839183 NE 55.944610194970295 -3.1902118829495625 1083.583815574646 1249.0517745018005
55.944610194970295 -3.1902118829495625 SW 55.94439806293594 -3.1904240149839183 1083.583815574646 1247.8017745018005
55.94439806293594 -3.1904240149839183 NNE 55.944675226795695 -3.1903092099542087 1083.583815574646 1246.5517745018005
55.944675226795695 -3.1903092099542087 SSW 55.94439806293594 -3.1904240149839183 1083.583815574646 1245.3017745018005
