55.944425 -3.188396 ESE 55.94431019497029 -3.1881188361402466 0.0 248.75
55.94431019497029 -3.1881188361402466 NW 55.94452232700465 -3.1883309681746024 0.0 247.5
55.94452232700465 -3.1883309681746024 SSE 55.94424516314489 -3.188216163144893 94.22140502929688 331.9678268432617
55.94424516314489 -3.188216163144893 NNW 55.94452232700465 -3.1883309681746024 94.22140502929688 330.7178268432617
55.94452232700465 -3.1883309681746024 SE 55.94431019497029 -3.1881188361402466 94.22140502929688 329.4678268432617
55.94431019497029 -3.1881188361402466 NW 55.94452232700465 -3.1883309681746024 94.22140502929688 328.2178268432617
55.94452232700465 -3.1883309681746024 E 55.94452232700465 -3.188030968174602 94.22140502929688 326.9678268432617
55.94452232700465 -3.188030968174602 WNW 55.94463713203436 -3.1883081320343556 94.22140502929688 325.7178268432617
55.94463713203436 -3.1883081320343556 ENE 55.94475193706407 -3.188030968174602 94.22140502929688 324.4678268432617
55.94475193706407 -3.188030968174602 WSW 55.94463713203436 -3.1883081320343556 94.22140502929688 323.2178268432617
55.94463713203436 -3.1883081320343556 NW 55.944849264068715 -3.1885202640687114 94.22140502929688 321.9678268432617
55.944849264068715 -3.1885202640687114 SE 55.94463713203436 -3.1883081320343556 94.22140502929688 320.7178268432617
55.94463713203436 -3.1883081320343556 NNW 55.944914295894115 -3.188422937064065 94.22140502929688 319.4678268432617
55.944914295894115 -3.188422937064065 S 55.94461429589411 -3.188422937064065 94.22140502929688 318.2178268432617
55.94461429589411 -3.188422937064065 NNW 55.94489145975387 -3.1885377420937746 94.22140502929688 316.9678268432617
55.94489145975387 -3.1885377420937746 S 55.944591459753866 -3.1885377420937746 94.22140502929688 315.7178268432617
55.944591459753866 -3.1885377420937746 NNW 55.94486862361362 -3.188652547123484 94.22140502929688 314.4678268432617
55.94486862361362 -3.188652547123484 S 55.94456862361362 -3.188652547123484 94.22140502929688 313.2178268432617
55.94456862361362 -3.188652547123484 N 55.94486862361362 -3.188652547123484 94.22140502929688 311.9678268432617
55.94486862361362 -3.188652547123484 S 55.94456862361362 -3.188652547123484 94.22140502929688 310.7178268432617
55.94456862361362 -3.188652547123484 ENE 55.94468342864333 -3.1883753832637307 94.22140502929688 309.4678268432617
55.94468342864333 -3.1883753832637307 WSW 55.94456862361362 -3.188652547123484 94.22140502929688 308.2178268432617
55.94456862361362 -3.188652547123484 ESE 55.94445381858391 -3.1883753832637307 94.22140502929688 306.9678268432617
55.94445381858391 -3.1883753832637307 WNW 55.94456862361362 -3.188652547123484 94.22140502929688 305.7178268432617
55.94456862361362 -3.188652547123484 SSE 55.94429145975386 -3.1885377420937746 94.22140502929688 304.4678268432617
55.94429145975386 -3.1885377420937746 NNW 55.94456862361362 -3.188652547123484 94.22140502929688 303.2178268432617
55.94456862361362 -3.188652547123484 S 55.94426862361362 -3.188652547123484 94.22140502929688 301.9678268432617
55.94426862361362 -3.188652547123484 N 55.94456862361362 -3.188652547123484 94.22140502929688 300.7178268432617
55.94456862361362 -3.188652547123484 S 55.94426862361362 -3.188652547123484 94.22140502929688 299.4678268432617
55.94426862361362 -3.188652547123484 NNW 55.94454578747337 -3.1887673521531936 94.22140502929688 298.2178268432617
55.94454578747337 -3.1887673521531936 SE 55.94433365543902 -3.188555220118838 94.22140502929688 296.9678268432617
55.94433365543902 -3.188555220118838 WNW 55.94444846046873 -3.1888323839785913 94.22140502929688 295.7178268432617
55.94444846046873 -3.1888323839785913 ENE 55.94456326549844 -3.188555220118838 94.22140502929688 294.4678268432617
55.94456326549844 -3.188555220118838 WSW 55.94444846046873 -3.1888323839785913 94.22140502929688 293.2178268432617
55.94444846046873 -3.1888323839785913 ENE 55.94456326549844 -3.188555220118838 94.22140502929688 291.9678268432617
55.94456326549844 -3.188555220118838 W 55.94456326549844 -3.188855220118838 94.22140502929688 290.7178268432617
55.94456326549844 -3.188855220118838 NNE 55.944840429358194 -3.1887404150891285 94.22140502929688 289.4678268432617
55.944840429358194 -3.1887404150891285 SSW 55.94456326549844 -3.188855220118838 94.22140502929688 288.2178268432617
55.94456326549844 -3.188855220118838 N 55.94486326549844 -3.188855220118838 94.22140502929688 286.9678268432617
55.94486326549844 -3.188855220118838 S 55.94456326549844 -3.188855220118838 94.22140502929688 285.7178268432617
55.94456326549844 -3.188855220118838 NNE 55.944840429358194 -3.1887404150891285 94.22140502929688 284.4678268432617
55.944840429358194 -3.1887404150891285 S 55.94454042935819 -3.1887404150891285 94.22140502929688 283.2178268432617
55.94454042935819 -3.1887404150891285 NE 55.94475256139255 -3.1885282830547728 94.22140502929688 281.9678268432617
55.94475256139255 -3.1885282830547728 WNW 55.94486736642226 -3.188805446914526 94.22140502929688 280.7178268432617
55.94486736642226 -3.188805446914526 ESE 55.94475256139255 -3.1885282830547728 94.22140502929688 279.4678268432617
55.94475256139255 -3.1885282830547728 WNW 55.94486736642226 -3.188805446914526 94.22140502929688 278.2178268432617
55.94486736642226 -3.188805446914526 ESE 55.94475256139255 -3.1885282830547728 94.22140502929688 276.9678268432617
55.94475256139255 -3.1885282830547728 WNW 55.94486736642226 -3.188805446914526 94.22140502929688 275.7178268432617
55.94486736642226 -3.188805446914526 SSE 55.9445902025625 -3.1886906418848167 94.22140502929688 274.4678268432617
55.9445902025625 -3.1886906418848167 NNW 55.94486736642226 -3.188805446914526 94.22140502929688 273.2178268432617
55.94486736642226 -3.188805446914526 ENE 55.94498217145197 -3.1885282830547728 203.08018493652344 346.55657958984375
55.94498217145197 -3.1885282830547728 WSW 55.94486736642226 -3.188805446914526 203.08018493652344 345.30657958984375
55.94486736642226 -3.188805446914526 SE 55.9446552343879 -3.1885933148801704 203.08018493652344 344.05657958984375
55.9446552343879 -3.1885933148801704 NW 55.94486736642226 -3.188805446914526 203.08018493652344 342.80657958984375
55.94486736642226 -3.188805446914526 SW 55.9446552343879 -3.189017578948882 203.08018493652344 341.55657958984375
55.9446552343879 -3.189017578948882 NE 55.94486736642226 -3.188805446914526 203.08018493652344 340.30657958984375
55.94486736642226 -3.188805446914526 SW 55.9446552343879 -3.189017578948882 203.08018493652344 339.05657958984375
55.9446552343879 -3.189017578948882 N 55.944955234387905 -3.189017578948882 203.08018493652344 337.80657958984375
55.944955234387905 -3.189017578948882 S 55.9446552343879 -3.189017578948882 203.08018493652344 336.55657958984375
55.9446552343879 -3.189017578948882 N 55.944955234387905 -3.189017578948882 203.08018493652344 335.30657958984375
55.944955234387905 -3.189017578948882 S 55.9446552343879 -3.189017578948882 203.08018493652344 334.05657958984375
55.9446552343879 -3.189017578948882 N 55.944955234387905 -3.189017578948882 203.08018493652344 332.80657958984375
55.944955234387905 -3.189017578948882 ENE 55.945070039417615 -3.1887404150891285 203.08018493652344 331.55657958984375
55.945070039417615 -3.1887404150891285 WSW 55.944955234387905 -3.189017578948882 203.08018493652344 330.30657958984375
55.944955234387905 -3.189017578948882 ENE 55.945070039417615 -3.1887404150891285 203.08018493652344 329.05657958984375
55.945070039417615 -3.1887404150891285 N 55.94537003941762 -3.1887404150891285 203.08018493652344 327.80657958984375
55.94537003941762 -3.1887404150891285 S 55.945070039417615 -3.1887404150891285 203.08018493652344 326.55657958984375
55.945070039417615 -3.1887404150891285 NNE 55.94534720327737 -3.188625610059419 203.08018493652344 325.30657958984375
55.94534720327737 -3.188625610059419 SSW 55.945070039417615 -3.1887404150891285 203.08018493652344 324.05657958984375
55.945070039417615 -3.1887404150891285 NE 55.94528217145197 -3.1885282830547728 203.08018493652344 322.80657958984375
55.94528217145197 -3.1885282830547728 WNW 55.94539697648168 -3.188805446914526 327.1061477661133 379.1744194030762
55.94539697648168 -3.188805446914526 ESE 55.94528217145197 -3.1885282830547728 327.1061477661133 377.9244194030762
55.94528217145197 -3.1885282830547728 N 55.945582171451974 -3.1885282830547728 327.1061477661133 376.6744194030762
55.945582171451974 -3.1885282830547728 SE 55.94537003941762 -3.188316151020417 327.1061477661133 375.4244194030762
55.94537003941762 -3.188316151020417 NW 55.945582171451974 -3.1885282830547728 327.1061477661133 374.1744194030762
55.945582171451974 -3.1885282830547728 ENE 55.945696976481685 -3.1882511191950194 327.1061477661133 372.9244194030762
55.945696976481685 -3.1882511191950194 WSW 55.945582171451974 -3.1885282830547728 327.1061477661133 371.6744194030762
55.945582171451974 -3.1885282830547728 NNE 55.94585933531173 -3.1884134780250633 327.1061477661133 370.4244194030762
55.94585933531173 -3.1884134780250633 SSW 55.945582171451974 -3.1885282830547728 327.1061477661133 369.1744194030762
55.945582171451974 -3.1885282830547728 NE 55.94579430348633 -3.188316151020417 327.1061477661133 367.9244194030762
55.94579430348633 -3.188316151020417 SW 55.945582171451974 -3.1885282830547728 327.1061477661133 366.6744194030762
55.945582171451974 -3.1885282830547728 ENE 55.945696976481685 -3.1882511191950194 327.1061477661133 365.4244194030762
55.945696976481685 -3.1882511191950194 WNW 55.945811781511395 -3.1885282830547728 327.1061477661133 364.1744194030762
55.945811781511395 -3.1885282830547728 E 55.945811781511395 -3.1882282830547726 327.1061477661133 362.9244194030762
55.945811781511395 -3.1882282830547726 W 55.945811781511395 -3.1885282830547728 327.1061477661133 361.6744194030762
55.945811781511395 -3.1885282830547728 E 55.945811781511395 -3.1882282830547726 327.1061477661133 360.4244194030762
55.945811781511395 -3.1882282830547726 W 55.945811781511395 -3.1885282830547728 327.1061477661133 359.1744194030762
55.945811781511395 -3.1885282830547728 WNW 55.945926586541106 -3.188805446914526 327.1061477661133 357.9244194030762
55.945926586541106 -3.188805446914526 ESE 55.945811781511395 -3.1885282830547728 327.1061477661133 356.6744194030762
55.945811781511395 -3.1885282830547728 ESE 55.945696976481685 -3.1882511191950194 327.1061477661133 355.4244194030762
55.945696976481685 -3.1882511191950194 WNW 55.945811781511395 -3.1885282830547728 327.1061477661133 354.1744194030762
55.945811781511395 -3.1885282830547728 NW 55.94602391354575 -3.1887404150891285 327.1061477661133 352.9244194030762
55.94602391354575 -3.1887404150891285 SE 55.945811781511395 -3.1885282830547728 327.1061477661133 351.6744194030762
55.945811781511395 -3.1885282830547728 NW 55.94602391354575 -3.1887404150891285 327.1061477661133 350.4244194030762
55.94602391354575 -3.1887404150891285 SE 55.945811781511395 -3.1885282830547728 327.1061477661133 349.1744194030762
55.945811781511395 -3.1885282830547728 NW 55.94602391354575 -3.1887404150891285 327.1061477661133 347.9244194030762
55.94602391354575 -3.1887404150891285 ENE 55.94613871857546 -3.188463251229375 327.1061477661133 346.6744194030762
55.94613871857546 -3.188463251229375 WSW 55.94602391354575 -3.1887404150891285 327.1061477661133 345.4244194030762
55.94602391354575 -3.1887404150891285 ENE 55.94613871857546 -3.188463251229375 327.1061477661133 344.1744194030762
55.94613871857546 -3.188463251229375 W 55.94613871857546 -3.1887632512293753 327.1061477661133 342.9244194030762
55.94613871857546 -3.1887632512293753 E 55.94613871857546 -3.188463251229375 327.1061477661133 341.6744194030762
55.94613871857546 -3.188463251229375 W 55.94613871857546 -3.1887632512293753 327.1061477661133 340.4244194030762
55.94613871857546 -3.1887632512293753 E 55.94613871857546 -3.188463251229375 327.1061477661133 339.1744194030762
55.94613871857546 -3.188463251229375 W 55.94613871857546 -3.1887632512293753 327.1061477661133 337.9244194030762
55.94613871857546 -3.1887632512293753 SSE 55.945861554715705 -3.188648446199666 327.1061477661133 336.6744194030762
55.945861554715705 -3.188648446199666 NNW 55.94613871857546 -3.1887632512293753 327.1061477661133 335.4244194030762
55.94613871857546 -3.1887632512293753 SE 55.945926586541106 -3.1885511191950195 327.1061477661133 334.1744194030762
55.945926586541106 -3.1885511191950195 NNW 55.94620375040086 -3.188665924224729 327.1061477661133 332.9244194030762
55.94620375040086 -3.188665924224729 WSW 55.94608894537115 -3.1889430880844825 327.1061477661133 331.6744194030762
55.94608894537115 -3.1889430880844825 SE 55.945876813336795 -3.1887309560501267 327.1061477661133 330.4244194030762
55.945876813336795 -3.1887309560501267 NW 55.94608894537115 -3.1889430880844825 327.1061477661133 329.1744194030762
55.94608894537115 -3.1889430880844825 SW 55.945876813336795 -3.1891552201188382 327.1061477661133 327.9244194030762
55.945876813336795 -3.1891552201188382 NE 55.94608894537115 -3.1889430880844825 327.1061477661133 326.6744194030762
55.94608894537115 -3.1889430880844825 SE 55.945876813336795 -3.1887309560501267 327.1061477661133 325.4244194030762
55.945876813336795 -3.1887309560501267 NW 55.94608894537115 -3.1889430880844825 327.1061477661133 324.1744194030762
55.94608894537115 -3.1889430880844825 SSW 55.945811781511395 -3.189057893114192 327.1061477661133 322.9244194030762
55.945811781511395 -3.189057893114192 E 55.945811781511395 -3.1887578931141918 327.1061477661133 321.6744194030762
55.945811781511395 -3.1887578931141918 W 55.945811781511395 -3.189057893114192 327.1061477661133 320.4244194030762
55.945811781511395 -3.189057893114192 NNE 55.94608894537115 -3.1889430880844825 327.1061477661133 319.1744194030762
55.94608894537115 -3.1889430880844825 SSW 55.945811781511395 -3.189057893114192 327.1061477661133 317.9244194030762
55.945811781511395 -3.189057893114192 WNW 55.945926586541106 -3.1893350569739454 327.1061477661133 316.6744194030762
55.945926586541106 -3.1893350569739454 ESE 55.945811781511395 -3.189057893114192 327.1061477661133 315.4244194030762
55.945811781511395 -3.189057893114192 WNW 55.945926586541106 -3.1893350569739454 327.1061477661133 314.1744194030762
55.945926586541106 -3.1893350569739454 SE 55.94571445450675 -3.1891229249395896 327.1061477661133 312.9244194030762
55.94571445450675 -3.1891229249395896 WNW 55.94582925953646 -3.189400088799343 327.1061477661133 311.6744194030762
55.94582925953646 -3.189400088799343 E 55.94582925953646 -3.189100088799343 327.1061477661133 310.4244194030762
55.94582925953646 -3.189100088799343 WSW 55.94571445450675 -3.189377252659096 327.1061477661133 309.1744194030762
55.94571445450675 -3.189377252659096 NNE 55.945991618366506 -3.1892624476293867 327.1061477661133 307.9244194030762
55.945991618366506 -3.1892624476293867 E 55.945991618366506 -3.1889624476293865 327.1061477661133 306.6744194030762
55.945991618366506 -3.1889624476293865 W 55.945991618366506 -3.1892624476293867 327.1061477661133 305.4244194030762
55.945991618366506 -3.1892624476293867 E 55.945991618366506 -3.1889624476293865 327.1061477661133 304.1744194030762
55.945991618366506 -3.1889624476293865 W 55.945991618366506 -3.1892624476293867 327.1061477661133 302.9244194030762
55.945991618366506 -3.1892624476293867 ENE 55.946106423396216 -3.1889852837696333 327.1061477661133 301.6744194030762
55.946106423396216 -3.1889852837696333 WNW 55.94622122842593 -3.1892624476293867 327.1061477661133 300.4244194030762
55.94622122842593 -3.1892624476293867 WSW 55.946106423396216 -3.18953961148914 327.1061477661133 299.1744194030762
55.946106423396216 -3.18953961148914 ESE 55.945991618366506 -3.1892624476293867 327.1061477661133 297.9244194030762
55.945991618366506 -3.1892624476293867 WNW 55.946106423396216 -3.18953961148914 327.1061477661133 296.6744194030762
55.946106423396216 -3.18953961148914 ESE 55.945991618366506 -3.1892624476293867 327.1061477661133 295.4244194030762
55.945991618366506 -3.1892624476293867 WSW 55.945876813336795 -3.18953961148914 327.1061477661133 294.1744194030762
55.945876813336795 -3.18953961148914 ENE 55.945991618366506 -3.1892624476293867 327.1061477661133 292.9244194030762
55.945991618366506 -3.1892624476293867 WSW 55.945876813336795 -3.18953961148914 327.1061477661133 291.6744194030762
55.945876813336795 -3.18953961148914 SE 55.94566468130244 -3.1893274794547843 327.1061477661133 290.4244194030762
55.94566468130244 -3.1893274794547843 NW 55.945876813336795 -3.18953961148914 327.1061477661133 289.1744194030762
55.945876813336795 -3.18953961148914 SE 55.94566468130244 -3.1893274794547843 327.1061477661133 287.9244194030762
55.94566468130244 -3.1893274794547843 NW 55.945876813336795 -3.18953961148914 327.1061477661133 286.6744194030762
55.945876813336795 -3.18953961148914 SE 55.94566468130244 -3.1893274794547843 327.1061477661133 285.4244194030762
55.94566468130244 -3.1893274794547843 WNW 55.94577948633215 -3.1896046433145377 327.1061477661133 284.1744194030762
55.94577948633215 -3.1896046433145377 SSE 55.94550232247239 -3.1894898382848282 327.1061477661133 282.9244194030762
55.94550232247239 -3.1894898382848282 NNW 55.94577948633215 -3.1896046433145377 327.1061477661133 281.6744194030762
55.94577948633215 -3.1896046433145377 SSE 55.94550232247239 -3.1894898382848282 327.1061477661133 280.4244194030762
55.94550232247239 -3.1894898382848282 S 55.94520232247239 -3.1894898382848282 327.1061477661133 279.1744194030762
55.94520232247239 -3.1894898382848282 N 55.94550232247239 -3.1894898382848282 327.1061477661133 277.9244194030762
55.94550232247239 -3.1894898382848282 WNW 55.9456171275021 -3.1897670021445816 327.1061477661133 276.6744194030762
55.9456171275021 -3.1897670021445816 SE 55.94540499546775 -3.189554870110226 327.1061477661133 275.4244194030762
55.94540499546775 -3.189554870110226 NE 55.9456171275021 -3.18934273807587 327.1061477661133 274.1744194030762
55.9456171275021 -3.18934273807587 SW 55.94540499546775 -3.189554870110226 327.1061477661133 272.9244194030762
55.94540499546775 -3.189554870110226 ENE 55.94551980049746 -3.1892777062504725 327.1061477661133 271.6744194030762
55.94551980049746 -3.1892777062504725 WSW 55.94540499546775 -3.189554870110226 327.1061477661133 270.4244194030762
55.94540499546775 -3.189554870110226 SE 55.94519286343339 -3.18934273807587 327.1061477661133 269.1744194030762
55.94519286343339 -3.18934273807587 NW 55.94540499546775 -3.189554870110226 327.1061477661133 267.9244194030762
55.94540499546775 -3.189554870110226 SE 55.94519286343339 -3.18934273807587 327.1061477661133 266.6744194030762
55.94519286343339 -3.18934273807587 NW 55.94540499546775 -3.189554870110226 327.1061477661133 265.4244194030762
55.94540499546775 -3.189554870110226 SE 55.94519286343339 -3.18934273807587 327.1061477661133 264.1744194030762
55.94519286343339 -3.18934273807587 NNW 55.94547002729315 -3.1894575431055796 327.1061477661133 262.9244194030762
55.94547002729315 -3.1894575431055796 SSE 55.94519286343339 -3.18934273807587 327.1061477661133 261.6744194030762
55.94519286343339 -3.18934273807587 NNW 55.94547002729315 -3.1894575431055796 327.1061477661133 260.4244194030762
55.94547002729315 -3.1894575431055796 SSE 55.94519286343339 -3.18934273807587 327.1061477661133 259.1744194030762
55.94519286343339 -3.18934273807587 NNW 55.94547002729315 -3.1894575431055796 327.1061477661133 257.9244194030762
55.94547002729315 -3.1894575431055796 ESE 55.94535522226344 -3.189180379245826 327.1061477661133 256.6744194030762
55.94535522226344 -3.189180379245826 WNW 55.94547002729315 -3.1894575431055796 327.1061477661133 255.42441940307617
55.94547002729315 -3.1894575431055796 ENE 55.94558483232286 -3.189180379245826 327.1061477661133 254.17441940307617
55.94558483232286 -3.189180379245826 WSW 55.94547002729315 -3.1894575431055796 327.1061477661133 252.92441940307617
55.94547002729315 -3.1894575431055796 ENE 55.94558483232286 -3.189180379245826 327.1061477661133 251.67441940307617
55.94558483232286 -3.189180379245826 WNW 55.94569963735257 -3.1894575431055796 327.1061477661133 250.42441940307617
55.94569963735257 -3.1894575431055796 S 55.945399637352565 -3.1894575431055796 327.1061477661133 249.17441940307617
55.945399637352565 -3.1894575431055796 N 55.94569963735257 -3.1894575431055796 327.1061477661133 247.92441940307617
55.94569963735257 -3.1894575431055796 WSW 55.94558483232286 -3.189734706965333 327.1061477661133 246.67441940307617
55.94558483232286 -3.189734706965333 NNE 55.945861996182614 -3.1896199019356235 327.1061477661133 245.42441940307617
55.945861996182614 -3.1896199019356235 SSW 55.94558483232286 -3.189734706965333 327.1061477661133 244.17441940307617
55.94558483232286 -3.189734706965333 SSW 55.9453076684631 -3.1898495119950425 327.1061477661133 242.92441940307617
55.9453076684631 -3.1898495119950425 NNE 55.94558483232286 -3.189734706965333 327.1061477661133 241.67441940307617
55.94558483232286 -3.189734706965333 WNW 55.94569963735257 -3.1900118708250864 327.1061477661133 240.42441940307617
55.94569963735257 -3.1900118708250864 ESE 55.94558483232286 -3.189734706965333 327.1061477661133 239.17441940307617
55.94558483232286 -3.189734706965333 WNW 55.94569963735257 -3.1900118708250864 327.1061477661133 237.92441940307617
55.94569963735257 -3.1900118708250864 NNE 55.945976801212325 -3.189897065795377 327.1061477661133 236.67441940307617
55.945976801212325 -3.189897065795377 S 55.94567680121232 -3.189897065795377 327.1061477661133 235.42441940307617
55.94567680121232 -3.189897065795377 N 55.945976801212325 -3.189897065795377 327.1061477661133 234.17441940307617
55.945976801212325 -3.189897065795377 S 55.94567680121232 -3.189897065795377 327.1061477661133 232.92441940307617
55.94567680121232 -3.189897065795377 NNE 55.94595396507208 -3.1897822607656674 327.1061477661133 231.67441940307617
55.94595396507208 -3.1897822607656674 S 55.945653965072076 -3.1897822607656674 327.1061477661133 230.42441940307617
55.945653965072076 -3.1897822607656674 N 55.94595396507208 -3.1897822607656674 327.1061477661133 229.17441940307617
55.94595396507208 -3.1897822607656674 NNW 55.946231128931835 -3.189897065795377 327.1061477661133 227.92441940307617
55.946231128931835 -3.189897065795377 SSE 55.94595396507208 -3.1897822607656674 327.1061477661133 226.67441940307617
55.94595396507208 -3.1897822607656674 NW 55.946166097106435 -3.189994392800023 327.1061477661133 225.42441940307617
55.946166097106435 -3.189994392800023 SE 55.94595396507208 -3.1897822607656674 327.1061477661133 224.17441940307617
55.94595396507208 -3.1897822607656674 NW 55.946166097106435 -3.189994392800023 327.1061477661133 222.92441940307617
55.946166097106435 -3.189994392800023 S 55.94586609710643 -3.189994392800023 327.1061477661133 221.67441940307617
55.94586609710643 -3.189994392800023 N 55.946166097106435 -3.189994392800023 327.1061477661133 220.42441940307617
55.946166097106435 -3.189994392800023 SE 55.94595396507208 -3.1897822607656674 327.1061477661133 219.17441940307617
55.94595396507208 -3.1897822607656674 NW 55.946166097106435 -3.189994392800023 327.1061477661133 217.92441940307617
55.946166097106435 -3.189994392800023 S 55.94586609710643 -3.189994392800023 327.1061477661133 216.67441940307617
55.94586609710643 -3.189994392800023 N 55.946166097106435 -3.189994392800023 327.1061477661133 215.42441940307617
55.946166097106435 -3.189994392800023 W 55.946166097106435 -3.1902943928000234 327.1061477661133 214.17441940307617
55.946166097106435 -3.1902943928000234 ESE 55.946051292076724 -3.19001722894027 327.1061477661133 212.92441940307617
55.946051292076724 -3.19001722894027 WNW 55.946166097106435 -3.1902943928000234 327.1061477661133 211.67441940307617
55.946166097106435 -3.1902943928000234 ESE 55.946051292076724 -3.19001722894027 327.1061477661133 210.42441940307617
55.946051292076724 -3.19001722894027 WSW 55.945936487047014 -3.1902943928000234 327.1061477661133 209.17441940307617
55.945936487047014 -3.1902943928000234 NE 55.94614861908137 -3.1900822607656676 327.1061477661133 207.92441940307617
55.94614861908137 -3.1900822607656676 SW 55.945936487047014 -3.1902943928000234 327.1061477661133 206.67441940307617
55.945936487047014 -3.1902943928000234 NNW 55.94621365090677 -3.190409197829733 327.1061477661133 205.42441940307617
55.94621365090677 -3.190409197829733 SSE 55.945936487047014 -3.1902943928000234 327.1061477661133 204.17441940307617
55.945936487047014 -3.1902943928000234 SSE 55.94565932318726 -3.190179587770314 327.1061477661133 202.92441940307617
55.94565932318726 -3.190179587770314 NNW 55.945936487047014 -3.1902943928000234 327.1061477661133 201.67441940307617
55.945936487047014 -3.1902943928000234 S 55.94563648704701 -3.1902943928000234 327.1061477661133 200.42441940307617
55.94563648704701 -3.1902943928000234 N 55.945936487047014 -3.1902943928000234 327.1061477661133 199.17441940307617
55.945936487047014 -3.1902943928000234 SSW 55.94565932318726 -3.190409197829733 327.1061477661133 197.92441940307617
55.94565932318726 -3.190409197829733 NNW 55.945936487047014 -3.1905240028594424 327.1061477661133 196.67441940307617
55.945936487047014 -3.1905240028594424 SSE 55.94565932318726 -3.190409197829733 327.1061477661133 195.42441940307617
55.94565932318726 -3.190409197829733 NNW 55.945936487047014 -3.1905240028594424 327.1061477661133 194.17441940307617
55.945936487047014 -3.1905240028594424 SSE 55.94565932318726 -3.190409197829733 327.1061477661133 192.92441940307617
55.94565932318726 -3.190409197829733 NNW 55.945936487047014 -3.1905240028594424 327.1061477661133 191.67441940307617
55.945936487047014 -3.1905240028594424 ESE 55.9458216820173 -3.190246838999689 327.1061477661133 190.42441940307617
55.9458216820173 -3.190246838999689 NW 55.94603381405166 -3.1904589710340447 327.1061477661133 189.17441940307617
55.94603381405166 -3.1904589710340447 S 55.94573381405166 -3.1904589710340447 327.1061477661133 187.92441940307617
55.94573381405166 -3.1904589710340447 N 55.94603381405166 -3.1904589710340447 327.1061477661133 186.67441940307617
55.94603381405166 -3.1904589710340447 SSW 55.9457566501919 -3.1905737760637543 436.4373550415039 235.1398162841797
55.9457566501919 -3.1905737760637543 NNE 55.94603381405166 -3.1904589710340447 436.4373550415039 233.8898162841797
55.94603381405166 -3.1904589710340447 ENE 55.94614861908137 -3.1901818071742913 436.4373550415039 232.6398162841797
55.94614861908137 -3.1901818071742913 W 55.94614861908137 -3.1904818071742915 436.4373550415039 231.3898162841797
55.94614861908137 -3.1904818071742915 E 55.94614861908137 -3.1901818071742913 436.4373550415039 230.1398162841797
55.94614861908137 -3.1901818071742913 W 55.94614861908137 -3.1904818071742915 436.4373550415039 228.8898162841797
55.94614861908137 -3.1904818071742915 E 55.94614861908137 -3.1901818071742913 436.4373550415039 227.6398162841797
55.94614861908137 -3.1901818071742913 WSW 55.94603381405166 -3.1904589710340447 436.4373550415039 226.3898162841797
55.94603381405166 -3.1904589710340447 E 55.94603381405166 -3.1901589710340446 436.4373550415039 225.1398162841797
55.94603381405166 -3.1901589710340446 WNW 55.94614861908137 -3.190436134893798 436.4373550415039 223.8898162841797
55.94614861908137 -3.190436134893798 W 55.94614861908137 -3.190736134893798 436.4373550415039 222.6398162841797
55.94614861908137 -3.190736134893798 E 55.94614861908137 -3.190436134893798 436.4373550415039 221.3898162841797
55.94614861908137 -3.190436134893798 W 55.94614861908137 -3.190736134893798 436.4373550415039 220.1398162841797
55.94614861908137 -3.190736134893798 E 55.94614861908137 -3.190436134893798 436.4373550415039 218.8898162841797
55.94614861908137 -3.190436134893798 W 55.94614861908137 -3.190736134893798 436.4373550415039 217.6398162841797
55.94614861908137 -3.190736134893798 SW 55.945936487047014 -3.190948266928154 436.4373550415039 216.3898162841797
55.945936487047014 -3.190948266928154 NE 55.94614861908137 -3.190736134893798 436.4373550415039 215.1398162841797
55.94614861908137 -3.190736134893798 SW 55.945936487047014 -3.190948266928154 436.4373550415039 213.8898162841797
55.945936487047014 -3.190948266928154 NE 55.94614861908137 -3.190736134893798 436.4373550415039 212.6398162841797
55.94614861908137 -3.190736134893798 SW 55.945936487047014 -3.190948266928154 436.4373550415039 211.3898162841797
55.945936487047014 -3.190948266928154 NE 55.94614861908137 -3.190736134893798 436.4373550415039 210.1398162841797
55.94614861908137 -3.190736134893798 SW 55.945936487047014 -3.190948266928154 436.4373550415039 208.8898162841797
55.945936487047014 -3.190948266928154 ESE 55.9458216820173 -3.1906711030684005 514.9939575195312 272.91925048828125
55.9458216820173 -3.1906711030684005 WNW 55.945936487047014 -3.190948266928154 514.9939575195312 271.66925048828125
55.945936487047014 -3.190948266928154 SSE 55.94565932318726 -3.1908334618984444 632.1192398071289 297.37183952331543
