55.944425 -3.188396 S 55.944125 -3.188396 102.00984954833984 373.40599060058594
55.944125 -3.188396 N 55.944425 -3.188396 102.00984954833984 372.15599060058594
55.944425 -3.188396 ESE 55.94431019497029 -3.1881188361402466 102.00984954833984 370.90599060058594
55.94431019497029 -3.1881188361402466 WNW 55.944425 -3.188396 102.00984954833984 369.65599060058594
55.944425 -3.188396 E 55.944425 -3.188096 102.00984954833984 368.40599060058594
55.944425 -3.188096 NW 55.94463713203436 -3.1883081320343556 102.00984954833984 367.15599060058594
55.94463713203436 -3.1883081320343556 SE 55.944425 -3.188096 102.00984954833984 365.90599060058594
55.944425 -3.188096 NNW 55.94470216385976 -3.1882108050297093 102.00984954833984 364.65599060058594
55.94470216385976 -3.1882108050297093 SSE 55.944425 -3.188096 102.00984954833984 363.40599060058594
55.944425 -3.188096 SW 55.944212867965646 -3.1883081320343556 172.56849670410156 395.77439880371094
55.944212867965646 -3.1883081320343556 ENE 55.94432767299536 -3.188030968174602 172.56849670410156 394.52439880371094
55.94432767299536 -3.188030968174602 SW 55.944115540961 -3.188243100208958 172.56849670410156 393.27439880371094
55.944115540961 -3.188243100208958 ESE 55.94400073593129 -3.1879659363492046 172.56849670410156 392.02439880371094
55.94400073593129 -3.1879659363492046 WNW 55.944115540961 -3.188243100208958 172.56849670410156 390.77439880371094
55.944115540961 -3.188243100208958 SE 55.943903408926644 -3.188030968174602 172.56849670410156 389.52439880371094
55.943903408926644 -3.188030968174602 NW 55.944115540961 -3.188243100208958 172.56849670410156 388.27439880371094
55.944115540961 -3.188243100208958 SSE 55.943838377101244 -3.1881282951792485 172.56849670410156 387.02439880371094
55.943838377101244 -3.1881282951792485 NNW 55.944115540961 -3.188243100208958 172.56849670410156 385.77439880371094
55.944115540961 -3.188243100208958 SSE 55.943838377101244 -3.1881282951792485 172.56849670410156 384.52439880371094
55.943838377101244 -3.1881282951792485 WNW 55.943953182130954 -3.188405459039002 230.4702606201172 408.0526580810547
55.943953182130954 -3.188405459039002 ESE 55.943838377101244 -3.1881282951792485 230.4702606201172 406.8026580810547
55.943838377101244 -3.1881282951792485 S 55.94353837710124 -3.1881282951792485 230.4702606201172 405.5526580810547
55.94353837710124 -3.1881282951792485 NW 55.9437505091356 -3.1883404272136042 230.4702606201172 404.3026580810547
55.9437505091356 -3.1883404272136042 ENE 55.94386531416531 -3.188063263353851 230.4702606201172 403.0526580810547
55.94386531416531 -3.188063263353851 WSW 55.9437505091356 -3.1883404272136042 230.4702606201172 401.8026580810547
55.9437505091356 -3.1883404272136042 NNE 55.944027672995354 -3.1882256221838947 230.4702606201172 400.5526580810547
55.944027672995354 -3.1882256221838947 SSW 55.9437505091356 -3.1883404272136042 230.4702606201172 399.3026580810547
55.9437505091356 -3.1883404272136042 NNW 55.944027672995354 -3.1884552322433137 230.4702606201172 398.0526580810547
55.944027672995354 -3.1884552322433137 SSE 55.9437505091356 -3.1883404272136042 230.4702606201172 396.8026580810547
55.9437505091356 -3.1883404272136042 NW 55.94396264116995 -3.18855255924796 230.4702606201172 395.5526580810547
55.94396264116995 -3.18855255924796 NE 55.94417477320431 -3.1883404272136042 230.4702606201172 394.3026580810547
55.94417477320431 -3.1883404272136042 SW 55.94396264116995 -3.18855255924796 230.4702606201172 393.0526580810547
55.94396264116995 -3.18855255924796 N 55.944262641169956 -3.18855255924796 230.4702606201172 391.8026580810547
55.944262641169956 -3.18855255924796 SSW 55.9439854773102 -3.1886673642776695 230.4702606201172 390.5526580810547
55.9439854773102 -3.1886673642776695 NNE 55.944262641169956 -3.18855255924796 230.4702606201172 389.3026580810547
55.944262641169956 -3.18855255924796 SW 55.9440505091356 -3.1887646912823158 230.4702606201172 388.0526580810547
55.9440505091356 -3.1887646912823158 ENE 55.94416531416531 -3.1884875274225624 230.4702606201172 386.8026580810547
55.94416531416531 -3.1884875274225624 N 55.94446531416531 -3.1884875274225624 230.4702606201172 385.5526580810547
55.94446531416531 -3.1884875274225624 SSE 55.94418815030556 -3.188372722392853 230.4702606201172 384.3026580810547
55.94418815030556 -3.188372722392853 NNE 55.94446531416531 -3.1882579173631433 230.4702606201172 383.0526580810547
55.94446531416531 -3.1882579173631433 SSW 55.94418815030556 -3.188372722392853 230.4702606201172 381.8026580810547
55.94418815030556 -3.188372722392853 NE 55.94440028233991 -3.188160590358497 230.4702606201172 380.5526580810547
55.94440028233991 -3.188160590358497 SW 55.94418815030556 -3.188372722392853 230.4702606201172 379.3026580810547
55.94418815030556 -3.188372722392853 SE 55.9439760182712 -3.188160590358497 317.99029541015625 409.967716217041
55.9439760182712 -3.188160590358497 NW 55.94418815030556 -3.188372722392853 317.99029541015625 408.717716217041
55.94418815030556 -3.188372722392853 ESE 55.94407334527585 -3.1880955585330994 317.99029541015625 407.467716217041
55.94407334527585 -3.1880955585330994 W 55.94407334527585 -3.1883955585330996 317.99029541015625 406.217716217041
55.94407334527585 -3.1883955585330996 S 55.943773345275844 -3.1883955585330996 317.99029541015625 404.967716217041
55.943773345275844 -3.1883955585330996 N 55.94407334527585 -3.1883955585330996 317.99029541015625 403.717716217041
55.94407334527585 -3.1883955585330996 NW 55.9442854773102 -3.1886076905674554 317.99029541015625 402.467716217041
55.9442854773102 -3.1886076905674554 SSE 55.944008313450446 -3.188492885537746 317.99029541015625 401.217716217041
55.944008313450446 -3.188492885537746 SW 55.94379618141609 -3.1887050175721017 317.99029541015625 399.967716217041
55.94379618141609 -3.1887050175721017 NNE 55.94407334527585 -3.188590212542392 317.99029541015625 398.717716217041
55.94407334527585 -3.188590212542392 SSW 55.94379618141609 -3.1887050175721017 317.99029541015625 397.467716217041
55.94379618141609 -3.1887050175721017 N 55.94409618141609 -3.1887050175721017 317.99029541015625 396.217716217041
55.94409618141609 -3.1887050175721017 S 55.94379618141609 -3.1887050175721017 317.99029541015625 394.967716217041
55.94379618141609 -3.1887050175721017 SSE 55.94351901755633 -3.188590212542392 317.99029541015625 393.717716217041
55.94351901755633 -3.188590212542392 NNW 55.94379618141609 -3.1887050175721017 317.99029541015625 392.467716217041
55.94379618141609 -3.1887050175721017 S 55.94349618141609 -3.1887050175721017 317.99029541015625 391.217716217041
55.94349618141609 -3.1887050175721017 NNW 55.943773345275844 -3.188819822601811 317.99029541015625 389.967716217041
55.943773345275844 -3.188819822601811 SE 55.94356121324149 -3.1886076905674554 317.99029541015625 388.717716217041
55.94356121324149 -3.1886076905674554 NNW 55.943838377101244 -3.188722495597165 396.1179733276367 425.9526023864746
55.943838377101244 -3.188722495597165 SE 55.94362624506689 -3.188510363562809 396.1179733276367 424.7026023864746
55.94362624506689 -3.188510363562809 S 55.943326245066885 -3.188510363562809 396.1179733276367 423.4526023864746
55.943326245066885 -3.188510363562809 N 55.94362624506689 -3.188510363562809 396.1179733276367 422.2026023864746
55.94362624506689 -3.188510363562809 S 55.943326245066885 -3.188510363562809 396.1179733276367 420.9526023864746
55.943326245066885 -3.188510363562809 W 55.943326245066885 -3.1888103635628093 396.1179733276367 419.7026023864746
55.943326245066885 -3.1888103635628093 ENE 55.943441050096595 -3.188533199703056 396.1179733276367 418.4526023864746
55.943441050096595 -3.188533199703056 WSW 55.943326245066885 -3.1888103635628093 396.1179733276367 417.2026023864746
55.943326245066885 -3.1888103635628093 WNW 55.943441050096595 -3.1890875274225627 396.1179733276367 415.9526023864746
55.943441050096595 -3.1890875274225627 ESE 55.943326245066885 -3.1888103635628093 396.1179733276367 414.7026023864746
55.943326245066885 -3.1888103635628093 WNW 55.943441050096595 -3.1890875274225627 396.1179733276367 413.4526023864746
55.943441050096595 -3.1890875274225627 S 55.94314105009659 -3.1890875274225627 396.1179733276367 412.2026023864746
55.94314105009659 -3.1890875274225627 N 55.943441050096595 -3.1890875274225627 396.1179733276367 410.9526023864746
55.943441050096595 -3.1890875274225627 S 55.94314105009659 -3.1890875274225627 396.1179733276367 409.7026023864746
55.94314105009659 -3.1890875274225627 WSW 55.94302624506688 -3.189364691282316 396.1179733276367 408.4526023864746
55.94302624506688 -3.189364691282316 NE 55.94323837710124 -3.1891525592479604 396.1179733276367 407.2026023864746
55.94323837710124 -3.1891525592479604 SW 55.94302624506688 -3.189364691282316 396.1179733276367 405.9526023864746
55.94302624506688 -3.189364691282316 ENE 55.94314105009659 -3.1890875274225627 396.1179733276367 404.7026023864746
55.94314105009659 -3.1890875274225627 SW 55.942928918062236 -3.1892996594569185 433.1033172607422 446.1682929992676
55.942928918062236 -3.1892996594569185 NE 55.94314105009659 -3.1890875274225627 433.1033172607422 444.9182929992676
55.94314105009659 -3.1890875274225627 S 55.94284105009659 -3.1890875274225627 433.1033172607422 443.6682929992676
55.94284105009659 -3.1890875274225627 NE 55.943053182130946 -3.188875395388207 433.1033172607422 442.4182929992676
55.943053182130946 -3.188875395388207 WSW 55.942938377101235 -3.1891525592479604 433.1033172607422 441.1682929992676
55.942938377101235 -3.1891525592479604 ENE 55.943053182130946 -3.188875395388207 433.1033172607422 439.9182929992676
55.943053182130946 -3.188875395388207 WNW 55.943167987160656 -3.1891525592479604 433.1033172607422 438.6682929992676
55.943167987160656 -3.1891525592479604 E 55.943167987160656 -3.18885255924796 433.1033172607422 437.4182929992676
55.943167987160656 -3.18885255924796 WSW 55.943053182130946 -3.1891297231077136 433.1033172607422 436.1682929992676
55.943053182130946 -3.1891297231077136 ENE 55.943167987160656 -3.18885255924796 433.1033172607422 434.9182929992676
55.943167987160656 -3.18885255924796 NE 55.94338011919501 -3.1886404272136044 433.1033172607422 433.6682929992676
55.94338011919501 -3.1886404272136044 WSW 55.9432653141653 -3.188917591073358 433.1033172607422 432.4182929992676
55.9432653141653 -3.188917591073358 SE 55.943053182130946 -3.188705459039002 433.1033172607422 431.1682929992676
55.943053182130946 -3.188705459039002 NW 55.9432653141653 -3.188917591073358 433.1033172607422 429.9182929992676
55.9432653141653 -3.188917591073358 SE 55.943053182130946 -3.188705459039002 433.1033172607422 428.6682929992676
55.943053182130946 -3.188705459039002 NNW 55.9433303459907 -3.1888202640687116 433.1033172607422 427.4182929992676
55.9433303459907 -3.1888202640687116 SSE 55.943053182130946 -3.188705459039002 433.1033172607422 426.1682929992676
55.943053182130946 -3.188705459039002 SW 55.94284105009659 -3.188917591073358 445.08593368530273 548.7748374938965
55.94284105009659 -3.188917591073358 ENE 55.9429558551263 -3.1886404272136044 445.08593368530273 547.5248374938965
55.9429558551263 -3.1886404272136044 SE 55.942743723091944 -3.1884282951792486 445.08593368530273 546.2748374938965
55.942743723091944 -3.1884282951792486 NNW 55.9430208869517 -3.188543100208958 523.6423149108887 559.2241916656494
55.9430208869517 -3.188543100208958 SSW 55.942743723091944 -3.1886579052386677 523.6423149108887 557.9741916656494
55.942743723091944 -3.1886579052386677 NNE 55.9430208869517 -3.188543100208958 523.6423149108887 556.7241916656494
55.9430208869517 -3.188543100208958 NE 55.94323301898606 -3.1883309681746024 523.6423149108887 555.4741916656494
55.94323301898606 -3.1883309681746024 SW 55.9430208869517 -3.188543100208958 523.6423149108887 554.2241916656494
55.9430208869517 -3.188543100208958 ESE 55.94290608192199 -3.1882659363492047 523.6423149108887 552.9741916656494
55.94290608192199 -3.1882659363492047 W 55.94290608192199 -3.188565936349205 523.6423149108887 551.7241916656494
55.94290608192199 -3.188565936349205 ENE 55.9430208869517 -3.1882887724894515 523.6423149108887 550.4741916656494
55.9430208869517 -3.1882887724894515 SSE 55.942743723091944 -3.188173967459742 523.6423149108887 549.2241916656494
55.942743723091944 -3.188173967459742 NNW 55.9430208869517 -3.1882887724894515 523.6423149108887 547.9741916656494
55.9430208869517 -3.1882887724894515 S 55.9427208869517 -3.1882887724894515 523.6423149108887 546.7241916656494
55.9427208869517 -3.1882887724894515 E 55.9427208869517 -3.1879887724894513 560.6913032531738 609.0953884124756
55.9427208869517 -3.1879887724894513 W 55.9427208869517 -3.1882887724894515 560.6913032531738 607.8453884124756
55.9427208869517 -3.1882887724894515 E 55.9427208869517 -3.1879887724894513 560.6913032531738 606.5953884124756
55.9427208869517 -3.1879887724894513 NNE 55.942998050811454 -3.187873967459742 560.6913032531738 605.3453884124756
55.942998050811454 -3.187873967459742 SSW 55.9427208869517 -3.1879887724894513 560.6913032531738 604.0953884124756
55.9427208869517 -3.1879887724894513 NNE 55.942998050811454 -3.187873967459742 560.6913032531738 602.8453884124756
55.942998050811454 -3.187873967459742 SSE 55.9427208869517 -3.1877591624300323 646.2991752624512 607.0794458389282
55.9427208869517 -3.1877591624300323 NW 55.942933018986054 -3.187971294464388 646.2991752624512 605.8294458389282
55.942933018986054 -3.187971294464388 SE 55.9427208869517 -3.1877591624300323 646.2991752624512 604.5794458389282
55.9427208869517 -3.1877591624300323 NNW 55.942998050811454 -3.187873967459742 646.2991752624512 603.3294458389282
55.942998050811454 -3.187873967459742 W 55.942998050811454 -3.188173967459742 646.2991752624512 602.0794458389282
55.942998050811454 -3.188173967459742 ENE 55.943112855841164 -3.1878968035999886 646.2991752624512 600.8294458389282
55.943112855841164 -3.1878968035999886 W 55.943112855841164 -3.188196803599989 707.4783401489258 675.6214227676392
55.943112855841164 -3.188196803599989 E 55.943112855841164 -3.1878968035999886 707.4783401489258 674.3714227676392
55.943112855841164 -3.1878968035999886 NW 55.94332498787552 -3.1881089356343444 707.4783401489258 673.1214227676392
55.94332498787552 -3.1881089356343444 E 55.94332498787552 -3.187808935634344 707.4783401489258 671.8714227676392
55.94332498787552 -3.187808935634344 W 55.94332498787552 -3.1881089356343444 707.4783401489258 670.6214227676392
55.94332498787552 -3.1881089356343444 E 55.94332498787552 -3.187808935634344 707.4783401489258 669.3714227676392
55.94332498787552 -3.187808935634344 SSW 55.943047824015764 -3.1879237406640537 707.4783401489258 668.1214227676392
55.943047824015764 -3.1879237406640537 NNE 55.94332498787552 -3.187808935634344 707.4783401489258 666.8714227676392
55.94332498787552 -3.187808935634344 NE 55.94353711990988 -3.1875968035999884 707.4783401489258 665.6214227676392
55.94353711990988 -3.1875968035999884 SW 55.94332498787552 -3.187808935634344 707.4783401489258 664.3714227676392
55.94332498787552 -3.187808935634344 NNE 55.94360215173528 -3.1876941306046347 707.4783401489258 663.1214227676392
55.94360215173528 -3.1876941306046347 SSE 55.94332498787552 -3.187579325574925 707.4783401489258 661.8714227676392
55.94332498787552 -3.187579325574925 E 55.94332498787552 -3.187279325574925 707.4783401489258 660.6214227676392
55.94332498787552 -3.187279325574925 W 55.94332498787552 -3.187579325574925 707.4783401489258 659.3714227676392
55.94332498787552 -3.187579325574925 E 55.94332498787552 -3.187279325574925 707.4783401489258 658.1214227676392
55.94332498787552 -3.187279325574925 WSW 55.94321018284581 -3.1875564894346784 825.3535308837891 713.2350015640259
55.94321018284581 -3.1875564894346784 E 55.94321018284581 -3.187256489434678 825.3535308837891 711.9850015640259
55.94321018284581 -3.187256489434678 W 55.94321018284581 -3.1875564894346784 825.3535308837891 710.7350015640259
55.94321018284581 -3.1875564894346784 E 55.94321018284581 -3.187256489434678 825.3535308837891 709.4850015640259
55.94321018284581 -3.187256489434678 SW 55.942998050811454 -3.187468621469034 825.3535308837891 708.2350015640259
55.942998050811454 -3.187468621469034 E 55.942998050811454 -3.187168621469034 825.3535308837891 706.9850015640259
55.942998050811454 -3.187168621469034 WSW 55.94288324578174 -3.187445785328787 825.3535308837891 705.7350015640259
55.94288324578174 -3.187445785328787 ENE 55.942998050811454 -3.187168621469034 825.3535308837891 704.4850015640259
55.942998050811454 -3.187168621469034 NW 55.94321018284581 -3.1873807535033896 825.3535308837891 703.2350015640259
55.94321018284581 -3.1873807535033896 SE 55.942998050811454 -3.187168621469034 825.3535308837891 701.9850015640259
55.942998050811454 -3.187168621469034 N 55.94329805081146 -3.187168621469034 825.3535308837891 700.7350015640259
55.94329805081146 -3.187168621469034 SE 55.9430859187771 -3.186956489434678 825.3535308837891 699.4850015640259
55.9430859187771 -3.186956489434678 NNW 55.94336308263686 -3.1870712944643875 910.0214538574219 755.4255113601685
55.94336308263686 -3.1870712944643875 SSE 55.9430859187771 -3.186956489434678 910.0214538574219 754.1755113601685
55.9430859187771 -3.186956489434678 NNW 55.94336308263686 -3.1870712944643875 910.0214538574219 752.9255113601685
55.94336308263686 -3.1870712944643875 WNW 55.94347788766657 -3.187348458324141 910.0214538574219 751.6755113601685
55.94347788766657 -3.187348458324141 E 55.94347788766657 -3.1870484583241407 910.0214538574219 750.4255113601685
55.94347788766657 -3.1870484583241407 NNE 55.943755051526324 -3.1869336532944312 910.0214538574219 749.1755113601685
55.943755051526324 -3.1869336532944312 S 55.94345505152632 -3.1869336532944312 1032.1064147949219 830.4644746780396
55.94345505152632 -3.1869336532944312 ESE 55.94334024649661 -3.186656489434678 1113.897315979004 937.3541383743286
55.94334024649661 -3.186656489434678 W 55.94334024649661 -3.186956489434678 1113.897315979004 936.1041383743286
55.94334024649661 -3.186956489434678 SE 55.943128114462255 -3.1867443574003222 1113.897315979004 934.8541383743286
55.943128114462255 -3.1867443574003222 NW 55.94334024649661 -3.186956489434678 1113.897315979004 933.6041383743286
55.94334024649661 -3.186956489434678 SSE 55.943063082636854 -3.1868416844049685 1113.897315979004 932.3541383743286
55.943063082636854 -3.1868416844049685 E 55.943063082636854 -3.1865416844049683 1113.897315979004 931.1041383743286
55.943063082636854 -3.1865416844049683 WSW 55.942948277607144 -3.1868188482647217 1206.995620727539 965.4296274185181
55.942948277607144 -3.1868188482647217 ENE 55.943063082636854 -3.1865416844049683 1206.995620727539 964.1796274185181
55.943063082636854 -3.1865416844049683 WSW 55.942948277607144 -3.1868188482647217 1206.995620727539 962.9296274185181
55.942948277607144 -3.1868188482647217 ESE 55.94283347257743 -3.1865416844049683 1206.995620727539 961.6796274185181
55.94283347257743 -3.1865416844049683 WSW 55.94271866754772 -3.1868188482647217 1206.995620727539 960.4296274185181
55.94271866754772 -3.1868188482647217 ENE 55.94283347257743 -3.1865416844049683 1206.995620727539 959.1796274185181
55.94283347257743 -3.1865416844049683 E 55.94283347257743 -3.186241684404968 1206.995620727539 957.9296274185181
55.94283347257743 -3.186241684404968 W 55.94283347257743 -3.1865416844049683 1206.995620727539 956.6796274185181
55.94283347257743 -3.1865416844049683 E 55.94283347257743 -3.186241684404968 1206.995620727539 955.4296274185181
55.94283347257743 -3.186241684404968 E 55.94283347257743 -3.185941684404968 1206.995620727539 954.1796274185181
55.94283347257743 -3.185941684404968 W 55.94283347257743 -3.186241684404968 1206.995620727539 952.9296274185181
55.94283347257743 -3.186241684404968 ENE 55.942948277607144 -3.1859645205452147 1206.995620727539 951.6796274185181
55.942948277607144 -3.1859645205452147 WSW 55.94283347257743 -3.186241684404968 1206.995620727539 950.4296274185181
55.94283347257743 -3.186241684404968 ENE 55.942948277607144 -3.1859645205452147 1206.995620727539 949.1796274185181
55.942948277607144 -3.1859645205452147 SW 55.94273614557279 -3.1861766525795705 1206.995620727539 947.9296274185181
55.94273614557279 -3.1861766525795705 NE 55.942948277607144 -3.1859645205452147 1206.995620727539 946.6796274185181
55.942948277607144 -3.1859645205452147 SSW 55.94267111374739 -3.1860793255749242 1206.995620727539 945.4296274185181
55.94267111374739 -3.1860793255749242 N 55.94297111374739 -3.1860793255749242 1206.995620727539 944.1796274185181
55.94297111374739 -3.1860793255749242 ENE 55.9430859187771 -3.185802161715171 1324.7685089111328 967.0085210800171
55.9430859187771 -3.185802161715171 SSW 55.942808754917344 -3.1859169667448803 1326.2027578353882 1068.0009984970093
55.942808754917344 -3.1859169667448803 NE 55.9430208869517 -3.1857048347105246 1326.2027578353882 1066.7509984970093
55.9430208869517 -3.1857048347105246 W 55.9430208869517 -3.1860048347105248 1396.2035665512085 1162.7772512435913
55.9430208869517 -3.1860048347105248 ENE 55.94313569198141 -3.1857276708507714 1396.2035665512085 1161.5272512435913
55.94313569198141 -3.1857276708507714 NE 55.94334782401577 -3.1855155388164156 1396.2035665512085 1160.2772512435913
55.94334782401577 -3.1855155388164156 SW 55.94313569198141 -3.1857276708507714 1396.2035665512085 1159.0272512435913
55.94313569198141 -3.1857276708507714 NE 55.94334782401577 -3.1855155388164156 1396.2035665512085 1157.7772512435913
55.94334782401577 -3.1855155388164156 W 55.94334782401577 -3.1858155388164158 1397.7836827039719 1178.6041345596313
55.94334782401577 -3.1858155388164158 E 55.94334782401577 -3.1855155388164156 1397.7836827039719 1177.3541345596313
55.94334782401577 -3.1855155388164156 NNW 55.94362498787552 -3.185630343846125 1485.7234028577805 1194.8015069961548
55.94362498787552 -3.185630343846125 S 55.94332498787552 -3.185630343846125 1604.3331364393234 1228.2767610549927
55.94332498787552 -3.185630343846125 NNE 55.94360215173528 -3.1855155388164156 1656.5312412977219 1274.189881324768
55.94360215173528 -3.1855155388164156 SE 55.94339001970092 -3.18530340678206 1656.5312412977219 1272.939881324768
55.94339001970092 -3.18530340678206 NW 55.94360215173528 -3.1855155388164156 1656.5312412977219 1271.689881324768
55.94360215173528 -3.1855155388164156 E 55.94360215173528 -3.1852155388164154 1656.5312412977219 1270.439881324768
55.94360215173528 -3.1852155388164154 WSW 55.94348734670557 -3.185492702676169 1712.6085995435715 1345.1035165786743
55.94348734670557 -3.185492702676169 ENE 55.94360215173528 -3.1852155388164154 1712.6085995435715 1343.8535165786743
55.94360215173528 -3.1852155388164154 S 55.943302151735274 -3.1852155388164154 1789.3738125562668 1416.6441507339478
55.943302151735274 -3.1852155388164154 N 55.94360215173528 -3.1852155388164154 1789.3738125562668 1415.3941507339478
55.94360215173528 -3.1852155388164154 SSW 55.94332498787552 -3.185330343846125 1905.8762081861496 1530.3936853408813
55.94332498787552 -3.185330343846125 NNE 55.94360215173528 -3.1852155388164154 1905.8762081861496 1529.1436853408813
55.94360215173528 -3.1852155388164154 ENE 55.94371695676499 -3.184938374956662 1905.8762081861496 1527.8936853408813
55.94371695676499 -3.184938374956662 SSW 55.94343979290523 -3.1850531799863715 1905.8762081861496 1526.6436853408813
55.94343979290523 -3.1850531799863715 N 55.943739792905234 -3.1850531799863715 1905.8762081861496 1525.3936853408813
55.943739792905234 -3.1850531799863715 S 55.94343979290523 -3.1850531799863715 1905.8762081861496 1524.1436853408813
55.94343979290523 -3.1850531799863715 NNE 55.94371695676499 -3.184938374956662 1905.8762081861496 1522.8936853408813
55.94371695676499 -3.184938374956662 SSW 55.94343979290523 -3.1850531799863715 1905.8762081861496 1521.6436853408813
55.94343979290523 -3.1850531799863715 WSW 55.94332498787552 -3.185330343846125 1905.8762081861496 1520.3936853408813
55.94332498787552 -3.185330343846125 ENE 55.94343979290523 -3.1850531799863715 1905.8762081861496 1519.1436853408813
55.94343979290523 -3.1850531799863715 WSW 55.94332498787552 -3.185330343846125 1905.8762081861496 1517.8936853408813
55.94332498787552 -3.185330343846125 ENE 55.94343979290523 -3.1850531799863715 1905.8762081861496 1516.6436853408813
55.94343979290523 -3.1850531799863715 WSW 55.94332498787552 -3.185330343846125 1905.8762081861496 1515.3936853408813
55.94332498787552 -3.185330343846125 E 55.94332498787552 -3.1850303438461247 2015.4705075025558 1567.900444984436
55.94332498787552 -3.1850303438461247 SW 55.943112855841164 -3.1852424758804805 2015.4705075025558 1566.650444984436
55.943112855841164 -3.1852424758804805 NE 55.94332498787552 -3.1850303438461247 2015.4705075025558 1565.400444984436
55.94332498787552 -3.1850303438461247 SE 55.943112855841164 -3.184818211811769 2015.4705075025558 1564.150444984436
55.943112855841164 -3.184818211811769 NW 55.94332498787552 -3.1850303438461247 2015.4705075025558 1562.900444984436
55.94332498787552 -3.1850303438461247 SE 55.943112855841164 -3.184818211811769 2015.4705075025558 1561.650444984436
55.943112855841164 -3.184818211811769 N 55.94341285584117 -3.184818211811769 2097.8497799634933 1670.851487159729
55.94341285584117 -3.184818211811769 SW 55.94320072380681 -3.1850303438461247 2097.8497799634933 1669.601487159729
55.94320072380681 -3.1850303438461247 NE 55.94341285584117 -3.184818211811769 2097.8497799634933 1668.351487159729
55.94341285584117 -3.184818211811769 ESE 55.94329805081146 -3.1845410479520155 2142.740858912468 1713.1130952835083
55.94329805081146 -3.1845410479520155 WNW 55.94341285584117 -3.184818211811769 2142.740858912468 1711.8630952835083
55.94341285584117 -3.184818211811769 E 55.94341285584117 -3.1845182118117688 2223.3940266370773 1751.465085029602
55.94341285584117 -3.1845182118117688 W 55.94341285584117 -3.184818211811769 2223.3940266370773 1750.215085029602
55.94341285584117 -3.184818211811769 NNE 55.943690019700924 -3.1847034067820594 2263.1191700696945 1871.1956911087036
55.943690019700924 -3.1847034067820594 S 55.94339001970092 -3.1847034067820594 2263.1191700696945 1869.9456911087036
55.94339001970092 -3.1847034067820594 NNE 55.94366718356068 -3.18458860175235 2263.1191700696945 1868.6956911087036
55.94366718356068 -3.18458860175235 NNE 55.943944347420434 -3.1844737967226404 2263.1191700696945 1867.4456911087036
55.943944347420434 -3.1844737967226404 SSE 55.94366718356068 -3.184358991692931 2263.1191700696945 1866.1956911087036
55.94366718356068 -3.184358991692931 N 55.94396718356068 -3.184358991692931 2263.1191700696945 1864.9456911087036
55.94396718356068 -3.184358991692931 W 55.94396718356068 -3.184658991692931 2263.1191700696945 1863.6956911087036
55.94396718356068 -3.184658991692931 E 55.94396718356068 -3.184358991692931 2263.1191700696945 1862.4456911087036
55.94396718356068 -3.184358991692931 N 55.94426718356068 -3.184358991692931 2263.1191700696945 1861.1956911087036
55.94426718356068 -3.184358991692931 S 55.94396718356068 -3.184358991692931 2263.1191700696945 1859.9456911087036
55.94396718356068 -3.184358991692931 N 55.94426718356068 -3.184358991692931 2263.1191700696945 1858.6956911087036
55.94426718356068 -3.184358991692931 WSW 55.94415237853097 -3.1846361555526843 2263.1191700696945 1857.4456911087036
55.94415237853097 -3.1846361555526843 SSW 55.943875214671216 -3.184750960582394 2263.1191700696945 1856.1956911087036
55.943875214671216 -3.184750960582394 NNE 55.94415237853097 -3.1846361555526843 2263.1191700696945 1854.9456911087036
55.94415237853097 -3.1846361555526843 SE 55.94394024649662 -3.1844240235183285 2263.1191700696945 1853.6956911087036
55.94394024649662 -3.1844240235183285 NW 55.94415237853097 -3.1846361555526843 2263.1191700696945 1852.4456911087036
55.94415237853097 -3.1846361555526843 SE 55.94394024649662 -3.1844240235183285 2263.1191700696945 1851.1956911087036
55.94394024649662 -3.1844240235183285 WSW 55.943825441466906 -3.184701187378082 2263.1191700696945 1849.9456911087036
55.943825441466906 -3.184701187378082 NNE 55.94410260532666 -3.1845863823483724 2263.1191700696945 1848.6956911087036
55.94410260532666 -3.1845863823483724 SSW 55.943825441466906 -3.184701187378082 2263.1191700696945 1847.4456911087036
55.943825441466906 -3.184701187378082 S 55.9435254414669 -3.184701187378082 2263.1191700696945 1846.1956911087036
55.9435254414669 -3.184701187378082 NNW 55.94380260532666 -3.1848159924077915 2263.1191700696945 1844.9456911087036
55.94380260532666 -3.1848159924077915 W 55.94380260532666 -3.1851159924077916 2263.1191700696945 1843.6956911087036
55.94380260532666 -3.1851159924077916 ESE 55.94368780029695 -3.1848388285480382 2263.1191700696945 1842.4456911087036
