55.944425 -3.188396 SSW 55.944147836140246 -3.1885108050297095 0.0 248.75
55.944147836140246 -3.1885108050297095 NNE 55.944425 -3.188396 0.0 247.5
55.944425 -3.188396 ESE 55.94431019497029 -3.1881188361402466 0.0 246.25
55.94431019497029 -3.1881188361402466 W 55.94431019497029 -3.188418836140247 0.0 245.0
55.94431019497029 -3.188418836140247 E 55.94431019497029 -3.1881188361402466 0.0 243.75
55.94431019497029 -3.1881188361402466 W 55.94431019497029 -3.188418836140247 0.0 242.5
55.94431019497029 -3.188418836140247 E 55.94431019497029 -3.1881188361402466 0.0 241.25
55.94431019497029 -3.1881188361402466 SSE 55.944033031110536 -3.188004031110537 0.0 240.0
55.944033031110536 -3.188004031110537 NNW 55.94431019497029 -3.1881188361402466 0.0 238.75
55.94431019497029 -3.1881188361402466 S 55.94401019497029 -3.1881188361402466 0.0 237.5
55.94401019497029 -3.1881188361402466 WSW 55.94389538994058 -3.188396 81.43963623046875 240.64812898635864
55.94389538994058 -3.188396 ENE 55.94401019497029 -3.1881188361402466 81.43963623046875 239.39812898635864
55.94401019497029 -3.1881188361402466 S 55.943710194970286 -3.1881188361402466 81.43963623046875 238.14812898635864
55.943710194970286 -3.1881188361402466 N 55.94401019497029 -3.1881188361402466 81.43963623046875 236.89812898635864
55.94401019497029 -3.1881188361402466 NNW 55.944287358830046 -3.188233641169956 81.43963623046875 235.64812898635864
55.944287358830046 -3.188233641169956 SW 55.94407522679569 -3.188445773204312 81.43963623046875 234.39812898635864
55.94407522679569 -3.188445773204312 ENE 55.9441900318254 -3.1881686093445585 81.43963623046875 233.14812898635864
55.9441900318254 -3.1881686093445585 WSW 55.94407522679569 -3.188445773204312 81.43963623046875 231.89812898635864
55.94407522679569 -3.188445773204312 WNW 55.9441900318254 -3.1887229370640653 81.43963623046875 230.64812898635864
55.9441900318254 -3.1887229370640653 E 55.9441900318254 -3.188422937064065 81.43963623046875 229.39812898635864
55.9441900318254 -3.188422937064065 W 55.9441900318254 -3.1887229370640653 81.43963623046875 228.14812898635864
55.9441900318254 -3.1887229370640653 E 55.9441900318254 -3.188422937064065 81.43963623046875 226.89812898635864
55.9441900318254 -3.188422937064065 NNW 55.94446719568516 -3.1885377420937746 81.43963623046875 225.64812898635864
55.94446719568516 -3.1885377420937746 SSE 55.9441900318254 -3.188422937064065 81.43963623046875 224.39812898635864
55.9441900318254 -3.188422937064065 NW 55.944402163859756 -3.188635069098421 81.43963623046875 223.14812898635864
55.944402163859756 -3.188635069098421 S 55.94410216385975 -3.188635069098421 81.43963623046875 221.89812898635864
55.94410216385975 -3.188635069098421 N 55.944402163859756 -3.188635069098421 81.43963623046875 220.64812898635864
55.944402163859756 -3.188635069098421 W 55.944402163859756 -3.188935069098421 81.43963623046875 219.39812898635864
55.944402163859756 -3.188935069098421 E 55.944402163859756 -3.188635069098421 81.43963623046875 218.14812898635864
55.944402163859756 -3.188635069098421 NW 55.94461429589411 -3.1888472011327766 81.43963623046875 216.89812898635864
55.94461429589411 -3.1888472011327766 SE 55.944402163859756 -3.188635069098421 81.43963623046875 215.64812898635864
55.944402163859756 -3.188635069098421 NW 55.94461429589411 -3.1888472011327766 81.43963623046875 214.39812898635864
55.94461429589411 -3.1888472011327766 ESE 55.9444994908644 -3.1885700372730232 81.43963623046875 213.14812898635864
55.9444994908644 -3.1885700372730232 WNW 55.94461429589411 -3.1888472011327766 81.43963623046875 211.89812898635864
55.94461429589411 -3.1888472011327766 ESE 55.9444994908644 -3.1885700372730232 81.43963623046875 210.64812898635864
55.9444994908644 -3.1885700372730232 NE 55.94471162289876 -3.1883579052386675 81.43963623046875 209.39812898635864
55.94471162289876 -3.1883579052386675 WSW 55.94459681786905 -3.188635069098421 81.43963623046875 208.14812898635864
55.94459681786905 -3.188635069098421 NNE 55.944873981728804 -3.1885202640687114 81.43963623046875 206.89812898635864
55.944873981728804 -3.1885202640687114 S 55.9445739817288 -3.1885202640687114 81.43963623046875 205.64812898635864
55.9445739817288 -3.1885202640687114 NNE 55.94485114558856 -3.188405459039002 196.03064727783203 294.46885347366333
55.94485114558856 -3.188405459039002 SSE 55.9445739817288 -3.1882906540092923 196.03064727783203 293.21885347366333
55.9445739817288 -3.1882906540092923 ESE 55.94445917669909 -3.188013490149539 196.03064727783203 291.96885347366333
55.94445917669909 -3.188013490149539 W 55.94445917669909 -3.188313490149539 196.03064727783203 290.71885347366333
55.94445917669909 -3.188313490149539 E 55.94445917669909 -3.188013490149539 196.03064727783203 289.46885347366333
55.94445917669909 -3.188013490149539 W 55.94445917669909 -3.188313490149539 196.03064727783203 288.21885347366333
55.94445917669909 -3.188313490149539 E 55.94445917669909 -3.188013490149539 196.03064727783203 286.96885347366333
55.94445917669909 -3.188013490149539 ENE 55.9445739817288 -3.1877363262897855 196.03064727783203 285.71885347366333
55.9445739817288 -3.1877363262897855 SSW 55.944296817869045 -3.187851131319495 196.03064727783203 284.46885347366333
55.944296817869045 -3.187851131319495 NE 55.9445089499034 -3.1876389992851393 196.03064727783203 283.21885347366333
55.9445089499034 -3.1876389992851393 SW 55.944296817869045 -3.187851131319495 196.03064727783203 281.96885347366333
55.944296817869045 -3.187851131319495 NE 55.9445089499034 -3.1876389992851393 196.03064727783203 280.71885347366333
55.9445089499034 -3.1876389992851393 SW 55.944296817869045 -3.187851131319495 196.03064727783203 279.46885347366333
55.944296817869045 -3.187851131319495 S 55.94399681786904 -3.187851131319495 196.03064727783203 278.21885347366333
55.94399681786904 -3.187851131319495 NNE 55.9442739817288 -3.1877363262897855 196.03064727783203 276.96885347366333
55.9442739817288 -3.1877363262897855 SSW 55.94399681786904 -3.187851131319495 196.03064727783203 275.71885347366333
55.94399681786904 -3.187851131319495 NNE 55.9442739817288 -3.1877363262897855 196.03064727783203 274.46885347366333
55.9442739817288 -3.1877363262897855 SSW 55.94399681786904 -3.187851131319495 196.03064727783203 273.21885347366333
55.94399681786904 -3.187851131319495 NNE 55.9442739817288 -3.1877363262897855 196.03064727783203 271.96885347366333
55.9442739817288 -3.1877363262897855 SSW 55.94399681786904 -3.187851131319495 196.03064727783203 270.71885347366333
55.94399681786904 -3.187851131319495 SW 55.943784685834686 -3.188063263353851 196.03064727783203 269.46885347366333
55.943784685834686 -3.188063263353851 NNW 55.94406184969444 -3.1881780683835603 196.03064727783203 268.21885347366333
55.94406184969444 -3.1881780683835603 SSE 55.943784685834686 -3.188063263353851 196.03064727783203 266.96885347366333
55.943784685834686 -3.188063263353851 WNW 55.943899490864396 -3.1883404272136042 196.03064727783203 265.71885347366333
55.943899490864396 -3.1883404272136042 SE 55.94368735883004 -3.1881282951792485 196.03064727783203 264.46885347366333
55.94368735883004 -3.1881282951792485 NW 55.943899490864396 -3.1883404272136042 196.03064727783203 263.21885347366333
55.943899490864396 -3.1883404272136042 SE 55.94368735883004 -3.1881282951792485 196.03064727783203 261.96885347366333
55.94368735883004 -3.1881282951792485 NW 55.943899490864396 -3.1883404272136042 196.03064727783203 260.71885347366333
55.943899490864396 -3.1883404272136042 SW 55.94368735883004 -3.18855255924796 196.03064727783203 259.46885347366333
55.94368735883004 -3.18855255924796 N 55.94398735883004 -3.18855255924796 196.03064727783203 258.21885347366333
55.94398735883004 -3.18855255924796 SSW 55.943710194970286 -3.1886673642776695 196.03064727783203 256.96885347366333
55.943710194970286 -3.1886673642776695 NNW 55.94398735883004 -3.188782169307379 196.03064727783203 255.71885347366333
55.94398735883004 -3.188782169307379 SSE 55.943710194970286 -3.1886673642776695 196.03064727783203 254.46885347366333
55.943710194970286 -3.1886673642776695 NE 55.94392232700464 -3.1884552322433137 196.03064727783203 253.21885347366333
55.94392232700464 -3.1884552322433137 SW 55.943710194970286 -3.1886673642776695 196.03064727783203 251.96885347366333
55.943710194970286 -3.1886673642776695 S 55.943410194970284 -3.1886673642776695 196.03064727783203 250.71885347366333
55.943410194970284 -3.1886673642776695 N 55.943710194970286 -3.1886673642776695 196.03064727783203 249.46885347366333
55.943710194970286 -3.1886673642776695 ESE 55.943595389940576 -3.188390200417916 196.03064727783203 248.21885347366333
55.943595389940576 -3.188390200417916 WSW 55.943480584910866 -3.1886673642776695 196.03064727783203 246.96885347366333
55.943480584910866 -3.1886673642776695 E 55.943480584910866 -3.1883673642776693 196.03064727783203 245.71885347366333
55.943480584910866 -3.1883673642776693 WSW 55.943365779881155 -3.1886445281374227 196.03064727783203 244.46885347366333
55.943365779881155 -3.1886445281374227 N 55.94366577988116 -3.1886445281374227 196.03064727783203 243.21885347366333
55.94366577988116 -3.1886445281374227 S 55.943365779881155 -3.1886445281374227 196.03064727783203 241.96885347366333
55.943365779881155 -3.1886445281374227 WNW 55.943480584910866 -3.188921691997176 196.03064727783203 240.71885347366333
55.943480584910866 -3.188921691997176 WSW 55.943365779881155 -3.1891988558569295 196.03064727783203 239.46885347366333
55.943365779881155 -3.1891988558569295 ENE 55.943480584910866 -3.188921691997176 196.03064727783203 238.21885347366333
55.943480584910866 -3.188921691997176 WSW 55.943365779881155 -3.1891988558569295 196.03064727783203 236.96885347366333
55.943365779881155 -3.1891988558569295 W 55.943365779881155 -3.1894988558569297 196.03064727783203 235.71885347366333
55.943365779881155 -3.1894988558569297 E 55.943365779881155 -3.1891988558569295 196.03064727783203 234.46885347366333
55.943365779881155 -3.1891988558569295 W 55.943365779881155 -3.1894988558569297 196.03064727783203 233.21885347366333
55.943365779881155 -3.1894988558569297 E 55.943365779881155 -3.1891988558569295 196.03064727783203 231.96885347366333
55.943365779881155 -3.1891988558569295 W 55.943365779881155 -3.1894988558569297 196.03064727783203 230.71885347366333
55.943365779881155 -3.1894988558569297 E 55.943365779881155 -3.1891988558569295 196.03064727783203 229.46885347366333
55.943365779881155 -3.1891988558569295 W 55.943365779881155 -3.1894988558569297 196.03064727783203 228.21885347366333
55.943365779881155 -3.1894988558569297 SW 55.9431536478468 -3.1897109878912855 198.31121444702148 343.85438203811646
55.9431536478468 -3.1897109878912855 WNW 55.94326845287651 -3.189988151751039 198.31121444702148 342.60438203811646
55.94326845287651 -3.189988151751039 ESE 55.9431536478468 -3.1897109878912855 198.31121444702148 341.35438203811646
55.9431536478468 -3.1897109878912855 W 55.9431536478468 -3.1900109878912857 198.31121444702148 340.10438203811646
55.9431536478468 -3.1900109878912857 E 55.9431536478468 -3.1897109878912855 198.31121444702148 338.85438203811646
55.9431536478468 -3.1897109878912855 SE 55.94294151581244 -3.1894988558569297 198.31121444702148 337.60438203811646
55.94294151581244 -3.1894988558569297 WNW 55.94305632084215 -3.189776019716683 198.31121444702148 336.35438203811646
55.94305632084215 -3.189776019716683 WSW 55.94294151581244 -3.1900531835764365 288.4631156921387 437.24520540237427
55.94294151581244 -3.1900531835764365 E 55.94294151581244 -3.1897531835764363 288.4631156921387 435.99520540237427
55.94294151581244 -3.1897531835764363 SSW 55.942664351952686 -3.189867988606146 288.4631156921387 434.74520540237427
55.942664351952686 -3.189867988606146 N 55.94296435195269 -3.189867988606146 288.4631156921387 433.49520540237427
55.94296435195269 -3.189867988606146 S 55.942664351952686 -3.189867988606146 288.4631156921387 432.24520540237427
55.942664351952686 -3.189867988606146 NNW 55.94294151581244 -3.1899827936358554 288.4631156921387 430.99520540237427
55.94294151581244 -3.1899827936358554 SSE 55.942664351952686 -3.189867988606146 288.4631156921387 429.74520540237427
55.942664351952686 -3.189867988606146 W 55.942664351952686 -3.190167988606146 314.5907230377197 505.2926678657532
55.942664351952686 -3.190167988606146 E 55.942664351952686 -3.189867988606146 314.5907230377197 504.0426678657532
55.942664351952686 -3.189867988606146 N 55.94296435195269 -3.189867988606146 314.5907230377197 502.7926678657532
55.94296435195269 -3.189867988606146 SSE 55.94268718809293 -3.1897531835764363 314.5907230377197 501.5426678657532
55.94268718809293 -3.1897531835764363 N 55.942987188092935 -3.1897531835764363 314.5907230377197 500.2926678657532
55.942987188092935 -3.1897531835764363 ESE 55.942872383063225 -3.189476019716683 314.5907230377197 499.0426678657532
55.942872383063225 -3.189476019716683 ESE 55.942757578033515 -3.1891988558569295 314.5907230377197 497.7926678657532
55.942757578033515 -3.1891988558569295 NW 55.94296971006787 -3.1894109878912853 314.5907230377197 496.5426678657532
55.94296971006787 -3.1894109878912853 N 55.943269710067874 -3.1894109878912853 314.5907230377197 495.2926678657532
55.943269710067874 -3.1894109878912853 SSW 55.94299254620812 -3.189525792920995 314.5907230377197 494.0426678657532
55.94299254620812 -3.189525792920995 NE 55.94320467824247 -3.189313660886639 314.5907230377197 492.7926678657532
55.94320467824247 -3.189313660886639 SE 55.94299254620812 -3.1891015288522833 435.02534675598145 540.7607960700989
55.94299254620812 -3.1891015288522833 NW 55.94320467824247 -3.189313660886639 435.02534675598145 539.5107960700989
55.94320467824247 -3.189313660886639 SE 55.94299254620812 -3.1891015288522833 435.02534675598145 538.2607960700989
55.94299254620812 -3.1891015288522833 SSE 55.94271538234836 -3.1889867238225738 435.02534675598145 537.0107960700989
55.94271538234836 -3.1889867238225738 N 55.943015382348364 -3.1889867238225738 435.02534675598145 535.7607960700989
55.943015382348364 -3.1889867238225738 NNW 55.94329254620812 -3.1891015288522833 435.02534675598145 534.5107960700989
55.94329254620812 -3.1891015288522833 ESE 55.94317774117841 -3.18882436499253 435.02534675598145 533.2607960700989
55.94317774117841 -3.18882436499253 NE 55.943389873212766 -3.188612232958174 435.02534675598145 532.0107960700989
55.943389873212766 -3.188612232958174 SSW 55.94311270935301 -3.1887270379878836 435.02534675598145 530.7607960700989
55.94311270935301 -3.1887270379878836 SE 55.94290057731865 -3.188514905953528 435.02534675598145 529.5107960700989
55.94290057731865 -3.188514905953528 WNW 55.943015382348364 -3.1887920698132812 508.15176582336426 585.4598622322083
55.943015382348364 -3.1887920698132812 E 55.943015382348364 -3.188492069813281 508.15176582336426 584.2098622322083
55.943015382348364 -3.188492069813281 W 55.943015382348364 -3.1887920698132812 508.15176582336426 582.9598622322083
55.943015382348364 -3.1887920698132812 ESE 55.94290057731865 -3.188514905953528 508.15176582336426 581.7098622322083
55.94290057731865 -3.188514905953528 WNW 55.943015382348364 -3.1887920698132812 508.15176582336426 580.4598622322083
55.943015382348364 -3.1887920698132812 ESE 55.94290057731865 -3.188514905953528 508.15176582336426 579.2098622322083
55.94290057731865 -3.188514905953528 N 55.943200577318656 -3.188514905953528 508.15176582336426 577.9598622322083
55.943200577318656 -3.188514905953528 SSE 55.9429234134589 -3.1884001009238183 508.15176582336426 576.7098622322083
55.9429234134589 -3.1884001009238183 NNW 55.943200577318656 -3.188514905953528 508.15176582336426 575.4598622322083
55.943200577318656 -3.188514905953528 NNE 55.94347774117841 -3.1884001009238183 508.15176582336426 574.2098622322083
55.94347774117841 -3.1884001009238183 NE 55.94368987321277 -3.1881879688894625 508.15176582336426 572.9598622322083
55.94368987321277 -3.1881879688894625 SW 55.94347774117841 -3.1884001009238183 508.15176582336426 571.7098622322083
55.94347774117841 -3.1884001009238183 E 55.94347774117841 -3.188100100923818 508.15176582336426 570.4598622322083
55.94347774117841 -3.188100100923818 W 55.94347774117841 -3.1884001009238183 508.15176582336426 569.2098622322083
55.94347774117841 -3.1884001009238183 ENE 55.94359254620812 -3.188122937064065 508.15176582336426 567.9598622322083
55.94359254620812 -3.188122937064065 W 55.94359254620812 -3.188422937064065 508.15176582336426 566.7098622322083
55.94359254620812 -3.188422937064065 E 55.94359254620812 -3.188122937064065 508.15176582336426 565.4598622322083
55.94359254620812 -3.188122937064065 SSW 55.943315382348366 -3.1882377420937744 508.15176582336426 564.2098622322083
55.943315382348366 -3.1882377420937744 NE 55.94352751438272 -3.1880256100594186 508.15176582336426 562.9598622322083
55.94352751438272 -3.1880256100594186 S 55.94322751438272 -3.1880256100594186 508.15176582336426 561.7098622322083
55.94322751438272 -3.1880256100594186 NE 55.943439646417076 -3.187813478025063 508.15176582336426 560.4598622322083
55.943439646417076 -3.187813478025063 N 55.94373964641708 -3.187813478025063 508.15176582336426 559.2098622322083
55.94373964641708 -3.187813478025063 S 55.943439646417076 -3.187813478025063 508.15176582336426 557.9598622322083
55.943439646417076 -3.187813478025063 N 55.94373964641708 -3.187813478025063 508.15176582336426 556.7098622322083
55.94373964641708 -3.187813478025063 SSE 55.94346248255732 -3.1876986729953534 508.15176582336426 555.4598622322083
55.94346248255732 -3.1876986729953534 N 55.943762482557325 -3.1876986729953534 508.15176582336426 554.2098622322083
55.943762482557325 -3.1876986729953534 SE 55.94355035052297 -3.1874865409609976 571.4164371490479 604.7569355964661
55.94355035052297 -3.1874865409609976 NW 55.943762482557325 -3.1876986729953534 571.4164371490479 603.5069355964661
55.943762482557325 -3.1876986729953534 ENE 55.943877287587036 -3.1874215091356 571.4164371490479 602.2569355964661
55.943877287587036 -3.1874215091356 WSW 55.943762482557325 -3.1876986729953534 571.4164371490479 601.0069355964661
55.943762482557325 -3.1876986729953534 ENE 55.943877287587036 -3.1874215091356 571.4164371490479 599.7569355964661
55.943877287587036 -3.1874215091356 SE 55.94366515555268 -3.187209377101244 571.4164371490479 598.5069355964661
55.94366515555268 -3.187209377101244 NW 55.943877287587036 -3.1874215091356 571.4164371490479 597.2569355964661
55.943877287587036 -3.1874215091356 SE 55.94366515555268 -3.187209377101244 571.4164371490479 596.0069355964661
55.94366515555268 -3.187209377101244 ENE 55.94377996058239 -3.186932213241491 571.4164371490479 594.7569355964661
55.94377996058239 -3.186932213241491 WSW 55.94366515555268 -3.187209377101244 571.4164371490479 593.5069355964661
55.94366515555268 -3.187209377101244 SSW 55.94338799169292 -3.1873241821309537 571.4164371490479 592.2569355964661
55.94338799169292 -3.1873241821309537 N 55.943687991692926 -3.1873241821309537 571.4164371490479 591.0069355964661
55.943687991692926 -3.1873241821309537 SSW 55.94341082783317 -3.187438987160663 571.4164371490479 589.7569355964661
55.94341082783317 -3.187438987160663 S 55.943110827833166 -3.187438987160663 644.7858600616455 668.8891072273254
55.943110827833166 -3.187438987160663 NNE 55.94338799169292 -3.1873241821309537 644.7858600616455 667.6391072273254
55.94338799169292 -3.1873241821309537 WSW 55.94327318666321 -3.187601345990707 644.7858600616455 666.3891072273254
55.94327318666321 -3.187601345990707 ENE 55.94338799169292 -3.1873241821309537 644.7858600616455 665.1391072273254
55.94338799169292 -3.1873241821309537 S 55.94308799169292 -3.1873241821309537 644.7858600616455 663.8891072273254
55.94308799169292 -3.1873241821309537 N 55.94338799169292 -3.1873241821309537 644.7858600616455 662.6391072273254
55.94338799169292 -3.1873241821309537 ESE 55.94327318666321 -3.1870470182712003 644.7858600616455 661.3891072273254
55.94327318666321 -3.1870470182712003 NW 55.94348531869757 -3.187259150305556 644.7858600616455 660.1391072273254
55.94348531869757 -3.187259150305556 SE 55.94327318666321 -3.1870470182712003 644.7858600616455 658.8891072273254
55.94327318666321 -3.1870470182712003 SW 55.943061054628856 -3.187259150305556 644.7858600616455 657.6391072273254
55.943061054628856 -3.187259150305556 ENE 55.94317585965857 -3.1869819864458027 644.7858600616455 656.3891072273254
55.94317585965857 -3.1869819864458027 ESE 55.943061054628856 -3.1867048225860493 692.2613353729248 722.8041157722473
55.943061054628856 -3.1867048225860493 WSW 55.942946249599146 -3.1869819864458027 692.2613353729248 721.5541157722473
55.942946249599146 -3.1869819864458027 E 55.942946249599146 -3.1866819864458025 694.442688703537 796.9085698127747
55.942946249599146 -3.1866819864458025 SE 55.94273411756479 -3.1864698544114467 694.442688703537 795.6585698127747
55.94273411756479 -3.1864698544114467 N 55.94303411756479 -3.1864698544114467 694.442688703537 794.4085698127747
55.94303411756479 -3.1864698544114467 SE 55.942821985530436 -3.186257722377091 694.442688703537 793.1585698127747
55.942821985530436 -3.186257722377091 N 55.94312198553044 -3.186257722377091 694.442688703537 791.9085698127747
55.94312198553044 -3.186257722377091 WSW 55.94300718050073 -3.1865348862368443 694.442688703537 790.6585698127747
55.94300718050073 -3.1865348862368443 ENE 55.94312198553044 -3.186257722377091 694.442688703537 789.4085698127747
55.94312198553044 -3.186257722377091 SSE 55.94284482167068 -3.1861429173473814 694.442688703537 788.1585698127747
55.94284482167068 -3.1861429173473814 NW 55.94305695370504 -3.186355049381737 694.442688703537 786.9085698127747
55.94305695370504 -3.186355049381737 SE 55.94284482167068 -3.1861429173473814 694.442688703537 785.6585698127747
55.94284482167068 -3.1861429173473814 ENE 55.94295962670039 -3.185865753487628 694.442688703537 784.4085698127747
55.94295962670039 -3.185865753487628 WSW 55.94284482167068 -3.1861429173473814 694.442688703537 783.1585698127747
55.94284482167068 -3.1861429173473814 ENE 55.94295962670039 -3.185865753487628 694.442688703537 781.9085698127747
55.94295962670039 -3.185865753487628 WSW 55.94284482167068 -3.1861429173473814 694.442688703537 780.6585698127747
55.94284482167068 -3.1861429173473814 ENE 55.94295962670039 -3.185865753487628 694.442688703537 779.4085698127747
55.94295962670039 -3.185865753487628 ENE 55.9430744317301 -3.1855885896278746 694.442688703537 778.1585698127747
55.9430744317301 -3.1855885896278746 NW 55.94328656376446 -3.1858007216622304 727.3389251232147 851.8390049934387
55.94328656376446 -3.1858007216622304 ESE 55.94317175873475 -3.185523557802477 727.3389251232147 850.5890049934387
55.94317175873475 -3.185523557802477 WNW 55.94328656376446 -3.1858007216622304 727.3389251232147 849.3390049934387
55.94328656376446 -3.1858007216622304 E 55.94328656376446 -3.18550072166223 727.3389251232147 848.0890049934387
55.94328656376446 -3.18550072166223 NW 55.943498695798816 -3.185712853696586 727.3389251232147 846.8390049934387
55.943498695798816 -3.185712853696586 ESE 55.943383890769105 -3.1854356898368326 730.2749290466309 903.3260731697083
55.943383890769105 -3.1854356898368326 WNW 55.943498695798816 -3.185712853696586 730.2749290466309 902.0760731697083
55.943498695798816 -3.185712853696586 E 55.943498695798816 -3.1854128536965858 730.2749290466309 900.8260731697083
55.943498695798816 -3.1854128536965858 NW 55.94371082783317 -3.1856249857309415 730.2749290466309 899.5760731697083
55.94371082783317 -3.1856249857309415 ESE 55.94359602280346 -3.185347821871188 730.2749290466309 898.3260731697083
55.94359602280346 -3.185347821871188 ESE 55.94348121777375 -3.1850706580114347 730.2749290466309 897.0760731697083
55.94348121777375 -3.1850706580114347 WNW 55.94359602280346 -3.185347821871188 730.2749290466309 895.8260731697083
55.94359602280346 -3.185347821871188 E 55.94359602280346 -3.185047821871188 805.5244789123535 911.1227860450745
55.94359602280346 -3.185047821871188 W 55.94359602280346 -3.185347821871188 805.5244789123535 909.8727860450745
55.94359602280346 -3.185347821871188 E 55.94359602280346 -3.185047821871188 805.5244789123535 908.6227860450745
55.94359602280346 -3.185047821871188 S 55.94329602280346 -3.185047821871188 805.5244789123535 907.3727860450745
55.94329602280346 -3.185047821871188 NNW 55.943573186663215 -3.1851626269008975 805.5244789123535 906.1227860450745
55.943573186663215 -3.1851626269008975 SSE 55.94329602280346 -3.185047821871188 805.5244789123535 904.8727860450745
55.94329602280346 -3.185047821871188 NW 55.943508154837815 -3.1852599539055437 874.9258918762207 1025.072988986969
55.943508154837815 -3.1852599539055437 SE 55.94329602280346 -3.185047821871188 874.9258918762207 1023.822988986969
55.94329602280346 -3.185047821871188 WNW 55.94341082783317 -3.1853249857309414 874.9258918762207 1022.572988986969
55.94341082783317 -3.1853249857309414 ENE 55.94352563286288 -3.185047821871188 874.9258918762207 1021.322988986969
55.94352563286288 -3.185047821871188 NW 55.943737764897236 -3.1852599539055437 874.9258918762207 1020.072988986969
55.943737764897236 -3.1852599539055437 ESE 55.943622959867525 -3.1849827900457903 874.9258918762207 1018.822988986969
55.943622959867525 -3.1849827900457903 NW 55.94383509190188 -3.185194922080146 874.9258918762207 1017.572988986969
55.94383509190188 -3.185194922080146 SW 55.943622959867525 -3.185407054114502 874.9258918762207 1016.322988986969
55.943622959867525 -3.185407054114502 NE 55.94383509190188 -3.185194922080146 874.9258918762207 1015.072988986969
55.94383509190188 -3.185194922080146 ESE 55.94372028687217 -3.1849177582203927 874.9258918762207 1013.822988986969
55.94372028687217 -3.1849177582203927 N 55.944020286872174 -3.1849177582203927 874.9258918762207 1012.572988986969
55.944020286872174 -3.1849177582203927 S 55.94372028687217 -3.1849177582203927 874.9258918762207 1011.322988986969
55.94372028687217 -3.1849177582203927 NNE 55.94399745073193 -3.184802953190683 874.9258918762207 1010.072988986969
55.94399745073193 -3.184802953190683 SSE 55.94372028687217 -3.1846881481609737 874.9258918762207 1008.822988986969
55.94372028687217 -3.1846881481609737 NE 55.94393241890653 -3.184476016126618 874.9258918762207 1007.572988986969
55.94393241890653 -3.184476016126618 W 55.94393241890653 -3.184776016126618 874.9258918762207 1006.322988986969
55.94393241890653 -3.184776016126618 E 55.94393241890653 -3.184476016126618 874.9258918762207 1005.072988986969
55.94393241890653 -3.184476016126618 NW 55.944144550940884 -3.1846881481609737 874.9258918762207 1003.822988986969
55.944144550940884 -3.1846881481609737 ESE 55.94402974591117 -3.1844109843012203 874.9258918762207 1002.572988986969
55.94402974591117 -3.1844109843012203 WNW 55.944144550940884 -3.1846881481609737 874.9258918762207 1001.322988986969
55.944144550940884 -3.1846881481609737 NNE 55.94442171480064 -3.184573343131264 951.4113883972168 1053.8793053627014
55.94442171480064 -3.184573343131264 SSW 55.944144550940884 -3.1846881481609737 951.4113883972168 1052.6293053627014
55.944144550940884 -3.1846881481609737 SW 55.94393241890653 -3.1849002801953294 951.4113883972168 1051.3793053627014
55.94393241890653 -3.1849002801953294 NE 55.944144550940884 -3.1846881481609737 951.4113883972168 1050.1293053627014
55.944144550940884 -3.1846881481609737 SW 55.94393241890653 -3.1849002801953294 951.4113883972168 1048.8793053627014
55.94393241890653 -3.1849002801953294 SE 55.94372028687217 -3.1846881481609737 951.4113883972168 1047.6293053627014
55.94372028687217 -3.1846881481609737 NW 55.94393241890653 -3.1849002801953294 951.4113883972168 1046.3793053627014
55.94393241890653 -3.1849002801953294 W 55.94393241890653 -3.1852002801953296 951.4113883972168 1045.1293053627014
55.94393241890653 -3.1852002801953296 ENE 55.94404722393624 -3.1849231163355762 951.4113883972168 1043.8793053627014
55.94404722393624 -3.1849231163355762 WSW 55.94393241890653 -3.1852002801953296 951.4113883972168 1042.6293053627014
55.94393241890653 -3.1852002801953296 WNW 55.94404722393624 -3.185477444055083 1062.0333061218262 1099.4339051246643
55.94404722393624 -3.185477444055083 E 55.94404722393624 -3.185177444055083 1062.0333061218262 1098.1839051246643
55.94404722393624 -3.185177444055083 W 55.94404722393624 -3.185477444055083 1062.0333061218262 1096.9339051246643
55.94404722393624 -3.185477444055083 NE 55.944259355970594 -3.1852653120207273 1062.0333061218262 1095.6839051246643
55.944259355970594 -3.1852653120207273 SW 55.94404722393624 -3.185477444055083 1062.0333061218262 1094.4339051246643
55.94404722393624 -3.185477444055083 W 55.94404722393624 -3.1857774440550832 1139.620937347412 1216.1857514381409
