55.944425 -3.188396 ENE 55.94453980502971 -3.1881188361402466 30.02872085571289 293.46320724487305
55.94453980502971 -3.1881188361402466 ESE 55.944425 -3.187841672280493 100.0151481628418 360.4471244812012
55.944425 -3.187841672280493 SSE 55.944147836140246 -3.1877268672507837 224.89329147338867 481.7038154602051
55.944147836140246 -3.1877268672507837 SE 55.94393570410589 -3.187514735216428 240.45926761627197 563.5587882995605
55.94393570410589 -3.187514735216428 SSW 55.94365854024613 -3.1876295402461374 244.78611850738525 595.2967338562012
55.94365854024613 -3.1876295402461374 WNW 55.943773345275844 -3.187906704105891 244.78611850738525 594.0467338562012
55.943773345275844 -3.187906704105891 WNW 55.943888150305554 -3.1881838679656442 254.6338987350464 659.1143913269043
55.943888150305554 -3.1881838679656442 SW 55.9436760182712 -3.188396 254.6338987350464 657.8643913269043
55.9436760182712 -3.188396 SW 55.94346388623684 -3.188608132034356 254.6338987350464 656.6143913269043
55.94346388623684 -3.188608132034356 SW 55.943251754202485 -3.1888202640687116 271.99399280548096 719.3641815185547
55.943251754202485 -3.1888202640687116 SSE 55.94297459034273 -3.188705459039002 271.99399280548096 718.1141815185547
55.94297459034273 -3.188705459039002 SSE 55.94269742648297 -3.1885906540092925 330.99813175201416 808.5364303588867
55.94269742648297 -3.1885906540092925 WNW 55.94281223151268 -3.188867817869046 330.99813175201416 807.2864303588867
55.94281223151268 -3.188867817869046 WNW 55.94292703654239 -3.1891449817287993 330.99813175201416 806.0364303588867
55.94292703654239 -3.1891449817287993 WNW 55.943041841572104 -3.1894221455885527 330.99813175201416 804.7864303588867
55.943041841572104 -3.1894221455885527 WNW 55.943156646601814 -3.189699309448306 330.99813175201416 803.5364303588867
55.943156646601814 -3.189699309448306 WNW 55.943271451631524 -3.1899764733080596 330.99813175201416 802.2864303588867
55.943271451631524 -3.1899764733080596 W 55.943271451631524 -3.1902764733080597 433.03223514556885 863.0108871459961
55.943271451631524 -3.1902764733080597 W 55.943271451631524 -3.19057647330806 433.03223514556885 861.7608871459961
55.943271451631524 -3.19057647330806 W 55.943271451631524 -3.19087647330806 452.7061128616333 906.9328117370605
55.943271451631524 -3.19087647330806 NNW 55.94354861549128 -3.1909912783377696 452.7061128616333 905.6828117370605
55.94354861549128 -3.1909912783377696 NW 55.94376074752564 -3.1912034103721254 452.7061128616333 904.4328117370605
55.94376074752564 -3.1912034103721254 NW 55.94397287955999 -3.191415542406481 464.96208095550537 981.2115287780762
55.94397287955999 -3.191415542406481 NE 55.94418501159435 -3.1912034103721254 464.96208095550537 979.9615287780762
55.94418501159435 -3.1912034103721254 ENE 55.94429981662406 -3.190926246512372 586.9968328475952 1037.4581909179688
55.94429981662406 -3.190926246512372 NW 55.944511948658416 -3.1911383785467278 711.8148412704468 1088.5712661743164
55.944511948658416 -3.1911383785467278 WNW 55.94462675368813 -3.191415542406481 802.5701055526733 1115.5843238830566
55.94462675368813 -3.191415542406481 NE 55.94483888572248 -3.1912034103721254 802.5701055526733 1114.3343238830566
55.94483888572248 -3.1912034103721254 NNE 55.94511604958224 -3.191088605342416 861.3951063156128 1196.773769378662
55.94511604958224 -3.191088605342416 N 55.94541604958224 -3.191088605342416 950.2095518112183 1240.0191383361816
55.94541604958224 -3.191088605342416 ENE 55.94553085461195 -3.1908114414826625 950.2095518112183 1238.7691383361816
55.94553085461195 -3.1908114414826625 ENE 55.94564565964166 -3.190534277622909 1027.2271451950073 1358.3433876037598
55.94564565964166 -3.190534277622909 NE 55.94585779167602 -3.1903221455885533 1066.051474571228 1435.7327308654785
55.94585779167602 -3.1903221455885533 NW 55.946069923710375 -3.190534277622909 1170.6944952011108 1447.5708589553833
55.946069923710375 -3.190534277622909 SE 55.94585779167602 -3.1903221455885533 1170.6944952011108 1446.3208589553833
55.94585779167602 -3.1903221455885533 SE 55.94564565964166 -3.1901100135541975 1170.6944952011108 1445.0708589553833
55.94564565964166 -3.1901100135541975 SSE 55.945368495781906 -3.189995208524488 1188.076699256897 1549.7700853347778
55.945368495781906 -3.189995208524488 E 55.945368495781906 -3.189695208524488 1188.076699256897 1548.5200853347778
55.945368495781906 -3.189695208524488 ENE 55.94548330081162 -3.1894180446647344 1188.076699256897 1547.2700853347778
55.94548330081162 -3.1894180446647344 E 55.94548330081162 -3.1891180446647343 1188.076699256897 1546.0200853347778
55.94548330081162 -3.1891180446647343 E 55.94548330081162 -3.188818044664734 1188.076699256897 1544.7700853347778
55.94548330081162 -3.188818044664734 ENE 55.94559810584133 -3.1885408808049807 1188.076699256897 1543.5200853347778
55.94559810584133 -3.1885408808049807 E 55.94559810584133 -3.1882408808049805 1252.3781824111938 1639.564435005188
55.94559810584133 -3.1882408808049805 NE 55.94581023787568 -3.1880287487706247 1252.3781824111938 1638.314435005188
55.94581023787568 -3.1880287487706247 NE 55.94602236991004 -3.187816616736269 1283.2628545761108 1739.0364274978638
55.94602236991004 -3.187816616736269 ENE 55.94613717493975 -3.1875394528765155 1283.2628545761108 1737.7864274978638
55.94613717493975 -3.1875394528765155 E 55.94613717493975 -3.1872394528765153 1327.1439237594604 1784.8532457351685
55.94613717493975 -3.1872394528765153 SE 55.945925042905394 -3.1870273208421596 1327.1439237594604 1783.6032457351685
55.945925042905394 -3.1870273208421596 SE 55.94571291087104 -3.186815188807804 1327.1439237594604 1782.3532457351685
55.94571291087104 -3.186815188807804 SE 55.94550077883668 -3.186603056773448 1327.1439237594604 1781.1032457351685
55.94550077883668 -3.186603056773448 SE 55.945288646802325 -3.1863909247390922 1390.24773311615 1808.5996408462524
55.945288646802325 -3.1863909247390922 NE 55.94550077883668 -3.1861787927047365 1416.1448469161987 1875.3720865249634
55.94550077883668 -3.1861787927047365 ESE 55.94538597380697 -3.185901628844983 1416.1448469161987 1874.1220865249634
55.94538597380697 -3.185901628844983 ENE 55.94550077883668 -3.1856244649852297 1416.1448469161987 1872.8720865249634
55.94550077883668 -3.1856244649852297 ESE 55.94538597380697 -3.1853473011254763 1463.2160291671753 1921.6643152236938
55.94538597380697 -3.1853473011254763 ENE 55.94550077883668 -3.185070137265723 1502.062373161316 1920.538785405457
55.94550077883668 -3.185070137265723 SE 55.945288646802325 -3.184858005231367 1502.062373161316 1919.288785405457
55.945288646802325 -3.184858005231367 SE 55.94507651476797 -3.1846458731970113 1502.062373161316 1918.038785405457
55.94507651476797 -3.1846458731970113 SSE 55.94479935090821 -3.184531068167302 1598.0826063156128 1955.5966009572148
55.94479935090821 -3.184531068167302 SSW 55.944522187048456 -3.1846458731970113 1598.0826063156128 1954.3466009572148
55.944522187048456 -3.1846458731970113 SSW 55.9442450231887 -3.184760678226721 1598.0826063156128 1953.0966009572148
55.9442450231887 -3.184760678226721 SSW 55.94396785932894 -3.1848754832564303 1624.679118156433 2021.2765860036016
55.94396785932894 -3.1848754832564303 SW 55.94375572729459 -3.185087615290786 1624.679118156433 2020.0265860036016
55.94375572729459 -3.185087615290786 SW 55.94354359526023 -3.185299747325142 1624.679118156433 2018.7765860036016
55.94354359526023 -3.185299747325142 SW 55.943331463225874 -3.1855118793594976 1624.679118156433 2017.5265860036016
55.943331463225874 -3.1855118793594976 SW 55.94311933119152 -3.1857240113938534 1747.2387037277222 2112.8804907277226
55.94311933119152 -3.1857240113938534 N 55.94341933119152 -3.1857240113938534 1747.2387037277222 2111.6304907277226
55.94341933119152 -3.1857240113938534 NW 55.94363146322588 -3.185936143428209 1747.2387037277222 2110.3804907277226
55.94363146322588 -3.185936143428209 WNW 55.94374626825559 -3.1862133072879626 1747.2387037277222 2109.1304907277226
55.94374626825559 -3.1862133072879626 WNW 55.9438610732853 -3.186490471147716 1747.2387037277222 2107.8804907277226
55.9438610732853 -3.186490471147716 NW 55.944073205319654 -3.1867026031820718 1747.2387037277222 2106.6304907277226
55.944073205319654 -3.1867026031820718 WNW 55.944188010349365 -3.186979767041825 1814.4658689498901 2169.7729772999883
55.944188010349365 -3.186979767041825 N 55.94448801034937 -3.186979767041825 1814.4658689498901 2168.5229772999883
55.94448801034937 -3.186979767041825 NE 55.944700142383724 -3.1867676350074694 1817.5915377140045 2284.9743093922734
55.944700142383724 -3.1867676350074694 W 55.944700142383724 -3.1870676350074696 1817.5915377140045 2283.7243093922734
55.944700142383724 -3.1870676350074696 WNW 55.944814947413434 -3.187344798867223 1817.5915377140045 2282.4743093922734
55.944814947413434 -3.187344798867223 WNW 55.944929752443144 -3.1876219627269764 1817.5915377140045 2281.2243093922734
55.944929752443144 -3.1876219627269764 WNW 55.945044557472855 -3.18789912658673 1817.5915377140045 2279.9743093922734
55.945044557472855 -3.18789912658673 W 55.945044557472855 -3.18819912658673 1817.5915377140045 2278.7243093922734
55.945044557472855 -3.18819912658673 W 55.945044557472855 -3.18849912658673 1817.5915377140045 2277.4743093922734
55.945044557472855 -3.18849912658673 WNW 55.945159362502565 -3.1887762904464836 1817.5915377140045 2276.2243093922734
55.945159362502565 -3.1887762904464836 W 55.945159362502565 -3.1890762904464838 1817.5915377140045 2274.9743093922734
55.945159362502565 -3.1890762904464838 W 55.945159362502565 -3.189376290446484 1817.5915377140045 2273.7243093922734
55.945159362502565 -3.189376290446484 W 55.945159362502565 -3.189676290446484 1817.5915377140045 2272.4743093922734
55.945159362502565 -3.189676290446484 WNW 55.945274167532276 -3.1899534543062376 1817.5915377140045 2271.2243093922734
55.945274167532276 -3.1899534543062376 W 55.945274167532276 -3.1902534543062377 1817.5915377140045 2269.9743093922734
55.945274167532276 -3.1902534543062377 W 55.945274167532276 -3.190553454306238 1817.5915377140045 2268.7243093922734
55.945274167532276 -3.190553454306238 W 55.945274167532276 -3.190853454306238 1817.5915377140045 2267.4743093922734
55.945274167532276 -3.190853454306238 W 55.945274167532276 -3.1911534543062383 1817.5915377140045 2266.2243093922734
55.945274167532276 -3.1911534543062383 W 55.945274167532276 -3.1914534543062385 1817.5915377140045 2264.9743093922734
55.945274167532276 -3.1914534543062385 W 55.945274167532276 -3.1917534543062387 1817.5915377140045 2263.7243093922734
55.945274167532276 -3.1917534543062387 W 55.945274167532276 -3.192053454306239 1817.5915377140045 2262.4743093922734
55.945274167532276 -3.192053454306239 W 55.945274167532276 -3.192353454306239 1854.1850283145905 2274.95347828418
55.945274167532276 -3.192353454306239 ESE 55.945159362502565 -3.1920762904464857 1854.1850283145905 2273.70347828418
55.945159362502565 -3.1920762904464857 WNW 55.945274167532276 -3.192353454306239 1854.1850283145905 2272.45347828418
55.945274167532276 -3.192353454306239 S 55.94497416753227 -3.192353454306239 1854.1850283145905 2271.20347828418
55.94497416753227 -3.192353454306239 SSW 55.944697003672516 -3.1924682593359486 1854.1850283145905 2269.95347828418
55.944697003672516 -3.1924682593359486 E 55.944697003672516 -3.1921682593359484 1854.1850283145905 2268.70347828418
55.944697003672516 -3.1921682593359484 ESE 55.944582198642806 -3.191891095476195 1854.1850283145905 2267.45347828418
55.944582198642806 -3.191891095476195 SW 55.94437006660845 -3.1921032275105508 1854.1850283145905 2266.20347828418
55.94437006660845 -3.1921032275105508 NW 55.944582198642806 -3.1923153595449065 1854.1850283145905 2264.95347828418
55.944582198642806 -3.1923153595449065 NNE 55.94485936250256 -3.192200554515197 1854.1850283145905 2263.70347828418
55.94485936250256 -3.192200554515197 NNW 55.94513652636232 -3.1923153595449065 1854.1850283145905 2262.45347828418
55.94513652636232 -3.1923153595449065 S 55.944836526362316 -3.1923153595449065 1854.1850283145905 2261.20347828418
55.944836526362316 -3.1923153595449065 SE 55.94462439432796 -3.1921032275105508 1854.1850283145905 2259.95347828418
55.94462439432796 -3.1921032275105508 SW 55.9444122622936 -3.1923153595449065 1854.1850283145905 2258.70347828418
55.9444122622936 -3.1923153595449065 SSW 55.94413509843385 -3.192430164574616 1854.1850283145905 2257.45347828418
55.94413509843385 -3.192430164574616 SSE 55.94385793457409 -3.1923153595449065 1854.1850283145905 2256.20347828418
55.94385793457409 -3.1923153595449065 NE 55.94407006660845 -3.1921032275105508 1854.1850283145905 2254.95347828418
55.94407006660845 -3.1921032275105508 NNE 55.9443472304682 -3.1919884224808412 1854.1850283145905 2253.70347828418
55.9443472304682 -3.1919884224808412 S 55.9440472304682 -3.1919884224808412 1854.1850283145905 2252.45347828418
55.9440472304682 -3.1919884224808412 NNE 55.94432439432796 -3.1918736174511317 1854.1850283145905 2251.20347828418
55.94432439432796 -3.1918736174511317 NW 55.94453652636231 -3.1920857494854875 1854.1850283145905 2249.95347828418
55.94453652636231 -3.1920857494854875 NNW 55.94481369022207 -3.192200554515197 1854.1850283145905 2248.70347828418
55.94481369022207 -3.192200554515197 N 55.94511369022207 -3.192200554515197 1854.1850283145905 2247.45347828418
55.94511369022207 -3.192200554515197 S 55.94481369022207 -3.192200554515197 1854.1850283145905 2246.20347828418
55.94481369022207 -3.192200554515197 S 55.94451369022207 -3.192200554515197 1854.1850283145905 2244.95347828418
55.94451369022207 -3.192200554515197 NE 55.94472582225642 -3.1919884224808412 1854.1850283145905 2243.70347828418
55.94472582225642 -3.1919884224808412 E 55.94472582225642 -3.191688422480841 1854.1850283145905 2242.45347828418
55.94472582225642 -3.191688422480841 W 55.94472582225642 -3.1919884224808412 1854.1850283145905 2241.20347828418
55.94472582225642 -3.1919884224808412 ESE 55.94461101722671 -3.191711258621088 1854.1850283145905 2239.95347828418
55.94461101722671 -3.191711258621088 E 55.94461101722671 -3.1914112586210877 1854.1850283145905 2238.70347828418
55.94461101722671 -3.1914112586210877 W 55.94461101722671 -3.191711258621088 1854.1850283145905 2237.45347828418
55.94461101722671 -3.191711258621088 SSE 55.944333853366956 -3.1915964535913783 1854.1850283145905 2236.20347828418
55.944333853366956 -3.1915964535913783 S 55.94403385336695 -3.1915964535913783 1854.1850283145905 2234.95347828418
55.94403385336695 -3.1915964535913783 NW 55.94424598540131 -3.191808585625734 1854.1850283145905 2233.70347828418
55.94424598540131 -3.191808585625734 NNE 55.944523149261066 -3.1916937805960246 1854.1850283145905 2232.45347828418
55.944523149261066 -3.1916937805960246 SE 55.94431101722671 -3.191481648561669 1854.1850283145905 2231.20347828418
55.94431101722671 -3.191481648561669 N 55.94461101722671 -3.191481648561669 1854.1850283145905 2229.95347828418
55.94461101722671 -3.191481648561669 NE 55.94482314926107 -3.191269516527313 1854.1850283145905 2228.70347828418
55.94482314926107 -3.191269516527313 N 55.94512314926107 -3.191269516527313 1854.1850283145905 2227.45347828418
55.94512314926107 -3.191269516527313 NW 55.94533528129543 -3.191481648561669 1854.1850283145905 2226.20347828418
55.94533528129543 -3.191481648561669 NW 55.945547413329784 -3.1916937805960246 1854.1850283145905 2224.95347828418
55.945547413329784 -3.1916937805960246 ENE 55.945662218359494 -3.191416616736271 1854.1850283145905 2223.70347828418
55.945662218359494 -3.191416616736271 W 55.945662218359494 -3.1917166167362714 1854.1850283145905 2222.45347828418
55.945662218359494 -3.1917166167362714 NE 55.94587435039385 -3.1915044847019156 1854.1850283145905 2221.20347828418
55.94587435039385 -3.1915044847019156 N 55.946174350393854 -3.1915044847019156 1854.1850283145905 2219.95347828418
55.946174350393854 -3.1915044847019156 S 55.94587435039385 -3.1915044847019156 1854.1850283145905 2218.70347828418
55.94587435039385 -3.1915044847019156 N 55.946174350393854 -3.1915044847019156 1854.1850283145905 2217.45347828418
55.946174350393854 -3.1915044847019156 SSE 55.9458971865341 -3.191389679672206 1854.1850283145905 2216.20347828418
55.9458971865341 -3.191389679672206 N 55.9461971865341 -3.191389679672206 1854.1850283145905 2214.95347828418
55.9461971865341 -3.191389679672206 ESE 55.94608238150439 -3.1911125158124527 1854.1850283145905 2213.70347828418
55.94608238150439 -3.1911125158124527 ESE 55.94596757647468 -3.1908353519526993 1854.1850283145905 2212.45347828418
55.94596757647468 -3.1908353519526993 SW 55.94575544444032 -3.191047483987055 1854.1850283145905 2211.20347828418
55.94575544444032 -3.191047483987055 ESE 55.94564063941061 -3.1907703201273017 1854.1850283145905 2209.95347828418
55.94564063941061 -3.1907703201273017 ESE 55.9455258343809 -3.1904931562675483 1854.1850283145905 2208.70347828418
55.9455258343809 -3.1904931562675483 N 55.945825834380905 -3.1904931562675483 1854.1850283145905 2207.45347828418
55.945825834380905 -3.1904931562675483 S 55.9455258343809 -3.1904931562675483 1854.1850283145905 2206.20347828418
55.9455258343809 -3.1904931562675483 ESE 55.94541102935119 -3.190215992407795 1854.1850283145905 2204.95347828418
55.94541102935119 -3.190215992407795 W 55.94541102935119 -3.190515992407795 1854.1850283145905 2203.70347828418
55.94541102935119 -3.190515992407795 WSW 55.94529622432148 -3.1907931562675484 1854.1850283145905 2202.45347828418
55.94529622432148 -3.1907931562675484 SSW 55.945019060461725 -3.190907961297258 1854.1850283145905 2201.20347828418
55.945019060461725 -3.190907961297258 NW 55.94523119249608 -3.1911200933316137 1854.1850283145905 2199.95347828418
55.94523119249608 -3.1911200933316137 N 55.945531192496084 -3.1911200933316137 1854.1850283145905 2198.70347828418
55.945531192496084 -3.1911200933316137 ENE 55.945645997525794 -3.1908429294718603 1854.1850283145905 2197.45347828418
55.945645997525794 -3.1908429294718603 NNW 55.94592316138555 -3.19095773450157 1854.1850283145905 2196.20347828418
55.94592316138555 -3.19095773450157 NNE 55.94620032524531 -3.1908429294718603 1854.1850283145905 2194.95347828418
55.94620032524531 -3.1908429294718603 SSW 55.94592316138555 -3.19095773450157 1854.1850283145905 2193.70347828418
55.94592316138555 -3.19095773450157 NW 55.94613529341991 -3.1911698665359256 1854.1850283145905 2192.45347828418
55.94613529341991 -3.1911698665359256 WSW 55.9460204883902 -3.191447030395679 1854.1850283145905 2191.20347828418
55.9460204883902 -3.191447030395679 ESE 55.945905683360486 -3.1911698665359256 1854.1850283145905 2189.95347828418
55.945905683360486 -3.1911698665359256 ESE 55.945790878330776 -3.190892702676172 1854.1850283145905 2188.70347828418
55.945790878330776 -3.190892702676172 NW 55.94600301036513 -3.191104834710528 1854.1850283145905 2187.45347828418
55.94600301036513 -3.191104834710528 WSW 55.94588820533542 -3.1913819985702814 1854.1850283145905 2186.20347828418
55.94588820533542 -3.1913819985702814 SSW 55.945611041475665 -3.191496803599991 1854.1850283145905 2184.95347828418
55.945611041475665 -3.191496803599991 N 55.94591104147567 -3.191496803599991 1854.1850283145905 2183.70347828418
55.94591104147567 -3.191496803599991 SSW 55.94563387761591 -3.1916116086297004 1854.1850283145905 2182.45347828418
55.94563387761591 -3.1916116086297004 W 55.94563387761591 -3.1919116086297006 1854.1850283145905 2181.20347828418
55.94563387761591 -3.1919116086297006 SE 55.945421745581555 -3.191699476595345 1854.1850283145905 2179.95347828418
55.945421745581555 -3.191699476595345 SW 55.9452096135472 -3.1919116086297006 1854.1850283145905 2178.70347828418
55.9452096135472 -3.1919116086297006 N 55.9455096135472 -3.1919116086297006 1854.1850283145905 2177.45347828418
55.9455096135472 -3.1919116086297006 SSE 55.945232449687445 -3.191796803599991 1854.1850283145905 2176.20347828418
55.945232449687445 -3.191796803599991 WNW 55.945347254717156 -3.1920739674597445 1854.1850283145905 2174.95347828418
55.945347254717156 -3.1920739674597445 WSW 55.945232449687445 -3.192351131319498 1854.1850283145905 2173.70347828418
55.945232449687445 -3.192351131319498 NNW 55.9455096135472 -3.1924659363492074 1854.1850283145905 2172.45347828418
55.9455096135472 -3.1924659363492074 NNE 55.94578677740696 -3.192351131319498 1854.1850283145905 2171.20347828418
55.94578677740696 -3.192351131319498 NNW 55.946063941266715 -3.1924659363492074 1854.1850283145905 2169.95347828418
55.946063941266715 -3.1924659363492074 SSE 55.94578677740696 -3.192351131319498 1854.1850283145905 2168.70347828418
55.94578677740696 -3.192351131319498 NNW 55.946063941266715 -3.1924659363492074 1854.1850283145905 2167.45347828418
55.946063941266715 -3.1924659363492074 S 55.94576394126671 -3.1924659363492074 1854.1850283145905 2166.20347828418
55.94576394126671 -3.1924659363492074 E 55.94576394126671 -3.192165936349207 1854.1850283145905 2164.95347828418
55.94576394126671 -3.192165936349207 SE 55.945551809232356 -3.1919538043148514 1854.1850283145905 2163.70347828418
55.945551809232356 -3.1919538043148514 SE 55.945339677198 -3.1917416722804957 1854.1850283145905 2162.45347828418
55.945339677198 -3.1917416722804957 WSW 55.94522487216829 -3.192018836140249 1854.1850283145905 2161.20347828418
55.94522487216829 -3.192018836140249 W 55.94522487216829 -3.1923188361402492 1854.1850283145905 2159.95347828418
55.94522487216829 -3.1923188361402492 E 55.94522487216829 -3.192018836140249 1854.1850283145905 2158.70347828418
55.94522487216829 -3.192018836140249 N 55.94552487216829 -3.192018836140249 1854.1850283145905 2157.45347828418
55.94552487216829 -3.192018836140249 SSW 55.945247708308536 -3.1921336411699586 1854.1850283145905 2156.20347828418
55.945247708308536 -3.1921336411699586 NE 55.94545984034289 -3.191921509135603 1854.1850283145905 2154.95347828418
55.94545984034289 -3.191921509135603 ENE 55.9455746453726 -3.1916443452758494 1854.1850283145905 2153.70347828418
55.9455746453726 -3.1916443452758494 S 55.9452746453726 -3.1916443452758494 1854.1850283145905 2152.45347828418
55.9452746453726 -3.1916443452758494 ESE 55.94515984034289 -3.191367181416096 1854.1850283145905 2151.20347828418
55.94515984034289 -3.191367181416096 W 55.94515984034289 -3.191667181416096 1854.1850283145905 2149.95347828418
55.94515984034289 -3.191667181416096 NNW 55.945437004202645 -3.1917819864458057 1854.1850283145905 2148.70347828418
55.945437004202645 -3.1917819864458057 WSW 55.945322199172935 -3.192059150305559 1854.1850283145905 2147.45347828418
55.945322199172935 -3.192059150305559 S 55.94502219917293 -3.192059150305559 1854.1850283145905 2146.20347828418
55.94502219917293 -3.192059150305559 NE 55.94523433120729 -3.1918470182712033 1854.1850283145905 2144.95347828418
55.94523433120729 -3.1918470182712033 SW 55.94502219917293 -3.192059150305559 1854.1850283145905 2143.70347828418
55.94502219917293 -3.192059150305559 W 55.94502219917293 -3.1923591503055593 1854.1850283145905 2142.45347828418
55.94502219917293 -3.1923591503055593 N 55.945322199172935 -3.1923591503055593 1854.1850283145905 2141.20347828418
55.945322199172935 -3.1923591503055593 SSE 55.94504503531318 -3.1922443452758498 1854.1850283145905 2139.95347828418
55.94504503531318 -3.1922443452758498 NE 55.945257167347535 -3.192032213241494 1854.1850283145905 2138.70347828418
55.945257167347535 -3.192032213241494 E 55.945257167347535 -3.191732213241494 1854.1850283145905 2137.45347828418
55.945257167347535 -3.191732213241494 SE 55.94504503531318 -3.191520081207138 1854.1850283145905 2136.20347828418
55.94504503531318 -3.191520081207138 E 55.94504503531318 -3.191220081207138 1854.1850283145905 2134.95347828418
55.94504503531318 -3.191220081207138 WNW 55.94515984034289 -3.1914972450668913 1854.1850283145905 2133.70347828418
55.94515984034289 -3.1914972450668913 E 55.94515984034289 -3.191197245066891 1854.1850283145905 2132.45347828418
55.94515984034289 -3.191197245066891 SSE 55.94488267648313 -3.1910824400371816 1854.1850283145905 2131.20347828418
55.94488267648313 -3.1910824400371816 SSW 55.944605512623376 -3.191197245066891 1854.1850283145905 2129.95347828418
55.944605512623376 -3.191197245066891 SSE 55.94432834876362 -3.1910824400371816 1854.1850283145905 2128.70347828418
55.94432834876362 -3.1910824400371816 SSW 55.94405118490386 -3.191197245066891 1854.1850283145905 2127.45347828418
55.94405118490386 -3.191197245066891 SW 55.94383905286951 -3.191409377101247 1854.1850283145905 2126.20347828418
55.94383905286951 -3.191409377101247 SE 55.94362692083515 -3.191197245066891 1854.1850283145905 2124.95347828418
55.94362692083515 -3.191197245066891 SE 55.943414788800794 -3.1909851130325353 1854.1850283145905 2123.70347828418
55.943414788800794 -3.1909851130325353 SSW 55.94313762494104 -3.191099918062245 1854.1850283145905 2122.45347828418
55.94313762494104 -3.191099918062245 NW 55.943349756975394 -3.1913120500966006 1854.1850283145905 2121.20347828418
55.943349756975394 -3.1913120500966006 SE 55.94313762494104 -3.191099918062245 1854.1850283145905 2119.95347828418
55.94313762494104 -3.191099918062245 WNW 55.94325242997075 -3.191377081921998 1854.1850283145905 2118.70347828418
55.94325242997075 -3.191377081921998 E 55.94325242997075 -3.191077081921998 1854.1850283145905 2117.45347828418
55.94325242997075 -3.191077081921998 ESE 55.94313762494104 -3.1907999180622446 1854.1850283145905 2116.20347828418
55.94313762494104 -3.1907999180622446 ESE 55.94302281991133 -3.190522754202491 1854.1850283145905 2114.95347828418
55.94302281991133 -3.190522754202491 SSW 55.94274565605157 -3.1906375592322007 1854.1850283145905 2113.70347828418
55.94274565605157 -3.1906375592322007 WSW 55.94263085102186 -3.190914723091954 1854.1850283145905 2112.45347828418
55.94263085102186 -3.190914723091954 ENE 55.94274565605157 -3.1906375592322007 1854.1850283145905 2111.20347828418
55.94274565605157 -3.1906375592322007 NNE 55.94302281991133 -3.190522754202491 1854.1850283145905 2109.95347828418
55.94302281991133 -3.190522754202491 N 55.94332281991133 -3.190522754202491 1854.1850283145905 2108.70347828418
55.94332281991133 -3.190522754202491 SSE 55.943045656051574 -3.1904079491727817 1854.1850283145905 2107.45347828418
55.943045656051574 -3.1904079491727817 NNE 55.94332281991133 -3.190293144143072 1854.1850283145905 2106.20347828418
55.94332281991133 -3.190293144143072 ENE 55.94343762494104 -3.190015980283319 1854.1850283145905 2104.95347828418
55.94343762494104 -3.190015980283319 W 55.94343762494104 -3.190315980283319 1854.1850283145905 2103.70347828418
55.94343762494104 -3.190315980283319 SW 55.943225492906684 -3.1905281123176747 1854.1850283145905 2102.45347828418
55.943225492906684 -3.1905281123176747 NE 55.94343762494104 -3.190315980283319 1854.1850283145905 2101.20347828418
55.94343762494104 -3.190315980283319 SSE 55.943160461081284 -3.1902011752536095 1854.1850283145905 2099.95347828418
55.943160461081284 -3.1902011752536095 S 55.94286046108128 -3.1902011752536095 1854.1850283145905 2098.70347828418
55.94286046108128 -3.1902011752536095 ESE 55.94274565605157 -3.189924011393856 1854.1850283145905 2097.45347828418
55.94274565605157 -3.189924011393856 ENE 55.94286046108128 -3.1896468475341027 1854.1850283145905 2096.20347828418
55.94286046108128 -3.1896468475341027 ESE 55.94274565605157 -3.1893696836743493 1854.1850283145905 2094.95347828418
55.94274565605157 -3.1893696836743493 WNW 55.94286046108128 -3.1896468475341027 1854.1850283145905 2093.70347828418
55.94286046108128 -3.1896468475341027 SW 55.942648329046925 -3.1898589795684584 1854.1850283145905 2092.45347828418
55.942648329046925 -3.1898589795684584 NW 55.94286046108128 -3.190071111602814 1854.1850283145905 2091.20347828418
55.94286046108128 -3.190071111602814 NW 55.94307259311564 -3.19028324363717 1854.1850283145905 2089.95347828418
55.94307259311564 -3.19028324363717 WNW 55.94318739814535 -3.1905604074969234 1854.1850283145905 2088.70347828418
55.94318739814535 -3.1905604074969234 W 55.94318739814535 -3.1908604074969236 1854.1850283145905 2087.45347828418
55.94318739814535 -3.1908604074969236 ENE 55.94330220317506 -3.19058324363717 1854.1850283145905 2086.20347828418
55.94330220317506 -3.19058324363717 E 55.94330220317506 -3.19028324363717 1854.1850283145905 2084.95347828418
55.94330220317506 -3.19028324363717 S 55.943002203175055 -3.19028324363717 1854.1850283145905 2083.70347828418
55.943002203175055 -3.19028324363717 SE 55.9427900711407 -3.190071111602814 1854.1850283145905 2082.45347828418
55.9427900711407 -3.190071111602814 NE 55.943002203175055 -3.1898589795684584 1854.1850283145905 2081.20347828418
55.943002203175055 -3.1898589795684584 WNW 55.943117008204766 -3.190136143428212 1854.1850283145905 2079.95347828418
55.943117008204766 -3.190136143428212 N 55.94341700820477 -3.190136143428212 1854.1850283145905 2078.70347828418
