55.944425 -3.188396 S 55.944125 -3.188396 0.0 248.75
55.944125 -3.188396 N 55.944425 -3.188396 0.0 247.5
55.944425 -3.188396 E 55.944425 -3.188096 0.0 246.25
55.944425 -3.188096 W 55.944425 -3.188396 0.0 245.0
55.944425 -3.188396 E 55.944425 -3.188096 0.0 243.75
55.944425 -3.188096 NW 55.94463713203436 -3.1883081320343556 0.0 242.5
55.94463713203436 -3.1883081320343556 SE 55.944425 -3.188096 0.0 241.25
55.944425 -3.188096 NW 55.94463713203436 -3.1883081320343556 0.0 240.0
55.94463713203436 -3.1883081320343556 ENE 55.94475193706407 -3.188030968174602 0.0 238.75
55.94475193706407 -3.188030968174602 WSW 55.94463713203436 -3.1883081320343556 0.0 237.5
55.94463713203436 -3.1883081320343556 SE 55.944425 -3.188096 0.0 236.25
55.944425 -3.188096 NW 55.94463713203436 -3.1883081320343556 0.0 235.0
55.94463713203436 -3.1883081320343556 NNW 55.944914295894115 -3.188422937064065 0.0 233.75
55.944914295894115 -3.188422937064065 S 55.94461429589411 -3.188422937064065 0.0 232.5
55.94461429589411 -3.188422937064065 NNW 55.94489145975387 -3.1885377420937746 0.0 231.25
55.94489145975387 -3.1885377420937746 S 55.944591459753866 -3.1885377420937746 0.0 230.0
55.944591459753866 -3.1885377420937746 N 55.94489145975387 -3.1885377420937746 0.0 228.75
55.94489145975387 -3.1885377420937746 SSW 55.94461429589411 -3.188652547123484 0.0 227.5
55.94461429589411 -3.188652547123484 ENE 55.94472910092382 -3.1883753832637307 0.0 226.25
55.94472910092382 -3.1883753832637307 WSW 55.94461429589411 -3.188652547123484 0.0 225.0
55.94461429589411 -3.188652547123484 SE 55.944402163859756 -3.1884404150891283 0.0 223.75
55.944402163859756 -3.1884404150891283 NW 55.94461429589411 -3.188652547123484 0.0 222.5
55.94461429589411 -3.188652547123484 E 55.94461429589411 -3.188352547123484 0.0 221.25
55.94461429589411 -3.188352547123484 WSW 55.9444994908644 -3.1886297109832373 0.0 220.0
55.9444994908644 -3.1886297109832373 ENE 55.94461429589411 -3.188352547123484 0.0 218.75
55.94461429589411 -3.188352547123484 WSW 55.9444994908644 -3.1886297109832373 0.0 217.5
55.9444994908644 -3.1886297109832373 WSW 55.94438468583469 -3.1889068748429907 0.0 216.25
55.94438468583469 -3.1889068748429907 ENE 55.9444994908644 -3.1886297109832373 0.0 215.0
55.9444994908644 -3.1886297109832373 NE 55.94471162289876 -3.1884175789488816 0.0 213.75
55.94471162289876 -3.1884175789488816 SW 55.9444994908644 -3.1886297109832373 0.0 212.5
55.9444994908644 -3.1886297109832373 S 55.9441994908644 -3.1886297109832373 0.0 211.25
55.9441994908644 -3.1886297109832373 N 55.9444994908644 -3.1886297109832373 0.0 210.0
55.9444994908644 -3.1886297109832373 SSW 55.944222327004645 -3.188744516012947 0.0 208.75
55.944222327004645 -3.188744516012947 NNE 55.9444994908644 -3.1886297109832373 0.0 207.5
55.9444994908644 -3.1886297109832373 WSW 55.94438468583469 -3.1889068748429907 0.0 206.25
55.94438468583469 -3.1889068748429907 ENE 55.9444994908644 -3.1886297109832373 0.0 205.0
55.9444994908644 -3.1886297109832373 W 55.9444994908644 -3.1889297109832375 0.0 203.75
55.9444994908644 -3.1889297109832375 E 55.9444994908644 -3.1886297109832373 0.0 202.5
55.9444994908644 -3.1886297109832373 WSW 55.94438468583469 -3.1889068748429907 0.0 201.25
55.94438468583469 -3.1889068748429907 ENE 55.9444994908644 -3.1886297109832373 0.0 200.0
55.9444994908644 -3.1886297109832373 NW 55.94471162289876 -3.188841843017593 0.0 198.75
55.94471162289876 -3.188841843017593 S 55.944411622898755 -3.188841843017593 0.0 197.5
55.944411622898755 -3.188841843017593 N 55.94471162289876 -3.188841843017593 0.0 196.25
55.94471162289876 -3.188841843017593 NNE 55.944988786758515 -3.1887270379878836 0.0 195.0
55.944988786758515 -3.1887270379878836 SSW 55.94471162289876 -3.188841843017593 0.0 193.75
55.94471162289876 -3.188841843017593 WSW 55.94459681786905 -3.1891190068773465 90.14225006103516 227.5514373779297
55.94459681786905 -3.1891190068773465 ENE 55.94471162289876 -3.188841843017593 90.14225006103516 226.3014373779297
55.94471162289876 -3.188841843017593 WNW 55.94482642792847 -3.1891190068773465 90.14225006103516 225.0514373779297
55.94482642792847 -3.1891190068773465 ESE 55.94471162289876 -3.188841843017593 90.14225006103516 223.8014373779297
55.94471162289876 -3.188841843017593 S 55.944411622898755 -3.188841843017593 90.14225006103516 222.5514373779297
55.944411622898755 -3.188841843017593 N 55.94471162289876 -3.188841843017593 90.14225006103516 221.3014373779297
55.94471162289876 -3.188841843017593 S 55.944411622898755 -3.188841843017593 90.14225006103516 220.0514373779297
55.944411622898755 -3.188841843017593 WNW 55.944526427928466 -3.1891190068773465 90.14225006103516 218.8014373779297
55.944526427928466 -3.1891190068773465 ESE 55.944411622898755 -3.188841843017593 90.14225006103516 217.5514373779297
55.944411622898755 -3.188841843017593 SW 55.9441994908644 -3.189053975051949 90.14225006103516 216.3014373779297
55.9441994908644 -3.189053975051949 NE 55.944411622898755 -3.188841843017593 90.14225006103516 215.0514373779297
55.944411622898755 -3.188841843017593 SSE 55.944134459039 -3.1887270379878836 90.14225006103516 213.8014373779297
55.944134459039 -3.1887270379878836 NNW 55.944411622898755 -3.188841843017593 90.14225006103516 212.5514373779297
55.944411622898755 -3.188841843017593 W 55.944411622898755 -3.1891418430175933 90.14225006103516 211.3014373779297
55.944411622898755 -3.1891418430175933 SE 55.9441994908644 -3.1889297109832375 90.14225006103516 210.0514373779297
55.9441994908644 -3.1889297109832375 NW 55.944411622898755 -3.1891418430175933 90.14225006103516 208.8014373779297
55.944411622898755 -3.1891418430175933 SSE 55.944134459039 -3.189027037987884 90.14225006103516 207.5514373779297
55.944134459039 -3.189027037987884 WNW 55.94424926406871 -3.189304201847637 90.14225006103516 206.3014373779297
55.94424926406871 -3.189304201847637 SE 55.94403713203435 -3.1890920698132814 90.14225006103516 205.0514373779297
55.94403713203435 -3.1890920698132814 NW 55.94424926406871 -3.189304201847637 90.14225006103516 203.8014373779297
55.94424926406871 -3.189304201847637 SSW 55.94397210020895 -3.1894190068773467 90.14225006103516 202.5514373779297
55.94397210020895 -3.1894190068773467 NNE 55.94424926406871 -3.189304201847637 90.14225006103516 201.3014373779297
55.94424926406871 -3.189304201847637 WSW 55.944134459039 -3.1895813657073906 90.14225006103516 200.0514373779297
55.944134459039 -3.1895813657073906 E 55.944134459039 -3.1892813657073904 90.14225006103516 198.8014373779297
55.944134459039 -3.1892813657073904 SW 55.94392232700464 -3.189493497741746 90.14225006103516 197.5514373779297
55.94392232700464 -3.189493497741746 NE 55.944134459039 -3.1892813657073904 90.14225006103516 196.3014373779297
55.944134459039 -3.1892813657073904 SSE 55.94385729517924 -3.189166560677681 90.14225006103516 195.0514373779297
55.94385729517924 -3.189166560677681 NNW 55.944134459039 -3.1892813657073904 90.14225006103516 193.8014373779297
55.944134459039 -3.1892813657073904 ESE 55.94401965400929 -3.189004201847637 90.14225006103516 192.5514373779297
55.94401965400929 -3.189004201847637 WNW 55.944134459039 -3.1892813657073904 90.14225006103516 191.3014373779297
55.944134459039 -3.1892813657073904 ESE 55.94401965400929 -3.189004201847637 90.14225006103516 190.0514373779297
55.94401965400929 -3.189004201847637 ENE 55.944134459039 -3.1887270379878836 90.14225006103516 188.8014373779297
55.944134459039 -3.1887270379878836 WSW 55.94401965400929 -3.189004201847637 90.14225006103516 187.5514373779297
55.94401965400929 -3.189004201847637 E 55.94401965400929 -3.188704201847637 90.14225006103516 186.3014373779297
55.94401965400929 -3.188704201847637 W 55.94401965400929 -3.189004201847637 90.14225006103516 185.0514373779297
55.94401965400929 -3.189004201847637 ENE 55.944134459039 -3.1887270379878836 90.14225006103516 183.8014373779297
55.944134459039 -3.1887270379878836 S 55.943834459038996 -3.1887270379878836 90.14225006103516 182.5514373779297
55.943834459038996 -3.1887270379878836 NNW 55.94411162289875 -3.188841843017593 90.14225006103516 181.3014373779297
55.94411162289875 -3.188841843017593 SSE 55.943834459038996 -3.1887270379878836 90.14225006103516 180.0514373779297
55.943834459038996 -3.1887270379878836 NE 55.94404659107335 -3.188514905953528 120.24380493164062 200.95770645141602
55.94404659107335 -3.188514905953528 SW 55.943834459038996 -3.1887270379878836 120.24380493164062 199.70770645141602
55.943834459038996 -3.1887270379878836 NW 55.94404659107335 -3.1889391700222394 120.24380493164062 198.45770645141602
55.94404659107335 -3.1889391700222394 SE 55.943834459038996 -3.1887270379878836 120.24380493164062 197.20770645141602
55.943834459038996 -3.1887270379878836 SSE 55.94355729517924 -3.188612232958174 120.24380493164062 195.95770645141602
55.94355729517924 -3.188612232958174 NNW 55.943834459038996 -3.1887270379878836 120.24380493164062 194.70770645141602
55.943834459038996 -3.1887270379878836 S 55.94353445903899 -3.1887270379878836 120.24380493164062 193.45770645141602
55.94353445903899 -3.1887270379878836 N 55.943834459038996 -3.1887270379878836 120.24380493164062 192.20770645141602
55.943834459038996 -3.1887270379878836 SE 55.94362232700464 -3.188514905953528 120.24380493164062 190.95770645141602
55.94362232700464 -3.188514905953528 WNW 55.94373713203435 -3.1887920698132812 120.24380493164062 189.70770645141602
55.94373713203435 -3.1887920698132812 ESE 55.94362232700464 -3.188514905953528 120.24380493164062 188.45770645141602
55.94362232700464 -3.188514905953528 NNE 55.943899490864396 -3.1884001009238183 240.4697036743164 205.38189888000488
55.943899490864396 -3.1884001009238183 SSW 55.94362232700464 -3.188514905953528 240.4697036743164 204.13189888000488
55.94362232700464 -3.188514905953528 E 55.94362232700464 -3.1882149059535276 240.4697036743164 202.88189888000488
55.94362232700464 -3.1882149059535276 WSW 55.94350752197493 -3.188492069813281 240.4697036743164 201.63189888000488
55.94350752197493 -3.188492069813281 SSE 55.94323035811517 -3.1883772647835715 346.0220413208008 227.81982421875
55.94323035811517 -3.1883772647835715 NNW 55.94350752197493 -3.188492069813281 346.0220413208008 226.56982421875
55.94350752197493 -3.188492069813281 SSW 55.94323035811517 -3.1886068748429905 346.0220413208008 225.31982421875
55.94323035811517 -3.1886068748429905 NNE 55.94350752197493 -3.188492069813281 346.0220413208008 224.06982421875
55.94350752197493 -3.188492069813281 SW 55.94329538994057 -3.188704201847637 346.0220413208008 222.81982421875
55.94329538994057 -3.188704201847637 NNE 55.94357255380033 -3.1885893968179273 346.0220413208008 221.56982421875
55.94357255380033 -3.1885893968179273 SSW 55.94329538994057 -3.188704201847637 346.0220413208008 220.31982421875
55.94329538994057 -3.188704201847637 N 55.943595389940576 -3.188704201847637 346.0220413208008 219.06982421875
55.943595389940576 -3.188704201847637 SSW 55.94331822608082 -3.1888190068773463 346.0220413208008 217.81982421875
55.94331822608082 -3.1888190068773463 NNE 55.943595389940576 -3.188704201847637 346.0220413208008 216.56982421875
55.943595389940576 -3.188704201847637 SW 55.94338325790622 -3.1889163338819926 346.0220413208008 215.31982421875
55.94338325790622 -3.1889163338819926 NE 55.943595389940576 -3.188704201847637 346.0220413208008 214.06982421875
55.943595389940576 -3.188704201847637 WNW 55.943710194970286 -3.18898136570739 346.0220413208008 212.81982421875
55.943710194970286 -3.18898136570739 ESE 55.943595389940576 -3.188704201847637 346.0220413208008 211.56982421875
55.943595389940576 -3.188704201847637 SSE 55.94331822608082 -3.1885893968179273 346.0220413208008 210.31982421875
55.94331822608082 -3.1885893968179273 NNW 55.943595389940576 -3.188704201847637 346.0220413208008 209.06982421875
55.943595389940576 -3.188704201847637 NW 55.94380752197493 -3.1889163338819926 346.0220413208008 207.81982421875
55.94380752197493 -3.1889163338819926 ENE 55.94392232700464 -3.188639170022239 346.0220413208008 206.56982421875
55.94392232700464 -3.188639170022239 W 55.94392232700464 -3.1889391700222394 346.0220413208008 205.31982421875
55.94392232700464 -3.1889391700222394 NE 55.944134459039 -3.1887270379878836 346.0220413208008 204.06982421875
55.944134459039 -3.1887270379878836 SW 55.94392232700464 -3.1889391700222394 346.0220413208008 202.81982421875
55.94392232700464 -3.1889391700222394 WSW 55.94380752197493 -3.1892163338819928 346.0220413208008 201.56982421875
55.94380752197493 -3.1892163338819928 ENE 55.94392232700464 -3.1889391700222394 346.0220413208008 200.31982421875
55.94392232700464 -3.1889391700222394 WSW 55.94380752197493 -3.1892163338819928 346.0220413208008 199.06982421875
55.94380752197493 -3.1892163338819928 NE 55.94401965400929 -3.189004201847637 346.0220413208008 197.81982421875
55.94401965400929 -3.189004201847637 SW 55.94380752197493 -3.1892163338819928 346.0220413208008 196.56982421875
55.94380752197493 -3.1892163338819928 NNE 55.94408468583469 -3.1891015288522833 346.0220413208008 195.31982421875
55.94408468583469 -3.1891015288522833 WSW 55.94396988080498 -3.1893786927120367 346.0220413208008 194.06982421875
55.94396988080498 -3.1893786927120367 W 55.94396988080498 -3.189678692712037 346.0220413208008 192.81982421875
55.94396988080498 -3.189678692712037 E 55.94396988080498 -3.1893786927120367 346.0220413208008 191.56982421875
55.94396988080498 -3.1893786927120367 S 55.943669880804975 -3.1893786927120367 405.2602119445801 304.41214752197266
55.943669880804975 -3.1893786927120367 NNW 55.94394704466473 -3.189493497741746 405.2602119445801 303.16214752197266
55.94394704466473 -3.189493497741746 SSE 55.943669880804975 -3.1893786927120367 405.2602119445801 301.91214752197266
55.943669880804975 -3.1893786927120367 N 55.94396988080498 -3.1893786927120367 405.2602119445801 300.66214752197266
55.94396988080498 -3.1893786927120367 S 55.943669880804975 -3.1893786927120367 405.2602119445801 299.41214752197266
55.943669880804975 -3.1893786927120367 N 55.94396988080498 -3.1893786927120367 405.2602119445801 298.16214752197266
55.94396988080498 -3.1893786927120367 S 55.943669880804975 -3.1893786927120367 405.2602119445801 296.91214752197266
55.943669880804975 -3.1893786927120367 SSW 55.94339271694522 -3.189493497741746 518.9865760803223 414.6825942993164
55.94339271694522 -3.189493497741746 NNE 55.943669880804975 -3.1893786927120367 518.9865760803223 413.4325942993164
55.943669880804975 -3.1893786927120367 SE 55.94345774877062 -3.189166560677681 604.9712715148926 484.0116729736328
55.94345774877062 -3.189166560677681 NNW 55.943734912630376 -3.1892813657073904 686.5916862487793 607.0577774047852
55.943734912630376 -3.1892813657073904 E 55.943734912630376 -3.18898136570739 686.5916862487793 605.8077774047852
55.943734912630376 -3.18898136570739 W 55.943734912630376 -3.1892813657073904 686.5916862487793 604.5577774047852
55.943734912630376 -3.1892813657073904 E 55.943734912630376 -3.18898136570739 686.5916862487793 603.3077774047852
55.943734912630376 -3.18898136570739 W 55.943734912630376 -3.1892813657073904 686.5916862487793 602.0577774047852
55.943734912630376 -3.1892813657073904 SE 55.94352278059602 -3.1890692336730346 686.5916862487793 600.8077774047852
55.94352278059602 -3.1890692336730346 NNW 55.943799944455776 -3.189184038702744 686.5916862487793 599.5577774047852
55.943799944455776 -3.189184038702744 S 55.94349994445577 -3.189184038702744 686.5916862487793 598.3077774047852
55.94349994445577 -3.189184038702744 NNE 55.94377710831553 -3.1890692336730346 686.5916862487793 597.0577774047852
55.94377710831553 -3.1890692336730346 SSW 55.94349994445577 -3.189184038702744 686.5916862487793 595.8077774047852
55.94349994445577 -3.189184038702744 ESE 55.94338513942606 -3.1889068748429907 686.5916862487793 594.5577774047852
55.94338513942606 -3.1889068748429907 WNW 55.94349994445577 -3.189184038702744 686.5916862487793 593.3077774047852
55.94349994445577 -3.189184038702744 S 55.94319994445577 -3.189184038702744 686.5916862487793 592.0577774047852
55.94319994445577 -3.189184038702744 NNW 55.94347710831553 -3.1892988437324536 793.1602668762207 631.3407287597656
55.94347710831553 -3.1892988437324536 S 55.943177108315524 -3.1892988437324536 793.1602668762207 630.0907287597656
55.943177108315524 -3.1892988437324536 NNW 55.94345427217528 -3.189413648762163 793.1602668762207 628.8407287597656
55.94345427217528 -3.189413648762163 S 55.94315427217528 -3.189413648762163 793.1602668762207 627.5907287597656
55.94315427217528 -3.189413648762163 N 55.94345427217528 -3.189413648762163 793.1602668762207 626.3407287597656
55.94345427217528 -3.189413648762163 S 55.94315427217528 -3.189413648762163 793.1602668762207 625.0907287597656
55.94315427217528 -3.189413648762163 NNW 55.943431436035034 -3.1895284537918727 793.1602668762207 623.8407287597656
55.943431436035034 -3.1895284537918727 SSE 55.94315427217528 -3.189413648762163 793.1602668762207 622.5907287597656
55.94315427217528 -3.189413648762163 NNW 55.943431436035034 -3.1895284537918727 793.1602668762207 621.3407287597656
55.943431436035034 -3.1895284537918727 S 55.94313143603503 -3.1895284537918727 793.1602668762207 620.0907287597656
55.94313143603503 -3.1895284537918727 N 55.943431436035034 -3.1895284537918727 793.1602668762207 618.8407287597656
55.943431436035034 -3.1895284537918727 NE 55.94364356806939 -3.189316321757517 793.1602668762207 617.5907287597656
55.94364356806939 -3.189316321757517 SW 55.943431436035034 -3.1895284537918727 793.1602668762207 616.3407287597656
55.943431436035034 -3.1895284537918727 SW 55.94321930400068 -3.1897405858262284 793.1602668762207 615.0907287597656
55.94321930400068 -3.1897405858262284 NE 55.943431436035034 -3.1895284537918727 793.1602668762207 613.8407287597656
55.943431436035034 -3.1895284537918727 WSW 55.943316631005324 -3.189805617651626 793.1602668762207 612.5907287597656
55.943316631005324 -3.189805617651626 E 55.943316631005324 -3.189505617651626 878.515323638916 675.9437484741211
55.943316631005324 -3.189505617651626 W 55.943316631005324 -3.189805617651626 878.515323638916 674.6937484741211
55.943316631005324 -3.189805617651626 E 55.943316631005324 -3.189505617651626 878.515323638916 673.4437484741211
55.943316631005324 -3.189505617651626 WSW 55.94320182597561 -3.1897827815113793 878.515323638916 672.1937484741211
55.94320182597561 -3.1897827815113793 ENE 55.943316631005324 -3.189505617651626 878.515323638916 670.9437484741211
55.943316631005324 -3.189505617651626 WSW 55.94320182597561 -3.1897827815113793 878.515323638916 669.6937484741211
55.94320182597561 -3.1897827815113793 ESE 55.9430870209459 -3.189505617651626 908.6936931610107 771.001106262207
55.9430870209459 -3.189505617651626 W 55.9430870209459 -3.189805617651626 985.8834896087646 840.5553894042969
55.9430870209459 -3.189805617651626 NE 55.94329915298026 -3.1895934856172703 985.8834896087646 839.3053894042969
55.94329915298026 -3.1895934856172703 SW 55.9430870209459 -3.189805617651626 985.8834896087646 838.0553894042969
55.9430870209459 -3.189805617651626 NE 55.94329915298026 -3.1895934856172703 985.8834896087646 836.8053894042969
55.94329915298026 -3.1895934856172703 SW 55.9430870209459 -3.189805617651626 985.8834896087646 835.5553894042969
55.9430870209459 -3.189805617651626 NNE 55.94336418480566 -3.1896908126219166 985.8834896087646 834.3053894042969
55.94336418480566 -3.1896908126219166 SSW 55.9430870209459 -3.189805617651626 985.8834896087646 833.0553894042969
55.9430870209459 -3.189805617651626 N 55.943387020945906 -3.189805617651626 985.8834896087646 831.8053894042969
55.943387020945906 -3.189805617651626 S 55.9430870209459 -3.189805617651626 985.8834896087646 830.5553894042969
55.9430870209459 -3.189805617651626 SSW 55.94280985708615 -3.1899204226813356 985.8834896087646 829.3053894042969
55.94280985708615 -3.1899204226813356 NNE 55.9430870209459 -3.189805617651626 985.8834896087646 828.0553894042969
55.9430870209459 -3.189805617651626 N 55.943387020945906 -3.189805617651626 985.8834896087646 826.8053894042969
55.943387020945906 -3.189805617651626 S 55.9430870209459 -3.189805617651626 985.8834896087646 825.5553894042969
55.9430870209459 -3.189805617651626 W 55.9430870209459 -3.1901056176516263 985.8834896087646 824.3053894042969
55.9430870209459 -3.1901056176516263 E 55.9430870209459 -3.189805617651626 985.8834896087646 823.0553894042969
55.9430870209459 -3.189805617651626 NW 55.94329915298026 -3.190017749685982 985.8834896087646 821.8053894042969
55.94329915298026 -3.190017749685982 SSE 55.9430219891205 -3.1899029446562723 985.8834896087646 820.5553894042969
55.9430219891205 -3.1899029446562723 NNW 55.94329915298026 -3.190017749685982 985.8834896087646 819.3053894042969
55.94329915298026 -3.190017749685982 S 55.942999152980256 -3.190017749685982 985.8834896087646 818.0553894042969
55.942999152980256 -3.190017749685982 WNW 55.94311395800997 -3.1902949135457352 985.8834896087646 816.8053894042969
55.94311395800997 -3.1902949135457352 ESE 55.942999152980256 -3.190017749685982 985.8834896087646 815.5553894042969
55.942999152980256 -3.190017749685982 WNW 55.94311395800997 -3.1902949135457352 985.8834896087646 814.3053894042969
55.94311395800997 -3.1902949135457352 SE 55.94290182597561 -3.1900827815113795 1018.2185764312744 838.7086715698242
55.94290182597561 -3.1900827815113795 NW 55.94311395800997 -3.1902949135457352 1018.2185764312744 837.4586715698242
55.94311395800997 -3.1902949135457352 N 55.94341395800997 -3.1902949135457352 1018.2185764312744 836.2086715698242
55.94341395800997 -3.1902949135457352 SSE 55.94313679415021 -3.1901801085160257 1018.2185764312744 834.9586715698242
55.94313679415021 -3.1901801085160257 NW 55.94334892618457 -3.1903922405503815 1018.2185764312744 833.7086715698242
55.94334892618457 -3.1903922405503815 SE 55.94313679415021 -3.1901801085160257 1018.2185764312744 832.4586715698242
55.94313679415021 -3.1901801085160257 WNW 55.94325159917992 -3.190457272375779 1041.9482612609863 863.307559967041
55.94325159917992 -3.190457272375779 ESE 55.94313679415021 -3.1901801085160257 1041.9482612609863 862.057559967041
55.94313679415021 -3.1901801085160257 NW 55.94334892618457 -3.1903922405503815 1041.9482612609863 860.807559967041
55.94334892618457 -3.1903922405503815 SE 55.94313679415021 -3.1901801085160257 1041.9482612609863 859.557559967041
55.94313679415021 -3.1901801085160257 NNW 55.94341395800997 -3.1902949135457352 1041.9482612609863 858.307559967041
55.94341395800997 -3.1902949135457352 SSE 55.94313679415021 -3.1901801085160257 1041.9482612609863 857.057559967041
55.94313679415021 -3.1901801085160257 N 55.943436794150216 -3.1901801085160257 1055.389494895935 946.3261070251465
55.943436794150216 -3.1901801085160257 S 55.94313679415021 -3.1901801085160257 1055.389494895935 945.0761070251465
55.94313679415021 -3.1901801085160257 NNE 55.94341395800997 -3.1900653034863162 1055.389494895935 943.8261070251465
55.94341395800997 -3.1900653034863162 NNE 55.943691121869726 -3.1899504984566067 1055.389494895935 942.5761070251465
55.943691121869726 -3.1899504984566067 S 55.94339112186972 -3.1899504984566067 1055.389494895935 941.3261070251465
55.94339112186972 -3.1899504984566067 N 55.943691121869726 -3.1899504984566067 1055.389494895935 940.0761070251465
55.943691121869726 -3.1899504984566067 S 55.94339112186972 -3.1899504984566067 1055.389494895935 938.8261070251465
55.94339112186972 -3.1899504984566067 NNE 55.94366828572948 -3.189835693426897 1055.389494895935 937.5761070251465
55.94366828572948 -3.189835693426897 WSW 55.94355348069977 -3.1901128572866506 1055.389494895935 936.3261070251465
55.94355348069977 -3.1901128572866506 ENE 55.94366828572948 -3.189835693426897 1055.389494895935 935.0761070251465
55.94366828572948 -3.189835693426897 W 55.94366828572948 -3.1901356934268974 1055.389494895935 933.8261070251465
55.94366828572948 -3.1901356934268974 ENE 55.94378309075919 -3.189858529567144 1055.389494895935 932.5761070251465
55.94378309075919 -3.189858529567144 SE 55.943570958724834 -3.1896463975327882 1055.389494895935 931.3261070251465
55.943570958724834 -3.1896463975327882 NW 55.94378309075919 -3.189858529567144 1055.389494895935 930.0761070251465
55.94378309075919 -3.189858529567144 ENE 55.9438978957889 -3.1895813657073906 1055.389494895935 928.8261070251465
55.9438978957889 -3.1895813657073906 WSW 55.94378309075919 -3.189858529567144 1055.389494895935 927.5761070251465
55.94378309075919 -3.189858529567144 ENE 55.9438978957889 -3.1895813657073906 1055.389494895935 926.3261070251465
55.9438978957889 -3.1895813657073906 W 55.9438978957889 -3.189881365707391 1055.389494895935 925.0761070251465
55.9438978957889 -3.189881365707391 SE 55.943685763754544 -3.189669233673035 1055.389494895935 923.8261070251465
55.943685763754544 -3.189669233673035 NW 55.9438978957889 -3.189881365707391 1055.389494895935 922.5761070251465
55.9438978957889 -3.189881365707391 NE 55.94411002782326 -3.189669233673035 1055.389494895935 921.3261070251465
55.94411002782326 -3.189669233673035 SW 55.9438978957889 -3.189881365707391 1055.389494895935 920.0761070251465
55.9438978957889 -3.189881365707391 NNE 55.94417505964866 -3.1897665606776813 1055.389494895935 918.8261070251465
55.94417505964866 -3.1897665606776813 SSW 55.9438978957889 -3.189881365707391 1055.389494895935 917.5761070251465
55.9438978957889 -3.189881365707391 NNW 55.94417505964866 -3.1899961707371003 1177.3439779281616 940.3997478485107
55.94417505964866 -3.1899961707371003 SSE 55.9438978957889 -3.189881365707391 1177.3439779281616 939.1497478485107
55.9438978957889 -3.189881365707391 NNW 55.94417505964866 -3.1899961707371003 1177.3439779281616 937.8997478485107
55.94417505964866 -3.1899961707371003 SSE 55.9438978957889 -3.189881365707391 1177.3439779281616 936.6497478485107
55.9438978957889 -3.189881365707391 NNW 55.94417505964866 -3.1899961707371003 1177.3439779281616 935.3997478485107
55.94417505964866 -3.1899961707371003 S 55.943875059648654 -3.1899961707371003 1177.3439779281616 934.1497478485107
55.943875059648654 -3.1899961707371003 N 55.94417505964866 -3.1899961707371003 1177.3439779281616 932.8997478485107
55.94417505964866 -3.1899961707371003 SW 55.9439629276143 -3.190208302771456 1177.3439779281616 931.6497478485107
55.9439629276143 -3.190208302771456 N 55.944262927614304 -3.190208302771456 1177.3439779281616 930.3997478485107
55.944262927614304 -3.190208302771456 S 55.9439629276143 -3.190208302771456 1177.3439779281616 929.1497478485107
55.9439629276143 -3.190208302771456 SE 55.943750795579945 -3.1899961707371003 1177.3439779281616 927.8997478485107
55.943750795579945 -3.1899961707371003 NNW 55.9440279594397 -3.19011097576681 1177.3439779281616 926.6497478485107
55.9440279594397 -3.19011097576681 SE 55.943815827405345 -3.189898843732454 1177.3439779281616 925.3997478485107
55.943815827405345 -3.189898843732454 NNW 55.9440929912651 -3.1900136487621635 1177.3439779281616 924.1497478485107
55.9440929912651 -3.1900136487621635 SSE 55.943815827405345 -3.189898843732454 1177.3439779281616 922.8997478485107
55.943815827405345 -3.189898843732454 W 55.943815827405345 -3.190198843732454 1177.3439779281616 921.6497478485107
55.943815827405345 -3.190198843732454 SSE 55.94353866354559 -3.1900840387027447 1177.3439779281616 920.3997478485107
