55.944425 -3.188396 E 55.944425 -3.188096 0.0 248.75
55.944425 -3.188096 WNW 55.94453980502971 -3.1883731638597532 0.0 247.5
55.94453980502971 -3.1883731638597532 SE 55.94432767299536 -3.1881610318253975 0.0 246.25
55.94432767299536 -3.1881610318253975 NW 55.94453980502971 -3.1883731638597532 0.0 245.0
55.94453980502971 -3.1883731638597532 SSE 55.944262641169956 -3.1882583588300437 0.0 243.75
55.944262641169956 -3.1882583588300437 NNW 55.94453980502971 -3.1883731638597532 0.0 242.5
55.94453980502971 -3.1883731638597532 SSE 55.944262641169956 -3.1882583588300437 0.0 241.25
55.944262641169956 -3.1882583588300437 NNW 55.94453980502971 -3.1883731638597532 0.0 240.0
55.94453980502971 -3.1883731638597532 ESE 55.944425 -3.188096 0.0 238.75
55.944425 -3.188096 NW 55.94463713203436 -3.1883081320343556 0.0 237.5
55.94463713203436 -3.1883081320343556 E 55.94463713203436 -3.1880081320343554 0.0 236.25
55.94463713203436 -3.1880081320343554 W 55.94463713203436 -3.1883081320343556 0.0 235.0
55.94463713203436 -3.1883081320343556 N 55.94493713203436 -3.1883081320343556 0.0 233.75
55.94493713203436 -3.1883081320343556 S 55.94463713203436 -3.1883081320343556 0.0 232.5
55.94463713203436 -3.1883081320343556 SSW 55.9443599681746 -3.188422937064065 0.0 231.25
55.9443599681746 -3.188422937064065 NNE 55.94463713203436 -3.1883081320343556 0.0 230.0
55.94463713203436 -3.1883081320343556 NNW 55.944914295894115 -3.188422937064065 114.43291473388672 245.56863403320312
55.944914295894115 -3.188422937064065 S 55.94461429589411 -3.188422937064065 114.43291473388672 244.31863403320312
55.94461429589411 -3.188422937064065 ENE 55.94472910092382 -3.1881457732043117 114.43291473388672 243.06863403320312
55.94472910092382 -3.1881457732043117 WSW 55.94461429589411 -3.188422937064065 114.43291473388672 241.81863403320312
55.94461429589411 -3.188422937064065 SE 55.944402163859756 -3.1882108050297093 114.43291473388672 240.56863403320312
55.944402163859756 -3.1882108050297093 WNW 55.94451696888947 -3.1884879688894627 114.43291473388672 239.31863403320312
55.94451696888947 -3.1884879688894627 SSW 55.94423980502971 -3.1886027739191722 114.43291473388672 238.06863403320312
55.94423980502971 -3.1886027739191722 NNE 55.94451696888947 -3.1884879688894627 114.43291473388672 236.81863403320312
55.94451696888947 -3.1884879688894627 W 55.94451696888947 -3.188787968889463 114.43291473388672 235.56863403320312
55.94451696888947 -3.188787968889463 E 55.94451696888947 -3.1884879688894627 114.43291473388672 234.31863403320312
55.94451696888947 -3.1884879688894627 WSW 55.944402163859756 -3.188765132749216 114.43291473388672 233.06863403320312
55.944402163859756 -3.188765132749216 NE 55.94461429589411 -3.1885530007148604 114.43291473388672 231.81863403320312
55.94461429589411 -3.1885530007148604 W 55.94461429589411 -3.1888530007148606 114.43291473388672 230.56863403320312
55.94461429589411 -3.1888530007148606 E 55.94461429589411 -3.1885530007148604 114.43291473388672 229.31863403320312
55.94461429589411 -3.1885530007148604 WNW 55.94472910092382 -3.1888301645746138 114.43291473388672 228.06863403320312
55.94472910092382 -3.1888301645746138 E 55.94472910092382 -3.1885301645746136 114.43291473388672 226.81863403320312
55.94472910092382 -3.1885301645746136 W 55.94472910092382 -3.1888301645746138 114.43291473388672 225.56863403320312
55.94472910092382 -3.1888301645746138 ENE 55.94484390595353 -3.1885530007148604 114.43291473388672 224.31863403320312
55.94484390595353 -3.1885530007148604 W 55.94484390595353 -3.1888530007148606 114.43291473388672 223.06863403320312
55.94484390595353 -3.1888530007148606 E 55.94484390595353 -3.1885530007148604 114.43291473388672 221.81863403320312
55.94484390595353 -3.1885530007148604 W 55.94484390595353 -3.1888530007148606 114.43291473388672 220.56863403320312
55.94484390595353 -3.1888530007148606 ENE 55.944958710983244 -3.188575836855107 114.43291473388672 219.31863403320312
55.944958710983244 -3.188575836855107 WSW 55.94484390595353 -3.1888530007148606 114.43291473388672 218.06863403320312
55.94484390595353 -3.1888530007148606 W 55.94484390595353 -3.1891530007148607 114.43291473388672 216.81863403320312
55.94484390595353 -3.1891530007148607 E 55.94484390595353 -3.1888530007148606 114.43291473388672 215.56863403320312
55.94484390595353 -3.1888530007148606 ESE 55.94472910092382 -3.188575836855107 114.43291473388672 214.31863403320312
55.94472910092382 -3.188575836855107 WNW 55.94484390595353 -3.1888530007148606 114.43291473388672 213.06863403320312
55.94484390595353 -3.1888530007148606 W 55.94484390595353 -3.1891530007148607 114.43291473388672 211.81863403320312
55.94484390595353 -3.1891530007148607 E 55.94484390595353 -3.1888530007148606 114.43291473388672 210.56863403320312
55.94484390595353 -3.1888530007148606 W 55.94484390595353 -3.1891530007148607 114.43291473388672 209.31863403320312
55.94484390595353 -3.1891530007148607 E 55.94484390595353 -3.1888530007148606 114.43291473388672 208.06863403320312
55.94484390595353 -3.1888530007148606 W 55.94484390595353 -3.1891530007148607 114.43291473388672 206.81863403320312
55.94484390595353 -3.1891530007148607 ENE 55.944958710983244 -3.1888758368551073 114.43291473388672 205.56863403320312
55.944958710983244 -3.1888758368551073 SE 55.94474657894889 -3.1886637048207516 130.91339683532715 328.8827819824219
55.94474657894889 -3.1886637048207516 NW 55.944958710983244 -3.1888758368551073 130.91339683532715 327.6327819824219
55.944958710983244 -3.1888758368551073 N 55.945258710983246 -3.1888758368551073 130.91339683532715 326.3827819824219
55.945258710983246 -3.1888758368551073 S 55.944958710983244 -3.1888758368551073 130.91339683532715 325.1327819824219
55.944958710983244 -3.1888758368551073 NNE 55.945235874843 -3.188761031825398 130.91339683532715 323.8827819824219
55.945235874843 -3.188761031825398 ESE 55.94512106981329 -3.1884838679656444 130.91339683532715 322.6327819824219
55.94512106981329 -3.1884838679656444 WNW 55.945235874843 -3.188761031825398 130.91339683532715 321.3827819824219
55.945235874843 -3.188761031825398 NE 55.945448006877356 -3.188548899791042 130.91339683532715 320.1327819824219
55.945448006877356 -3.188548899791042 SW 55.945235874843 -3.188761031825398 130.91339683532715 318.8827819824219
55.945235874843 -3.188761031825398 ENE 55.94535067987271 -3.1884838679656444 130.91339683532715 317.6327819824219
55.94535067987271 -3.1884838679656444 WSW 55.945235874843 -3.188761031825398 130.91339683532715 316.3827819824219
55.945235874843 -3.188761031825398 ENE 55.94535067987271 -3.1884838679656444 130.91339683532715 315.1327819824219
55.94535067987271 -3.1884838679656444 WSW 55.945235874843 -3.188761031825398 130.91339683532715 313.8827819824219
55.945235874843 -3.188761031825398 ESE 55.94512106981329 -3.1884838679656444 130.91339683532715 312.6327819824219
55.94512106981329 -3.1884838679656444 NW 55.945333201847646 -3.188696 130.91339683532715 311.3827819824219
55.945333201847646 -3.188696 SE 55.94512106981329 -3.1884838679656444 130.91339683532715 310.1327819824219
55.94512106981329 -3.1884838679656444 N 55.94542106981329 -3.1884838679656444 130.91339683532715 308.8827819824219
55.94542106981329 -3.1884838679656444 NNE 55.94569823367305 -3.188369062935935 130.91339683532715 307.6327819824219
55.94569823367305 -3.188369062935935 SSW 55.94542106981329 -3.1884838679656444 130.91339683532715 306.3827819824219
55.94542106981329 -3.1884838679656444 ESE 55.94530626478358 -3.188206704105891 130.91339683532715 305.1327819824219
55.94530626478358 -3.188206704105891 WNW 55.94542106981329 -3.1884838679656444 130.91339683532715 303.8827819824219
55.94542106981329 -3.1884838679656444 ENE 55.945535874843 -3.188206704105891 130.91339683532715 302.6327819824219
55.945535874843 -3.188206704105891 WSW 55.94542106981329 -3.1884838679656444 130.91339683532715 301.3827819824219
55.94542106981329 -3.1884838679656444 ENE 55.945535874843 -3.188206704105891 130.91339683532715 300.1327819824219
55.945535874843 -3.188206704105891 W 55.945535874843 -3.188506704105891 130.91339683532715 298.8827819824219
55.945535874843 -3.188506704105891 E 55.945535874843 -3.188206704105891 130.91339683532715 297.6327819824219
55.945535874843 -3.188206704105891 WSW 55.94542106981329 -3.1884838679656444 130.91339683532715 296.3827819824219
55.94542106981329 -3.1884838679656444 ENE 55.945535874843 -3.188206704105891 130.91339683532715 295.1327819824219
55.945535874843 -3.188206704105891 SSE 55.945258710983246 -3.1880918990761815 130.91339683532715 293.8827819824219
55.945258710983246 -3.1880918990761815 NNW 55.945535874843 -3.188206704105891 130.91339683532715 292.6327819824219
55.945535874843 -3.188206704105891 NNE 55.94581303870276 -3.1880918990761815 130.91339683532715 291.3827819824219
55.94581303870276 -3.1880918990761815 S 55.94551303870276 -3.1880918990761815 130.91339683532715 290.1327819824219
55.94551303870276 -3.1880918990761815 WNW 55.94562784373247 -3.188369062935935 130.91339683532715 288.8827819824219
55.94562784373247 -3.188369062935935 ESE 55.94551303870276 -3.1880918990761815 130.91339683532715 287.6327819824219
55.94551303870276 -3.1880918990761815 ESE 55.945398233673046 -3.187814735216428 130.91339683532715 286.3827819824219
55.945398233673046 -3.187814735216428 WNW 55.94551303870276 -3.1880918990761815 130.91339683532715 285.1327819824219
55.94551303870276 -3.1880918990761815 ESE 55.945398233673046 -3.187814735216428 130.91339683532715 283.8827819824219
55.945398233673046 -3.187814735216428 WNW 55.94551303870276 -3.1880918990761815 130.91339683532715 282.6327819824219
55.94551303870276 -3.1880918990761815 ENE 55.94562784373247 -3.187814735216428 130.91339683532715 281.3827819824219
55.94562784373247 -3.187814735216428 WSW 55.94551303870276 -3.1880918990761815 130.91339683532715 280.1327819824219
55.94551303870276 -3.1880918990761815 ENE 55.94562784373247 -3.187814735216428 130.91339683532715 278.8827819824219
55.94562784373247 -3.187814735216428 W 55.94562784373247 -3.1881147352164283 130.91339683532715 277.6327819824219
55.94562784373247 -3.1881147352164283 NE 55.94583997576682 -3.1879026031820725 130.91339683532715 276.3827819824219
55.94583997576682 -3.1879026031820725 SW 55.94562784373247 -3.1881147352164283 130.91339683532715 275.1327819824219
55.94562784373247 -3.1881147352164283 NE 55.94583997576682 -3.1879026031820725 130.91339683532715 273.8827819824219
55.94583997576682 -3.1879026031820725 SSW 55.94556281190707 -3.188017408211782 130.91339683532715 272.6327819824219
55.94556281190707 -3.188017408211782 N 55.94586281190707 -3.188017408211782 130.91339683532715 271.3827819824219
55.94586281190707 -3.188017408211782 SE 55.94565067987271 -3.1878052761774263 130.91339683532715 270.1327819824219
55.94565067987271 -3.1878052761774263 NW 55.94586281190707 -3.188017408211782 130.91339683532715 268.8827819824219
55.94586281190707 -3.188017408211782 NE 55.946074943941426 -3.1878052761774263 130.91339683532715 267.6327819824219
55.946074943941426 -3.1878052761774263 SW 55.94586281190707 -3.188017408211782 130.91339683532715 266.3827819824219
55.94586281190707 -3.188017408211782 W 55.94586281190707 -3.1883174082117822 130.91339683532715 265.1327819824219
55.94586281190707 -3.1883174082117822 ESE 55.94574800687736 -3.188040244352029 130.91339683532715 263.8827819824219
55.94574800687736 -3.188040244352029 NW 55.945960138911715 -3.1882523763863846 130.91339683532715 262.6327819824219
55.945960138911715 -3.1882523763863846 SE 55.94574800687736 -3.188040244352029 130.91339683532715 261.3827819824219
55.94574800687736 -3.188040244352029 WSW 55.94563320184765 -3.1883174082117822 130.91339683532715 260.1327819824219
55.94563320184765 -3.1883174082117822 ENE 55.94574800687736 -3.188040244352029 130.91339683532715 258.8827819824219
55.94574800687736 -3.188040244352029 WSW 55.94563320184765 -3.1883174082117822 130.91339683532715 257.6327819824219
55.94563320184765 -3.1883174082117822 NNW 55.945910365707405 -3.1884322132414917 130.91339683532715 256.3827819824219
55.945910365707405 -3.1884322132414917 SSE 55.94563320184765 -3.1883174082117822 130.91339683532715 255.13278198242188
55.94563320184765 -3.1883174082117822 NNW 55.945910365707405 -3.1884322132414917 130.91339683532715 253.88278198242188
55.945910365707405 -3.1884322132414917 SE 55.94569823367305 -3.188220081207136 130.91339683532715 252.63278198242188
55.94569823367305 -3.188220081207136 NW 55.945910365707405 -3.1884322132414917 130.91339683532715 251.38278198242188
55.945910365707405 -3.1884322132414917 SSE 55.94563320184765 -3.1883174082117822 130.91339683532715 250.13278198242188
55.94563320184765 -3.1883174082117822 NW 55.945845333882005 -3.188529540246138 130.91339683532715 248.88278198242188
55.945845333882005 -3.188529540246138 SE 55.94563320184765 -3.1883174082117822 130.91339683532715 247.63278198242188
55.94563320184765 -3.1883174082117822 NNW 55.945910365707405 -3.1884322132414917 130.91339683532715 246.38278198242188
55.945910365707405 -3.1884322132414917 SSE 55.94563320184765 -3.1883174082117822 130.91339683532715 245.13278198242188
55.94563320184765 -3.1883174082117822 NW 55.945845333882005 -3.188529540246138 130.91339683532715 243.88278198242188
55.945845333882005 -3.188529540246138 SE 55.94563320184765 -3.1883174082117822 130.91339683532715 242.63278198242188
55.94563320184765 -3.1883174082117822 NNE 55.945910365707405 -3.1882026031820727 130.91339683532715 241.38278198242188
55.945910365707405 -3.1882026031820727 SSW 55.94563320184765 -3.1883174082117822 130.91339683532715 240.13278198242188
55.94563320184765 -3.1883174082117822 NNW 55.945910365707405 -3.1884322132414917 130.91339683532715 238.88278198242188
55.945910365707405 -3.1884322132414917 SSE 55.94563320184765 -3.1883174082117822 130.91339683532715 237.63278198242188
55.94563320184765 -3.1883174082117822 WNW 55.94574800687736 -3.1885945720715356 130.91339683532715 236.38278198242188
55.94574800687736 -3.1885945720715356 SE 55.945535874843 -3.18838244003718 130.91339683532715 235.13278198242188
55.945535874843 -3.18838244003718 NW 55.94574800687736 -3.1885945720715356 130.91339683532715 233.88278198242188
55.94574800687736 -3.1885945720715356 SSE 55.9454708430176 -3.188479767041826 130.91339683532715 232.63278198242188
55.9454708430176 -3.188479767041826 NW 55.94568297505196 -3.188691899076182 130.91339683532715 231.38278198242188
55.94568297505196 -3.188691899076182 SSE 55.9454058111922 -3.1885770940464724 130.91339683532715 230.13278198242188
55.9454058111922 -3.1885770940464724 NW 55.94561794322656 -3.188789226080828 130.91339683532715 228.88278198242188
55.94561794322656 -3.188789226080828 ENE 55.94573274825627 -3.1885120622210747 130.91339683532715 227.63278198242188
55.94573274825627 -3.1885120622210747 WSW 55.94561794322656 -3.188789226080828 130.91339683532715 226.38278198242188
55.94561794322656 -3.188789226080828 N 55.94591794322656 -3.188789226080828 130.91339683532715 225.13278198242188
55.94591794322656 -3.188789226080828 S 55.94561794322656 -3.188789226080828 130.91339683532715 223.88278198242188
55.94561794322656 -3.188789226080828 N 55.94591794322656 -3.188789226080828 130.91339683532715 222.63278198242188
55.94591794322656 -3.188789226080828 ESE 55.94580313819685 -3.1885120622210747 130.91339683532715 221.38278198242188
55.94580313819685 -3.1885120622210747 WNW 55.94591794322656 -3.188789226080828 130.91339683532715 220.13278198242188
55.94591794322656 -3.188789226080828 E 55.94591794322656 -3.188489226080828 130.91339683532715 218.88278198242188
55.94591794322656 -3.188489226080828 W 55.94591794322656 -3.188789226080828 130.91339683532715 217.63278198242188
55.94591794322656 -3.188789226080828 E 55.94591794322656 -3.188489226080828 130.91339683532715 216.38278198242188
55.94591794322656 -3.188489226080828 WSW 55.94580313819685 -3.1887663899405814 130.91339683532715 215.13278198242188
55.94580313819685 -3.1887663899405814 E 55.94580313819685 -3.188466389940581 130.91339683532715 213.88278198242188
55.94580313819685 -3.188466389940581 ESE 55.94568833316714 -3.1881892260808278 130.91339683532715 212.63278198242188
55.94568833316714 -3.1881892260808278 WNW 55.94580313819685 -3.188466389940581 130.91339683532715 211.38278198242188
55.94580313819685 -3.188466389940581 N 55.946103138196854 -3.188466389940581 130.91339683532715 210.13278198242188
55.946103138196854 -3.188466389940581 S 55.94580313819685 -3.188466389940581 130.91339683532715 208.88278198242188
55.94580313819685 -3.188466389940581 NNW 55.94608030205661 -3.1885811949702907 130.91339683532715 207.63278198242188
55.94608030205661 -3.1885811949702907 SE 55.94586817002225 -3.188369062935935 130.91339683532715 206.38278198242188
55.94586817002225 -3.188369062935935 NW 55.94608030205661 -3.1885811949702907 130.91339683532715 205.13278198242188
55.94608030205661 -3.1885811949702907 ESE 55.9459654970269 -3.1883040311105373 130.91339683532715 203.88278198242188
55.9459654970269 -3.1883040311105373 WNW 55.94608030205661 -3.1885811949702907 130.91339683532715 202.63278198242188
55.94608030205661 -3.1885811949702907 E 55.94608030205661 -3.1882811949702905 130.91339683532715 201.38278198242188
55.94608030205661 -3.1882811949702905 W 55.94608030205661 -3.1885811949702907 130.91339683532715 200.13278198242188
55.94608030205661 -3.1885811949702907 E 55.94608030205661 -3.1882811949702905 130.91339683532715 198.88278198242188
55.94608030205661 -3.1882811949702905 W 55.94608030205661 -3.1885811949702907 130.91339683532715 197.63278198242188
55.94608030205661 -3.1885811949702907 E 55.94608030205661 -3.1882811949702905 130.91339683532715 196.38278198242188
55.94608030205661 -3.1882811949702905 E 55.94608030205661 -3.1879811949702903 130.91339683532715 195.13278198242188
55.94608030205661 -3.1879811949702903 W 55.94608030205661 -3.1882811949702905 130.91339683532715 193.88278198242188
55.94608030205661 -3.1882811949702905 W 55.94608030205661 -3.1885811949702907 130.91339683532715 192.63278198242188
55.94608030205661 -3.1885811949702907 ENE 55.94619510708632 -3.1883040311105373 130.91339683532715 191.38278198242188
55.94619510708632 -3.1883040311105373 SSE 55.94591794322656 -3.1881892260808278 130.91339683532715 190.13278198242188
55.94591794322656 -3.1881892260808278 N 55.946217943226564 -3.1881892260808278 130.91339683532715 188.88278198242188
55.946217943226564 -3.1881892260808278 SW 55.94600581119221 -3.1884013581151835 130.91339683532715 187.63278198242188
55.94600581119221 -3.1884013581151835 NE 55.946217943226564 -3.1881892260808278 130.91339683532715 186.38278198242188
55.946217943226564 -3.1881892260808278 S 55.94591794322656 -3.1881892260808278 130.91339683532715 185.13278198242188
55.94591794322656 -3.1881892260808278 N 55.946217943226564 -3.1881892260808278 130.91339683532715 183.88278198242188
55.946217943226564 -3.1881892260808278 S 55.94591794322656 -3.1881892260808278 130.91339683532715 182.63278198242188
55.94591794322656 -3.1881892260808278 NNE 55.94619510708632 -3.1880744210511183 130.91339683532715 181.38278198242188
55.94619510708632 -3.1880744210511183 SSW 55.94591794322656 -3.1881892260808278 130.91339683532715 180.13278198242188
55.94591794322656 -3.1881892260808278 NE 55.94613007526092 -3.187977094046472 243.38871574401855 281.5177307128906
55.94613007526092 -3.187977094046472 SW 55.94591794322656 -3.1881892260808278 243.38871574401855 280.2677307128906
55.94591794322656 -3.1881892260808278 N 55.946217943226564 -3.1881892260808278 243.38871574401855 279.0177307128906
55.946217943226564 -3.1881892260808278 S 55.94591794322656 -3.1881892260808278 243.38871574401855 277.7677307128906
55.94591794322656 -3.1881892260808278 W 55.94591794322656 -3.188489226080828 243.38871574401855 276.5177307128906
55.94591794322656 -3.188489226080828 E 55.94591794322656 -3.1881892260808278 243.38871574401855 275.2677307128906
55.94591794322656 -3.1881892260808278 NW 55.94613007526092 -3.1884013581151835 243.38871574401855 274.0177307128906
55.94613007526092 -3.1884013581151835 SSE 55.94585291140116 -3.188286553085474 243.38871574401855 272.7677307128906
55.94585291140116 -3.188286553085474 ENE 55.94596771643087 -3.1880093892257206 243.38871574401855 271.5177307128906
55.94596771643087 -3.1880093892257206 WSW 55.94585291140116 -3.188286553085474 243.38871574401855 270.2677307128906
55.94585291140116 -3.188286553085474 NNW 55.94613007526092 -3.1884013581151835 243.38871574401855 269.0177307128906
55.94613007526092 -3.1884013581151835 SSE 55.94585291140116 -3.188286553085474 243.38871574401855 267.7677307128906
55.94585291140116 -3.188286553085474 SW 55.945640779366805 -3.18849868511983 243.38871574401855 266.5177307128906
55.945640779366805 -3.18849868511983 S 55.9453407793668 -3.18849868511983 243.38871574401855 265.2677307128906
55.9453407793668 -3.18849868511983 N 55.945640779366805 -3.18849868511983 243.38871574401855 264.0177307128906
55.945640779366805 -3.18849868511983 SW 55.94542864733245 -3.1887108171541856 243.38871574401855 262.7677307128906
55.94542864733245 -3.1887108171541856 NE 55.945640779366805 -3.18849868511983 243.38871574401855 261.5177307128906
55.945640779366805 -3.18849868511983 SW 55.94542864733245 -3.1887108171541856 243.38871574401855 260.2677307128906
55.94542864733245 -3.1887108171541856 NE 55.945640779366805 -3.18849868511983 243.38871574401855 259.0177307128906
55.945640779366805 -3.18849868511983 SW 55.94542864733245 -3.1887108171541856 243.38871574401855 257.7677307128906
55.94542864733245 -3.1887108171541856 NW 55.945640779366805 -3.1889229491885414 243.38871574401855 256.5177307128906
55.945640779366805 -3.1889229491885414 SE 55.94542864733245 -3.1887108171541856 243.38871574401855 255.26773071289062
55.94542864733245 -3.1887108171541856 NW 55.945640779366805 -3.1889229491885414 243.38871574401855 254.01773071289062
55.945640779366805 -3.1889229491885414 SSE 55.94536361550705 -3.188808144158832 243.38871574401855 252.76773071289062
55.94536361550705 -3.188808144158832 NNW 55.945640779366805 -3.1889229491885414 243.38871574401855 251.51773071289062
55.945640779366805 -3.1889229491885414 SSE 55.94536361550705 -3.188808144158832 243.38871574401855 250.26773071289062
55.94536361550705 -3.188808144158832 NNW 55.945640779366805 -3.1889229491885414 243.38871574401855 249.01773071289062
55.945640779366805 -3.1889229491885414 SE 55.94542864733245 -3.1887108171541856 243.38871574401855 247.76773071289062
55.94542864733245 -3.1887108171541856 NW 55.945640779366805 -3.1889229491885414 243.38871574401855 246.51773071289062
55.945640779366805 -3.1889229491885414 NNE 55.94591794322656 -3.188808144158832 273.594202041626 345.6839065551758
55.94591794322656 -3.188808144158832 SSW 55.945640779366805 -3.1889229491885414 273.594202041626 344.4339065551758
55.945640779366805 -3.1889229491885414 NE 55.94585291140116 -3.1887108171541856 273.594202041626 343.1839065551758
55.94585291140116 -3.1887108171541856 SW 55.945640779366805 -3.1889229491885414 273.594202041626 341.9339065551758
55.945640779366805 -3.1889229491885414 ESE 55.945525974337095 -3.188645785328788 273.594202041626 340.6839065551758
55.945525974337095 -3.188645785328788 WNW 55.945640779366805 -3.1889229491885414 273.594202041626 339.4339065551758
55.945640779366805 -3.1889229491885414 SSE 55.94536361550705 -3.188808144158832 273.594202041626 338.1839065551758
55.94536361550705 -3.188808144158832 NNE 55.945640779366805 -3.1886933391291223 273.594202041626 336.9339065551758
55.945640779366805 -3.1886933391291223 SSW 55.94536361550705 -3.188808144158832 273.594202041626 335.6839065551758
55.94536361550705 -3.188808144158832 NNE 55.945640779366805 -3.1886933391291223 273.594202041626 334.4339065551758
55.945640779366805 -3.1886933391291223 SSW 55.94536361550705 -3.188808144158832 273.594202041626 333.1839065551758
55.94536361550705 -3.188808144158832 S 55.945063615507046 -3.188808144158832 273.594202041626 331.9339065551758
55.945063615507046 -3.188808144158832 N 55.94536361550705 -3.188808144158832 273.594202041626 330.6839065551758
55.94536361550705 -3.188808144158832 SSW 55.94508645164729 -3.1889229491885414 273.594202041626 329.4339065551758
55.94508645164729 -3.1889229491885414 NNE 55.94536361550705 -3.188808144158832 273.594202041626 328.1839065551758
55.94536361550705 -3.188808144158832 WSW 55.94524881047734 -3.1890853080185853 273.594202041626 326.9339065551758
55.94524881047734 -3.1890853080185853 ENE 55.94536361550705 -3.188808144158832 273.594202041626 325.6839065551758
55.94536361550705 -3.188808144158832 WSW 55.94524881047734 -3.1890853080185853 273.594202041626 324.4339065551758
55.94524881047734 -3.1890853080185853 E 55.94524881047734 -3.188785308018585 273.594202041626 323.1839065551758
55.94524881047734 -3.188785308018585 W 55.94524881047734 -3.1890853080185853 273.594202041626 321.9339065551758
55.94524881047734 -3.1890853080185853 WSW 55.94513400544763 -3.1893624718783387 314.7986240386963 323.3729887008667
55.94513400544763 -3.1893624718783387 ENE 55.94524881047734 -3.1890853080185853 314.7986240386963 322.1229887008667
55.94524881047734 -3.1890853080185853 W 55.94524881047734 -3.1893853080185854 314.7986240386963 320.8729887008667
55.94524881047734 -3.1893853080185854 ESE 55.94513400544763 -3.189108144158832 314.7986240386963 319.6229887008667
55.94513400544763 -3.189108144158832 WNW 55.94524881047734 -3.1893853080185854 314.7986240386963 318.3729887008667
55.94524881047734 -3.1893853080185854 SE 55.94503667844298 -3.1891731759842297 314.7986240386963 317.1229887008667
55.94503667844298 -3.1891731759842297 NW 55.94524881047734 -3.1893853080185854 314.7986240386963 315.8729887008667
55.94524881047734 -3.1893853080185854 SE 55.94503667844298 -3.1891731759842297 314.7986240386963 314.6229887008667
55.94503667844298 -3.1891731759842297 W 55.94503667844298 -3.18947317598423 314.7986240386963 313.3729887008667
55.94503667844298 -3.18947317598423 E 55.94503667844298 -3.1891731759842297 314.7986240386963 312.1229887008667
55.94503667844298 -3.1891731759842297 WSW 55.94492187341327 -3.189450339843983 314.7986240386963 310.8729887008667
55.94492187341327 -3.189450339843983 ESE 55.94480706838356 -3.1891731759842297 314.7986240386963 309.6229887008667
55.94480706838356 -3.1891731759842297 WNW 55.94492187341327 -3.189450339843983 314.7986240386963 308.3729887008667
55.94492187341327 -3.189450339843983 SW 55.944709741378915 -3.189662471878339 314.7986240386963 307.1229887008667
55.944709741378915 -3.189662471878339 NE 55.94492187341327 -3.189450339843983 314.7986240386963 305.8729887008667
55.94492187341327 -3.189450339843983 SSW 55.944644709553515 -3.1895651448736926 314.7986240386963 304.6229887008667
55.944644709553515 -3.1895651448736926 NNE 55.94492187341327 -3.189450339843983 314.7986240386963 303.3729887008667
55.94492187341327 -3.189450339843983 WSW 55.94480706838356 -3.1897275037037365 314.7986240386963 302.1229887008667
55.94480706838356 -3.1897275037037365 ENE 55.94492187341327 -3.189450339843983 314.7986240386963 300.8729887008667
55.94492187341327 -3.189450339843983 ESE 55.94480706838356 -3.1891731759842297 314.7986240386963 299.6229887008667
55.94480706838356 -3.1891731759842297 WNW 55.94492187341327 -3.189450339843983 314.7986240386963 298.3729887008667
55.94492187341327 -3.189450339843983 W 55.94492187341327 -3.1897503398439833 314.7986240386963 297.1229887008667
55.94492187341327 -3.1897503398439833 E 55.94492187341327 -3.189450339843983 314.7986240386963 295.8729887008667
55.94492187341327 -3.189450339843983 NNW 55.94519903727303 -3.1895651448736926 314.7986240386963 294.6229887008667
55.94519903727303 -3.1895651448736926 SSE 55.94492187341327 -3.189450339843983 314.7986240386963 293.3729887008667
55.94492187341327 -3.189450339843983 NE 55.94513400544763 -3.1892382078096273 314.7986240386963 292.1229887008667
55.94513400544763 -3.1892382078096273 WSW 55.94501920041792 -3.1895153716693807 314.7986240386963 290.8729887008667
55.94501920041792 -3.1895153716693807 ESE 55.94490439538821 -3.1892382078096273 314.7986240386963 289.6229887008667
55.94490439538821 -3.1892382078096273 WNW 55.94501920041792 -3.1895153716693807 314.7986240386963 288.3729887008667
55.94501920041792 -3.1895153716693807 NNE 55.945296364277674 -3.189400566639671 314.7986240386963 287.1229887008667
55.945296364277674 -3.189400566639671 SSW 55.94501920041792 -3.1895153716693807 314.7986240386963 285.8729887008667
55.94501920041792 -3.1895153716693807 NNE 55.945296364277674 -3.189400566639671 314.7986240386963 284.6229887008667
