55.944425 -3.188396 WNW 55.94453980502971 -3.1886731638597534 0.0 248.75
55.94453980502971 -3.1886731638597534 E 55.94453980502971 -3.1883731638597532 0.0 247.5
55.94453980502971 -3.1883731638597532 SE 55.94432767299536 -3.1881610318253975 0.0 246.25
55.94432767299536 -3.1881610318253975 NW 55.94453980502971 -3.1883731638597532 0.0 245.0
55.94453980502971 -3.1883731638597532 SSE 55.944262641169956 -3.1882583588300437 0.0 243.75
55.944262641169956 -3.1882583588300437 NNW 55.94453980502971 -3.1883731638597532 0.0 242.5
55.94453980502971 -3.1883731638597532 SSE 55.944262641169956 -3.1882583588300437 0.0 241.25
55.944262641169956 -3.1882583588300437 NNW 55.94453980502971 -3.1883731638597532 0.0 240.0
55.94453980502971 -3.1883731638597532 ESE 55.944425 -3.188096 0.0 238.75
55.944425 -3.188096 WNW 55.94453980502971 -3.1883731638597532 0.0 237.5
55.94453980502971 -3.1883731638597532 ESE 55.944425 -3.188096 0.0 236.25
55.944425 -3.188096 NW 55.94463713203436 -3.1883081320343556 0.0 235.0
55.94463713203436 -3.1883081320343556 ESE 55.94452232700465 -3.188030968174602 0.0 233.75
55.94452232700465 -3.188030968174602 WNW 55.94463713203436 -3.1883081320343556 0.0 232.5
55.94463713203436 -3.1883081320343556 ENE 55.94475193706407 -3.188030968174602 0.0 231.25
55.94475193706407 -3.188030968174602 WSW 55.94463713203436 -3.1883081320343556 0.0 230.0
55.94463713203436 -3.1883081320343556 ESE 55.94452232700465 -3.188030968174602 0.0 228.75
55.94452232700465 -3.188030968174602 WNW 55.94463713203436 -3.1883081320343556 0.0 227.5
55.94463713203436 -3.1883081320343556 W 55.94463713203436 -3.188608132034356 0.0 226.25
55.94463713203436 -3.188608132034356 E 55.94463713203436 -3.1883081320343556 0.0 225.0
55.94463713203436 -3.1883081320343556 NW 55.944849264068715 -3.1885202640687114 0.0 223.75
55.944849264068715 -3.1885202640687114 E 55.944849264068715 -3.188220264068711 0.0 222.5
55.944849264068715 -3.188220264068711 W 55.944849264068715 -3.1885202640687114 0.0 221.25
55.944849264068715 -3.1885202640687114 E 55.944849264068715 -3.188220264068711 0.0 220.0
55.944849264068715 -3.188220264068711 W 55.944849264068715 -3.1885202640687114 0.0 218.75
55.944849264068715 -3.1885202640687114 E 55.944849264068715 -3.188220264068711 0.0 217.5
55.944849264068715 -3.188220264068711 WNW 55.944964069098425 -3.1884974279284646 0.0 216.25
55.944964069098425 -3.1884974279284646 ESE 55.944849264068715 -3.188220264068711 0.0 215.0
55.944849264068715 -3.188220264068711 WNW 55.944964069098425 -3.1884974279284646 0.0 213.75
55.944964069098425 -3.1884974279284646 E 55.944964069098425 -3.1881974279284644 0.0 212.5
55.944964069098425 -3.1881974279284644 W 55.944964069098425 -3.1884974279284646 0.0 211.25
55.944964069098425 -3.1884974279284646 ENE 55.945078874128136 -3.188220264068711 0.0 210.0
55.945078874128136 -3.188220264068711 WSW 55.944964069098425 -3.1884974279284646 0.0 208.75
55.944964069098425 -3.1884974279284646 ENE 55.945078874128136 -3.188220264068711 0.0 207.5
55.945078874128136 -3.188220264068711 W 55.945078874128136 -3.1885202640687114 0.0 206.25
55.945078874128136 -3.1885202640687114 E 55.945078874128136 -3.188220264068711 0.0 205.0
55.945078874128136 -3.188220264068711 W 55.945078874128136 -3.1885202640687114 0.0 203.75
55.945078874128136 -3.1885202640687114 S 55.94477887412813 -3.1885202640687114 0.0 202.5
55.94477887412813 -3.1885202640687114 N 55.945078874128136 -3.1885202640687114 0.0 201.25
55.945078874128136 -3.1885202640687114 SW 55.94486674209378 -3.188732396103067 0.0 200.0
55.94486674209378 -3.188732396103067 NE 55.945078874128136 -3.1885202640687114 0.0 198.75
55.945078874128136 -3.1885202640687114 WSW 55.944964069098425 -3.1887974279284648 0.0 197.5
55.944964069098425 -3.1887974279284648 E 55.944964069098425 -3.1884974279284646 0.0 196.25
55.944964069098425 -3.1884974279284646 W 55.944964069098425 -3.1887974279284648 0.0 195.0
55.944964069098425 -3.1887974279284648 ESE 55.944849264068715 -3.1885202640687114 0.0 193.75
55.944849264068715 -3.1885202640687114 WNW 55.944964069098425 -3.1887974279284648 0.0 192.5
55.944964069098425 -3.1887974279284648 SSE 55.94468690523867 -3.1886826228987553 0.0 191.25
55.94468690523867 -3.1886826228987553 NNW 55.944964069098425 -3.1887974279284648 0.0 190.0
55.944964069098425 -3.1887974279284648 S 55.94466406909842 -3.1887974279284648 38.8191032409668 236.66639709472656
55.94466406909842 -3.1887974279284648 N 55.944964069098425 -3.1887974279284648 38.8191032409668 235.41639709472656
55.944964069098425 -3.1887974279284648 SSW 55.94468690523867 -3.1889122329581743 38.8191032409668 234.16639709472656
55.94468690523867 -3.1889122329581743 NNE 55.944964069098425 -3.1887974279284648 38.8191032409668 232.91639709472656
55.944964069098425 -3.1887974279284648 SSW 55.94468690523867 -3.1889122329581743 38.8191032409668 231.66639709472656
55.94468690523867 -3.1889122329581743 N 55.94498690523867 -3.1889122329581743 38.8191032409668 230.41639709472656
55.94498690523867 -3.1889122329581743 S 55.94468690523867 -3.1889122329581743 38.8191032409668 229.16639709472656
55.94468690523867 -3.1889122329581743 NNW 55.944964069098425 -3.189027037987884 38.8191032409668 227.91639709472656
55.944964069098425 -3.189027037987884 SSE 55.94468690523867 -3.1889122329581743 38.8191032409668 226.66639709472656
55.94468690523867 -3.1889122329581743 NNW 55.944964069098425 -3.189027037987884 38.8191032409668 225.41639709472656
55.944964069098425 -3.189027037987884 SSE 55.94468690523867 -3.1889122329581743 38.8191032409668 224.16639709472656
55.94468690523867 -3.1889122329581743 NNW 55.944964069098425 -3.189027037987884 38.8191032409668 222.91639709472656
55.944964069098425 -3.189027037987884 ENE 55.945078874128136 -3.1887498741281304 38.8191032409668 221.66639709472656
55.945078874128136 -3.1887498741281304 WSW 55.944964069098425 -3.189027037987884 38.8191032409668 220.41639709472656
55.944964069098425 -3.189027037987884 SSW 55.94468690523867 -3.1891418430175933 135.00447463989258 245.22598838806152
55.94468690523867 -3.1891418430175933 NNE 55.944964069098425 -3.189027037987884 135.00447463989258 243.97598838806152
55.944964069098425 -3.189027037987884 ENE 55.945078874128136 -3.1887498741281304 135.00447463989258 242.72598838806152
55.945078874128136 -3.1887498741281304 WSW 55.944964069098425 -3.189027037987884 135.00447463989258 241.47598838806152
55.944964069098425 -3.189027037987884 ENE 55.945078874128136 -3.1887498741281304 135.00447463989258 240.22598838806152
55.945078874128136 -3.1887498741281304 WSW 55.944964069098425 -3.189027037987884 135.00447463989258 238.97598838806152
55.944964069098425 -3.189027037987884 ENE 55.945078874128136 -3.1887498741281304 135.00447463989258 237.72598838806152
55.945078874128136 -3.1887498741281304 SE 55.94486674209378 -3.1885377420937746 135.00447463989258 236.47598838806152
55.94486674209378 -3.1885377420937746 NW 55.945078874128136 -3.1887498741281304 135.00447463989258 235.22598838806152
55.945078874128136 -3.1887498741281304 N 55.94537887412814 -3.1887498741281304 135.00447463989258 233.97598838806152
55.94537887412814 -3.1887498741281304 S 55.945078874128136 -3.1887498741281304 135.00447463989258 232.72598838806152
55.945078874128136 -3.1887498741281304 N 55.94537887412814 -3.1887498741281304 135.00447463989258 231.47598838806152
55.94537887412814 -3.1887498741281304 S 55.945078874128136 -3.1887498741281304 135.00447463989258 230.22598838806152
55.945078874128136 -3.1887498741281304 NNE 55.94535603798789 -3.188635069098421 135.00447463989258 228.97598838806152
55.94535603798789 -3.188635069098421 S 55.94505603798789 -3.188635069098421 135.00447463989258 227.72598838806152
55.94505603798789 -3.188635069098421 NNW 55.945333201847646 -3.1887498741281304 135.00447463989258 226.47598838806152
55.945333201847646 -3.1887498741281304 SE 55.94512106981329 -3.1885377420937746 135.00447463989258 225.22598838806152
55.94512106981329 -3.1885377420937746 NNE 55.945398233673046 -3.188422937064065 135.00447463989258 223.97598838806152
55.945398233673046 -3.188422937064065 SSW 55.94512106981329 -3.1885377420937746 135.00447463989258 222.72598838806152
55.94512106981329 -3.1885377420937746 E 55.94512106981329 -3.1882377420937744 135.00447463989258 221.47598838806152
55.94512106981329 -3.1882377420937744 W 55.94512106981329 -3.1885377420937746 135.00447463989258 220.22598838806152
55.94512106981329 -3.1885377420937746 E 55.94512106981329 -3.1882377420937744 135.00447463989258 218.97598838806152
55.94512106981329 -3.1882377420937744 NNE 55.945398233673046 -3.188122937064065 135.00447463989258 217.72598838806152
55.945398233673046 -3.188122937064065 SSW 55.94512106981329 -3.1882377420937744 135.00447463989258 216.47598838806152
55.94512106981329 -3.1882377420937744 NNE 55.945398233673046 -3.188122937064065 135.00447463989258 215.22598838806152
55.945398233673046 -3.188122937064065 SSW 55.94512106981329 -3.1882377420937744 135.00447463989258 213.97598838806152
55.94512106981329 -3.1882377420937744 NNE 55.945398233673046 -3.188122937064065 135.00447463989258 212.72598838806152
55.945398233673046 -3.188122937064065 SSW 55.94512106981329 -3.1882377420937744 135.00447463989258 211.47598838806152
55.94512106981329 -3.1882377420937744 WSW 55.94500626478358 -3.188514905953528 135.00447463989258 210.22598838806152
55.94500626478358 -3.188514905953528 ENE 55.94512106981329 -3.1882377420937744 135.00447463989258 208.97598838806152
55.94512106981329 -3.1882377420937744 NNE 55.945398233673046 -3.188122937064065 135.00447463989258 207.72598838806152
55.945398233673046 -3.188122937064065 SSW 55.94512106981329 -3.1882377420937744 135.00447463989258 206.47598838806152
55.94512106981329 -3.1882377420937744 SW 55.94490893777893 -3.18844987412813 135.00447463989258 205.22598838806152
55.94490893777893 -3.18844987412813 ENE 55.945023742808644 -3.188172710268377 135.00447463989258 203.97598838806152
55.945023742808644 -3.188172710268377 SW 55.94481161077429 -3.1883848423027326 135.00447463989258 202.72598838806152
55.94481161077429 -3.1883848423027326 ENE 55.944926415804 -3.188107678442979 135.00447463989258 201.47598838806152
55.944926415804 -3.188107678442979 WSW 55.94481161077429 -3.1883848423027326 135.00447463989258 200.22598838806152
55.94481161077429 -3.1883848423027326 ENE 55.944926415804 -3.188107678442979 135.00447463989258 198.97598838806152
55.944926415804 -3.188107678442979 W 55.944926415804 -3.1884076784429793 135.00447463989258 197.72598838806152
55.944926415804 -3.1884076784429793 E 55.944926415804 -3.188107678442979 135.00447463989258 196.47598838806152
55.944926415804 -3.188107678442979 WSW 55.94481161077429 -3.1883848423027326 135.00447463989258 195.22598838806152
55.94481161077429 -3.1883848423027326 E 55.94481161077429 -3.1880848423027324 135.00447463989258 193.97598838806152
55.94481161077429 -3.1880848423027324 NW 55.945023742808644 -3.188296974337088 135.00447463989258 192.72598838806152
55.945023742808644 -3.188296974337088 SE 55.94481161077429 -3.1880848423027324 135.00447463989258 191.47598838806152
55.94481161077429 -3.1880848423027324 N 55.94511161077429 -3.1880848423027324 135.00447463989258 190.22598838806152
55.94511161077429 -3.1880848423027324 SSE 55.944834446914534 -3.187970037273023 135.00447463989258 188.97598838806152
55.944834446914534 -3.187970037273023 NNW 55.94511161077429 -3.1880848423027324 135.00447463989258 187.72598838806152
55.94511161077429 -3.1880848423027324 SSE 55.944834446914534 -3.187970037273023 135.00447463989258 186.47598838806152
55.944834446914534 -3.187970037273023 NE 55.94504657894889 -3.187757905238667 135.00447463989258 185.22598838806152
55.94504657894889 -3.187757905238667 SW 55.944834446914534 -3.187970037273023 135.00447463989258 183.97598838806152
55.944834446914534 -3.187970037273023 NNW 55.94511161077429 -3.1880848423027324 135.00447463989258 182.72598838806152
55.94511161077429 -3.1880848423027324 SSE 55.944834446914534 -3.187970037273023 135.00447463989258 181.47598838806152
55.944834446914534 -3.187970037273023 ENE 55.944949251944244 -3.1876928734132695 135.00447463989258 180.22598838806152
55.944949251944244 -3.1876928734132695 WSW 55.944834446914534 -3.187970037273023 135.00447463989258 178.97598838806152
55.944834446914534 -3.187970037273023 NE 55.94504657894889 -3.187757905238667 135.00447463989258 177.72598838806152
55.94504657894889 -3.187757905238667 SW 55.944834446914534 -3.187970037273023 135.00447463989258 176.47598838806152
55.944834446914534 -3.187970037273023 NNE 55.94511161077429 -3.1878552322433134 135.00447463989258 175.22598838806152
55.94511161077429 -3.1878552322433134 SW 55.944899478739934 -3.188067364277669 135.00447463989258 173.97598838806152
55.944899478739934 -3.188067364277669 NE 55.94511161077429 -3.1878552322433134 135.00447463989258 172.72598838806152
55.94511161077429 -3.1878552322433134 W 55.94511161077429 -3.1881552322433135 135.00447463989258 171.47598838806152
55.94511161077429 -3.1881552322433135 E 55.94511161077429 -3.1878552322433134 135.00447463989258 170.22598838806152
55.94511161077429 -3.1878552322433134 W 55.94511161077429 -3.1881552322433135 135.00447463989258 168.97598838806152
55.94511161077429 -3.1881552322433135 SSW 55.944834446914534 -3.188270037273023 135.00447463989258 167.72598838806152
55.944834446914534 -3.188270037273023 NNE 55.94511161077429 -3.1881552322433135 135.00447463989258 166.47598838806152
55.94511161077429 -3.1881552322433135 SSE 55.944834446914534 -3.188040427213604 135.00447463989258 165.22598838806152
55.944834446914534 -3.188040427213604 NNW 55.94511161077429 -3.1881552322433135 135.00447463989258 163.97598838806152
55.94511161077429 -3.1881552322433135 SSE 55.944834446914534 -3.188040427213604 135.00447463989258 162.72598838806152
55.944834446914534 -3.188040427213604 W 55.944834446914534 -3.1883404272136042 135.00447463989258 161.47598838806152
55.944834446914534 -3.1883404272136042 E 55.944834446914534 -3.188040427213604 135.00447463989258 160.22598838806152
55.944834446914534 -3.188040427213604 SW 55.94462231488018 -3.18825255924796 135.00447463989258 158.97598838806152
55.94462231488018 -3.18825255924796 ENE 55.94473711990989 -3.1879753953882064 135.00447463989258 157.72598838806152
55.94473711990989 -3.1879753953882064 WNW 55.9448519249396 -3.18825255924796 135.00447463989258 156.47598838806152
55.9448519249396 -3.18825255924796 ESE 55.94473711990989 -3.1879753953882064 135.00447463989258 155.22598838806152
55.94473711990989 -3.1879753953882064 SSW 55.94445995605013 -3.188090200417916 135.00447463989258 153.97598838806152
55.94445995605013 -3.188090200417916 NNE 55.94473711990989 -3.1879753953882064 135.00447463989258 152.72598838806152
55.94473711990989 -3.1879753953882064 N 55.94503711990989 -3.1879753953882064 135.00447463989258 151.47598838806152
55.94503711990989 -3.1879753953882064 S 55.94473711990989 -3.1879753953882064 135.00447463989258 150.22598838806152
55.94473711990989 -3.1879753953882064 SSW 55.94445995605013 -3.188090200417916 135.00447463989258 148.97598838806152
55.94445995605013 -3.188090200417916 NNE 55.94473711990989 -3.1879753953882064 135.00447463989258 147.72598838806152
55.94473711990989 -3.1879753953882064 SSW 55.94445995605013 -3.188090200417916 135.00447463989258 146.47598838806152
55.94445995605013 -3.188090200417916 NNE 55.94473711990989 -3.1879753953882064 135.00447463989258 145.22598838806152
55.94473711990989 -3.1879753953882064 SSW 55.94445995605013 -3.188090200417916 135.00447463989258 143.97598838806152
55.94445995605013 -3.188090200417916 NE 55.94467208808449 -3.18787806838356 135.00447463989258 142.72598838806152
55.94467208808449 -3.18787806838356 S 55.944372088084485 -3.18787806838356 135.00447463989258 141.47598838806152
55.944372088084485 -3.18787806838356 N 55.94467208808449 -3.18787806838356 135.00447463989258 140.22598838806152
55.94467208808449 -3.18787806838356 SSE 55.94439492422473 -3.1877632633538506 135.00447463989258 138.97598838806152
55.94439492422473 -3.1877632633538506 NNW 55.94467208808449 -3.18787806838356 135.00447463989258 137.72598838806152
55.94467208808449 -3.18787806838356 SSE 55.94439492422473 -3.1877632633538506 135.00447463989258 136.47598838806152
55.94439492422473 -3.1877632633538506 NNW 55.94467208808449 -3.18787806838356 135.00447463989258 135.22598838806152
55.94467208808449 -3.18787806838356 SSE 55.94439492422473 -3.1877632633538506 135.00447463989258 133.97598838806152
55.94439492422473 -3.1877632633538506 NNW 55.94467208808449 -3.18787806838356 135.00447463989258 132.72598838806152
55.94467208808449 -3.18787806838356 SE 55.94445995605013 -3.1876659363492044 135.00447463989258 131.47598838806152
55.94445995605013 -3.1876659363492044 E 55.94445995605013 -3.187365936349204 135.00447463989258 130.22598838806152
55.94445995605013 -3.187365936349204 W 55.94445995605013 -3.1876659363492044 135.00447463989258 128.97598838806152
55.94445995605013 -3.1876659363492044 NNE 55.94473711990989 -3.187551131319495 135.00447463989258 127.72598838806152
55.94473711990989 -3.187551131319495 SSW 55.94445995605013 -3.1876659363492044 135.00447463989258 126.47598838806152
55.94445995605013 -3.1876659363492044 NNE 55.94473711990989 -3.187551131319495 135.00447463989258 125.22598838806152
55.94473711990989 -3.187551131319495 WSW 55.94462231488018 -3.1878282951792483 135.00447463989258 123.97598838806152
55.94462231488018 -3.1878282951792483 E 55.94462231488018 -3.187528295179248 135.00447463989258 122.72598838806152
55.94462231488018 -3.187528295179248 W 55.94462231488018 -3.1878282951792483 135.00447463989258 121.47598838806152
55.94462231488018 -3.1878282951792483 NE 55.944834446914534 -3.1876161631448925 135.00447463989258 120.22598838806152
55.944834446914534 -3.1876161631448925 SW 55.94462231488018 -3.1878282951792483 135.00447463989258 118.97598838806152
55.94462231488018 -3.1878282951792483 NNE 55.944899478739934 -3.1877134901495388 135.00447463989258 117.72598838806152
55.944899478739934 -3.1877134901495388 SSW 55.94462231488018 -3.1878282951792483 135.00447463989258 116.47598838806152
55.94462231488018 -3.1878282951792483 NNE 55.944899478739934 -3.1877134901495388 135.00447463989258 115.22598838806152
55.944899478739934 -3.1877134901495388 S 55.94459947873993 -3.1877134901495388 135.00447463989258 113.97598838806152
55.94459947873993 -3.1877134901495388 NNE 55.94487664259969 -3.1875986851198292 135.00447463989258 112.72598838806152
55.94487664259969 -3.1875986851198292 S 55.944576642599685 -3.1875986851198292 135.00447463989258 111.47598838806152
55.944576642599685 -3.1875986851198292 N 55.94487664259969 -3.1875986851198292 135.00447463989258 110.22598838806152
55.94487664259969 -3.1875986851198292 SSW 55.94459947873993 -3.1877134901495388 135.00447463989258 108.97598838806152
55.94459947873993 -3.1877134901495388 NE 55.94481161077429 -3.187501358115183 135.00447463989258 107.72598838806152
55.94481161077429 -3.187501358115183 W 55.94481161077429 -3.187801358115183 135.00447463989258 106.47598838806152
55.94481161077429 -3.187801358115183 E 55.94481161077429 -3.187501358115183 135.00447463989258 105.22598838806152
55.94481161077429 -3.187501358115183 NNW 55.945088774634044 -3.1876161631448925 191.1799430847168 104.58429026603699
55.945088774634044 -3.1876161631448925 SSE 55.94481161077429 -3.187501358115183 191.1799430847168 103.33429026603699
55.94481161077429 -3.187501358115183 SSE 55.94453444691453 -3.1873865530854735 191.1799430847168 102.08429026603699
55.94453444691453 -3.1873865530854735 NNW 55.94481161077429 -3.187501358115183 191.1799430847168 100.83429026603699
55.94481161077429 -3.187501358115183 ESE 55.94469680574458 -3.1872241942554296 191.1799430847168 99.58429026603699
55.94469680574458 -3.1872241942554296 WNW 55.94481161077429 -3.187501358115183 191.1799430847168 98.33429026603699
55.94481161077429 -3.187501358115183 ESE 55.94469680574458 -3.1872241942554296 191.1799430847168 97.08429026603699
55.94469680574458 -3.1872241942554296 WNW 55.94481161077429 -3.187501358115183 191.1799430847168 95.83429026603699
55.94481161077429 -3.187501358115183 E 55.94481161077429 -3.187201358115183 191.1799430847168 94.58429026603699
55.94481161077429 -3.187201358115183 W 55.94481161077429 -3.187501358115183 191.1799430847168 93.33429026603699
55.94481161077429 -3.187501358115183 E 55.94481161077429 -3.187201358115183 191.1799430847168 92.08429026603699
55.94481161077429 -3.187201358115183 WSW 55.94469680574458 -3.187478521974936 191.1799430847168 90.83429026603699
55.94469680574458 -3.187478521974936 ENE 55.94481161077429 -3.187201358115183 191.1799430847168 89.58429026603699
55.94481161077429 -3.187201358115183 SW 55.94459947873993 -3.1874134901495386 191.1799430847168 88.33429026603699
55.94459947873993 -3.1874134901495386 ENE 55.94471428376964 -3.187136326289785 191.1799430847168 87.08429026603699
55.94471428376964 -3.187136326289785 WSW 55.94459947873993 -3.1874134901495386 191.1799430847168 85.83429026603699
55.94459947873993 -3.1874134901495386 ENE 55.94471428376964 -3.187136326289785 191.1799430847168 84.58429026603699
55.94471428376964 -3.187136326289785 SW 55.944502151735286 -3.187348458324141 191.1799430847168 83.33429026603699
55.944502151735286 -3.187348458324141 NE 55.94471428376964 -3.187136326289785 191.1799430847168 82.08429026603699
55.94471428376964 -3.187136326289785 SW 55.944502151735286 -3.187348458324141 191.1799430847168 80.83429026603699
55.944502151735286 -3.187348458324141 NE 55.94471428376964 -3.187136326289785 191.1799430847168 79.58429026603699
55.94471428376964 -3.187136326289785 SW 55.944502151735286 -3.187348458324141 191.1799430847168 78.33429026603699
55.944502151735286 -3.187348458324141 ENE 55.944616956764996 -3.1870712944643875 191.1799430847168 77.08429026603699
55.944616956764996 -3.1870712944643875 WSW 55.944502151735286 -3.187348458324141 191.1799430847168 75.83429026603699
55.944502151735286 -3.187348458324141 WSW 55.944387346705575 -3.1876256221838943 191.1799430847168 74.58429026603699
55.944387346705575 -3.1876256221838943 ENE 55.944502151735286 -3.187348458324141 191.1799430847168 73.33429026603699
55.944502151735286 -3.187348458324141 SE 55.94429001970093 -3.187136326289785 191.1799430847168 72.08429026603699
55.94429001970093 -3.187136326289785 NW 55.944502151735286 -3.187348458324141 191.1799430847168 70.83429026603699
55.944502151735286 -3.187348458324141 WNW 55.944616956764996 -3.1876256221838943 191.1799430847168 69.58429026603699
55.944616956764996 -3.1876256221838943 ESE 55.944502151735286 -3.187348458324141 191.1799430847168 68.33429026603699
55.944502151735286 -3.187348458324141 WNW 55.944616956764996 -3.1876256221838943 191.1799430847168 67.08429026603699
55.944616956764996 -3.1876256221838943 ESE 55.944502151735286 -3.187348458324141 191.1799430847168 65.83429026603699
55.944502151735286 -3.187348458324141 W 55.944502151735286 -3.187648458324141 191.1799430847168 64.58429026603699
55.944502151735286 -3.187648458324141 ENE 55.944616956764996 -3.1873712944643877 191.1799430847168 63.33429026603699
55.944616956764996 -3.1873712944643877 W 55.944616956764996 -3.187671294464388 191.1799430847168 62.08429026603699
55.944616956764996 -3.187671294464388 E 55.944616956764996 -3.1873712944643877 191.1799430847168 60.83429026603699
55.944616956764996 -3.1873712944643877 NW 55.94482908879935 -3.1875834264987435 191.1799430847168 59.58429026603699
55.94482908879935 -3.1875834264987435 E 55.94482908879935 -3.1872834264987433 191.1799430847168 58.33429026603699
55.94482908879935 -3.1872834264987433 W 55.94482908879935 -3.1875834264987435 191.1799430847168 57.08429026603699
55.94482908879935 -3.1875834264987435 ENE 55.94494389382906 -3.18730626263899 191.1799430847168 55.83429026603699
55.94494389382906 -3.18730626263899 WNW 55.94505869885877 -3.1875834264987435 191.1799430847168 54.58429026603699
55.94505869885877 -3.1875834264987435 E 55.94505869885877 -3.1872834264987433 262.9166679382324 55.92511820793152
55.94505869885877 -3.1872834264987433 W 55.94505869885877 -3.1875834264987435 262.9166679382324 54.67511820793152
55.94505869885877 -3.1875834264987435 E 55.94505869885877 -3.1872834264987433 262.9166679382324 53.42511820793152
55.94505869885877 -3.1872834264987433 NNW 55.94533586271853 -3.187398231528453 262.9166679382324 52.17511820793152
55.94533586271853 -3.187398231528453 SSE 55.94505869885877 -3.1872834264987433 262.9166679382324 50.92511820793152
55.94505869885877 -3.1872834264987433 W 55.94505869885877 -3.1875834264987435 262.9166679382324 49.67511820793152
55.94505869885877 -3.1875834264987435 E 55.94505869885877 -3.1872834264987433 262.9166679382324 48.42511820793152
55.94505869885877 -3.1872834264987433 NNE 55.94533586271853 -3.187168621469034 262.9166679382324 47.17511820793152
55.94533586271853 -3.187168621469034 SSW 55.94505869885877 -3.1872834264987433 262.9166679382324 45.92511820793152
55.94505869885877 -3.1872834264987433 NNE 55.94533586271853 -3.187168621469034 262.9166679382324 44.67511820793152
55.94533586271853 -3.187168621469034 WSW 55.94522105768882 -3.187445785328787 262.9166679382324 43.42511820793152
55.94522105768882 -3.187445785328787 E 55.94522105768882 -3.187145785328787 262.9166679382324 42.17511820793152
55.94522105768882 -3.187145785328787 NNW 55.945498221548576 -3.1872605903584965 262.9166679382324 40.92511820793152
55.945498221548576 -3.1872605903584965 SSE 55.94522105768882 -3.187145785328787 262.9166679382324 39.67511820793152
55.94522105768882 -3.187145785328787 NNW 55.945498221548576 -3.1872605903584965 262.9166679382324 38.42511820793152
55.945498221548576 -3.1872605903584965 SSE 55.94522105768882 -3.187145785328787 262.9166679382324 37.17511820793152
55.94522105768882 -3.187145785328787 NNW 55.945498221548576 -3.1872605903584965 262.9166679382324 35.92511820793152
55.945498221548576 -3.1872605903584965 SSE 55.94522105768882 -3.187145785328787 262.9166679382324 34.67511820793152
55.94522105768882 -3.187145785328787 NNW 55.945498221548576 -3.1872605903584965 262.9166679382324 33.42511820793152
55.945498221548576 -3.1872605903584965 S 55.94519822154857 -3.1872605903584965 262.9166679382324 32.17511820793152
55.94519822154857 -3.1872605903584965 N 55.945498221548576 -3.1872605903584965 262.9166679382324 30.92511820793152
55.945498221548576 -3.1872605903584965 SSE 55.94522105768882 -3.187145785328787 262.9166679382324 29.67511820793152
55.94522105768882 -3.187145785328787 NNW 55.945498221548576 -3.1872605903584965 262.9166679382324 28.42511820793152
55.945498221548576 -3.1872605903584965 E 55.945498221548576 -3.1869605903584963 262.9166679382324 27.17511820793152
55.945498221548576 -3.1869605903584963 W 55.945498221548576 -3.1872605903584965 262.9166679382324 25.92511820793152
55.945498221548576 -3.1872605903584965 ENE 55.945613026578286 -3.186983426498743 262.9166679382324 24.67511820793152
55.945613026578286 -3.186983426498743 WSW 55.945498221548576 -3.1872605903584965 262.9166679382324 23.42511820793152
55.945498221548576 -3.1872605903584965 E 55.945498221548576 -3.1869605903584963 262.9166679382324 22.17511820793152
55.945498221548576 -3.1869605903584963 WNW 55.945613026578286 -3.1872377542182497 262.9166679382324 20.92511820793152
55.945613026578286 -3.1872377542182497 E 55.945613026578286 -3.1869377542182495 275.7642755508423 22.089985847473145
55.945613026578286 -3.1869377542182495 WSW 55.945498221548576 -3.187214918078003 275.7642755508423 20.839985847473145
55.945498221548576 -3.187214918078003 ENE 55.945613026578286 -3.1869377542182495 275.7642755508423 19.589985847473145
55.945613026578286 -3.1869377542182495 WSW 55.945498221548576 -3.187214918078003 275.7642755508423 18.339985847473145
55.945498221548576 -3.187214918078003 ENE 55.945613026578286 -3.1869377542182495 275.7642755508423 17.089985847473145
