55.944425 -3.188396 NNE 55.94470216385976 -3.1882811949702905 0.0 248.75
55.94470216385976 -3.1882811949702905 S 55.944402163859756 -3.1882811949702905 0.0 247.5
55.944402163859756 -3.1882811949702905 WSW 55.944287358830046 -3.188558358830044 0.0 246.25
55.944287358830046 -3.188558358830044 ENE 55.944402163859756 -3.1882811949702905 0.0 245.0
55.944402163859756 -3.1882811949702905 SW 55.9441900318254 -3.1884933270046463 0.0 243.75
55.9441900318254 -3.1884933270046463 ENE 55.94430483685511 -3.188216163144893 0.0 242.5
55.94430483685511 -3.188216163144893 WSW 55.9441900318254 -3.1884933270046463 0.0 241.25
55.9441900318254 -3.1884933270046463 W 55.9441900318254 -3.1887933270046465 0.0 240.0
55.9441900318254 -3.1887933270046465 E 55.9441900318254 -3.1884933270046463 0.0 238.75
55.9441900318254 -3.1884933270046463 SSW 55.94391286796564 -3.188608132034356 0.0 237.5
55.94391286796564 -3.188608132034356 NNE 55.9441900318254 -3.1884933270046463 0.0 236.25
55.9441900318254 -3.1884933270046463 SE 55.943977899791044 -3.1882811949702905 0.0 235.0
55.943977899791044 -3.1882811949702905 NW 55.9441900318254 -3.1884933270046463 0.0 233.75
55.9441900318254 -3.1884933270046463 SSE 55.94391286796564 -3.1883785219749368 0.0 232.5
55.94391286796564 -3.1883785219749368 NNW 55.9441900318254 -3.1884933270046463 0.0 231.25
55.9441900318254 -3.1884933270046463 SSE 55.94391286796564 -3.1883785219749368 0.0 230.0
55.94391286796564 -3.1883785219749368 NNW 55.9441900318254 -3.1884933270046463 0.0 228.75
55.9441900318254 -3.1884933270046463 S 55.9438900318254 -3.1884933270046463 0.0 227.5
55.9438900318254 -3.1884933270046463 N 55.9441900318254 -3.1884933270046463 0.0 226.25
55.9441900318254 -3.1884933270046463 S 55.9438900318254 -3.1884933270046463 0.0 225.0
55.9438900318254 -3.1884933270046463 NNW 55.944167195685154 -3.188608132034356 0.0 223.75
55.944167195685154 -3.188608132034356 SSE 55.9438900318254 -3.1884933270046463 0.0 222.5
55.9438900318254 -3.1884933270046463 NE 55.94410216385975 -3.1882811949702905 0.0 221.25
55.94410216385975 -3.1882811949702905 SW 55.9438900318254 -3.1884933270046463 0.0 220.0
55.9438900318254 -3.1884933270046463 E 55.9438900318254 -3.188193327004646 0.0 218.75
55.9438900318254 -3.188193327004646 W 55.9438900318254 -3.1884933270046463 0.0 217.5
55.9438900318254 -3.1884933270046463 E 55.9438900318254 -3.188193327004646 0.0 216.25
55.9438900318254 -3.188193327004646 W 55.9438900318254 -3.1884933270046463 0.0 215.0
55.9438900318254 -3.1884933270046463 E 55.9438900318254 -3.188193327004646 0.0 213.75
55.9438900318254 -3.188193327004646 WSW 55.94377522679569 -3.1884704908643995 0.0 212.5
55.94377522679569 -3.1884704908643995 ENE 55.9438900318254 -3.188193327004646 0.0 211.25
55.9438900318254 -3.188193327004646 W 55.9438900318254 -3.1884933270046463 0.0 210.0
55.9438900318254 -3.1884933270046463 E 55.9438900318254 -3.188193327004646 0.0 208.75
55.9438900318254 -3.188193327004646 SSW 55.94361286796564 -3.1883081320343556 0.0 207.5
55.94361286796564 -3.1883081320343556 NNE 55.9438900318254 -3.188193327004646 0.0 206.25
55.9438900318254 -3.188193327004646 SSW 55.94361286796564 -3.1883081320343556 0.0 205.0
55.94361286796564 -3.1883081320343556 NE 55.943825 -3.188096 0.0 203.75
55.943825 -3.188096 SW 55.94361286796564 -3.1883081320343556 0.0 202.5
55.94361286796564 -3.1883081320343556 NE 55.943825 -3.188096 0.0 201.25
55.943825 -3.188096 SW 55.94361286796564 -3.1883081320343556 0.0 200.0
55.94361286796564 -3.1883081320343556 ENE 55.94372767299535 -3.188030968174602 0.0 198.75
55.94372767299535 -3.188030968174602 WSW 55.94361286796564 -3.1883081320343556 0.0 197.5
55.94361286796564 -3.1883081320343556 E 55.94361286796564 -3.1880081320343554 0.0 196.25
55.94361286796564 -3.1880081320343554 W 55.94361286796564 -3.1883081320343556 0.0 195.0
55.94361286796564 -3.1883081320343556 E 55.94361286796564 -3.1880081320343554 0.0 193.75
55.94361286796564 -3.1880081320343554 NW 55.943825 -3.188220264068711 0.0 192.5
55.943825 -3.188220264068711 SE 55.94361286796564 -3.1880081320343554 0.0 191.25
55.94361286796564 -3.1880081320343554 SW 55.943400735931284 -3.188220264068711 0.0 190.0
55.943400735931284 -3.188220264068711 NE 55.94361286796564 -3.1880081320343554 0.0 188.75
55.94361286796564 -3.1880081320343554 NE 55.943825 -3.1877959999999996 0.0 187.5
55.943825 -3.1877959999999996 SW 55.94361286796564 -3.1880081320343554 0.0 186.25
55.94361286796564 -3.1880081320343554 NNE 55.9438900318254 -3.187893327004646 0.0 185.0
55.9438900318254 -3.187893327004646 SW 55.94367789979104 -3.1881054590390017 0.0 183.75
55.94367789979104 -3.1881054590390017 NNE 55.9439550636508 -3.187990654009292 0.0 182.5
55.9439550636508 -3.187990654009292 SW 55.94374293161644 -3.188202786043648 0.0 181.25
55.94374293161644 -3.188202786043648 NE 55.9439550636508 -3.187990654009292 0.0 180.0
55.9439550636508 -3.187990654009292 WSW 55.94384025862109 -3.1882678178690456 0.0 178.75
55.94384025862109 -3.1882678178690456 ENE 55.9439550636508 -3.187990654009292 0.0 177.5
55.9439550636508 -3.187990654009292 W 55.9439550636508 -3.1882906540092923 0.0 176.25
55.9439550636508 -3.1882906540092923 E 55.9439550636508 -3.187990654009292 0.0 175.0
55.9439550636508 -3.187990654009292 WSW 55.94384025862109 -3.1882678178690456 0.0 173.75
55.94384025862109 -3.1882678178690456 NE 55.94405239065544 -3.18805568583469 0.0 172.5
55.94405239065544 -3.18805568583469 WSW 55.94393758562573 -3.188332849694443 0.0 171.25
55.94393758562573 -3.188332849694443 ENE 55.94405239065544 -3.18805568583469 0.0 170.0
55.94405239065544 -3.18805568583469 WSW 55.94393758562573 -3.188332849694443 0.0 168.75
55.94393758562573 -3.188332849694443 NE 55.94414971766009 -3.1881207176600874 0.0 167.5
55.94414971766009 -3.1881207176600874 WSW 55.94403491263038 -3.188397881519841 0.0 166.25
55.94403491263038 -3.188397881519841 ENE 55.94414971766009 -3.1881207176600874 0.0 165.0
55.94414971766009 -3.1881207176600874 SSW 55.94387255380033 -3.188235522689797 0.0 163.75
55.94387255380033 -3.188235522689797 NNE 55.94414971766009 -3.1881207176600874 0.0 162.5
55.94414971766009 -3.1881207176600874 NNW 55.944426881519846 -3.188235522689797 0.0 161.25
55.944426881519846 -3.188235522689797 SSE 55.94414971766009 -3.1881207176600874 0.0 160.0
55.94414971766009 -3.1881207176600874 NW 55.944361849694445 -3.188332849694443 0.0 158.75
55.944361849694445 -3.188332849694443 SE 55.94414971766009 -3.1881207176600874 0.0 157.5
55.94414971766009 -3.1881207176600874 NW 55.944361849694445 -3.188332849694443 0.0 156.25
55.944361849694445 -3.188332849694443 ESE 55.944247044664735 -3.18805568583469 0.0 155.0
55.944247044664735 -3.18805568583469 WNW 55.944361849694445 -3.188332849694443 0.0 153.75
55.944361849694445 -3.188332849694443 SE 55.94414971766009 -3.1881207176600874 0.0 152.5
55.94414971766009 -3.1881207176600874 NW 55.944361849694445 -3.188332849694443 0.0 151.25
55.944361849694445 -3.188332849694443 NW 55.9445739817288 -3.188544981728799 0.0 150.0
55.9445739817288 -3.188544981728799 SE 55.944361849694445 -3.188332849694443 0.0 148.75
55.944361849694445 -3.188332849694443 WNW 55.944476654724156 -3.1886100135541966 0.0 147.5
55.944476654724156 -3.1886100135541966 ESE 55.944361849694445 -3.188332849694443 0.0 146.25
55.944361849694445 -3.188332849694443 WNW 55.944476654724156 -3.1886100135541966 0.0 145.0
55.944476654724156 -3.1886100135541966 ESE 55.944361849694445 -3.188332849694443 0.0 143.75
55.944361849694445 -3.188332849694443 ENE 55.944476654724156 -3.18805568583469 0.0 142.5
55.944476654724156 -3.18805568583469 WSW 55.944361849694445 -3.188332849694443 0.0 141.25
55.944361849694445 -3.188332849694443 ENE 55.944476654724156 -3.18805568583469 0.0 140.0
55.944476654724156 -3.18805568583469 WSW 55.944361849694445 -3.188332849694443 0.0 138.75
55.944361849694445 -3.188332849694443 ENE 55.944476654724156 -3.18805568583469 0.0 137.5
55.944476654724156 -3.18805568583469 WNW 55.944591459753866 -3.188332849694443 0.0 136.25
55.944591459753866 -3.188332849694443 ESE 55.944476654724156 -3.18805568583469 0.0 135.0
55.944476654724156 -3.18805568583469 WNW 55.944591459753866 -3.188332849694443 0.0 133.75
55.944591459753866 -3.188332849694443 E 55.944591459753866 -3.188032849694443 0.0 132.5
55.944591459753866 -3.188032849694443 W 55.944591459753866 -3.188332849694443 0.0 131.25
55.944591459753866 -3.188332849694443 N 55.94489145975387 -3.188332849694443 0.0 130.0
55.94489145975387 -3.188332849694443 SSE 55.94461429589411 -3.1882180446647337 0.0 128.75
55.94461429589411 -3.1882180446647337 W 55.94461429589411 -3.188518044664734 0.0 127.5
55.94461429589411 -3.188518044664734 ENE 55.94472910092382 -3.1882408808049805 0.0 126.25
55.94472910092382 -3.1882408808049805 W 55.94472910092382 -3.1885408808049807 0.0 125.0
55.94472910092382 -3.1885408808049807 ENE 55.94484390595353 -3.1882637169452273 0.0 123.75
55.94484390595353 -3.1882637169452273 W 55.94484390595353 -3.1885637169452274 0.0 122.5
55.94484390595353 -3.1885637169452274 E 55.94484390595353 -3.1882637169452273 0.0 121.25
55.94484390595353 -3.1882637169452273 W 55.94484390595353 -3.1885637169452274 0.0 120.0
55.94484390595353 -3.1885637169452274 E 55.94484390595353 -3.1882637169452273 0.0 118.75
55.94484390595353 -3.1882637169452273 W 55.94484390595353 -3.1885637169452274 0.0 117.5
55.94484390595353 -3.1885637169452274 ENE 55.944958710983244 -3.188286553085474 0.0 116.25
55.944958710983244 -3.188286553085474 S 55.94465871098324 -3.188286553085474 0.0 115.0
55.94465871098324 -3.188286553085474 N 55.944958710983244 -3.188286553085474 0.0 113.75
55.944958710983244 -3.188286553085474 NNW 55.945235874843 -3.1884013581151835 0.8936217427253723 124.29021835327148
55.945235874843 -3.1884013581151835 SSE 55.944958710983244 -3.188286553085474 0.8936217427253723 123.04021835327148
55.944958710983244 -3.188286553085474 SE 55.94474657894889 -3.1880744210511183 0.8936217427253723 121.79021835327148
55.94474657894889 -3.1880744210511183 NW 55.944958710983244 -3.188286553085474 0.8936217427253723 120.54021835327148
55.944958710983244 -3.188286553085474 ESE 55.94484390595353 -3.1880093892257206 0.8936217427253723 119.29021835327148
55.94484390595353 -3.1880093892257206 WNW 55.944958710983244 -3.188286553085474 0.8936217427253723 118.04021835327148
55.944958710983244 -3.188286553085474 ESE 55.94484390595353 -3.1880093892257206 0.8936217427253723 116.79021835327148
55.94484390595353 -3.1880093892257206 W 55.94484390595353 -3.188309389225721 0.8936217427253723 115.54021835327148
55.94484390595353 -3.188309389225721 E 55.94484390595353 -3.1880093892257206 0.8936217427253723 114.29021835327148
55.94484390595353 -3.1880093892257206 W 55.94484390595353 -3.188309389225721 0.8936217427253723 113.04021835327148
55.94484390595353 -3.188309389225721 NNW 55.94512106981329 -3.1884241942554303 0.8936217427253723 111.79021835327148
55.94512106981329 -3.1884241942554303 SSE 55.94484390595353 -3.188309389225721 0.8936217427253723 110.54021835327148
55.94484390595353 -3.188309389225721 NW 55.94505603798789 -3.1885215212600766 0.8936217427253723 109.29021835327148
55.94505603798789 -3.1885215212600766 SE 55.94484390595353 -3.188309389225721 0.8936217427253723 108.04021835327148
55.94484390595353 -3.188309389225721 NNW 55.94512106981329 -3.1884241942554303 0.8936217427253723 106.79021835327148
55.94512106981329 -3.1884241942554303 SSE 55.94484390595353 -3.188309389225721 0.8936217427253723 105.54021835327148
55.94484390595353 -3.188309389225721 NW 55.94505603798789 -3.1885215212600766 0.8936217427253723 104.29021835327148
55.94505603798789 -3.1885215212600766 SE 55.94484390595353 -3.188309389225721 0.8936217427253723 103.04021835327148
55.94484390595353 -3.188309389225721 NW 55.94505603798789 -3.1885215212600766 0.8936217427253723 101.79021835327148
55.94505603798789 -3.1885215212600766 E 55.94505603798789 -3.1882215212600764 0.8936217427253723 100.54021835327148
55.94505603798789 -3.1882215212600764 W 55.94505603798789 -3.1885215212600766 0.8936217427253723 99.29021835327148
55.94505603798789 -3.1885215212600766 E 55.94505603798789 -3.1882215212600764 0.8936217427253723 98.04021835327148
55.94505603798789 -3.1882215212600764 WSW 55.94494123295818 -3.18849868511983 0.8936217427253723 96.79021835327148
55.94494123295818 -3.18849868511983 ENE 55.94505603798789 -3.1882215212600764 0.8936217427253723 95.54021835327148
55.94505603798789 -3.1882215212600764 ESE 55.94494123295818 -3.187944357400323 0.8936217427253723 94.29021835327148
55.94494123295818 -3.187944357400323 WNW 55.94505603798789 -3.1882215212600764 0.8936217427253723 93.04021835327148
55.94505603798789 -3.1882215212600764 SW 55.94484390595353 -3.188433653294432 55.878473579883575 173.4688606262207
55.94484390595353 -3.188433653294432 NE 55.94505603798789 -3.1882215212600764 55.878473579883575 172.2188606262207
55.94505603798789 -3.1882215212600764 W 55.94505603798789 -3.1885215212600766 55.878473579883575 170.9688606262207
55.94505603798789 -3.1885215212600766 ENE 55.9451708430176 -3.188244357400323 55.878473579883575 169.7188606262207
55.9451708430176 -3.188244357400323 WSW 55.94505603798789 -3.1885215212600766 55.878473579883575 168.4688606262207
55.94505603798789 -3.1885215212600766 ENE 55.9451708430176 -3.188244357400323 55.878473579883575 167.2188606262207
55.9451708430176 -3.188244357400323 WSW 55.94505603798789 -3.1885215212600766 55.878473579883575 165.9688606262207
55.94505603798789 -3.1885215212600766 ENE 55.9451708430176 -3.188244357400323 55.878473579883575 164.7188606262207
55.9451708430176 -3.188244357400323 WSW 55.94505603798789 -3.1885215212600766 55.878473579883575 163.4688606262207
55.94505603798789 -3.1885215212600766 ENE 55.9451708430176 -3.188244357400323 55.878473579883575 162.2188606262207
55.9451708430176 -3.188244357400323 NE 55.945382975051956 -3.1880322253659674 55.878473579883575 160.9688606262207
55.945382975051956 -3.1880322253659674 SW 55.9451708430176 -3.188244357400323 55.878473579883575 159.7188606262207
55.9451708430176 -3.188244357400323 E 55.9451708430176 -3.187944357400323 55.878473579883575 158.4688606262207
55.9451708430176 -3.187944357400323 WNW 55.94528564804731 -3.1882215212600764 55.878473579883575 157.2188606262207
55.94528564804731 -3.1882215212600764 ESE 55.9451708430176 -3.187944357400323 55.878473579883575 155.9688606262207
55.9451708430176 -3.187944357400323 WNW 55.94528564804731 -3.1882215212600764 55.878473579883575 154.7188606262207
55.94528564804731 -3.1882215212600764 ESE 55.9451708430176 -3.187944357400323 55.878473579883575 153.4688606262207
55.9451708430176 -3.187944357400323 WNW 55.94528564804731 -3.1882215212600764 55.878473579883575 152.2188606262207
55.94528564804731 -3.1882215212600764 ESE 55.9451708430176 -3.187944357400323 55.878473579883575 150.9688606262207
55.9451708430176 -3.187944357400323 WSW 55.94505603798789 -3.1882215212600764 55.878473579883575 149.7188606262207
55.94505603798789 -3.1882215212600764 ENE 55.9451708430176 -3.187944357400323 55.878473579883575 148.4688606262207
55.9451708430176 -3.187944357400323 WSW 55.94505603798789 -3.1882215212600764 55.878473579883575 147.2188606262207
55.94505603798789 -3.1882215212600764 ESE 55.94494123295818 -3.187944357400323 55.878473579883575 145.9688606262207
55.94494123295818 -3.187944357400323 NW 55.945153364992535 -3.1881564894346788 55.878473579883575 144.7188606262207
55.945153364992535 -3.1881564894346788 SE 55.94494123295818 -3.187944357400323 55.878473579883575 143.4688606262207
55.94494123295818 -3.187944357400323 WNW 55.94505603798789 -3.1882215212600764 55.878473579883575 142.2188606262207
55.94505603798789 -3.1882215212600764 ESE 55.94494123295818 -3.187944357400323 55.878473579883575 140.9688606262207
55.94494123295818 -3.187944357400323 NNW 55.945218396817936 -3.1880591624300325 55.878473579883575 139.7188606262207
55.945218396817936 -3.1880591624300325 SSE 55.94494123295818 -3.187944357400323 55.878473579883575 138.4688606262207
55.94494123295818 -3.187944357400323 NNE 55.945218396817936 -3.1878295523706135 55.878473579883575 137.2188606262207
55.945218396817936 -3.1878295523706135 SSW 55.94494123295818 -3.187944357400323 55.878473579883575 135.9688606262207
55.94494123295818 -3.187944357400323 S 55.944641232958176 -3.187944357400323 55.878473579883575 134.7188606262207
55.944641232958176 -3.187944357400323 N 55.94494123295818 -3.187944357400323 55.878473579883575 133.4688606262207
55.94494123295818 -3.187944357400323 S 55.944641232958176 -3.187944357400323 55.878473579883575 132.2188606262207
55.944641232958176 -3.187944357400323 NNW 55.94491839681793 -3.1880591624300325 55.878473579883575 130.9688606262207
55.94491839681793 -3.1880591624300325 SSE 55.944641232958176 -3.187944357400323 55.878473579883575 129.7188606262207
55.944641232958176 -3.187944357400323 NNW 55.94491839681793 -3.1880591624300325 55.878473579883575 128.4688606262207
55.94491839681793 -3.1880591624300325 SSE 55.944641232958176 -3.187944357400323 55.878473579883575 127.2188606262207
55.944641232958176 -3.187944357400323 NNW 55.94491839681793 -3.1880591624300325 55.878473579883575 125.9688606262207
55.94491839681793 -3.1880591624300325 SSE 55.944641232958176 -3.187944357400323 55.878473579883575 124.7188606262207
55.944641232958176 -3.187944357400323 NNW 55.94491839681793 -3.1880591624300325 55.878473579883575 123.4688606262207
55.94491839681793 -3.1880591624300325 SSE 55.944641232958176 -3.187944357400323 55.878473579883575 122.2188606262207
55.944641232958176 -3.187944357400323 NNW 55.94491839681793 -3.1880591624300325 55.878473579883575 120.9688606262207
55.94491839681793 -3.1880591624300325 SSE 55.944641232958176 -3.187944357400323 55.878473579883575 119.7188606262207
55.944641232958176 -3.187944357400323 ESE 55.944526427928466 -3.1876671935405696 55.878473579883575 118.4688606262207
55.944526427928466 -3.1876671935405696 WNW 55.944641232958176 -3.187944357400323 55.878473579883575 117.2188606262207
55.944641232958176 -3.187944357400323 N 55.94494123295818 -3.187944357400323 55.878473579883575 115.9688606262207
55.94494123295818 -3.187944357400323 SSE 55.94466406909842 -3.1878295523706135 55.878473579883575 114.7188606262207
55.94466406909842 -3.1878295523706135 W 55.94466406909842 -3.1881295523706137 55.878473579883575 113.4688606262207
55.94466406909842 -3.1881295523706137 E 55.94466406909842 -3.1878295523706135 55.878473579883575 112.2188606262207
55.94466406909842 -3.1878295523706135 W 55.94466406909842 -3.1881295523706137 55.878473579883575 110.9688606262207
55.94466406909842 -3.1881295523706137 E 55.94466406909842 -3.1878295523706135 55.878473579883575 109.7188606262207
55.94466406909842 -3.1878295523706135 SW 55.944451937064066 -3.1880416844049693 55.878473579883575 108.4688606262207
55.944451937064066 -3.1880416844049693 NE 55.94466406909842 -3.1878295523706135 55.878473579883575 107.2188606262207
55.94466406909842 -3.1878295523706135 S 55.94436406909842 -3.1878295523706135 55.878473579883575 105.9688606262207
55.94436406909842 -3.1878295523706135 N 55.94466406909842 -3.1878295523706135 55.878473579883575 104.7188606262207
55.94466406909842 -3.1878295523706135 S 55.94436406909842 -3.1878295523706135 55.878473579883575 103.4688606262207
55.94436406909842 -3.1878295523706135 N 55.94466406909842 -3.1878295523706135 55.878473579883575 102.2188606262207
55.94466406909842 -3.1878295523706135 S 55.94436406909842 -3.1878295523706135 55.878473579883575 100.9688606262207
55.94436406909842 -3.1878295523706135 N 55.94466406909842 -3.1878295523706135 55.878473579883575 99.7188606262207
55.94466406909842 -3.1878295523706135 SSW 55.944386905238666 -3.187944357400323 55.878473579883575 98.4688606262207
55.944386905238666 -3.187944357400323 N 55.94468690523867 -3.187944357400323 55.878473579883575 97.2188606262207
55.94468690523867 -3.187944357400323 SSW 55.94440974137891 -3.1880591624300325 55.878473579883575 95.9688606262207
55.94440974137891 -3.1880591624300325 NNE 55.94468690523867 -3.187944357400323 55.878473579883575 94.7188606262207
55.94468690523867 -3.187944357400323 WSW 55.94457210020896 -3.1882215212600764 55.878473579883575 93.4688606262207
55.94457210020896 -3.1882215212600764 E 55.94457210020896 -3.187921521260076 55.878473579883575 92.2188606262207
55.94457210020896 -3.187921521260076 WSW 55.94445729517925 -3.1881986851198296 55.878473579883575 90.9688606262207
55.94445729517925 -3.1881986851198296 ENE 55.94457210020896 -3.187921521260076 55.878473579883575 89.7188606262207
55.94457210020896 -3.187921521260076 SW 55.9443599681746 -3.188133653294432 55.878473579883575 88.4688606262207
55.9443599681746 -3.188133653294432 NE 55.94457210020896 -3.187921521260076 55.878473579883575 87.2188606262207
55.94457210020896 -3.187921521260076 SW 55.9443599681746 -3.188133653294432 55.878473579883575 85.9688606262207
55.9443599681746 -3.188133653294432 NE 55.94457210020896 -3.187921521260076 55.878473579883575 84.7188606262207
55.94457210020896 -3.187921521260076 SW 55.9443599681746 -3.188133653294432 55.878473579883575 83.4688606262207
55.9443599681746 -3.188133653294432 NE 55.94457210020896 -3.187921521260076 55.878473579883575 82.2188606262207
55.94457210020896 -3.187921521260076 SW 55.9443599681746 -3.188133653294432 55.878473579883575 80.9688606262207
55.9443599681746 -3.188133653294432 E 55.9443599681746 -3.187833653294432 55.878473579883575 79.7188606262207
55.9443599681746 -3.187833653294432 W 55.9443599681746 -3.188133653294432 55.878473579883575 78.4688606262207
55.9443599681746 -3.188133653294432 E 55.9443599681746 -3.187833653294432 55.878473579883575 77.2188606262207
55.9443599681746 -3.187833653294432 W 55.9443599681746 -3.188133653294432 55.878473579883575 75.9688606262207
55.9443599681746 -3.188133653294432 E 55.9443599681746 -3.187833653294432 55.878473579883575 74.7188606262207
55.9443599681746 -3.187833653294432 SE 55.944147836140246 -3.187621521260076 55.878473579883575 73.4688606262207
55.944147836140246 -3.187621521260076 NW 55.9443599681746 -3.187833653294432 55.878473579883575 72.2188606262207
55.9443599681746 -3.187833653294432 W 55.9443599681746 -3.188133653294432 55.878473579883575 70.9688606262207
55.9443599681746 -3.188133653294432 E 55.9443599681746 -3.187833653294432 55.878473579883575 69.7188606262207
55.9443599681746 -3.187833653294432 ESE 55.94424516314489 -3.1875564894346784 55.878473579883575 68.4688606262207
55.94424516314489 -3.1875564894346784 WNW 55.9443599681746 -3.187833653294432 55.878473579883575 67.2188606262207
55.9443599681746 -3.187833653294432 ESE 55.94424516314489 -3.1875564894346784 55.878473579883575 65.9688606262207
55.94424516314489 -3.1875564894346784 WNW 55.9443599681746 -3.187833653294432 55.878473579883575 64.7188606262207
55.9443599681746 -3.187833653294432 ESE 55.94424516314489 -3.1875564894346784 55.878473579883575 63.4688606262207
55.94424516314489 -3.1875564894346784 NNW 55.94452232700465 -3.187671294464388 55.878473579883575 62.2188606262207
55.94452232700465 -3.187671294464388 SSE 55.94424516314489 -3.1875564894346784 55.878473579883575 60.9688606262207
55.94424516314489 -3.1875564894346784 NE 55.94445729517925 -3.1873443574003226 55.878473579883575 59.7188606262207
55.94445729517925 -3.1873443574003226 SW 55.94424516314489 -3.1875564894346784 55.878473579883575 58.4688606262207
55.94424516314489 -3.1875564894346784 NE 55.94445729517925 -3.1873443574003226 55.878473579883575 57.2188606262207
55.94445729517925 -3.1873443574003226 WSW 55.94434249014954 -3.187621521260076 55.878473579883575 55.9688606262207
55.94434249014954 -3.187621521260076 ENE 55.94445729517925 -3.1873443574003226 55.878473579883575 54.7188606262207
55.94445729517925 -3.1873443574003226 W 55.94445729517925 -3.187644357400323 55.878473579883575 53.4688606262207
55.94445729517925 -3.187644357400323 E 55.94445729517925 -3.1873443574003226 55.878473579883575 52.2188606262207
55.94445729517925 -3.1873443574003226 NNW 55.944734459039005 -3.187459162430032 55.878473579883575 50.9688606262207
55.944734459039005 -3.187459162430032 SSE 55.94445729517925 -3.1873443574003226 55.878473579883575 49.7188606262207
55.94445729517925 -3.1873443574003226 NNW 55.944734459039005 -3.187459162430032 55.878473579883575 48.4688606262207
55.944734459039005 -3.187459162430032 SSE 55.94445729517925 -3.1873443574003226 55.878473579883575 47.2188606262207
55.94445729517925 -3.1873443574003226 N 55.94475729517925 -3.1873443574003226 55.878473579883575 45.9688606262207
55.94475729517925 -3.1873443574003226 SSW 55.944480131319494 -3.187459162430032 55.878473579883575 44.7188606262207
55.944480131319494 -3.187459162430032 NNE 55.94475729517925 -3.1873443574003226 55.878473579883575 43.4688606262207
55.94475729517925 -3.1873443574003226 SSW 55.944480131319494 -3.187459162430032 55.878473579883575 42.2188606262207
55.944480131319494 -3.187459162430032 NNE 55.94475729517925 -3.1873443574003226 55.878473579883575 40.9688606262207
55.94475729517925 -3.1873443574003226 SSW 55.944480131319494 -3.187459162430032 55.878473579883575 39.7188606262207
55.944480131319494 -3.187459162430032 NNW 55.94475729517925 -3.1875739674597416 55.878473579883575 38.4688606262207
55.94475729517925 -3.1875739674597416 SSE 55.944480131319494 -3.187459162430032 55.878473579883575 37.2188606262207
55.944480131319494 -3.187459162430032 NNW 55.94475729517925 -3.1875739674597416 55.878473579883575 35.9688606262207
55.94475729517925 -3.1875739674597416 SSE 55.944480131319494 -3.187459162430032 55.878473579883575 34.7188606262207
55.944480131319494 -3.187459162430032 NW 55.94469226335385 -3.187671294464388 55.878473579883575 33.4688606262207
55.94469226335385 -3.187671294464388 S 55.94439226335385 -3.187671294464388 55.878473579883575 32.2188606262207
55.94439226335385 -3.187671294464388 N 55.94469226335385 -3.187671294464388 55.878473579883575 30.968860626220703
