55.944425 -3.188396 WNW 55.94453980502971 -3.1886731638597534 0.0 248.75
55.94453980502971 -3.1886731638597534 E 55.94453980502971 -3.1883731638597532 0.0 247.5
55.94453980502971 -3.1883731638597532 SE 55.94432767299536 -3.1881610318253975 0.0 246.25
55.94432767299536 -3.1881610318253975 NW 55.94453980502971 -3.1883731638597532 0.0 245.0
55.94453980502971 -3.1883731638597532 SSE 55.944262641169956 -3.1882583588300437 0.0 243.75
55.944262641169956 -3.1882583588300437 NNW 55.94453980502971 -3.1883731638597532 0.0 242.5
55.94453980502971 -3.1883731638597532 SSE 55.944262641169956 -3.1882583588300437 0.0 241.25
55.944262641169956 -3.1882583588300437 NNW 55.94453980502971 -3.1883731638597532 0.0 240.0
55.94453980502971 -3.1883731638597532 ESE 55.944425 -3.188096 0.0 238.75
55.944425 -3.188096 NW 55.94463713203436 -3.1883081320343556 0.0 237.5
55.94463713203436 -3.1883081320343556 E 55.94463713203436 -3.1880081320343554 0.0 236.25
55.94463713203436 -3.1880081320343554 W 55.94463713203436 -3.1883081320343556 0.0 235.0
55.94463713203436 -3.1883081320343556 WSW 55.94452232700465 -3.188585295894109 0.0 233.75
55.94452232700465 -3.188585295894109 ENE 55.94463713203436 -3.1883081320343556 0.0 232.5
55.94463713203436 -3.1883081320343556 NE 55.944849264068715 -3.188096 0.0 231.25
55.944849264068715 -3.188096 SW 55.94463713203436 -3.1883081320343556 0.0 230.0
55.94463713203436 -3.1883081320343556 NNW 55.944914295894115 -3.188422937064065 0.0 228.75
55.944914295894115 -3.188422937064065 S 55.94461429589411 -3.188422937064065 0.0 227.5
55.94461429589411 -3.188422937064065 NE 55.94482642792847 -3.1882108050297093 0.0 226.25
55.94482642792847 -3.1882108050297093 SW 55.94461429589411 -3.188422937064065 0.0 225.0
55.94461429589411 -3.188422937064065 ESE 55.9444994908644 -3.1881457732043117 0.0 223.75
55.9444994908644 -3.1881457732043117 WNW 55.94461429589411 -3.188422937064065 0.0 222.5
55.94461429589411 -3.188422937064065 SE 55.944402163859756 -3.1882108050297093 0.0 221.25
55.944402163859756 -3.1882108050297093 WNW 55.94451696888947 -3.1884879688894627 0.0 220.0
55.94451696888947 -3.1884879688894627 WSW 55.944402163859756 -3.188765132749216 0.0 218.75
55.944402163859756 -3.188765132749216 ENE 55.94451696888947 -3.1884879688894627 0.0 217.5
55.94451696888947 -3.1884879688894627 W 55.94451696888947 -3.188787968889463 0.0 216.25
55.94451696888947 -3.188787968889463 E 55.94451696888947 -3.1884879688894627 0.0 215.0
55.94451696888947 -3.1884879688894627 WSW 55.944402163859756 -3.188765132749216 0.0 213.75
55.944402163859756 -3.188765132749216 NE 55.94461429589411 -3.1885530007148604 0.0 212.5
55.94461429589411 -3.1885530007148604 W 55.94461429589411 -3.1888530007148606 0.0 211.25
55.94461429589411 -3.1888530007148606 E 55.94461429589411 -3.1885530007148604 0.0 210.0
55.94461429589411 -3.1885530007148604 WNW 55.94472910092382 -3.1888301645746138 0.0 208.75
55.94472910092382 -3.1888301645746138 E 55.94472910092382 -3.1885301645746136 0.0 207.5
55.94472910092382 -3.1885301645746136 W 55.94472910092382 -3.1888301645746138 0.0 206.25
55.94472910092382 -3.1888301645746138 ENE 55.94484390595353 -3.1885530007148604 0.0 205.0
55.94484390595353 -3.1885530007148604 W 55.94484390595353 -3.1888530007148606 0.0 203.75
55.94484390595353 -3.1888530007148606 E 55.94484390595353 -3.1885530007148604 0.0 202.5
55.94484390595353 -3.1885530007148604 W 55.94484390595353 -3.1888530007148606 0.0 201.25
55.94484390595353 -3.1888530007148606 ESE 55.94472910092382 -3.188575836855107 0.0 200.0
55.94472910092382 -3.188575836855107 WNW 55.94484390595353 -3.1888530007148606 0.0 198.75
55.94484390595353 -3.1888530007148606 NE 55.94505603798789 -3.188640868680505 52.21623992919922 314.28646087646484
55.94505603798789 -3.188640868680505 SW 55.94484390595353 -3.1888530007148606 52.21623992919922 313.03646087646484
55.94484390595353 -3.1888530007148606 SE 55.94463177391918 -3.188640868680505 52.21623992919922 311.78646087646484
55.94463177391918 -3.188640868680505 NW 55.94484390595353 -3.1888530007148606 52.21623992919922 310.53646087646484
55.94484390595353 -3.1888530007148606 W 55.94484390595353 -3.1891530007148607 52.21623992919922 309.28646087646484
55.94484390595353 -3.1891530007148607 E 55.94484390595353 -3.1888530007148606 52.21623992919922 308.03646087646484
55.94484390595353 -3.1888530007148606 W 55.94484390595353 -3.1891530007148607 52.21623992919922 306.78646087646484
55.94484390595353 -3.1891530007148607 E 55.94484390595353 -3.1888530007148606 52.21623992919922 305.53646087646484
55.94484390595353 -3.1888530007148606 W 55.94484390595353 -3.1891530007148607 52.21623992919922 304.28646087646484
55.94484390595353 -3.1891530007148607 ENE 55.944958710983244 -3.1888758368551073 52.21623992919922 303.03646087646484
55.944958710983244 -3.1888758368551073 WSW 55.94484390595353 -3.1891530007148607 52.21623992919922 301.78646087646484
55.94484390595353 -3.1891530007148607 ENE 55.944958710983244 -3.1888758368551073 52.21623992919922 300.53646087646484
55.944958710983244 -3.1888758368551073 ESE 55.94484390595353 -3.188598672995354 52.21623992919922 299.28646087646484
55.94484390595353 -3.188598672995354 WNW 55.944958710983244 -3.1888758368551073 52.21623992919922 298.03646087646484
55.944958710983244 -3.1888758368551073 N 55.945258710983246 -3.1888758368551073 52.21623992919922 296.78646087646484
55.945258710983246 -3.1888758368551073 S 55.944958710983244 -3.1888758368551073 52.21623992919922 295.53646087646484
55.944958710983244 -3.1888758368551073 NNE 55.945235874843 -3.188761031825398 52.21623992919922 294.28646087646484
55.945235874843 -3.188761031825398 S 55.944935874843 -3.188761031825398 52.21623992919922 293.03646087646484
55.944935874843 -3.188761031825398 N 55.945235874843 -3.188761031825398 52.21623992919922 291.78646087646484
55.945235874843 -3.188761031825398 WSW 55.94512106981329 -3.1890381956851512 52.21623992919922 290.53646087646484
55.94512106981329 -3.1890381956851512 ENE 55.945235874843 -3.188761031825398 52.21623992919922 289.28646087646484
55.945235874843 -3.188761031825398 ENE 55.94535067987271 -3.1884838679656444 52.21623992919922 288.03646087646484
55.94535067987271 -3.1884838679656444 WSW 55.945235874843 -3.188761031825398 52.21623992919922 286.78646087646484
55.945235874843 -3.188761031825398 ESE 55.94512106981329 -3.1884838679656444 52.21623992919922 285.53646087646484
55.94512106981329 -3.1884838679656444 NW 55.945333201847646 -3.188696 52.21623992919922 284.28646087646484
55.945333201847646 -3.188696 E 55.945333201847646 -3.188396 52.21623992919922 283.03646087646484
55.945333201847646 -3.188396 WNW 55.945448006877356 -3.1886731638597534 52.21623992919922 281.78646087646484
55.945448006877356 -3.1886731638597534 ESE 55.945333201847646 -3.188396 52.21623992919922 280.53646087646484
55.945333201847646 -3.188396 SE 55.94512106981329 -3.1881838679656442 52.21623992919922 279.28646087646484
55.94512106981329 -3.1881838679656442 NNW 55.945398233673046 -3.1882986729953537 52.21623992919922 278.03646087646484
55.945398233673046 -3.1882986729953537 SSE 55.94512106981329 -3.1881838679656442 52.21623992919922 276.78646087646484
55.94512106981329 -3.1881838679656442 NNW 55.945398233673046 -3.1882986729953537 52.21623992919922 275.53646087646484
55.945398233673046 -3.1882986729953537 SSE 55.94512106981329 -3.1881838679656442 52.21623992919922 274.28646087646484
55.94512106981329 -3.1881838679656442 W 55.94512106981329 -3.1884838679656444 52.21623992919922 273.03646087646484
55.94512106981329 -3.1884838679656444 E 55.94512106981329 -3.1881838679656442 52.21623992919922 271.78646087646484
55.94512106981329 -3.1881838679656442 WSW 55.94500626478358 -3.1884610318253976 52.21623992919922 270.53646087646484
55.94500626478358 -3.1884610318253976 E 55.94500626478358 -3.1881610318253975 52.21623992919922 269.28646087646484
55.94500626478358 -3.1881610318253975 W 55.94500626478358 -3.1884610318253976 52.21623992919922 268.03646087646484
55.94500626478358 -3.1884610318253976 ENE 55.94512106981329 -3.1881838679656442 52.21623992919922 266.78646087646484
55.94512106981329 -3.1881838679656442 W 55.94512106981329 -3.1884838679656444 52.21623992919922 265.53646087646484
55.94512106981329 -3.1884838679656444 SE 55.94490893777893 -3.1882717359312887 52.21623992919922 264.28646087646484
55.94490893777893 -3.1882717359312887 W 55.94490893777893 -3.188571735931289 52.21623992919922 263.03646087646484
55.94490893777893 -3.188571735931289 E 55.94490893777893 -3.1882717359312887 52.21623992919922 261.78646087646484
55.94490893777893 -3.1882717359312887 WSW 55.94479413274922 -3.188548899791042 52.21623992919922 260.53646087646484
55.94479413274922 -3.188548899791042 ENE 55.94490893777893 -3.1882717359312887 52.21623992919922 259.28646087646484
55.94490893777893 -3.1882717359312887 WSW 55.94479413274922 -3.188548899791042 52.21623992919922 258.03646087646484
55.94479413274922 -3.188548899791042 ENE 55.94490893777893 -3.1882717359312887 52.21623992919922 256.78646087646484
55.94490893777893 -3.1882717359312887 SSW 55.94463177391918 -3.188386540960998 52.21623992919922 255.53646087646484
55.94463177391918 -3.188386540960998 NNE 55.94490893777893 -3.1882717359312887 52.21623992919922 254.28646087646484
55.94490893777893 -3.1882717359312887 S 55.94460893777893 -3.1882717359312887 52.21623992919922 253.03646087646484
55.94460893777893 -3.1882717359312887 N 55.94490893777893 -3.1882717359312887 52.21623992919922 251.78646087646484
55.94490893777893 -3.1882717359312887 ESE 55.94479413274922 -3.1879945720715352 52.21623992919922 250.53646087646484
55.94479413274922 -3.1879945720715352 WNW 55.94490893777893 -3.1882717359312887 52.21623992919922 249.28646087646484
55.94490893777893 -3.1882717359312887 E 55.94490893777893 -3.1879717359312885 52.21623992919922 248.03646087646484
55.94490893777893 -3.1879717359312885 W 55.94490893777893 -3.1882717359312887 52.21623992919922 246.78646087646484
55.94490893777893 -3.1882717359312887 E 55.94490893777893 -3.1879717359312885 52.21623992919922 245.53646087646484
55.94490893777893 -3.1879717359312885 NE 55.94512106981329 -3.1877596038969327 52.21623992919922 244.28646087646484
55.94512106981329 -3.1877596038969327 SW 55.94490893777893 -3.1879717359312885 52.21623992919922 243.03646087646484
55.94490893777893 -3.1879717359312885 WSW 55.94479413274922 -3.188248899791042 52.21623992919922 241.78646087646484
55.94479413274922 -3.188248899791042 E 55.94479413274922 -3.1879488997910417 52.21623992919922 240.53646087646484
55.94479413274922 -3.1879488997910417 W 55.94479413274922 -3.188248899791042 52.21623992919922 239.28646087646484
55.94479413274922 -3.188248899791042 E 55.94479413274922 -3.1879488997910417 52.21623992919922 238.03646087646484
55.94479413274922 -3.1879488997910417 SSW 55.94451696888947 -3.188063704820751 52.21623992919922 236.78646087646484
55.94451696888947 -3.188063704820751 NNE 55.94479413274922 -3.1879488997910417 52.21623992919922 235.53646087646484
55.94479413274922 -3.1879488997910417 SSW 55.94451696888947 -3.188063704820751 52.21623992919922 234.28646087646484
55.94451696888947 -3.188063704820751 NNE 55.94479413274922 -3.1879488997910417 52.21623992919922 233.03646087646484
55.94479413274922 -3.1879488997910417 SSW 55.94451696888947 -3.188063704820751 52.21623992919922 231.78646087646484
55.94451696888947 -3.188063704820751 ENE 55.94463177391918 -3.187786540960998 52.21623992919922 230.53646087646484
55.94463177391918 -3.187786540960998 WSW 55.94451696888947 -3.188063704820751 52.21623992919922 229.28646087646484
55.94451696888947 -3.188063704820751 ENE 55.94463177391918 -3.187786540960998 52.21623992919922 228.03646087646484
55.94463177391918 -3.187786540960998 SSW 55.94435461005942 -3.1879013459907073 52.21623992919922 226.78646087646484
55.94435461005942 -3.1879013459907073 NNE 55.94463177391918 -3.187786540960998 52.21623992919922 225.53646087646484
55.94463177391918 -3.187786540960998 SSW 55.94435461005942 -3.1879013459907073 52.21623992919922 224.28646087646484
55.94435461005942 -3.1879013459907073 NNE 55.94463177391918 -3.187786540960998 52.21623992919922 223.03646087646484
55.94463177391918 -3.187786540960998 S 55.944331773919174 -3.187786540960998 52.21623992919922 221.78646087646484
55.944331773919174 -3.187786540960998 NNE 55.94460893777893 -3.1876717359312883 52.21623992919922 220.53646087646484
55.94460893777893 -3.1876717359312883 S 55.94430893777893 -3.1876717359312883 52.21623992919922 219.28646087646484
55.94430893777893 -3.1876717359312883 N 55.94460893777893 -3.1876717359312883 52.21623992919922 218.03646087646484
55.94460893777893 -3.1876717359312883 S 55.94430893777893 -3.1876717359312883 52.21623992919922 216.78646087646484
55.94430893777893 -3.1876717359312883 WSW 55.94419413274922 -3.1879488997910417 80.55282592773438 308.29199981689453
55.94419413274922 -3.1879488997910417 ENE 55.94430893777893 -3.1876717359312883 80.55282592773438 307.04199981689453
55.94430893777893 -3.1876717359312883 SSE 55.94403177391917 -3.1875569309015788 80.55282592773438 305.79199981689453
55.94403177391917 -3.1875569309015788 NNW 55.94430893777893 -3.1876717359312883 80.55282592773438 304.54199981689453
55.94430893777893 -3.1876717359312883 SSE 55.94403177391917 -3.1875569309015788 80.55282592773438 303.29199981689453
55.94403177391917 -3.1875569309015788 NNW 55.94430893777893 -3.1876717359312883 80.55282592773438 302.04199981689453
55.94430893777893 -3.1876717359312883 SE 55.94409680574457 -3.1874596038969325 80.55282592773438 300.79199981689453
55.94409680574457 -3.1874596038969325 NW 55.94430893777893 -3.1876717359312883 80.55282592773438 299.54199981689453
55.94430893777893 -3.1876717359312883 E 55.94430893777893 -3.187371735931288 80.55282592773438 298.29199981689453
55.94430893777893 -3.187371735931288 SW 55.94409680574457 -3.187583867965644 80.55282592773438 297.04199981689453
55.94409680574457 -3.187583867965644 NE 55.94430893777893 -3.187371735931288 80.55282592773438 295.79199981689453
55.94430893777893 -3.187371735931288 NNW 55.944586101638684 -3.1874865409609976 80.55282592773438 294.54199981689453
55.944586101638684 -3.1874865409609976 SSE 55.94430893777893 -3.187371735931288 80.55282592773438 293.29199981689453
55.94430893777893 -3.187371735931288 SSE 55.94403177391917 -3.1872569309015786 80.55282592773438 292.04199981689453
55.94403177391917 -3.1872569309015786 NNW 55.94430893777893 -3.187371735931288 80.55282592773438 290.79199981689453
55.94430893777893 -3.187371735931288 S 55.944008937778925 -3.187371735931288 80.55282592773438 289.54199981689453
55.944008937778925 -3.187371735931288 N 55.94430893777893 -3.187371735931288 80.55282592773438 288.29199981689453
55.94430893777893 -3.187371735931288 S 55.944008937778925 -3.187371735931288 80.55282592773438 287.04199981689453
55.944008937778925 -3.187371735931288 NNE 55.94428610163868 -3.1872569309015786 80.55282592773438 285.79199981689453
55.94428610163868 -3.1872569309015786 SSW 55.944008937778925 -3.187371735931288 80.55282592773438 284.54199981689453
55.944008937778925 -3.187371735931288 ENE 55.944123742808635 -3.1870945720715347 80.55282592773438 283.29199981689453
55.944123742808635 -3.1870945720715347 WSW 55.944008937778925 -3.187371735931288 80.55282592773438 282.04199981689453
55.944008937778925 -3.187371735931288 E 55.944008937778925 -3.187071735931288 80.55282592773438 280.79199981689453
55.944008937778925 -3.187071735931288 W 55.944008937778925 -3.187371735931288 80.55282592773438 279.54199981689453
55.944008937778925 -3.187371735931288 E 55.944008937778925 -3.187071735931288 80.55282592773438 278.29199981689453
55.944008937778925 -3.187071735931288 W 55.944008937778925 -3.187371735931288 80.55282592773438 277.04199981689453
55.944008937778925 -3.187371735931288 SE 55.94379680574457 -3.1871596038969323 80.55282592773438 275.79199981689453
55.94379680574457 -3.1871596038969323 NW 55.944008937778925 -3.187371735931288 80.55282592773438 274.54199981689453
55.944008937778925 -3.187371735931288 SE 55.94379680574457 -3.1871596038969323 80.55282592773438 273.29199981689453
55.94379680574457 -3.1871596038969323 NNE 55.944073969604325 -3.187044798867223 80.55282592773438 272.04199981689453
55.944073969604325 -3.187044798867223 SSW 55.94379680574457 -3.1871596038969323 80.55282592773438 270.79199981689453
55.94379680574457 -3.1871596038969323 E 55.94379680574457 -3.186859603896932 80.55282592773438 269.54199981689453
55.94379680574457 -3.186859603896932 WSW 55.94368200071486 -3.1871367677566855 80.55282592773438 268.29199981689453
55.94368200071486 -3.1871367677566855 ENE 55.94379680574457 -3.186859603896932 80.55282592773438 267.04199981689453
55.94379680574457 -3.186859603896932 WSW 55.94368200071486 -3.1871367677566855 80.55282592773438 265.79199981689453
55.94368200071486 -3.1871367677566855 SW 55.9434698686805 -3.1873488997910413 80.55282592773438 264.54199981689453
55.9434698686805 -3.1873488997910413 NE 55.94368200071486 -3.1871367677566855 80.55282592773438 263.29199981689453
55.94368200071486 -3.1871367677566855 SW 55.9434698686805 -3.1873488997910413 80.55282592773438 262.04199981689453
55.9434698686805 -3.1873488997910413 NE 55.94368200071486 -3.1871367677566855 80.55282592773438 260.79199981689453
55.94368200071486 -3.1871367677566855 SW 55.9434698686805 -3.1873488997910413 80.55282592773438 259.54199981689453
55.9434698686805 -3.1873488997910413 NNE 55.94374703254026 -3.187234094761332 80.55282592773438 258.29199981689453
55.94374703254026 -3.187234094761332 SW 55.9435349005059 -3.1874462267956876 80.55282592773438 257.04199981689453
55.9435349005059 -3.1874462267956876 NNE 55.94381206436566 -3.187331421765978 80.55282592773438 255.79199981689453
55.94381206436566 -3.187331421765978 SSW 55.9435349005059 -3.1874462267956876 80.55282592773438 254.54199981689453
55.9435349005059 -3.1874462267956876 NNW 55.94381206436566 -3.187561031825397 80.55282592773438 253.29199981689453
55.94381206436566 -3.187561031825397 SSE 55.9435349005059 -3.1874462267956876 80.55282592773438 252.04199981689453
55.9435349005059 -3.1874462267956876 NW 55.94374703254026 -3.1876583588300433 80.55282592773438 250.79199981689453
55.94374703254026 -3.1876583588300433 SE 55.9435349005059 -3.1874462267956876 80.55282592773438 249.54199981689453
55.9435349005059 -3.1874462267956876 NNE 55.94381206436566 -3.187331421765978 80.55282592773438 248.29199981689453
55.94381206436566 -3.187331421765978 SSW 55.9435349005059 -3.1874462267956876 80.55282592773438 247.04199981689453
55.9435349005059 -3.1874462267956876 NNW 55.94381206436566 -3.187561031825397 80.55282592773438 245.79199981689453
55.94381206436566 -3.187561031825397 SSE 55.9435349005059 -3.1874462267956876 80.55282592773438 244.54199981689453
55.9435349005059 -3.1874462267956876 S 55.9432349005059 -3.1874462267956876 80.55282592773438 243.29199981689453
55.9432349005059 -3.1874462267956876 N 55.9435349005059 -3.1874462267956876 80.55282592773438 242.04199981689453
55.9435349005059 -3.1874462267956876 SSW 55.943257736646146 -3.187561031825397 80.55282592773438 240.79199981689453
55.943257736646146 -3.187561031825397 NNE 55.9435349005059 -3.1874462267956876 80.55282592773438 239.54199981689453
55.9435349005059 -3.1874462267956876 SSW 55.943257736646146 -3.187561031825397 80.55282592773438 238.29199981689453
55.943257736646146 -3.187561031825397 NNW 55.9435349005059 -3.1876758368551066 80.55282592773438 237.04199981689453
55.9435349005059 -3.1876758368551066 SSE 55.943257736646146 -3.187561031825397 80.55282592773438 235.79199981689453
55.943257736646146 -3.187561031825397 NE 55.9434698686805 -3.1873488997910413 80.55282592773438 234.54199981689453
55.9434698686805 -3.1873488997910413 SW 55.943257736646146 -3.187561031825397 80.55282592773438 233.29199981689453
55.943257736646146 -3.187561031825397 E 55.943257736646146 -3.187261031825397 80.55282592773438 232.04199981689453
55.943257736646146 -3.187261031825397 W 55.943257736646146 -3.187561031825397 80.55282592773438 230.79199981689453
55.943257736646146 -3.187561031825397 SSW 55.94298057278639 -3.1876758368551066 80.55282592773438 229.54199981689453
55.94298057278639 -3.1876758368551066 NE 55.943192704820746 -3.187463704820751 80.55282592773438 228.29199981689453
55.943192704820746 -3.187463704820751 SW 55.94298057278639 -3.1876758368551066 80.55282592773438 227.04199981689453
55.94298057278639 -3.1876758368551066 NE 55.943192704820746 -3.187463704820751 80.55282592773438 225.79199981689453
55.943192704820746 -3.187463704820751 NNE 55.9434698686805 -3.1873488997910413 80.55282592773438 224.54199981689453
55.9434698686805 -3.1873488997910413 SSW 55.943192704820746 -3.187463704820751 80.55282592773438 223.29199981689453
55.943192704820746 -3.187463704820751 ENE 55.943307509850456 -3.1871865409609974 80.55282592773438 222.04199981689453
55.943307509850456 -3.1871865409609974 WSW 55.943192704820746 -3.187463704820751 80.55282592773438 220.79199981689453
55.943192704820746 -3.187463704820751 NE 55.9434048368551 -3.187251572786395 80.55282592773438 219.54199981689453
55.9434048368551 -3.187251572786395 SW 55.943192704820746 -3.187463704820751 80.55282592773438 218.29199981689453
55.943192704820746 -3.187463704820751 NE 55.9434048368551 -3.187251572786395 80.55282592773438 217.04199981689453
55.9434048368551 -3.187251572786395 SW 55.943192704820746 -3.187463704820751 80.55282592773438 215.79199981689453
55.943192704820746 -3.187463704820751 NE 55.9434048368551 -3.187251572786395 80.55282592773438 214.54199981689453
55.9434048368551 -3.187251572786395 WSW 55.94329003182539 -3.1875287366461484 80.55282592773438 213.29199981689453
55.94329003182539 -3.1875287366461484 ENE 55.9434048368551 -3.187251572786395 80.55282592773438 212.04199981689453
55.9434048368551 -3.187251572786395 ESE 55.94329003182539 -3.1869744089266416 80.55282592773438 210.79199981689453
55.94329003182539 -3.1869744089266416 W 55.94329003182539 -3.187274408926642 80.55282592773438 209.54199981689453
55.94329003182539 -3.187274408926642 S 55.94299003182539 -3.187274408926642 80.55282592773438 208.29199981689453
55.94299003182539 -3.187274408926642 N 55.94329003182539 -3.187274408926642 80.55282592773438 207.04199981689453
55.94329003182539 -3.187274408926642 SE 55.943077899791035 -3.187062276892286 80.55282592773438 205.79199981689453
55.943077899791035 -3.187062276892286 N 55.94337789979104 -3.187062276892286 80.55282592773438 204.54199981689453
55.94337789979104 -3.187062276892286 S 55.943077899791035 -3.187062276892286 80.55282592773438 203.29199981689453
55.943077899791035 -3.187062276892286 N 55.94337789979104 -3.187062276892286 80.55282592773438 202.04199981689453
55.94337789979104 -3.187062276892286 W 55.94337789979104 -3.1873622768922862 80.55282592773438 200.79199981689453
55.94337789979104 -3.1873622768922862 E 55.94337789979104 -3.187062276892286 80.55282592773438 199.54199981689453
55.94337789979104 -3.187062276892286 WNW 55.94349270482075 -3.1873394407520395 80.55282592773438 198.29199981689453
55.94349270482075 -3.1873394407520395 ESE 55.94337789979104 -3.187062276892286 80.55282592773438 197.04199981689453
55.94337789979104 -3.187062276892286 NNW 55.943655063650795 -3.1871770819219956 80.55282592773438 195.79199981689453
55.943655063650795 -3.1871770819219956 ESE 55.943540258621084 -3.186899918062242 80.55282592773438 194.54199981689453
55.943540258621084 -3.186899918062242 SSW 55.94326309476133 -3.1870147230919517 80.55282592773438 193.29199981689453
55.94326309476133 -3.1870147230919517 NNE 55.943540258621084 -3.186899918062242 80.55282592773438 192.04199981689453
55.943540258621084 -3.186899918062242 SE 55.94332812658673 -3.1866877860278864 80.55282592773438 190.79199981689453
55.94332812658673 -3.1866877860278864 NW 55.943540258621084 -3.186899918062242 80.55282592773438 189.54199981689453
55.943540258621084 -3.186899918062242 SE 55.94332812658673 -3.1866877860278864 80.55282592773438 188.29199981689453
55.94332812658673 -3.1866877860278864 W 55.94332812658673 -3.1869877860278866 80.55282592773438 187.04199981689453
55.94332812658673 -3.1869877860278866 ENE 55.94344293161644 -3.186710622168133 80.55282592773438 185.79199981689453
55.94344293161644 -3.186710622168133 WSW 55.94332812658673 -3.1869877860278866 80.55282592773438 184.54199981689453
55.94332812658673 -3.1869877860278866 ESE 55.94321332155702 -3.186710622168133 80.55282592773438 183.29199981689453
55.94321332155702 -3.186710622168133 WNW 55.94332812658673 -3.1869877860278866 80.55282592773438 182.04199981689453
55.94332812658673 -3.1869877860278866 SE 55.94311599455237 -3.186775653993531 80.55282592773438 180.79199981689453
55.94311599455237 -3.186775653993531 NW 55.94332812658673 -3.1869877860278866 80.55282592773438 179.54199981689453
55.94332812658673 -3.1869877860278866 S 55.943028126586725 -3.1869877860278866 80.55282592773438 178.29199981689453
55.943028126586725 -3.1869877860278866 NW 55.94324025862108 -3.1871999180622423 80.55282592773438 177.04199981689453
55.94324025862108 -3.1871999180622423 SSE 55.942963094761325 -3.187085113032533 80.55282592773438 175.79199981689453
55.942963094761325 -3.187085113032533 NW 55.94317522679568 -3.1872972450668886 80.55282592773438 174.54199981689453
55.94317522679568 -3.1872972450668886 SE 55.942963094761325 -3.187085113032533 80.55282592773438 173.29199981689453
55.942963094761325 -3.187085113032533 NW 55.94317522679568 -3.1872972450668886 80.55282592773438 172.04199981689453
55.94317522679568 -3.1872972450668886 SE 55.942963094761325 -3.187085113032533 80.55282592773438 170.79199981689453
55.942963094761325 -3.187085113032533 S 55.94266309476132 -3.187085113032533 80.55282592773438 169.54199981689453
55.94266309476132 -3.187085113032533 NNE 55.94294025862108 -3.1869703080028233 80.55282592773438 168.29199981689453
55.94294025862108 -3.1869703080028233 W 55.94294025862108 -3.1872703080028235 192.76425170898438 232.5971908569336
55.94294025862108 -3.1872703080028235 E 55.94294025862108 -3.1869703080028233 192.76425170898438 231.3471908569336
55.94294025862108 -3.1869703080028233 N 55.94324025862108 -3.1869703080028233 192.76425170898438 230.0971908569336
55.94324025862108 -3.1869703080028233 SE 55.943028126586725 -3.1867581759684676 192.76425170898438 228.8471908569336
55.943028126586725 -3.1867581759684676 NW 55.94324025862108 -3.1869703080028233 192.76425170898438 227.5971908569336
55.94324025862108 -3.1869703080028233 SE 55.943028126586725 -3.1867581759684676 192.76425170898438 226.3471908569336
55.943028126586725 -3.1867581759684676 SE 55.94281599455237 -3.186546043934112 192.76425170898438 225.0971908569336
55.94281599455237 -3.186546043934112 NW 55.943028126586725 -3.1867581759684676 192.76425170898438 223.8471908569336
55.943028126586725 -3.1867581759684676 SE 55.94281599455237 -3.186546043934112 192.76425170898438 222.5971908569336
55.94281599455237 -3.186546043934112 NW 55.943028126586725 -3.1867581759684676 192.76425170898438 221.3471908569336
55.943028126586725 -3.1867581759684676 SE 55.94281599455237 -3.186546043934112 192.76425170898438 220.0971908569336
55.94281599455237 -3.186546043934112 NW 55.943028126586725 -3.1867581759684676 192.76425170898438 218.8471908569336
55.943028126586725 -3.1867581759684676 SE 55.94281599455237 -3.186546043934112 192.76425170898438 217.5971908569336
55.94281599455237 -3.186546043934112 WNW 55.94293079958208 -3.186823207793865 192.76425170898438 216.3471908569336
55.94293079958208 -3.186823207793865 SE 55.94271866754772 -3.1866110757595094 192.76425170898438 215.0971908569336
55.94271866754772 -3.1866110757595094 NW 55.94293079958208 -3.186823207793865 192.76425170898438 213.8471908569336
55.94293079958208 -3.186823207793865 NNW 55.943207963441836 -3.1869380128235747 192.76425170898438 212.5971908569336
