55.944425 -3.188396 SE 55.944212867965646 -3.1881838679656442 0.0 248.75
55.944212867965646 -3.1881838679656442 NW 55.944425 -3.188396 0.0 247.5
55.944425 -3.188396 ESE 55.94431019497029 -3.1881188361402466 0.0 246.25
55.94431019497029 -3.1881188361402466 WNW 55.944425 -3.188396 0.0 245.0
55.944425 -3.188396 E 55.944425 -3.188096 0.0 243.75
55.944425 -3.188096 W 55.944425 -3.188396 0.0 242.5
55.944425 -3.188396 E 55.944425 -3.188096 0.0 241.25
55.944425 -3.188096 NW 55.94463713203436 -3.1883081320343556 0.0 240.0
55.94463713203436 -3.1883081320343556 E 55.94463713203436 -3.1880081320343554 0.0 238.75
55.94463713203436 -3.1880081320343554 W 55.94463713203436 -3.1883081320343556 0.0 237.5
55.94463713203436 -3.1883081320343556 NNW 55.944914295894115 -3.188422937064065 0.0 236.25
55.944914295894115 -3.188422937064065 SSE 55.94463713203436 -3.1883081320343556 0.0 235.0
55.94463713203436 -3.1883081320343556 WNW 55.94475193706407 -3.188585295894109 0.0 233.75
55.94475193706407 -3.188585295894109 NNE 55.945029100923826 -3.1884704908643995 0.0 232.5
55.945029100923826 -3.1884704908643995 SSW 55.94475193706407 -3.188585295894109 0.0 231.25
55.94475193706407 -3.188585295894109 W 55.94475193706407 -3.188885295894109 0.0 230.0
55.94475193706407 -3.188885295894109 E 55.94475193706407 -3.188585295894109 0.0 228.75
55.94475193706407 -3.188585295894109 NNE 55.945029100923826 -3.1884704908643995 0.0 227.5
55.945029100923826 -3.1884704908643995 S 55.94472910092382 -3.1884704908643995 0.0 226.25
55.94472910092382 -3.1884704908643995 N 55.945029100923826 -3.1884704908643995 0.0 225.0
55.945029100923826 -3.1884704908643995 SSE 55.94475193706407 -3.18835568583469 0.0 223.75
55.94475193706407 -3.18835568583469 N 55.94505193706407 -3.18835568583469 0.0 222.5
55.94505193706407 -3.18835568583469 NE 55.94526406909843 -3.188143553800334 0.0 221.25
55.94526406909843 -3.188143553800334 SW 55.94505193706407 -3.18835568583469 0.0 220.0
55.94505193706407 -3.18835568583469 NE 55.94526406909843 -3.188143553800334 0.0 218.75
55.94526406909843 -3.188143553800334 WNW 55.94537887412814 -3.1884207176600876 0.0 217.5
55.94537887412814 -3.1884207176600876 ESE 55.94526406909843 -3.188143553800334 0.0 216.25
55.94526406909843 -3.188143553800334 WNW 55.94537887412814 -3.1884207176600876 0.0 215.0
55.94537887412814 -3.1884207176600876 NE 55.945591006162495 -3.188208585625732 0.0 213.75
55.945591006162495 -3.188208585625732 SW 55.94537887412814 -3.1884207176600876 0.0 212.5
55.94537887412814 -3.1884207176600876 NNW 55.945656037987895 -3.188535522689797 0.0 211.25
55.945656037987895 -3.188535522689797 SSE 55.94537887412814 -3.1884207176600876 0.0 210.0
55.94537887412814 -3.1884207176600876 NNW 55.945656037987895 -3.188535522689797 0.0 208.75
55.945656037987895 -3.188535522689797 SSE 55.94537887412814 -3.1884207176600876 0.0 207.5
55.94537887412814 -3.1884207176600876 NNW 55.945656037987895 -3.188535522689797 0.0 206.25
55.945656037987895 -3.188535522689797 ESE 55.945541232958185 -3.1882583588300437 0.0 205.0
55.945541232958185 -3.1882583588300437 NW 55.94575336499254 -3.1884704908643995 119.3666763305664 316.8918228149414
55.94575336499254 -3.1884704908643995 SE 55.945541232958185 -3.1882583588300437 119.3666763305664 315.6418228149414
55.945541232958185 -3.1882583588300437 NNW 55.94581839681794 -3.1883731638597532 119.3666763305664 314.3918228149414
55.94581839681794 -3.1883731638597532 SSE 55.945541232958185 -3.1882583588300437 119.3666763305664 313.1418228149414
55.945541232958185 -3.1882583588300437 NW 55.94575336499254 -3.1884704908643995 119.3666763305664 311.8918228149414
55.94575336499254 -3.1884704908643995 SE 55.945541232958185 -3.1882583588300437 119.3666763305664 310.6418228149414
55.945541232958185 -3.1882583588300437 NE 55.94575336499254 -3.188046226795688 119.3666763305664 309.3918228149414
55.94575336499254 -3.188046226795688 SW 55.945541232958185 -3.1882583588300437 119.3666763305664 308.1418228149414
55.945541232958185 -3.1882583588300437 NE 55.94575336499254 -3.188046226795688 119.3666763305664 306.8918228149414
55.94575336499254 -3.188046226795688 ESE 55.94563855996283 -3.1877690629359345 119.3666763305664 305.6418228149414
55.94563855996283 -3.1877690629359345 WNW 55.94575336499254 -3.188046226795688 119.3666763305664 304.3918228149414
55.94575336499254 -3.188046226795688 WNW 55.94586817002225 -3.1883233906554413 119.3666763305664 303.1418228149414
55.94586817002225 -3.1883233906554413 SE 55.945656037987895 -3.1881112586210856 119.3666763305664 301.8918228149414
55.945656037987895 -3.1881112586210856 WNW 55.945770843017606 -3.188388422480839 119.3666763305664 300.6418228149414
55.945770843017606 -3.188388422480839 S 55.9454708430176 -3.188388422480839 119.3666763305664 299.3918228149414
55.9454708430176 -3.188388422480839 N 55.945770843017606 -3.188388422480839 119.3666763305664 298.1418228149414
55.945770843017606 -3.188388422480839 E 55.945770843017606 -3.188088422480839 119.3666763305664 296.8918228149414
55.945770843017606 -3.188088422480839 W 55.945770843017606 -3.188388422480839 119.3666763305664 295.6418228149414
55.945770843017606 -3.188388422480839 ENE 55.945885648047316 -3.1881112586210856 119.3666763305664 294.3918228149414
55.945885648047316 -3.1881112586210856 WSW 55.945770843017606 -3.188388422480839 119.3666763305664 293.1418228149414
55.945770843017606 -3.188388422480839 N 55.94607084301761 -3.188388422480839 119.3666763305664 291.8918228149414
55.94607084301761 -3.188388422480839 SSW 55.94579367915785 -3.1885032275105485 119.3666763305664 290.6418228149414
55.94579367915785 -3.1885032275105485 N 55.946093679157855 -3.1885032275105485 119.3666763305664 289.3918228149414
55.946093679157855 -3.1885032275105485 W 55.946093679157855 -3.1888032275105487 119.3666763305664 288.1418228149414
55.946093679157855 -3.1888032275105487 E 55.946093679157855 -3.1885032275105485 119.3666763305664 286.8918228149414
55.946093679157855 -3.1885032275105485 E 55.946093679157855 -3.1882032275105483 119.3666763305664 285.6418228149414
55.946093679157855 -3.1882032275105483 W 55.946093679157855 -3.1885032275105485 119.3666763305664 284.3918228149414
55.946093679157855 -3.1885032275105485 E 55.946093679157855 -3.1882032275105483 119.3666763305664 283.1418228149414
55.946093679157855 -3.1882032275105483 W 55.946093679157855 -3.1885032275105485 119.3666763305664 281.8918228149414
55.946093679157855 -3.1885032275105485 ESE 55.945978874128144 -3.188226063650795 119.3666763305664 280.6418228149414
55.945978874128144 -3.188226063650795 NE 55.9461910061625 -3.1880139316164393 119.3666763305664 279.3918228149414
55.9461910061625 -3.1880139316164393 WSW 55.94607620113279 -3.1882910954761927 119.3666763305664 278.1418228149414
55.94607620113279 -3.1882910954761927 ESE 55.94596139610308 -3.1880139316164393 119.3666763305664 276.8918228149414
55.94596139610308 -3.1880139316164393 WSW 55.94584659107337 -3.1882910954761927 119.3666763305664 275.6418228149414
55.94584659107337 -3.1882910954761927 E 55.94584659107337 -3.1879910954761925 119.3666763305664 274.3918228149414
55.94584659107337 -3.1879910954761925 S 55.94554659107337 -3.1879910954761925 146.19414138793945 389.22039794921875
55.94554659107337 -3.1879910954761925 N 55.94584659107337 -3.1879910954761925 146.19414138793945 387.97039794921875
55.94584659107337 -3.1879910954761925 S 55.94554659107337 -3.1879910954761925 146.19414138793945 386.72039794921875
55.94554659107337 -3.1879910954761925 NNE 55.94582375493312 -3.187876290446483 146.19414138793945 385.47039794921875
55.94582375493312 -3.187876290446483 SSW 55.94554659107337 -3.1879910954761925 146.19414138793945 384.22039794921875
55.94554659107337 -3.1879910954761925 ESE 55.945431786043656 -3.187713931616439 146.19414138793945 382.97039794921875
55.945431786043656 -3.187713931616439 NNE 55.94570894990341 -3.1875991265867296 250.19916915893555 503.710693359375
55.94570894990341 -3.1875991265867296 SSW 55.945431786043656 -3.187713931616439 250.19916915893555 502.460693359375
55.945431786043656 -3.187713931616439 NE 55.94564391807801 -3.1875017995820834 330.4724464416504 525.9322452545166
55.94564391807801 -3.1875017995820834 S 55.94534391807801 -3.1875017995820834 417.7602882385254 639.9531497955322
55.94534391807801 -3.1875017995820834 NE 55.945556050112366 -3.1872896675477276 435.8684959411621 683.4806537628174
55.945556050112366 -3.1872896675477276 SW 55.94534391807801 -3.1875017995820834 435.8684959411621 682.2306537628174
55.94534391807801 -3.1875017995820834 ENE 55.94545872310772 -3.18722463572233 514.8049507141113 750.3574085235596
55.94545872310772 -3.18722463572233 WSW 55.94534391807801 -3.1875017995820834 514.8049507141113 749.1074085235596
55.94534391807801 -3.1875017995820834 E 55.94534391807801 -3.187201799582083 588.5178489685059 768.033504486084
55.94534391807801 -3.187201799582083 WSW 55.9452291130483 -3.1874789634418366 588.5178489685059 766.783504486084
55.9452291130483 -3.1874789634418366 E 55.9452291130483 -3.1871789634418364 588.5178489685059 765.533504486084
55.9452291130483 -3.1871789634418364 WNW 55.94534391807801 -3.18745612730159 588.5178489685059 764.283504486084
55.94534391807801 -3.18745612730159 E 55.94534391807801 -3.1871561273015896 588.5178489685059 763.033504486084
55.94534391807801 -3.1871561273015896 SSW 55.94506675421825 -3.187270932331299 611.9850597381592 780.839189529419
55.94506675421825 -3.187270932331299 NNE 55.94534391807801 -3.1871561273015896 611.9850597381592 779.589189529419
55.94534391807801 -3.1871561273015896 NNE 55.945621081937766 -3.18704132227188 702.0222606658936 842.2392978668213
55.945621081937766 -3.18704132227188 SSW 55.94534391807801 -3.1871561273015896 702.0222606658936 840.9892978668213
55.94534391807801 -3.1871561273015896 W 55.94534391807801 -3.18745612730159 702.0222606658936 839.7392978668213
55.94534391807801 -3.18745612730159 ENE 55.94545872310772 -3.1871789634418364 760.8041324615479 886.212968826294
55.94545872310772 -3.1871789634418364 E 55.94545872310772 -3.186878963441836 868.9225482940674 1006.7533588409424
55.94545872310772 -3.186878963441836 W 55.94545872310772 -3.1871789634418364 868.9225482940674 1005.5033588409424
55.94545872310772 -3.1871789634418364 NE 55.945670855142076 -3.1869668314074806 960.5580310821533 1030.7598361968994
55.945670855142076 -3.1869668314074806 SW 55.94545872310772 -3.1871789634418364 960.5580310821533 1029.5098361968994
55.94545872310772 -3.1871789634418364 NE 55.945670855142076 -3.1869668314074806 960.5580310821533 1028.2598361968994
55.945670855142076 -3.1869668314074806 SSW 55.94539369128232 -3.18708163643719 960.5580310821533 1027.0098361968994
55.94539369128232 -3.18708163643719 NNE 55.945670855142076 -3.1869668314074806 960.5580310821533 1025.7598361968994
55.945670855142076 -3.1869668314074806 ESE 55.945556050112366 -3.186689667547727 1042.6694355010986 1121.413293838501
55.945556050112366 -3.186689667547727 WNW 55.945670855142076 -3.1869668314074806 1042.6694355010986 1120.163293838501
55.945670855142076 -3.1869668314074806 ESE 55.945556050112366 -3.186689667547727 1042.6694355010986 1118.913293838501
55.945556050112366 -3.186689667547727 WNW 55.945670855142076 -3.1869668314074806 1042.6694355010986 1117.663293838501
55.945670855142076 -3.1869668314074806 ESE 55.945556050112366 -3.186689667547727 1042.6694355010986 1116.413293838501
55.945556050112366 -3.186689667547727 ENE 55.945670855142076 -3.186412503687974 1116.941843032837 1126.975769996643
55.945670855142076 -3.186412503687974 WSW 55.945556050112366 -3.186689667547727 1116.941843032837 1125.725769996643
55.945556050112366 -3.186689667547727 ENE 55.945670855142076 -3.186412503687974 1116.941843032837 1124.475769996643
55.945670855142076 -3.186412503687974 NW 55.94588298717643 -3.1866246357223296 1130.7112340927124 1201.7690896987915
55.94588298717643 -3.1866246357223296 SE 55.945670855142076 -3.186412503687974 1130.7112340927124 1200.5190896987915
55.945670855142076 -3.186412503687974 NNW 55.94594801900183 -3.1865273087176833 1204.3774251937866 1308.7960748672485
55.94594801900183 -3.1865273087176833 SSE 55.945670855142076 -3.186412503687974 1204.3774251937866 1307.5460748672485
55.945670855142076 -3.186412503687974 N 55.94597085514208 -3.186412503687974 1309.4473104476929 1324.6009492874146
55.94597085514208 -3.186412503687974 E 55.94597085514208 -3.1861125036879736 1309.4473104476929 1323.3509492874146
55.94597085514208 -3.1861125036879736 WSW 55.94585605011237 -3.186389667547727 1356.3195524215698 1383.6404161453247
55.94585605011237 -3.186389667547727 SE 55.94564391807801 -3.1861775355133712 1356.3195524215698 1382.3904161453247
55.94564391807801 -3.1861775355133712 NW 55.94585605011237 -3.186389667547727 1356.3195524215698 1381.1404161453247
55.94585605011237 -3.186389667547727 SSE 55.94557888625261 -3.1862748625180175 1369.3781089782715 1409.2925386428833
55.94557888625261 -3.1862748625180175 NW 55.94579101828697 -3.1864869945523733 1408.1609382629395 1461.2509775161743
55.94579101828697 -3.1864869945523733 SE 55.94557888625261 -3.1862748625180175 1408.1609382629395 1460.0009775161743
55.94557888625261 -3.1862748625180175 NE 55.94579101828697 -3.1860627304836617 1410.5835926532745 1477.110514640808
55.94579101828697 -3.1860627304836617 S 55.945491018286965 -3.1860627304836617 1410.5835926532745 1475.860514640808
55.945491018286965 -3.1860627304836617 N 55.94579101828697 -3.1860627304836617 1410.5835926532745 1474.610514640808
55.94579101828697 -3.1860627304836617 SSE 55.94551385442721 -3.1859479254539522 1411.3049842715263 1578.015139579773
55.94551385442721 -3.1859479254539522 NNW 55.94579101828697 -3.1860627304836617 1411.3049842715263 1576.765139579773
55.94579101828697 -3.1860627304836617 SSE 55.94551385442721 -3.1859479254539522 1411.3049842715263 1575.515139579773
55.94551385442721 -3.1859479254539522 NNW 55.94579101828697 -3.1860627304836617 1411.3049842715263 1574.265139579773
55.94579101828697 -3.1860627304836617 SSE 55.94551385442721 -3.1859479254539522 1411.3049842715263 1573.015139579773
55.94551385442721 -3.1859479254539522 SW 55.945301722392855 -3.186160057488308 1411.3049842715263 1571.765139579773
55.945301722392855 -3.186160057488308 NE 55.94551385442721 -3.1859479254539522 1411.3049842715263 1570.515139579773
55.94551385442721 -3.1859479254539522 SSW 55.945236690567455 -3.1860627304836617 1496.2675620913506 1614.5502195358276
55.945236690567455 -3.1860627304836617 NE 55.94544882260181 -3.185850598449306 1496.2675620913506 1613.3002195358276
55.94544882260181 -3.185850598449306 N 55.945748822601814 -3.185850598449306 1581.058684527874 1661.7608137130737
55.945748822601814 -3.185850598449306 S 55.94544882260181 -3.185850598449306 1581.058684527874 1660.5108137130737
55.94544882260181 -3.185850598449306 N 55.945748822601814 -3.185850598449306 1581.058684527874 1659.2608137130737
55.945748822601814 -3.185850598449306 WSW 55.945634017572104 -3.1861277623090594 1581.058684527874 1658.0108137130737
55.945634017572104 -3.1861277623090594 ENE 55.945748822601814 -3.185850598449306 1581.058684527874 1656.7608137130737
55.945748822601814 -3.185850598449306 ESE 55.945634017572104 -3.1855734345895526 1581.058684527874 1655.5108137130737
55.945634017572104 -3.1855734345895526 WNW 55.945748822601814 -3.185850598449306 1581.058684527874 1654.2608137130737
55.945748822601814 -3.185850598449306 ESE 55.945634017572104 -3.1855734345895526 1581.058684527874 1653.0108137130737
55.945634017572104 -3.1855734345895526 NNE 55.94591118143186 -3.185458629559843 1581.058684527874 1651.7608137130737
55.94591118143186 -3.185458629559843 SSW 55.945634017572104 -3.1855734345895526 1581.058684527874 1650.5108137130737
55.945634017572104 -3.1855734345895526 NNW 55.94591118143186 -3.185688239619262 1654.6633903384209 1673.287880897522
55.94591118143186 -3.185688239619262 ESE 55.94579637640215 -3.1854110757595087 1756.6141425967216 1721.5162019729614
55.94579637640215 -3.1854110757595087 WNW 55.94591118143186 -3.185688239619262 1756.6141425967216 1720.2662019729614
55.94591118143186 -3.185688239619262 NNE 55.94618834529162 -3.1855734345895526 1756.6141425967216 1719.0162019729614
55.94618834529162 -3.1855734345895526 SW 55.94597621325726 -3.1857855666239083 1772.2171699404716 1821.4858980178833
55.94597621325726 -3.1857855666239083 NE 55.94618834529162 -3.1855734345895526 1772.2171699404716 1820.2358980178833
55.94618834529162 -3.1855734345895526 SW 55.94597621325726 -3.1857855666239083 1772.2171699404716 1818.9858980178833
55.94597621325726 -3.1857855666239083 NW 55.94618834529162 -3.185997698658264 1772.2171699404716 1817.7358980178833
55.94618834529162 -3.185997698658264 SE 55.94597621325726 -3.1857855666239083 1772.2171699404716 1816.4858980178833
55.94597621325726 -3.1857855666239083 NW 55.94618834529162 -3.185997698658264 1772.2171699404716 1815.2358980178833
55.94618834529162 -3.185997698658264 SE 55.94597621325726 -3.1857855666239083 1772.2171699404716 1813.9858980178833
55.94597621325726 -3.1857855666239083 NW 55.94618834529162 -3.185997698658264 1772.2171699404716 1812.7358980178833
55.94618834529162 -3.185997698658264 SE 55.94597621325726 -3.1857855666239083 1772.2171699404716 1811.4858980178833
55.94597621325726 -3.1857855666239083 WNW 55.94609101828697 -3.1860627304836617 1892.9237205386162 1921.2762651443481
55.94609101828697 -3.1860627304836617 SE 55.945878886252615 -3.185850598449306 1928.903540790081 2007.4995012283325
55.945878886252615 -3.185850598449306 WNW 55.945993691282325 -3.1861277623090594 1928.903540790081 2006.2495012283325
55.945993691282325 -3.1861277623090594 ESE 55.945878886252615 -3.185850598449306 1928.903540790081 2004.9995012283325
55.945878886252615 -3.185850598449306 WNW 55.945993691282325 -3.1861277623090594 1928.903540790081 2003.7495012283325
55.945993691282325 -3.1861277623090594 SE 55.94578155924797 -3.1859156302747036 2044.9371635317802 2017.7864694595337
55.94578155924797 -3.1859156302747036 NW 55.945993691282325 -3.1861277623090594 2044.9371635317802 2016.5364694595337
55.945993691282325 -3.1861277623090594 E 55.945993691282325 -3.185827762309059 2044.9371635317802 2015.2864694595337
55.945993691282325 -3.185827762309059 W 55.945993691282325 -3.1861277623090594 2044.9371635317802 2014.0364694595337
55.945993691282325 -3.1861277623090594 WSW 55.945878886252615 -3.1864049261688128 2044.9371635317802 2012.7864694595337
55.945878886252615 -3.1864049261688128 ENE 55.945993691282325 -3.1861277623090594 2044.9371635317802 2011.5364694595337
55.945993691282325 -3.1861277623090594 SE 55.94578155924797 -3.1859156302747036 2044.9371635317802 2010.2864694595337
55.94578155924797 -3.1859156302747036 NW 55.945993691282325 -3.1861277623090594 2044.9371635317802 2009.0364694595337
55.945993691282325 -3.1861277623090594 WNW 55.946108496312036 -3.1864049261688128 2044.9371635317802 2007.7864694595337
55.946108496312036 -3.1864049261688128 E 55.946108496312036 -3.1861049261688126 2044.9371635317802 2006.5364694595337
55.946108496312036 -3.1861049261688126 W 55.946108496312036 -3.1864049261688128 2044.9371635317802 2005.2864694595337
55.946108496312036 -3.1864049261688128 E 55.946108496312036 -3.1861049261688126 2044.9371635317802 2004.0364694595337
55.946108496312036 -3.1861049261688126 WSW 55.945993691282325 -3.186382090028566 2060.7215949893 2127.0399408340454
55.945993691282325 -3.186382090028566 WNW 55.946108496312036 -3.1866592538883194 2060.7215949893 2125.7899408340454
55.946108496312036 -3.1866592538883194 E 55.946108496312036 -3.186359253888319 2060.7215949893 2124.5399408340454
55.946108496312036 -3.186359253888319 E 55.946108496312036 -3.186059253888319 2060.7215949893 2123.2899408340454
55.946108496312036 -3.186059253888319 W 55.946108496312036 -3.186359253888319 2060.7215949893 2122.0399408340454
55.946108496312036 -3.186359253888319 SSW 55.94583133245228 -3.1864740589180287 2060.7215949893 2120.7899408340454
55.94583133245228 -3.1864740589180287 NNE 55.946108496312036 -3.186359253888319 2060.7215949893 2119.5399408340454
55.946108496312036 -3.186359253888319 SSW 55.94583133245228 -3.1864740589180287 2060.7215949893 2118.2899408340454
55.94583133245228 -3.1864740589180287 WNW 55.94594613748199 -3.186751222777782 2060.7215949893 2117.0399408340454
55.94594613748199 -3.186751222777782 E 55.94594613748199 -3.186451222777782 2060.7215949893 2115.7899408340454
55.94594613748199 -3.186451222777782 W 55.94594613748199 -3.186751222777782 2060.7215949893 2114.5399408340454
55.94594613748199 -3.186751222777782 SE 55.94573400544763 -3.1865390907434263 2113.535536944866 2217.914261817932
55.94573400544763 -3.1865390907434263 NW 55.94594613748199 -3.186751222777782 2113.535536944866 2216.664261817932
55.94594613748199 -3.186751222777782 SE 55.94573400544763 -3.1865390907434263 2113.535536944866 2215.414261817932
55.94573400544763 -3.1865390907434263 WNW 55.945848810477344 -3.1868162546031797 2113.535536944866 2214.164261817932
55.945848810477344 -3.1868162546031797 SSE 55.94557164661759 -3.1867014495734702 2113.535536944866 2212.914261817932
55.94557164661759 -3.1867014495734702 NNW 55.945848810477344 -3.1868162546031797 2113.535536944866 2211.664261817932
55.945848810477344 -3.1868162546031797 N 55.94614881047735 -3.1868162546031797 2207.984564960003 2228.933506965637
55.94614881047735 -3.1868162546031797 S 55.945848810477344 -3.1868162546031797 2207.984564960003 2227.683506965637
55.945848810477344 -3.1868162546031797 NNW 55.9461259743371 -3.1869310596328893 2287.801032245159 2298.524022102356
55.9461259743371 -3.1869310596328893 SSE 55.945848810477344 -3.1868162546031797 2287.801032245159 2297.274022102356
55.945848810477344 -3.1868162546031797 NW 55.9460609425117 -3.1870283866375355 2384.882773578167 2337.859272956848
55.9460609425117 -3.1870283866375355 WNW 55.94617574754141 -3.187305550497289 2384.882773578167 2336.609272956848
55.94617574754141 -3.187305550497289 ESE 55.9460609425117 -3.1870283866375355 2384.882773578167 2335.359272956848
55.9460609425117 -3.1870283866375355 ESE 55.94594613748199 -3.186751222777782 2384.882773578167 2334.109272956848
55.94594613748199 -3.186751222777782 WNW 55.9460609425117 -3.1870283866375355 2384.882773578167 2332.859272956848
55.9460609425117 -3.1870283866375355 WSW 55.94594613748199 -3.187305550497289 2402.423379123211 2372.181580543518
55.94594613748199 -3.187305550497289 ENE 55.9460609425117 -3.1870283866375355 2402.423379123211 2370.931580543518
55.9460609425117 -3.1870283866375355 SW 55.945848810477344 -3.1872405186718913 2402.423379123211 2369.681580543518
55.945848810477344 -3.1872405186718913 NE 55.9460609425117 -3.1870283866375355 2402.423379123211 2368.431580543518
55.9460609425117 -3.1870283866375355 SSW 55.94578377865194 -3.187143191667245 2474.401971042156 2386.0244493484497
55.94578377865194 -3.187143191667245 NE 55.9459959106863 -3.1869310596328893 2480.6666709780693 2488.7748079299927
55.9459959106863 -3.1869310596328893 SW 55.94578377865194 -3.187143191667245 2480.6666709780693 2487.5248079299927
55.94578377865194 -3.187143191667245 SE 55.94557164661759 -3.1869310596328893 2558.6867362856865 2540.170102119446
55.94557164661759 -3.1869310596328893 WNW 55.9456864516473 -3.1872082234926427 2600.906413257122 2588.970395088196
55.9456864516473 -3.1872082234926427 WNW 55.94580125667701 -3.187485387352396 2600.906413257122 2587.720395088196
55.94580125667701 -3.187485387352396 E 55.94580125667701 -3.187185387352396 2600.906413257122 2586.470395088196
55.94580125667701 -3.187185387352396 WSW 55.9456864516473 -3.1874625512121493 2600.906413257122 2585.220395088196
55.9456864516473 -3.1874625512121493 NE 55.945898583681654 -3.1872504191777935 2600.906413257122 2583.970395088196
55.945898583681654 -3.1872504191777935 SW 55.9456864516473 -3.1874625512121493 2600.906413257122 2582.720395088196
55.9456864516473 -3.1874625512121493 NE 55.945898583681654 -3.1872504191777935 2600.906413257122 2581.470395088196
55.945898583681654 -3.1872504191777935 SW 55.9456864516473 -3.1874625512121493 2600.906413257122 2580.220395088196
55.9456864516473 -3.1874625512121493 NE 55.945898583681654 -3.1872504191777935 2600.906413257122 2578.970395088196
55.945898583681654 -3.1872504191777935 NNW 55.94617574754141 -3.187365224207503 2600.906413257122 2577.720395088196
55.94617574754141 -3.187365224207503 SSE 55.945898583681654 -3.1872504191777935 2600.906413257122 2576.470395088196
55.945898583681654 -3.1872504191777935 ENE 55.946013388711364 -3.18697325531804 2695.1966735720634 2620.230652809143
55.946013388711364 -3.18697325531804 WSW 55.945898583681654 -3.1872504191777935 2695.1966735720634 2618.980652809143
55.945898583681654 -3.1872504191777935 WNW 55.946013388711364 -3.187527583037547 2695.1966735720634 2617.730652809143
55.946013388711364 -3.187527583037547 ESE 55.945898583681654 -3.1872504191777935 2695.1966735720634 2616.480652809143
55.945898583681654 -3.1872504191777935 WNW 55.946013388711364 -3.187527583037547 2695.1966735720634 2615.230652809143
55.946013388711364 -3.187527583037547 S 55.94571338871136 -3.187527583037547 2695.1966735720634 2613.980652809143
55.94571338871136 -3.187527583037547 N 55.946013388711364 -3.187527583037547 2695.1966735720634 2612.730652809143
55.946013388711364 -3.187527583037547 SSW 55.94573622485161 -3.1876423880672564 2695.1966735720634 2611.480652809143
55.94573622485161 -3.1876423880672564 ENE 55.94585102988132 -3.187365224207503 2780.7016174197197 2690.845223426819
55.94585102988132 -3.187365224207503 WSW 55.94573622485161 -3.1876423880672564 2780.7016174197197 2689.595223426819
55.94573622485161 -3.1876423880672564 ESE 55.9456214198219 -3.187365224207503 2780.7016174197197 2688.345223426819
55.9456214198219 -3.187365224207503 WNW 55.94573622485161 -3.1876423880672564 2780.7016174197197 2687.095223426819
55.94573622485161 -3.1876423880672564 ESE 55.9456214198219 -3.187365224207503 2780.7016174197197 2685.845223426819
55.9456214198219 -3.187365224207503 SE 55.94540928778754 -3.1871530921731472 2794.3148204684258 2687.422871351242
55.94540928778754 -3.1871530921731472 NE 55.9456214198219 -3.1869409601387915 2794.3148204684258 2686.172871351242
55.9456214198219 -3.1869409601387915 SSW 55.94534425596214 -3.187055765168501 2794.3148204684258 2684.922871351242
55.94534425596214 -3.187055765168501 NNE 55.9456214198219 -3.1869409601387915 2794.3148204684258 2683.672871351242
55.9456214198219 -3.1869409601387915 SSW 55.94534425596214 -3.187055765168501 2794.3148204684258 2682.422871351242
55.94534425596214 -3.187055765168501 NNE 55.9456214198219 -3.1869409601387915 2794.3148204684258 2681.172871351242
55.9456214198219 -3.1869409601387915 SSW 55.94534425596214 -3.187055765168501 2794.3148204684258 2679.922871351242
55.94534425596214 -3.187055765168501 NE 55.9455563879965 -3.186843633134145 2794.3148204684258 2678.672871351242
55.9455563879965 -3.186843633134145 SW 55.94534425596214 -3.187055765168501 2794.3148204684258 2677.422871351242
55.94534425596214 -3.187055765168501 SSW 55.945067092102384 -3.1871705701982105 2794.3148204684258 2676.172871351242
55.945067092102384 -3.1871705701982105 E 55.945067092102384 -3.1868705701982103 2794.3148204684258 2674.922871351242
55.945067092102384 -3.1868705701982103 E 55.945067092102384 -3.18657057019821 2794.3148204684258 2673.672871351242
55.945067092102384 -3.18657057019821 WSW 55.944952287072674 -3.1868477340579635 2810.13189715147 2769.3104903697968
55.944952287072674 -3.1868477340579635 ENE 55.945067092102384 -3.18657057019821 2810.13189715147 2768.0604903697968
55.945067092102384 -3.18657057019821 WSW 55.944952287072674 -3.1868477340579635 2810.13189715147 2766.8104903697968
55.944952287072674 -3.1868477340579635 E 55.944952287072674 -3.1865477340579633 2810.13189715147 2765.5604903697968
55.944952287072674 -3.1865477340579633 WNW 55.945067092102384 -3.1868248979177167 2810.13189715147 2764.3104903697968
