55.944425 -3.188396 E 55.944425 -3.188096 0.0 248.75
55.944425 -3.188096 WNW 55.94453980502971 -3.1883731638597532 0.0 247.5
55.94453980502971 -3.1883731638597532 SE 55.94432767299536 -3.1881610318253975 0.0 246.25
55.94432767299536 -3.1881610318253975 NW 55.94453980502971 -3.1883731638597532 0.0 245.0
55.94453980502971 -3.1883731638597532 SSE 55.944262641169956 -3.1882583588300437 0.0 243.75
55.944262641169956 -3.1882583588300437 NNW 55.94453980502971 -3.1883731638597532 0.0 242.5
55.94453980502971 -3.1883731638597532 SSE 55.944262641169956 -3.1882583588300437 0.0 241.25
55.944262641169956 -3.1882583588300437 NNW 55.94453980502971 -3.1883731638597532 0.0 240.0
55.94453980502971 -3.1883731638597532 ESE 55.944425 -3.188096 0.0 238.75
55.944425 -3.188096 WNW 55.94453980502971 -3.1883731638597532 0.0 237.5
55.94453980502971 -3.1883731638597532 ESE 55.944425 -3.188096 0.0 236.25
55.944425 -3.188096 NW 55.94463713203436 -3.1883081320343556 0.0 235.0
55.94463713203436 -3.1883081320343556 E 55.94463713203436 -3.1880081320343554 0.0 233.75
55.94463713203436 -3.1880081320343554 W 55.94463713203436 -3.1883081320343556 0.0 232.5
55.94463713203436 -3.1883081320343556 N 55.94493713203436 -3.1883081320343556 0.0 231.25
55.94493713203436 -3.1883081320343556 S 55.94463713203436 -3.1883081320343556 0.0 230.0
55.94463713203436 -3.1883081320343556 SE 55.944425 -3.188096 0.0 228.75
55.944425 -3.188096 NW 55.94463713203436 -3.1883081320343556 0.0 227.5
55.94463713203436 -3.1883081320343556 NNW 55.944914295894115 -3.188422937064065 0.0 226.25
55.944914295894115 -3.188422937064065 SSE 55.94463713203436 -3.1883081320343556 0.0 225.0
55.94463713203436 -3.1883081320343556 NW 55.944849264068715 -3.1885202640687114 0.0 223.75
55.944849264068715 -3.1885202640687114 E 55.944849264068715 -3.188220264068711 0.0 222.5
55.944849264068715 -3.188220264068711 W 55.944849264068715 -3.1885202640687114 0.0 221.25
55.944849264068715 -3.1885202640687114 E 55.944849264068715 -3.188220264068711 0.0 220.0
55.944849264068715 -3.188220264068711 W 55.944849264068715 -3.1885202640687114 0.0 218.75
55.944849264068715 -3.1885202640687114 E 55.944849264068715 -3.188220264068711 0.0 217.5
55.944849264068715 -3.188220264068711 NW 55.94506139610307 -3.188432396103067 0.0 216.25
55.94506139610307 -3.188432396103067 SE 55.944849264068715 -3.188220264068711 0.0 215.0
55.944849264068715 -3.188220264068711 WNW 55.944964069098425 -3.1884974279284646 0.0 213.75
55.944964069098425 -3.1884974279284646 ESE 55.944849264068715 -3.188220264068711 0.0 212.5
55.944849264068715 -3.188220264068711 WSW 55.944734459039005 -3.1884974279284646 0.0 211.25
55.944734459039005 -3.1884974279284646 ENE 55.944849264068715 -3.188220264068711 0.0 210.0
55.944849264068715 -3.188220264068711 E 55.944849264068715 -3.187920264068711 0.0 208.75
55.944849264068715 -3.187920264068711 W 55.944849264068715 -3.188220264068711 0.0 207.5
55.944849264068715 -3.188220264068711 ENE 55.944964069098425 -3.1879431002089578 0.0 206.25
55.944964069098425 -3.1879431002089578 WSW 55.944849264068715 -3.188220264068711 0.0 205.0
55.944849264068715 -3.188220264068711 ENE 55.944964069098425 -3.1879431002089578 0.0 203.75
55.944964069098425 -3.1879431002089578 SSW 55.94468690523867 -3.1880579052386673 0.0 202.5
55.94468690523867 -3.1880579052386673 NNE 55.944964069098425 -3.1879431002089578 0.0 201.25
55.944964069098425 -3.1879431002089578 SSW 55.94468690523867 -3.1880579052386673 0.0 200.0
55.94468690523867 -3.1880579052386673 NNE 55.944964069098425 -3.1879431002089578 0.0 198.75
55.944964069098425 -3.1879431002089578 SSW 55.94468690523867 -3.1880579052386673 0.0 197.5
55.94468690523867 -3.1880579052386673 NNW 55.944964069098425 -3.188172710268377 0.0 196.25
55.944964069098425 -3.188172710268377 SSE 55.94468690523867 -3.1880579052386673 0.0 195.0
55.94468690523867 -3.1880579052386673 NE 55.944899037273025 -3.1878457732043115 0.0 193.75
55.944899037273025 -3.1878457732043115 SSW 55.94462187341327 -3.187960578234021 0.0 192.5
55.94462187341327 -3.187960578234021 NNW 55.944899037273025 -3.1880753832637305 0.0 191.25
55.944899037273025 -3.1880753832637305 SSE 55.94462187341327 -3.187960578234021 0.0 190.0
55.94462187341327 -3.187960578234021 SSW 55.94434470955351 -3.1880753832637305 0.0 188.75
55.94434470955351 -3.1880753832637305 NNE 55.94462187341327 -3.187960578234021 0.0 187.5
55.94462187341327 -3.187960578234021 ESE 55.94450706838356 -3.1876834143742676 0.0 186.25
55.94450706838356 -3.1876834143742676 WNW 55.94462187341327 -3.187960578234021 0.0 185.0
55.94462187341327 -3.187960578234021 SE 55.94440974137891 -3.1877484461996652 0.0 183.75
55.94440974137891 -3.1877484461996652 NNW 55.94468690523867 -3.1878632512293748 0.0 182.5
55.94468690523867 -3.1878632512293748 SSE 55.94440974137891 -3.1877484461996652 0.0 181.25
55.94440974137891 -3.1877484461996652 NNW 55.94468690523867 -3.1878632512293748 0.0 180.0
55.94468690523867 -3.1878632512293748 SSE 55.94440974137891 -3.1877484461996652 0.0 178.75
55.94440974137891 -3.1877484461996652 NNW 55.94468690523867 -3.1878632512293748 0.0 177.5
55.94468690523867 -3.1878632512293748 SE 55.94447477320431 -3.187651119195019 0.0 176.25
55.94447477320431 -3.187651119195019 SW 55.944262641169956 -3.1878632512293748 0.0 175.0
55.944262641169956 -3.1878632512293748 NE 55.94447477320431 -3.187651119195019 0.0 173.75
55.94447477320431 -3.187651119195019 SW 55.944262641169956 -3.1878632512293748 0.0 172.5
55.944262641169956 -3.1878632512293748 NE 55.94447477320431 -3.187651119195019 0.0 171.25
55.94447477320431 -3.187651119195019 SSW 55.944197609344556 -3.1877659242247285 0.0 170.0
55.944197609344556 -3.1877659242247285 NE 55.94440974137891 -3.1875537921903727 0.0 168.75
55.94440974137891 -3.1875537921903727 SSW 55.944132577519156 -3.1876685972200822 0.0 167.5
55.944132577519156 -3.1876685972200822 E 55.944132577519156 -3.187368597220082 0.0 166.25
55.944132577519156 -3.187368597220082 W 55.944132577519156 -3.1876685972200822 0.0 165.0
55.944132577519156 -3.1876685972200822 E 55.944132577519156 -3.187368597220082 0.0 163.75
55.944132577519156 -3.187368597220082 WNW 55.944247382548866 -3.1876457610798354 0.0 162.5
55.944247382548866 -3.1876457610798354 E 55.944247382548866 -3.1873457610798352 0.0 161.25
55.944247382548866 -3.1873457610798352 W 55.944247382548866 -3.1876457610798354 0.0 160.0
55.944247382548866 -3.1876457610798354 ENE 55.94436218757858 -3.187368597220082 0.0 158.75
55.94436218757858 -3.187368597220082 NW 55.94457431961293 -3.187580729254438 0.0 157.5
55.94457431961293 -3.187580729254438 SE 55.94436218757858 -3.187368597220082 0.0 156.25
55.94436218757858 -3.187368597220082 ENE 55.94447699260829 -3.1870914333603286 0.0 155.0
55.94447699260829 -3.1870914333603286 WSW 55.94436218757858 -3.187368597220082 0.0 153.75
55.94436218757858 -3.187368597220082 NE 55.94457431961293 -3.1871564651857263 0.0 152.5
55.94457431961293 -3.1871564651857263 SW 55.94436218757858 -3.187368597220082 0.0 151.25
55.94436218757858 -3.187368597220082 NNE 55.94463935143833 -3.1872537921903725 0.0 150.0
55.94463935143833 -3.1872537921903725 SSW 55.94436218757858 -3.187368597220082 0.0 148.75
55.94436218757858 -3.187368597220082 NNE 55.94463935143833 -3.1872537921903725 0.0 147.5
55.94463935143833 -3.1872537921903725 SSW 55.94436218757858 -3.187368597220082 0.0 146.25
55.94436218757858 -3.187368597220082 NNE 55.94463935143833 -3.1872537921903725 0.0 145.0
55.94463935143833 -3.1872537921903725 WSW 55.94452454640862 -3.187530956050126 0.0 143.75
55.94452454640862 -3.187530956050126 E 55.94452454640862 -3.1872309560501257 0.0 142.5
55.94452454640862 -3.1872309560501257 WNW 55.94463935143833 -3.187508119909879 0.0 141.25
55.94463935143833 -3.187508119909879 ESE 55.94452454640862 -3.1872309560501257 0.0 140.0
55.94452454640862 -3.1872309560501257 N 55.944824546408626 -3.1872309560501257 0.0 138.75
55.944824546408626 -3.1872309560501257 S 55.94452454640862 -3.1872309560501257 0.0 137.5
55.94452454640862 -3.1872309560501257 N 55.944824546408626 -3.1872309560501257 0.0 136.25
55.944824546408626 -3.1872309560501257 S 55.94452454640862 -3.1872309560501257 0.0 135.0
55.94452454640862 -3.1872309560501257 N 55.944824546408626 -3.1872309560501257 0.0 133.75
55.944824546408626 -3.1872309560501257 S 55.94452454640862 -3.1872309560501257 0.0 132.5
55.94452454640862 -3.1872309560501257 NE 55.94473667844298 -3.18701882401577 0.0 131.25
55.94473667844298 -3.18701882401577 WSW 55.94462187341327 -3.1872959878755234 0.0 130.0
55.94462187341327 -3.1872959878755234 ENE 55.94473667844298 -3.18701882401577 0.0 128.75
55.94473667844298 -3.18701882401577 WSW 55.94462187341327 -3.1872959878755234 0.0 127.5
55.94462187341327 -3.1872959878755234 NE 55.944834005447625 -3.1870838558411676 0.0 126.25
55.944834005447625 -3.1870838558411676 WSW 55.944719200417914 -3.187361019700921 0.0 125.0
55.944719200417914 -3.187361019700921 ENE 55.944834005447625 -3.1870838558411676 0.0 123.75
55.944834005447625 -3.1870838558411676 WSW 55.944719200417914 -3.187361019700921 0.0 122.5
55.944719200417914 -3.187361019700921 NE 55.94493133245227 -3.1871488876665652 0.0 121.25
55.94493133245227 -3.1871488876665652 SSE 55.944654168592514 -3.1870340826368557 0.0 120.0
55.944654168592514 -3.1870340826368557 NNW 55.94493133245227 -3.1871488876665652 0.0 118.75
55.94493133245227 -3.1871488876665652 SW 55.944719200417914 -3.187361019700921 0.0 117.5
55.944719200417914 -3.187361019700921 NE 55.94493133245227 -3.1871488876665652 0.0 116.25
55.94493133245227 -3.1871488876665652 N 55.94523133245227 -3.1871488876665652 0.0 115.0
55.94523133245227 -3.1871488876665652 S 55.94493133245227 -3.1871488876665652 0.0 113.75
55.94493133245227 -3.1871488876665652 N 55.94523133245227 -3.1871488876665652 0.0 112.5
55.94523133245227 -3.1871488876665652 S 55.94493133245227 -3.1871488876665652 0.0 111.25
55.94493133245227 -3.1871488876665652 N 55.94523133245227 -3.1871488876665652 0.0 110.0
55.94523133245227 -3.1871488876665652 WNW 55.945346137481984 -3.1874260515263186 0.0 108.75
55.945346137481984 -3.1874260515263186 ESE 55.94523133245227 -3.1871488876665652 0.0 107.5
55.94523133245227 -3.1871488876665652 WNW 55.945346137481984 -3.1874260515263186 0.0 106.25
55.945346137481984 -3.1874260515263186 ESE 55.94523133245227 -3.1871488876665652 0.0 105.0
55.94523133245227 -3.1871488876665652 NNW 55.94550849631203 -3.1872636926962747 0.0 103.75
55.94550849631203 -3.1872636926962747 SSE 55.94523133245227 -3.1871488876665652 0.0 102.5
55.94523133245227 -3.1871488876665652 NNW 55.94550849631203 -3.1872636926962747 0.0 101.25
55.94550849631203 -3.1872636926962747 SSE 55.94523133245227 -3.1871488876665652 0.0 100.0
55.94523133245227 -3.1871488876665652 NNW 55.94550849631203 -3.1872636926962747 0.0 98.75
55.94550849631203 -3.1872636926962747 SSE 55.94523133245227 -3.1871488876665652 0.0 97.5
55.94523133245227 -3.1871488876665652 NNW 55.94550849631203 -3.1872636926962747 0.0 96.25
55.94550849631203 -3.1872636926962747 SSE 55.94523133245227 -3.1871488876665652 0.0 95.0
55.94523133245227 -3.1871488876665652 NNW 55.94550849631203 -3.1872636926962747 0.0 93.75
55.94550849631203 -3.1872636926962747 SE 55.945296364277674 -3.187051560661919 0.0 92.5
55.945296364277674 -3.187051560661919 NW 55.94550849631203 -3.1872636926962747 0.0 91.25
55.94550849631203 -3.1872636926962747 E 55.94550849631203 -3.1869636926962746 0.0 90.0
55.94550849631203 -3.1869636926962746 WNW 55.94562330134174 -3.187240856556028 0.0 88.75
55.94562330134174 -3.187240856556028 SE 55.945411169307384 -3.187028724521672 0.0 87.5
55.945411169307384 -3.187028724521672 NNW 55.94568833316714 -3.1871435295513817 0.0 86.25
55.94568833316714 -3.1871435295513817 SE 55.945476201132784 -3.186931397517026 0.0 85.0
55.945476201132784 -3.186931397517026 NW 55.94568833316714 -3.1871435295513817 0.0 83.75
55.94568833316714 -3.1871435295513817 SE 55.945476201132784 -3.186931397517026 0.0 82.5
55.945476201132784 -3.186931397517026 NNW 55.94575336499254 -3.1870462025467354 0.0 81.25
55.94575336499254 -3.1870462025467354 SSE 55.945476201132784 -3.186931397517026 0.0 80.0
55.945476201132784 -3.186931397517026 NNW 55.94575336499254 -3.1870462025467354 0.0 78.75
55.94575336499254 -3.1870462025467354 SSE 55.945476201132784 -3.186931397517026 0.0 77.5
55.945476201132784 -3.186931397517026 N 55.94577620113279 -3.186931397517026 105.47489929199219 153.86743927001953
55.94577620113279 -3.186931397517026 S 55.945476201132784 -3.186931397517026 105.47489929199219 152.61743927001953
55.945476201132784 -3.186931397517026 N 55.94577620113279 -3.186931397517026 105.47489929199219 151.36743927001953
55.94577620113279 -3.186931397517026 SW 55.94556406909843 -3.1871435295513817 147.51821899414062 267.2890090942383
55.94556406909843 -3.1871435295513817 NE 55.94577620113279 -3.186931397517026 147.51821899414062 266.0390090942383
55.94577620113279 -3.186931397517026 N 55.94607620113279 -3.186931397517026 147.51821899414062 264.7890090942383
55.94607620113279 -3.186931397517026 S 55.94577620113279 -3.186931397517026 147.51821899414062 263.5390090942383
55.94577620113279 -3.186931397517026 SW 55.94556406909843 -3.1871435295513817 147.51821899414062 262.2890090942383
55.94556406909843 -3.1871435295513817 NE 55.94577620113279 -3.186931397517026 147.51821899414062 261.0390090942383
55.94577620113279 -3.186931397517026 W 55.94577620113279 -3.187231397517026 147.51821899414062 259.7890090942383
55.94577620113279 -3.187231397517026 E 55.94577620113279 -3.186931397517026 147.51821899414062 258.5390090942383
55.94577620113279 -3.186931397517026 WNW 55.9458910061625 -3.1872085613767793 147.51821899414062 257.2890090942383
55.9458910061625 -3.1872085613767793 E 55.9458910061625 -3.186908561376779 165.26661682128906 271.76722049713135
55.9458910061625 -3.186908561376779 W 55.9458910061625 -3.1872085613767793 165.26661682128906 270.51722049713135
55.9458910061625 -3.1872085613767793 NE 55.946103138196854 -3.1869964293424236 165.26661682128906 269.26722049713135
55.946103138196854 -3.1869964293424236 SW 55.9458910061625 -3.1872085613767793 165.26661682128906 268.01722049713135
55.9458910061625 -3.1872085613767793 NE 55.946103138196854 -3.1869964293424236 165.26661682128906 266.76722049713135
55.946103138196854 -3.1869964293424236 SW 55.9458910061625 -3.1872085613767793 165.26661682128906 265.51722049713135
55.9458910061625 -3.1872085613767793 NNE 55.946168170022254 -3.18709375634707 207.77526473999023 344.2711343765259
55.946168170022254 -3.18709375634707 S 55.94586817002225 -3.18709375634707 216.37539863586426 411.282509803772
55.94586817002225 -3.18709375634707 N 55.946168170022254 -3.18709375634707 216.37539863586426 410.032509803772
55.946168170022254 -3.18709375634707 SE 55.9459560379879 -3.186881624312714 333.0360507965088 440.093955039978
55.9459560379879 -3.186881624312714 NW 55.946168170022254 -3.18709375634707 333.0360507965088 438.843955039978
55.946168170022254 -3.18709375634707 SE 55.9459560379879 -3.186881624312714 333.0360507965088 437.593955039978
55.9459560379879 -3.186881624312714 NW 55.946168170022254 -3.18709375634707 333.0360507965088 436.343955039978
55.946168170022254 -3.18709375634707 SE 55.9459560379879 -3.186881624312714 333.0360507965088 435.093955039978
55.9459560379879 -3.186881624312714 NE 55.946168170022254 -3.1866694922783583 333.0360507965088 433.843955039978
55.946168170022254 -3.1866694922783583 SW 55.9459560379879 -3.186881624312714 333.0360507965088 432.593955039978
55.9459560379879 -3.186881624312714 SSE 55.94567887412814 -3.1867668192830045 333.0360507965088 431.343955039978
55.94567887412814 -3.1867668192830045 NNW 55.9459560379879 -3.186881624312714 333.0360507965088 430.093955039978
55.9459560379879 -3.186881624312714 ESE 55.94584123295819 -3.1866044604529606 333.0360507965088 428.843955039978
55.94584123295819 -3.1866044604529606 WNW 55.9459560379879 -3.186881624312714 333.0360507965088 427.593955039978
55.9459560379879 -3.186881624312714 SSE 55.94567887412814 -3.1867668192830045 333.0360507965088 426.343955039978
55.94567887412814 -3.1867668192830045 NNW 55.9459560379879 -3.186881624312714 333.0360507965088 425.093955039978
55.9459560379879 -3.186881624312714 S 55.945656037987895 -3.186881624312714 333.0360507965088 423.843955039978
55.945656037987895 -3.186881624312714 N 55.9459560379879 -3.186881624312714 333.0360507965088 422.593955039978
55.9459560379879 -3.186881624312714 SSE 55.94567887412814 -3.1867668192830045 333.0360507965088 421.343955039978
55.94567887412814 -3.1867668192830045 N 55.945978874128144 -3.1867668192830045 411.98823738098145 437.97932529449463
55.945978874128144 -3.1867668192830045 NE 55.9461910061625 -3.1865546872486488 411.98823738098145 436.72932529449463
55.9461910061625 -3.1865546872486488 SW 55.945978874128144 -3.1867668192830045 411.98823738098145 435.47932529449463
55.945978874128144 -3.1867668192830045 WNW 55.946093679157855 -3.187043983142758 411.98823738098145 434.22932529449463
55.946093679157855 -3.187043983142758 ESE 55.945978874128144 -3.1867668192830045 411.98823738098145 432.97932529449463
55.945978874128144 -3.1867668192830045 SSW 55.94570171026839 -3.186881624312714 411.98823738098145 431.72932529449463
55.94570171026839 -3.186881624312714 NNE 55.945978874128144 -3.1867668192830045 411.98823738098145 430.47932529449463
55.945978874128144 -3.1867668192830045 ENE 55.946093679157855 -3.186489655423251 476.9663333892822 520.9585123062134
55.946093679157855 -3.186489655423251 WSW 55.945978874128144 -3.1867668192830045 476.9663333892822 519.7085123062134
55.945978874128144 -3.1867668192830045 E 55.945978874128144 -3.1864668192830043 517.6825351715088 568.2521257400513
55.945978874128144 -3.1864668192830043 W 55.945978874128144 -3.1867668192830045 517.6825351715088 567.0021257400513
55.945978874128144 -3.1867668192830045 E 55.945978874128144 -3.1864668192830043 517.6825351715088 565.7521257400513
55.945978874128144 -3.1864668192830043 W 55.945978874128144 -3.1867668192830045 517.6825351715088 564.5021257400513
55.945978874128144 -3.1867668192830045 ESE 55.945864069098434 -3.186489655423251 517.6825351715088 563.2521257400513
55.945864069098434 -3.186489655423251 WNW 55.945978874128144 -3.1867668192830045 517.6825351715088 562.0021257400513
55.945978874128144 -3.1867668192830045 SE 55.94576674209379 -3.1865546872486488 517.6825351715088 560.7521257400513
55.94576674209379 -3.1865546872486488 NW 55.945978874128144 -3.1867668192830045 517.6825351715088 559.5021257400513
55.945978874128144 -3.1867668192830045 SE 55.94576674209379 -3.1865546872486488 517.6825351715088 558.2521257400513
55.94576674209379 -3.1865546872486488 W 55.94576674209379 -3.186854687248649 602.9977741241455 566.1326885223389
55.94576674209379 -3.186854687248649 E 55.94576674209379 -3.1865546872486488 602.9977741241455 564.8826885223389
55.94576674209379 -3.1865546872486488 SSW 55.94548957823403 -3.1866694922783583 668.3952350616455 626.6703472137451
55.94548957823403 -3.1866694922783583 NNE 55.94576674209379 -3.1865546872486488 668.3952350616455 625.4203472137451
55.94576674209379 -3.1865546872486488 SW 55.94555461005943 -3.1867668192830045 668.3952350616455 624.1703472137451
55.94555461005943 -3.1867668192830045 ENE 55.94566941508914 -3.186489655423251 668.3952350616455 622.9203472137451
55.94566941508914 -3.186489655423251 SSW 55.945392251229386 -3.1866044604529606 682.7791900634766 716.7431697845459
55.945392251229386 -3.1866044604529606 N 55.94569225122939 -3.1866044604529606 732.3324699401855 750.7776546478271
55.94569225122939 -3.1866044604529606 S 55.945392251229386 -3.1866044604529606 732.3324699401855 749.5276546478271
55.945392251229386 -3.1866044604529606 NNE 55.94566941508914 -3.186489655423251 732.3324699401855 748.2776546478271
55.94566941508914 -3.186489655423251 SSW 55.945392251229386 -3.1866044604529606 732.3324699401855 747.0276546478271
55.945392251229386 -3.1866044604529606 E 55.945392251229386 -3.1863044604529605 732.3324699401855 745.7776546478271
55.945392251229386 -3.1863044604529605 W 55.945392251229386 -3.1866044604529606 732.3324699401855 744.5276546478271
55.945392251229386 -3.1866044604529606 SE 55.94518011919503 -3.186392328418605 732.3324699401855 743.2776546478271
55.94518011919503 -3.186392328418605 NW 55.945392251229386 -3.1866044604529606 732.3324699401855 742.0276546478271
55.945392251229386 -3.1866044604529606 SSE 55.94511508736963 -3.186489655423251 732.3324699401855 740.7776546478271
55.94511508736963 -3.186489655423251 NNW 55.945392251229386 -3.1866044604529606 732.3324699401855 739.5276546478271
55.945392251229386 -3.1866044604529606 SSW 55.94511508736963 -3.18671926548267 732.3324699401855 738.2776546478271
55.94511508736963 -3.18671926548267 NNE 55.945392251229386 -3.1866044604529606 732.3324699401855 737.0276546478271
55.945392251229386 -3.1866044604529606 NNE 55.94566941508914 -3.186489655423251 732.3324699401855 735.7776546478271
55.94566941508914 -3.186489655423251 SSW 55.945392251229386 -3.1866044604529606 732.3324699401855 734.5276546478271
55.945392251229386 -3.1866044604529606 W 55.945392251229386 -3.186904460452961 732.3324699401855 733.2776546478271
55.945392251229386 -3.186904460452961 ESE 55.945277446199675 -3.1866272965932074 732.3324699401855 732.0276546478271
55.945277446199675 -3.1866272965932074 WSW 55.945162641169965 -3.186904460452961 732.3324699401855 730.7776546478271
55.945162641169965 -3.186904460452961 ENE 55.945277446199675 -3.1866272965932074 732.3324699401855 729.5276546478271
55.945277446199675 -3.1866272965932074 SSW 55.94500028233992 -3.186742101622917 734.1493437290192 791.3888454437256
55.94500028233992 -3.186742101622917 NNE 55.945277446199675 -3.1866272965932074 734.1493437290192 790.1388454437256
55.945277446199675 -3.1866272965932074 S 55.94497744619967 -3.1866272965932074 734.1493437290192 788.8888454437256
55.94497744619967 -3.1866272965932074 N 55.945277446199675 -3.1866272965932074 734.1493437290192 787.6388454437256
55.945277446199675 -3.1866272965932074 S 55.94497744619967 -3.1866272965932074 734.1493437290192 786.3888454437256
55.94497744619967 -3.1866272965932074 NNE 55.94525461005943 -3.186512491563498 828.0819914340973 833.3849391937256
55.94525461005943 -3.186512491563498 SSW 55.94497744619967 -3.1866272965932074 828.0819914340973 832.1349391937256
55.94497744619967 -3.1866272965932074 SSW 55.944700282339916 -3.186742101622917 828.0819914340973 830.8849391937256
55.944700282339916 -3.186742101622917 NNE 55.94497744619967 -3.1866272965932074 828.0819914340973 829.6349391937256
55.94497744619967 -3.1866272965932074 SSE 55.944700282339916 -3.186512491563498 828.0819914340973 828.3849391937256
55.944700282339916 -3.186512491563498 NNW 55.94497744619967 -3.1866272965932074 828.0819914340973 827.1349391937256
55.94497744619967 -3.1866272965932074 ESE 55.94486264116996 -3.186350132733454 828.0819914340973 825.8849391937256
55.94486264116996 -3.186350132733454 WNW 55.94497744619967 -3.1866272965932074 828.0819914340973 824.6349391937256
55.94497744619967 -3.1866272965932074 NW 55.94518957823403 -3.186839428627563 901.2815535068512 857.7477703094482
55.94518957823403 -3.186839428627563 SE 55.94497744619967 -3.1866272965932074 901.2815535068512 856.4977703094482
55.94497744619967 -3.1866272965932074 W 55.94497744619967 -3.1869272965932076 940.8956625461578 855.7152705490589
55.94497744619967 -3.1869272965932076 E 55.94497744619967 -3.1866272965932074 940.8956625461578 854.4652705490589
55.94497744619967 -3.1866272965932074 NW 55.94518957823403 -3.186839428627563 940.8956625461578 853.2152705490589
55.94518957823403 -3.186839428627563 SSE 55.94491241437427 -3.1867246235978537 1032.8502142429352 863.0694680511951
55.94491241437427 -3.1867246235978537 N 55.945212414374275 -3.1867246235978537 1032.8502142429352 861.8194680511951
55.945212414374275 -3.1867246235978537 SSW 55.94493525051452 -3.186839428627563 1032.8502142429352 860.5694680511951
55.94493525051452 -3.186839428627563 NNE 55.945212414374275 -3.1867246235978537 1032.8502142429352 859.3194680511951
55.945212414374275 -3.1867246235978537 SW 55.94500028233992 -3.1869367556322095 1032.8502142429352 858.0694680511951
55.94500028233992 -3.1869367556322095 NE 55.945212414374275 -3.1867246235978537 1032.8502142429352 856.8194680511951
55.945212414374275 -3.1867246235978537 SW 55.94500028233992 -3.1869367556322095 1032.8502142429352 855.5694680511951
55.94500028233992 -3.1869367556322095 NE 55.945212414374275 -3.1867246235978537 1032.8502142429352 854.3194680511951
55.945212414374275 -3.1867246235978537 NW 55.94542454640863 -3.1869367556322095 1032.8502142429352 853.0694680511951
55.94542454640863 -3.1869367556322095 SSW 55.945147382548875 -3.187051560661919 1138.2839376926422 910.1888490021229
55.945147382548875 -3.187051560661919 S 55.94484738254887 -3.187051560661919 1138.2839376926422 908.9388490021229
55.94484738254887 -3.187051560661919 N 55.945147382548875 -3.187051560661919 1138.2839376926422 907.6888490021229
55.945147382548875 -3.187051560661919 E 55.945147382548875 -3.186751560661919 1138.2839376926422 906.4388490021229
55.945147382548875 -3.186751560661919 W 55.945147382548875 -3.187051560661919 1138.2839376926422 905.1888490021229
