55.944425 -3.188396 SE 55.944212867965646 -3.1881838679656442 0.0 248.75
55.944212867965646 -3.1881838679656442 NW 55.944425 -3.188396 0.0 247.5
55.944425 -3.188396 ESE 55.94431019497029 -3.1881188361402466 0.0 246.25
55.94431019497029 -3.1881188361402466 WNW 55.944425 -3.188396 0.0 245.0
55.944425 -3.188396 SE 55.944212867965646 -3.1881838679656442 0.0 243.75
55.944212867965646 -3.1881838679656442 NW 55.944425 -3.188396 0.0 242.5
55.944425 -3.188396 SE 55.944212867965646 -3.1881838679656442 0.0 241.25
55.944212867965646 -3.1881838679656442 W 55.944212867965646 -3.1884838679656444 0.0 240.0
55.944212867965646 -3.1884838679656444 ESE 55.944098062935936 -3.188206704105891 0.0 238.75
55.944098062935936 -3.188206704105891 W 55.944098062935936 -3.188506704105891 0.0 237.5
55.944098062935936 -3.188506704105891 E 55.944098062935936 -3.188206704105891 0.0 236.25
55.944098062935936 -3.188206704105891 N 55.94439806293594 -3.188206704105891 0.0 235.0
55.94439806293594 -3.188206704105891 S 55.944098062935936 -3.188206704105891 0.0 233.75
55.944098062935936 -3.188206704105891 SE 55.94388593090158 -3.1879945720715352 0.0 232.5
55.94388593090158 -3.1879945720715352 NW 55.944098062935936 -3.188206704105891 0.0 231.25
55.944098062935936 -3.188206704105891 ESE 55.943983257906226 -3.1879295402461376 0.0 230.0
55.943983257906226 -3.1879295402461376 NW 55.94419538994058 -3.1881416722804934 0.0 228.75
55.94419538994058 -3.1881416722804934 NNE 55.94447255380034 -3.188026867250784 0.0 227.5
55.94447255380034 -3.188026867250784 SSW 55.94419538994058 -3.1881416722804934 0.0 226.25
55.94419538994058 -3.1881416722804934 N 55.944495389940585 -3.1881416722804934 0.0 225.0
55.944495389940585 -3.1881416722804934 SE 55.94428325790623 -3.1879295402461376 0.0 223.75
55.94428325790623 -3.1879295402461376 NW 55.944495389940585 -3.1881416722804934 0.0 222.5
55.944495389940585 -3.1881416722804934 NE 55.94470752197494 -3.1879295402461376 0.0 221.25
55.94470752197494 -3.1879295402461376 SW 55.944495389940585 -3.1881416722804934 0.0 220.0
55.944495389940585 -3.1881416722804934 NW 55.94470752197494 -3.188353804314849 0.0 218.75
55.94470752197494 -3.188353804314849 SSE 55.944430358115184 -3.1882389992851397 0.0 217.5
55.944430358115184 -3.1882389992851397 NNW 55.94470752197494 -3.188353804314849 0.0 216.25
55.94470752197494 -3.188353804314849 E 55.94470752197494 -3.188053804314849 0.0 215.0
55.94470752197494 -3.188053804314849 W 55.94470752197494 -3.188353804314849 0.0 213.75
55.94470752197494 -3.188353804314849 SE 55.944495389940585 -3.1881416722804934 0.0 212.5
55.944495389940585 -3.1881416722804934 NW 55.94470752197494 -3.188353804314849 0.0 211.25
55.94470752197494 -3.188353804314849 WSW 55.94459271694523 -3.1886309681746026 0.0 210.0
55.94459271694523 -3.1886309681746026 NNE 55.94486988080499 -3.188516163144893 0.0 208.75
55.94486988080499 -3.188516163144893 S 55.944569880804984 -3.188516163144893 0.0 207.5
55.944569880804984 -3.188516163144893 WSW 55.944455075775274 -3.1887933270046465 0.0 206.25
55.944455075775274 -3.1887933270046465 ENE 55.944569880804984 -3.188516163144893 0.0 205.0
55.944569880804984 -3.188516163144893 WSW 55.944455075775274 -3.1887933270046465 0.0 203.75
55.944455075775274 -3.1887933270046465 ENE 55.944569880804984 -3.188516163144893 0.0 202.5
55.944569880804984 -3.188516163144893 SW 55.94435774877063 -3.188728295179249 0.0 201.25
55.94435774877063 -3.188728295179249 NE 55.944569880804984 -3.188516163144893 0.0 200.0
55.944569880804984 -3.188516163144893 SW 55.94435774877063 -3.188728295179249 0.0 198.75
55.94435774877063 -3.188728295179249 NW 55.944569880804984 -3.1889404272136046 0.0 197.5
55.944569880804984 -3.1889404272136046 SE 55.94435774877063 -3.188728295179249 0.0 196.25
55.94435774877063 -3.188728295179249 NNE 55.944634912630384 -3.1886134901495393 0.0 195.0
55.944634912630384 -3.1886134901495393 SW 55.94442278059603 -3.188825622183895 0.0 193.75
55.94442278059603 -3.188825622183895 NE 55.944634912630384 -3.1886134901495393 0.0 192.5
55.944634912630384 -3.1886134901495393 SSW 55.94435774877063 -3.188728295179249 0.0 191.25
55.94435774877063 -3.188728295179249 NNW 55.944634912630384 -3.1888431002089583 0.0 190.0
55.944634912630384 -3.1888431002089583 NNW 55.94491207649014 -3.188957905238668 0.0 188.75
55.94491207649014 -3.188957905238668 SE 55.944699944455785 -3.188745773204312 0.0 187.5
55.944699944455785 -3.188745773204312 NW 55.94491207649014 -3.188957905238668 0.0 186.25
55.94491207649014 -3.188957905238668 S 55.94461207649014 -3.188957905238668 0.0 185.0
55.94461207649014 -3.188957905238668 NNW 55.944889240349895 -3.1890727102683774 0.0 183.75
55.944889240349895 -3.1890727102683774 SE 55.94467710831554 -3.1888605782340216 0.0 182.5
55.94467710831554 -3.1888605782340216 NNW 55.944954272175295 -3.188975383263731 0.0 181.25
55.944954272175295 -3.188975383263731 N 55.9452542721753 -3.188975383263731 110.2824935913086 236.4270133972168
55.9452542721753 -3.188975383263731 SSE 55.94497710831554 -3.1888605782340216 110.2824935913086 235.1770133972168
55.94497710831554 -3.1888605782340216 NNE 55.9452542721753 -3.188745773204312 110.2824935913086 233.9270133972168
55.9452542721753 -3.188745773204312 SSW 55.94497710831554 -3.1888605782340216 110.2824935913086 232.6770133972168
55.94497710831554 -3.1888605782340216 NNE 55.9452542721753 -3.188745773204312 110.2824935913086 231.4270133972168
55.9452542721753 -3.188745773204312 W 55.9452542721753 -3.1890457732043123 110.2824935913086 230.1770133972168
55.9452542721753 -3.1890457732043123 E 55.9452542721753 -3.188745773204312 110.2824935913086 228.9270133972168
55.9452542721753 -3.188745773204312 W 55.9452542721753 -3.1890457732043123 110.2824935913086 227.6770133972168
55.9452542721753 -3.1890457732043123 SSE 55.94497710831554 -3.1889309681746028 110.2824935913086 226.4270133972168
55.94497710831554 -3.1889309681746028 NNW 55.9452542721753 -3.1890457732043123 110.2824935913086 225.1770133972168
55.9452542721753 -3.1890457732043123 W 55.9452542721753 -3.1893457732043125 110.2824935913086 223.9270133972168
55.9452542721753 -3.1893457732043125 ENE 55.94536907720501 -3.189068609344559 110.2824935913086 222.6770133972168
55.94536907720501 -3.189068609344559 NW 55.945581209239364 -3.189280741378915 110.2824935913086 221.4270133972168
55.945581209239364 -3.189280741378915 SSE 55.94530404537961 -3.1891659363492053 110.2824935913086 220.1770133972168
55.94530404537961 -3.1891659363492053 N 55.94560404537961 -3.1891659363492053 110.2824935913086 218.9270133972168
55.94560404537961 -3.1891659363492053 ESE 55.9454892403499 -3.188888772489452 110.2824935913086 217.6770133972168
55.9454892403499 -3.188888772489452 WNW 55.94560404537961 -3.1891659363492053 110.2824935913086 216.4270133972168
55.94560404537961 -3.1891659363492053 ESE 55.9454892403499 -3.188888772489452 110.2824935913086 215.1770133972168
55.9454892403499 -3.188888772489452 WNW 55.94560404537961 -3.1891659363492053 110.2824935913086 213.9270133972168
55.94560404537961 -3.1891659363492053 ESE 55.9454892403499 -3.188888772489452 110.2824935913086 212.6770133972168
55.9454892403499 -3.188888772489452 N 55.9457892403499 -3.188888772489452 110.2824935913086 211.4270133972168
55.9457892403499 -3.188888772489452 S 55.9454892403499 -3.188888772489452 110.2824935913086 210.1770133972168
55.9454892403499 -3.188888772489452 N 55.9457892403499 -3.188888772489452 110.2824935913086 208.9270133972168
55.9457892403499 -3.188888772489452 SSE 55.94551207649015 -3.1887739674597424 110.2824935913086 207.6770133972168
55.94551207649015 -3.1887739674597424 SSW 55.94523491263039 -3.188888772489452 110.2824935913086 206.4270133972168
55.94523491263039 -3.188888772489452 NNE 55.94551207649015 -3.1887739674597424 110.2824935913086 205.1770133972168
55.94551207649015 -3.1887739674597424 ESE 55.945397271460436 -3.188496803599989 110.2824935913086 203.9270133972168
55.945397271460436 -3.188496803599989 WNW 55.94551207649015 -3.1887739674597424 110.2824935913086 202.6770133972168
55.94551207649015 -3.1887739674597424 ESE 55.945397271460436 -3.188496803599989 110.2824935913086 201.4270133972168
55.945397271460436 -3.188496803599989 WNW 55.94551207649015 -3.1887739674597424 110.2824935913086 200.1770133972168
55.94551207649015 -3.1887739674597424 SSW 55.94523491263039 -3.188888772489452 110.2824935913086 198.9270133972168
55.94523491263039 -3.188888772489452 ENE 55.9453497176601 -3.1886116086296985 110.2824935913086 197.6770133972168
55.9453497176601 -3.1886116086296985 NNW 55.94562688151986 -3.188726413659408 110.2824935913086 196.4270133972168
55.94562688151986 -3.188726413659408 SE 55.9454147494855 -3.1885142816250522 110.2824935913086 195.1770133972168
55.9454147494855 -3.1885142816250522 NNE 55.94569191334526 -3.1883994765953427 110.2824935913086 193.9270133972168
55.94569191334526 -3.1883994765953427 SW 55.9454797813109 -3.1886116086296985 110.2824935913086 192.6770133972168
55.9454797813109 -3.1886116086296985 NE 55.94569191334526 -3.1883994765953427 110.2824935913086 191.4270133972168
55.94569191334526 -3.1883994765953427 SW 55.9454797813109 -3.1886116086296985 110.2824935913086 190.1770133972168
55.9454797813109 -3.1886116086296985 NE 55.94569191334526 -3.1883994765953427 110.2824935913086 188.9270133972168
55.94569191334526 -3.1883994765953427 NNE 55.945969077205014 -3.188284671565633 110.2824935913086 187.6770133972168
55.945969077205014 -3.188284671565633 SSW 55.94569191334526 -3.1883994765953427 110.2824935913086 186.4270133972168
55.94569191334526 -3.1883994765953427 E 55.94569191334526 -3.1880994765953425 110.2824935913086 185.1770133972168
55.94569191334526 -3.1880994765953425 W 55.94569191334526 -3.1883994765953427 110.2824935913086 183.9270133972168
55.94569191334526 -3.1883994765953427 SE 55.9454797813109 -3.188187344560987 110.2824935913086 182.6770133972168
55.9454797813109 -3.188187344560987 N 55.945779781310904 -3.188187344560987 110.2824935913086 181.4270133972168
55.945779781310904 -3.188187344560987 S 55.9454797813109 -3.188187344560987 110.2824935913086 180.1770133972168
55.9454797813109 -3.188187344560987 NNE 55.94575694517066 -3.1880725395312774 137.46746063232422 189.63121223449707
55.94575694517066 -3.1880725395312774 S 55.945456945170655 -3.1880725395312774 209.4593505859375 211.95678329467773
55.945456945170655 -3.1880725395312774 N 55.94575694517066 -3.1880725395312774 209.4593505859375 210.70678329467773
55.94575694517066 -3.1880725395312774 WSW 55.94564214014095 -3.188349703391031 209.4593505859375 209.45678329467773
55.94564214014095 -3.188349703391031 NE 55.9458542721753 -3.188137571356675 209.4593505859375 208.20678329467773
55.9458542721753 -3.188137571356675 NE 55.94606640420966 -3.1879254393223193 209.4593505859375 206.95678329467773
55.94606640420966 -3.1879254393223193 SW 55.9458542721753 -3.188137571356675 209.4593505859375 205.70678329467773
55.9458542721753 -3.188137571356675 NE 55.94606640420966 -3.1879254393223193 209.4593505859375 204.45678329467773
55.94606640420966 -3.1879254393223193 SSE 55.9457892403499 -3.18781063429261 209.4593505859375 203.20678329467773
55.9457892403499 -3.18781063429261 N 55.946089240349906 -3.18781063429261 209.4593505859375 201.95678329467773
55.946089240349906 -3.18781063429261 S 55.9457892403499 -3.18781063429261 209.4593505859375 200.70678329467773
55.9457892403499 -3.18781063429261 E 55.9457892403499 -3.1875106342926096 209.4593505859375 199.45678329467773
55.9457892403499 -3.1875106342926096 NW 55.94600137238426 -3.1877227663269654 209.4593505859375 198.20678329467773
55.94600137238426 -3.1877227663269654 SW 55.9457892403499 -3.187934898361321 209.4593505859375 196.95678329467773
55.9457892403499 -3.187934898361321 NE 55.94600137238426 -3.1877227663269654 209.4593505859375 195.70678329467773
55.94600137238426 -3.1877227663269654 WNW 55.94611617741397 -3.187999930186719 226.34761428833008 284.09473037719727
55.94611617741397 -3.187999930186719 E 55.94611617741397 -3.1876999301867186 347.4617500305176 334.1149787902832
55.94611617741397 -3.1876999301867186 WSW 55.94600137238426 -3.187977094046472 347.4617500305176 332.8649787902832
55.94600137238426 -3.187977094046472 NE 55.946213504418616 -3.1877649620121162 347.4617500305176 331.6149787902832
55.946213504418616 -3.1877649620121162 WSW 55.946098699388905 -3.1880421258718696 347.4617500305176 330.3649787902832
55.946098699388905 -3.1880421258718696 WNW 55.946213504418616 -3.188319289731623 347.4617500305176 329.1149787902832
55.946213504418616 -3.188319289731623 ESE 55.946098699388905 -3.1880421258718696 347.4617500305176 327.8649787902832
55.946098699388905 -3.1880421258718696 W 55.946098699388905 -3.18834212587187 347.4617500305176 326.6149787902832
55.946098699388905 -3.18834212587187 ESE 55.945983894359195 -3.1880649620121164 347.4617500305176 325.3649787902832
55.945983894359195 -3.1880649620121164 WNW 55.946098699388905 -3.18834212587187 347.4617500305176 324.1149787902832
55.946098699388905 -3.18834212587187 SSE 55.94582153552915 -3.1882273208421603 347.4617500305176 322.8649787902832
55.94582153552915 -3.1882273208421603 NNW 55.946098699388905 -3.18834212587187 347.4617500305176 321.6149787902832
55.946098699388905 -3.18834212587187 S 55.9457986993889 -3.18834212587187 347.4617500305176 320.3649787902832
55.9457986993889 -3.18834212587187 N 55.946098699388905 -3.18834212587187 347.4617500305176 319.1149787902832
55.946098699388905 -3.18834212587187 SSE 55.94582153552915 -3.1882273208421603 347.4617500305176 317.8649787902832
55.94582153552915 -3.1882273208421603 NNW 55.946098699388905 -3.18834212587187 347.4617500305176 316.6149787902832
55.946098699388905 -3.18834212587187 S 55.9457986993889 -3.18834212587187 347.4617500305176 315.3649787902832
55.9457986993889 -3.18834212587187 N 55.946098699388905 -3.18834212587187 347.4617500305176 314.1149787902832
55.946098699388905 -3.18834212587187 WSW 55.945983894359195 -3.1886192897316232 470.0850944519043 365.26418685913086
55.945983894359195 -3.1886192897316232 ENE 55.946098699388905 -3.18834212587187 470.0850944519043 364.01418685913086
55.946098699388905 -3.18834212587187 WNW 55.946213504418616 -3.1886192897316232 586.3033866882324 373.3502244949341
55.946213504418616 -3.1886192897316232 E 55.946213504418616 -3.188319289731623 586.3033866882324 372.1002244949341
55.946213504418616 -3.188319289731623 SW 55.94600137238426 -3.188531421765979 586.3033866882324 370.8502244949341
55.94600137238426 -3.188531421765979 ENE 55.94611617741397 -3.1882542579062254 586.3033866882324 369.6002244949341
55.94611617741397 -3.1882542579062254 SW 55.94590404537961 -3.188466389940581 637.8365058898926 414.7735528945923
55.94590404537961 -3.188466389940581 S 55.94560404537961 -3.188466389940581 637.8365058898926 413.5235528945923
55.94560404537961 -3.188466389940581 N 55.94590404537961 -3.188466389940581 637.8365058898926 412.2735528945923
55.94590404537961 -3.188466389940581 SW 55.94569191334526 -3.188678521974937 637.8365058898926 411.0235528945923
55.94569191334526 -3.188678521974937 NNE 55.945969077205014 -3.1885637169452274 637.8365058898926 409.7735528945923
55.945969077205014 -3.1885637169452274 WNW 55.946083882234724 -3.188840880804981 637.8365058898926 408.5235528945923
55.946083882234724 -3.188840880804981 ENE 55.946198687264435 -3.1885637169452274 637.8365058898926 407.2735528945923
55.946198687264435 -3.1885637169452274 SSW 55.94592152340468 -3.188678521974937 637.8365058898926 406.0235528945923
55.94592152340468 -3.188678521974937 N 55.94622152340468 -3.188678521974937 637.8365058898926 404.7735528945923
55.94622152340468 -3.188678521974937 SW 55.946009391370325 -3.1888906540092927 637.8365058898926 403.5235528945923
55.946009391370325 -3.1888906540092927 NE 55.94622152340468 -3.188678521974937 637.8365058898926 402.2735528945923
55.94622152340468 -3.188678521974937 SW 55.946009391370325 -3.1888906540092927 637.8365058898926 401.0235528945923
55.946009391370325 -3.1888906540092927 SSW 55.94573222751057 -3.1890054590390022 741.6248207092285 451.9383707046509
55.94573222751057 -3.1890054590390022 NNE 55.946009391370325 -3.1888906540092927 741.6248207092285 450.6883707046509
55.946009391370325 -3.1888906540092927 SSW 55.94573222751057 -3.1890054590390022 741.6248207092285 449.4383707046509
55.94573222751057 -3.1890054590390022 ESE 55.94561742248086 -3.188728295179249 741.6248207092285 448.1883707046509
55.94561742248086 -3.188728295179249 WNW 55.94573222751057 -3.1890054590390022 741.6248207092285 446.9383707046509
55.94573222751057 -3.1890054590390022 SSE 55.94545506365081 -3.1888906540092927 741.6248207092285 445.6883707046509
55.94545506365081 -3.1888906540092927 NNW 55.94573222751057 -3.1890054590390022 741.6248207092285 444.4383707046509
55.94573222751057 -3.1890054590390022 SSW 55.94545506365081 -3.1891202640687117 741.6248207092285 443.1883707046509
55.94545506365081 -3.1891202640687117 N 55.945755063650815 -3.1891202640687117 741.6248207092285 441.9383707046509
55.945755063650815 -3.1891202640687117 S 55.94545506365081 -3.1891202640687117 741.6248207092285 440.6883707046509
55.94545506365081 -3.1891202640687117 WNW 55.94556986868052 -3.189397427928465 741.6248207092285 439.4383707046509
55.94556986868052 -3.189397427928465 E 55.94556986868052 -3.189097427928465 741.6248207092285 438.1883707046509
55.94556986868052 -3.189097427928465 SW 55.945357736646166 -3.1893095599628207 741.6248207092285 436.9383707046509
55.945357736646166 -3.1893095599628207 NW 55.94556986868052 -3.1895216919971765 789.1584548950195 538.5448999404907
55.94556986868052 -3.1895216919971765 SE 55.945357736646166 -3.1893095599628207 789.1584548950195 537.2948999404907
55.945357736646166 -3.1893095599628207 SW 55.94514560461181 -3.1895216919971765 789.1584548950195 536.0448999404907
55.94514560461181 -3.1895216919971765 NE 55.945357736646166 -3.1893095599628207 789.1584548950195 534.7948999404907
55.945357736646166 -3.1893095599628207 SW 55.94514560461181 -3.1895216919971765 789.1584548950195 533.5448999404907
55.94514560461181 -3.1895216919971765 E 55.94514560461181 -3.1892216919971763 789.1584548950195 532.2948999404907
55.94514560461181 -3.1892216919971763 WNW 55.94526040964152 -3.1894988558569297 789.1584548950195 531.0448999404907
55.94526040964152 -3.1894988558569297 ESE 55.94514560461181 -3.1892216919971763 789.1584548950195 529.7948999404907
55.94514560461181 -3.1892216919971763 WNW 55.94526040964152 -3.1894988558569297 789.1584548950195 528.5448999404907
55.94526040964152 -3.1894988558569297 N 55.94556040964152 -3.1894988558569297 789.1584548950195 527.2948999404907
55.94556040964152 -3.1894988558569297 S 55.94526040964152 -3.1894988558569297 789.1584548950195 526.0448999404907
55.94526040964152 -3.1894988558569297 N 55.94556040964152 -3.1894988558569297 789.1584548950195 524.7948999404907
55.94556040964152 -3.1894988558569297 SW 55.94534827760717 -3.1897109878912855 789.1584548950195 523.5448999404907
55.94534827760717 -3.1897109878912855 NE 55.94556040964152 -3.1894988558569297 789.1584548950195 522.2948999404907
55.94556040964152 -3.1894988558569297 SW 55.94534827760717 -3.1897109878912855 789.1584548950195 521.0448999404907
55.94534827760717 -3.1897109878912855 NE 55.94556040964152 -3.1894988558569297 789.1584548950195 519.7948999404907
55.94556040964152 -3.1894988558569297 NNW 55.94583757350128 -3.1896136608866392 789.1584548950195 518.5448999404907
55.94583757350128 -3.1896136608866392 SSW 55.94556040964152 -3.1897284659163487 789.1584548950195 517.2948999404907
55.94556040964152 -3.1897284659163487 S 55.94526040964152 -3.1897284659163487 789.1584548950195 516.0448999404907
55.94526040964152 -3.1897284659163487 N 55.94556040964152 -3.1897284659163487 789.1584548950195 514.7948999404907
55.94556040964152 -3.1897284659163487 SW 55.94534827760717 -3.1899405979507045 789.1584548950195 513.5448999404907
55.94534827760717 -3.1899405979507045 ENE 55.94546308263688 -3.189663434090951 789.1584548950195 512.2948999404907
55.94546308263688 -3.189663434090951 WSW 55.94534827760717 -3.1899405979507045 789.1584548950195 511.0448999404907
55.94534827760717 -3.1899405979507045 SE 55.94513614557281 -3.1897284659163487 789.1584548950195 509.7948999404907
55.94513614557281 -3.1897284659163487 WNW 55.94525095060252 -3.190005629776102 789.1584548950195 508.5448999404907
55.94525095060252 -3.190005629776102 ESE 55.94513614557281 -3.1897284659163487 789.1584548950195 507.2948999404907
55.94513614557281 -3.1897284659163487 NW 55.94534827760717 -3.1899405979507045 789.1584548950195 506.0448999404907
55.94534827760717 -3.1899405979507045 S 55.945048277607164 -3.1899405979507045 789.1584548950195 504.7948999404907
55.945048277607164 -3.1899405979507045 NNE 55.94532544146692 -3.189825792920995 789.1584548950195 503.5448999404907
55.94532544146692 -3.189825792920995 SSW 55.945048277607164 -3.1899405979507045 789.1584548950195 502.2948999404907
55.945048277607164 -3.1899405979507045 S 55.94474827760716 -3.1899405979507045 789.1584548950195 501.0448999404907
55.94474827760716 -3.1899405979507045 N 55.945048277607164 -3.1899405979507045 789.1584548950195 499.7948999404907
55.945048277607164 -3.1899405979507045 S 55.94474827760716 -3.1899405979507045 789.1584548950195 498.5448999404907
55.94474827760716 -3.1899405979507045 NNE 55.94502544146692 -3.189825792920995 789.1584548950195 497.2948999404907
55.94502544146692 -3.189825792920995 SSW 55.94474827760716 -3.1899405979507045 789.1584548950195 496.0448999404907
55.94474827760716 -3.1899405979507045 NNE 55.94502544146692 -3.189825792920995 789.1584548950195 494.7948999404907
55.94502544146692 -3.189825792920995 S 55.944725441466915 -3.189825792920995 789.1584548950195 493.5448999404907
55.944725441466915 -3.189825792920995 N 55.94502544146692 -3.189825792920995 789.1584548950195 492.2948999404907
55.94502544146692 -3.189825792920995 SE 55.94481330943256 -3.1896136608866392 789.1584548950195 491.0448999404907
55.94481330943256 -3.1896136608866392 N 55.945113309432564 -3.1896136608866392 789.1584548950195 489.7948999404907
55.945113309432564 -3.1896136608866392 SE 55.94490117739821 -3.1894015288522835 789.1584548950195 488.5448999404907
55.94490117739821 -3.1894015288522835 WNW 55.94501598242792 -3.189678692712037 789.1584548950195 487.2948999404907
55.94501598242792 -3.189678692712037 ESE 55.94490117739821 -3.1894015288522835 789.1584548950195 486.0448999404907
55.94490117739821 -3.1894015288522835 NNW 55.945178341257964 -3.189516333881993 789.1584548950195 484.7948999404907
55.945178341257964 -3.189516333881993 SSE 55.94490117739821 -3.1894015288522835 789.1584548950195 483.5448999404907
55.94490117739821 -3.1894015288522835 NNW 55.945178341257964 -3.189516333881993 789.1584548950195 482.2948999404907
55.945178341257964 -3.189516333881993 W 55.945178341257964 -3.189816333881993 789.1584548950195 481.0448999404907
55.945178341257964 -3.189816333881993 E 55.945178341257964 -3.189516333881993 789.1584548950195 479.7948999404907
55.945178341257964 -3.189516333881993 NW 55.94539047329232 -3.1897284659163487 789.1584548950195 478.5448999404907
55.94539047329232 -3.1897284659163487 WSW 55.94527566826261 -3.190005629776102 789.1584548950195 477.2948999404907
55.94527566826261 -3.190005629776102 NW 55.945487800296966 -3.190217761810458 789.1584548950195 476.0448999404907
55.945487800296966 -3.190217761810458 SE 55.94527566826261 -3.190005629776102 789.1584548950195 474.7948999404907
55.94527566826261 -3.190005629776102 NW 55.945487800296966 -3.190217761810458 789.1584548950195 473.5448999404907
55.945487800296966 -3.190217761810458 SE 55.94527566826261 -3.190005629776102 789.1584548950195 472.2948999404907
55.94527566826261 -3.190005629776102 WSW 55.9451608632329 -3.1902827936358555 789.1584548950195 471.0448999404907
55.9451608632329 -3.1902827936358555 ENE 55.94527566826261 -3.190005629776102 789.1584548950195 469.7948999404907
55.94527566826261 -3.190005629776102 WSW 55.9451608632329 -3.1902827936358555 789.1584548950195 468.5448999404907
55.9451608632329 -3.1902827936358555 ENE 55.94527566826261 -3.190005629776102 789.1584548950195 467.2948999404907
55.94527566826261 -3.190005629776102 WSW 55.9451608632329 -3.1902827936358555 789.1584548950195 466.0448999404907
55.9451608632329 -3.1902827936358555 SW 55.944948731198544 -3.1904949256702113 789.1584548950195 464.7948999404907
55.944948731198544 -3.1904949256702113 NE 55.9451608632329 -3.1902827936358555 789.1584548950195 463.5448999404907
55.9451608632329 -3.1902827936358555 N 55.9454608632329 -3.1902827936358555 789.1584548950195 462.2948999404907
55.9454608632329 -3.1902827936358555 SSW 55.945183699373146 -3.190397598665565 789.1584548950195 461.0448999404907
55.945183699373146 -3.190397598665565 N 55.94548369937315 -3.190397598665565 789.1584548950195 459.7948999404907
55.94548369937315 -3.190397598665565 SSW 55.94520653551339 -3.1905124036952746 789.1584548950195 458.5448999404907
55.94520653551339 -3.1905124036952746 NE 55.94541866754775 -3.190300271660919 789.1584548950195 457.2948999404907
55.94541866754775 -3.190300271660919 S 55.945118667547746 -3.190300271660919 789.1584548950195 456.0448999404907
55.945118667547746 -3.190300271660919 N 55.94541866754775 -3.190300271660919 789.1584548950195 454.7948999404907
55.94541866754775 -3.190300271660919 NE 55.945630799582105 -3.190088139626563 789.1584548950195 453.5448999404907
55.945630799582105 -3.190088139626563 SW 55.94541866754775 -3.190300271660919 789.1584548950195 452.2948999404907
55.94541866754775 -3.190300271660919 NW 55.945630799582105 -3.1905124036952746 789.1584548950195 451.0448999404907
55.945630799582105 -3.1905124036952746 ESE 55.945515994552395 -3.190235239835521 789.1584548950195 449.7948999404907
55.945515994552395 -3.190235239835521 WSW 55.945401189522684 -3.1905124036952746 789.1584548950195 448.5448999404907
55.945401189522684 -3.1905124036952746 NNE 55.94567835338244 -3.190397598665565 789.1584548950195 447.2948999404907
55.94567835338244 -3.190397598665565 SW 55.945466221348084 -3.190609730699921 883.3456954956055 458.82872676849365
55.945466221348084 -3.190609730699921 SW 55.94525408931373 -3.1908218627342766 883.3456954956055 457.57872676849365
55.94525408931373 -3.1908218627342766 N 55.94555408931373 -3.1908218627342766 883.3456954956055 456.32872676849365
55.94555408931373 -3.1908218627342766 SW 55.945341957279375 -3.1910339947686324 883.3456954956055 455.07872676849365
55.945341957279375 -3.1910339947686324 NE 55.94555408931373 -3.1908218627342766 883.3456954956055 453.82872676849365
55.94555408931373 -3.1908218627342766 NNW 55.94583125317349 -3.190936667763986 916.3457412719727 463.3165616989136
55.94583125317349 -3.190936667763986 SSE 55.94555408931373 -3.1908218627342766 916.3457412719727 462.0665616989136
55.94555408931373 -3.1908218627342766 NNE 55.94583125317349 -3.190707057704567 916.3457412719727 460.8165616989136
55.94583125317349 -3.190707057704567 SSW 55.94555408931373 -3.1908218627342766 916.3457412719727 459.5665616989136
55.94555408931373 -3.1908218627342766 ENE 55.94566889434344 -3.190544698874523 916.3457412719727 458.3165616989136
55.94566889434344 -3.190544698874523 W 55.94566889434344 -3.1908446988745234 916.3457412719727 457.0665616989136
