55.944425 -3.188396 SSW 55.944147836140246 -3.1885108050297095 0.0 248.75
55.944147836140246 -3.1885108050297095 NNE 55.944425 -3.188396 0.0 247.5
55.944425 -3.188396 ESE 55.94431019497029 -3.1881188361402466 0.0 246.25
55.94431019497029 -3.1881188361402466 WNW 55.944425 -3.188396 0.0 245.0
55.944425 -3.188396 E 55.944425 -3.188096 0.0 243.75
55.944425 -3.188096 NW 55.94463713203436 -3.1883081320343556 0.0 242.5
55.94463713203436 -3.1883081320343556 SE 55.944425 -3.188096 0.0 241.25
55.944425 -3.188096 NNW 55.94470216385976 -3.1882108050297093 0.0 240.0
55.94470216385976 -3.1882108050297093 SSE 55.944425 -3.188096 0.0 238.75
55.944425 -3.188096 SW 55.944212867965646 -3.1883081320343556 0.0 237.5
55.944212867965646 -3.1883081320343556 ENE 55.94432767299536 -3.188030968174602 0.0 236.25
55.94432767299536 -3.188030968174602 SW 55.944115540961 -3.188243100208958 0.0 235.0
55.944115540961 -3.188243100208958 ESE 55.94400073593129 -3.1879659363492046 0.0 233.75
55.94400073593129 -3.1879659363492046 WNW 55.944115540961 -3.188243100208958 0.0 232.5
55.944115540961 -3.188243100208958 SE 55.943903408926644 -3.188030968174602 0.0 231.25
55.943903408926644 -3.188030968174602 NW 55.944115540961 -3.188243100208958 0.0 230.0
55.944115540961 -3.188243100208958 SSE 55.943838377101244 -3.1881282951792485 0.0 228.75
55.943838377101244 -3.1881282951792485 NNW 55.944115540961 -3.188243100208958 0.0 227.5
55.944115540961 -3.188243100208958 SSE 55.943838377101244 -3.1881282951792485 0.0 226.25
55.943838377101244 -3.1881282951792485 NNW 55.944115540961 -3.188243100208958 0.0 225.0
55.944115540961 -3.188243100208958 SSE 55.943838377101244 -3.1881282951792485 0.0 223.75
55.943838377101244 -3.1881282951792485 S 55.94353837710124 -3.1881282951792485 0.0 222.5
55.94353837710124 -3.1881282951792485 NW 55.9437505091356 -3.1883404272136042 0.0 221.25
55.9437505091356 -3.1883404272136042 SE 55.94353837710124 -3.1881282951792485 0.0 220.0
55.94353837710124 -3.1881282951792485 W 55.94353837710124 -3.1884282951792486 0.0 218.75
55.94353837710124 -3.1884282951792486 E 55.94353837710124 -3.1881282951792485 0.0 217.5
55.94353837710124 -3.1881282951792485 NW 55.9437505091356 -3.1883404272136042 0.0 216.25
55.9437505091356 -3.1883404272136042 SE 55.94353837710124 -3.1881282951792485 0.0 215.0
55.94353837710124 -3.1881282951792485 NNE 55.943815540961 -3.188013490149539 0.0 213.75
55.943815540961 -3.188013490149539 SSW 55.94353837710124 -3.1881282951792485 0.0 212.5
55.94353837710124 -3.1881282951792485 SSW 55.943261213241485 -3.188243100208958 0.0 211.25
55.943261213241485 -3.188243100208958 NE 55.94347334527584 -3.188030968174602 0.0 210.0
55.94347334527584 -3.188030968174602 SW 55.943261213241485 -3.188243100208958 0.0 208.75
55.943261213241485 -3.188243100208958 NE 55.94347334527584 -3.188030968174602 0.0 207.5
55.94347334527584 -3.188030968174602 S 55.94317334527584 -3.188030968174602 0.0 206.25
55.94317334527584 -3.188030968174602 NNE 55.943450509135594 -3.1879161631448927 0.0 205.0
55.943450509135594 -3.1879161631448927 SSW 55.94317334527584 -3.188030968174602 0.0 203.75
55.94317334527584 -3.188030968174602 NNE 55.943450509135594 -3.1879161631448927 0.0 202.5
55.943450509135594 -3.1879161631448927 S 55.94315050913559 -3.1879161631448927 0.0 201.25
55.94315050913559 -3.1879161631448927 NNE 55.94342767299535 -3.187801358115183 0.0 200.0
55.94342767299535 -3.187801358115183 SSW 55.94315050913559 -3.1879161631448927 0.0 198.75
55.94315050913559 -3.1879161631448927 NNE 55.94342767299535 -3.187801358115183 0.0 197.5
55.94342767299535 -3.187801358115183 NNE 55.943704836855105 -3.1876865530854737 0.0 196.25
55.943704836855105 -3.1876865530854737 SSW 55.94342767299535 -3.187801358115183 0.0 195.0
55.94342767299535 -3.187801358115183 ESE 55.94331286796564 -3.1875241942554298 0.0 193.75
55.94331286796564 -3.1875241942554298 W 55.94331286796564 -3.18782419425543 0.0 192.5
55.94331286796564 -3.18782419425543 E 55.94331286796564 -3.1875241942554298 0.0 191.25
55.94331286796564 -3.1875241942554298 SSE 55.94303570410588 -3.1874093892257203 0.0 190.0
55.94303570410588 -3.1874093892257203 N 55.943335704105884 -3.1874093892257203 0.0 188.75
55.943335704105884 -3.1874093892257203 S 55.94303570410588 -3.1874093892257203 0.0 187.5
55.94303570410588 -3.1874093892257203 N 55.943335704105884 -3.1874093892257203 0.0 186.25
55.943335704105884 -3.1874093892257203 NNE 55.94361286796564 -3.1872945841960107 0.0 185.0
55.94361286796564 -3.1872945841960107 SSW 55.943335704105884 -3.1874093892257203 0.0 183.75
55.943335704105884 -3.1874093892257203 NNE 55.94361286796564 -3.1872945841960107 0.0 182.5
55.94361286796564 -3.1872945841960107 SSW 55.943335704105884 -3.1874093892257203 0.0 181.25
55.943335704105884 -3.1874093892257203 NW 55.94354783614024 -3.187621521260076 0.0 180.0
55.94354783614024 -3.187621521260076 ESE 55.94343303111053 -3.1873443574003226 0.0 178.75
55.94343303111053 -3.1873443574003226 NW 55.943645163144886 -3.1875564894346784 0.0 177.5
55.943645163144886 -3.1875564894346784 SE 55.94343303111053 -3.1873443574003226 0.0 176.25
55.94343303111053 -3.1873443574003226 NNW 55.943710194970286 -3.187459162430032 15.269115447998047 246.3748779296875
55.943710194970286 -3.187459162430032 WNW 55.943825 -3.1877363262897855 15.269115447998047 245.1248779296875
55.943825 -3.1877363262897855 ESE 55.943710194970286 -3.187459162430032 15.269115447998047 243.8748779296875
55.943710194970286 -3.187459162430032 W 55.943710194970286 -3.1877591624300323 15.269115447998047 242.6248779296875
55.943710194970286 -3.1877591624300323 SE 55.94349806293593 -3.1875470303956766 15.269115447998047 241.3748779296875
55.94349806293593 -3.1875470303956766 NW 55.943710194970286 -3.1877591624300323 15.269115447998047 240.1248779296875
55.943710194970286 -3.1877591624300323 SE 55.94349806293593 -3.1875470303956766 15.269115447998047 238.8748779296875
55.94349806293593 -3.1875470303956766 WNW 55.94361286796564 -3.18782419425543 15.269115447998047 237.6248779296875
55.94361286796564 -3.18782419425543 ESE 55.94349806293593 -3.1875470303956766 15.269115447998047 236.3748779296875
55.94349806293593 -3.1875470303956766 W 55.94349806293593 -3.1878470303956767 15.269115447998047 235.1248779296875
55.94349806293593 -3.1878470303956767 NNE 55.94377522679569 -3.1877322253659672 15.269115447998047 233.8748779296875
55.94377522679569 -3.1877322253659672 SSW 55.94349806293593 -3.1878470303956767 15.269115447998047 232.6248779296875
55.94349806293593 -3.1878470303956767 NNE 55.94377522679569 -3.1877322253659672 15.269115447998047 231.3748779296875
55.94377522679569 -3.1877322253659672 SSW 55.94349806293593 -3.1878470303956767 15.269115447998047 230.1248779296875
55.94349806293593 -3.1878470303956767 N 55.94379806293593 -3.1878470303956767 15.269115447998047 228.8748779296875
55.94379806293593 -3.1878470303956767 W 55.94379806293593 -3.188147030395677 15.269115447998047 227.6248779296875
55.94379806293593 -3.188147030395677 ENE 55.94391286796564 -3.1878698665359235 15.269115447998047 226.3748779296875
55.94391286796564 -3.1878698665359235 NNE 55.9441900318254 -3.187755061506214 15.269115447998047 225.1248779296875
55.9441900318254 -3.187755061506214 SW 55.943977899791044 -3.18796719354057 15.269115447998047 223.8748779296875
55.943977899791044 -3.18796719354057 NE 55.9441900318254 -3.187755061506214 15.269115447998047 222.6248779296875
55.9441900318254 -3.187755061506214 SW 55.943977899791044 -3.18796719354057 15.269115447998047 221.3748779296875
55.943977899791044 -3.18796719354057 NE 55.9441900318254 -3.187755061506214 15.269115447998047 220.1248779296875
55.9441900318254 -3.187755061506214 E 55.9441900318254 -3.187455061506214 15.269115447998047 218.8748779296875
55.9441900318254 -3.187455061506214 WSW 55.94407522679569 -3.1877322253659672 75.1935043334961 265.1131172180176
55.94407522679569 -3.1877322253659672 NNE 55.944352390655446 -3.1876174203362577 145.32041931152344 318.6551513671875
55.944352390655446 -3.1876174203362577 WSW 55.944237585625736 -3.187894584196011 145.32041931152344 317.4051513671875
55.944237585625736 -3.187894584196011 NE 55.94444971766009 -3.1876824521616554 206.8382682800293 333.4786128997803
55.94444971766009 -3.1876824521616554 SW 55.944237585625736 -3.187894584196011 206.8382682800293 332.2286128997803
55.944237585625736 -3.187894584196011 NE 55.94444971766009 -3.1876824521616554 206.8382682800293 330.9786128997803
55.94444971766009 -3.1876824521616554 SSW 55.944172553800335 -3.187797257191365 320.1951332092285 401.05336570739746
55.944172553800335 -3.187797257191365 SE 55.94396042176598 -3.187585125157009 320.1951332092285 399.80336570739746
55.94396042176598 -3.187585125157009 NW 55.944172553800335 -3.187797257191365 320.1951332092285 398.55336570739746
55.944172553800335 -3.187797257191365 E 55.944172553800335 -3.1874972571913647 320.1951332092285 397.30336570739746
55.944172553800335 -3.1874972571913647 N 55.94447255380034 -3.1874972571913647 320.1951332092285 396.05336570739746
55.94447255380034 -3.1874972571913647 S 55.944172553800335 -3.1874972571913647 320.1951332092285 394.80336570739746
55.944172553800335 -3.1874972571913647 NNE 55.94444971766009 -3.187382452161655 320.1951332092285 393.55336570739746
55.94444971766009 -3.187382452161655 S 55.94414971766009 -3.187382452161655 320.1951332092285 392.30336570739746
55.94414971766009 -3.187382452161655 NNE 55.944426881519846 -3.1872676471319457 320.1951332092285 391.05336570739746
55.944426881519846 -3.1872676471319457 SSW 55.94414971766009 -3.187382452161655 320.1951332092285 389.80336570739746
55.94414971766009 -3.187382452161655 NE 55.944361849694445 -3.1871703201272994 347.84093856811523 504.00319480895996
55.944361849694445 -3.1871703201272994 SW 55.94414971766009 -3.187382452161655 347.84093856811523 502.75319480895996
55.94414971766009 -3.187382452161655 NE 55.944361849694445 -3.1871703201272994 347.84093856811523 501.50319480895996
55.944361849694445 -3.1871703201272994 SSE 55.94408468583469 -3.18705551509759 347.84093856811523 500.25319480895996
55.94408468583469 -3.18705551509759 NNW 55.944361849694445 -3.1871703201272994 347.84093856811523 499.00319480895996
55.944361849694445 -3.1871703201272994 NNE 55.9446390135542 -3.18705551509759 442.8192024230957 547.6217746734619
55.9446390135542 -3.18705551509759 SSW 55.944361849694445 -3.1871703201272994 442.8192024230957 546.3717746734619
55.944361849694445 -3.1871703201272994 E 55.944361849694445 -3.186870320127299 442.8192024230957 545.1217746734619
55.944361849694445 -3.186870320127299 SW 55.94414971766009 -3.187082452161655 442.8192024230957 543.8717746734619
55.94414971766009 -3.187082452161655 NNE 55.944426881519846 -3.1869676471319455 442.8192024230957 542.6217746734619
55.944426881519846 -3.1869676471319455 SSW 55.94414971766009 -3.187082452161655 442.8192024230957 541.3717746734619
55.94414971766009 -3.187082452161655 NNE 55.944426881519846 -3.1869676471319455 442.8192024230957 540.1217746734619
55.944426881519846 -3.1869676471319455 SSW 55.94414971766009 -3.187082452161655 442.8192024230957 538.8717746734619
55.94414971766009 -3.187082452161655 WSW 55.94403491263038 -3.1873596160214084 442.8192024230957 537.6217746734619
55.94403491263038 -3.1873596160214084 ENE 55.94414971766009 -3.187082452161655 442.8192024230957 536.3717746734619
55.94414971766009 -3.187082452161655 ESE 55.94403491263038 -3.1868052883019016 442.8192024230957 535.1217746734619
55.94403491263038 -3.1868052883019016 WNW 55.94414971766009 -3.187082452161655 442.8192024230957 533.8717746734619
55.94414971766009 -3.187082452161655 E 55.94414971766009 -3.186782452161655 442.8192024230957 532.6217746734619
55.94414971766009 -3.186782452161655 WNW 55.9442645226898 -3.187059616021408 533.2479667663574 654.5579242706299
55.9442645226898 -3.187059616021408 ESE 55.94414971766009 -3.186782452161655 533.2479667663574 653.3079242706299
55.94414971766009 -3.186782452161655 NW 55.944361849694445 -3.1869945841960106 533.2479667663574 652.0579242706299
55.944361849694445 -3.1869945841960106 SE 55.94414971766009 -3.186782452161655 533.2479667663574 650.8079242706299
55.94414971766009 -3.186782452161655 W 55.94414971766009 -3.187082452161655 533.2479667663574 649.5579242706299
55.94414971766009 -3.187082452161655 E 55.94414971766009 -3.186782452161655 533.2479667663574 648.3079242706299
55.94414971766009 -3.186782452161655 S 55.943849717660086 -3.186782452161655 533.2479667663574 647.0579242706299
55.943849717660086 -3.186782452161655 N 55.94414971766009 -3.186782452161655 533.2479667663574 645.8079242706299
55.94414971766009 -3.186782452161655 S 55.943849717660086 -3.186782452161655 533.2479667663574 644.5579242706299
55.943849717660086 -3.186782452161655 SE 55.94363758562573 -3.186570320127299 589.2554473876953 726.0139331817627
55.94363758562573 -3.186570320127299 NNW 55.94391474948549 -3.1866851251570085 589.2554473876953 724.7639331817627
55.94391474948549 -3.1866851251570085 WSW 55.943799944455776 -3.186962289016762 589.2554473876953 723.5139331817627
55.943799944455776 -3.186962289016762 E 55.943799944455776 -3.1866622890167617 589.2554473876953 722.2639331817627
55.943799944455776 -3.1866622890167617 WNW 55.94391474948549 -3.186939452876515 589.2554473876953 721.0139331817627
55.94391474948549 -3.186939452876515 SW 55.94370261745113 -3.187151584910871 589.2554473876953 719.7639331817627
55.94370261745113 -3.187151584910871 NE 55.94391474948549 -3.186939452876515 589.2554473876953 718.5139331817627
55.94391474948549 -3.186939452876515 NNW 55.94419191334524 -3.1870542579062247 589.2554473876953 717.2639331817627
55.94419191334524 -3.1870542579062247 SSE 55.94391474948549 -3.186939452876515 589.2554473876953 716.0139331817627
55.94391474948549 -3.186939452876515 SSE 55.94363758562573 -3.1868246478468056 589.2554473876953 714.7639331817627
55.94363758562573 -3.1868246478468056 NNW 55.94391474948549 -3.186939452876515 589.2554473876953 713.5139331817627
55.94391474948549 -3.186939452876515 SSE 55.94363758562573 -3.1868246478468056 589.2554473876953 712.2639331817627
55.94363758562573 -3.1868246478468056 SE 55.943425453591374 -3.18661251581245 589.2554473876953 711.0139331817627
55.943425453591374 -3.18661251581245 WNW 55.943540258621084 -3.1868896796722033 589.2554473876953 709.7639331817627
55.943540258621084 -3.1868896796722033 SE 55.94332812658673 -3.1866775476378475 589.2554473876953 708.5139331817627
55.94332812658673 -3.1866775476378475 W 55.94332812658673 -3.1869775476378477 589.2554473876953 707.2639331817627
55.94332812658673 -3.1869775476378477 E 55.94332812658673 -3.1866775476378475 589.2554473876953 706.0139331817627
55.94332812658673 -3.1866775476378475 WNW 55.94344293161644 -3.186954711497601 589.2554473876953 704.7639331817627
55.94344293161644 -3.186954711497601 ESE 55.94332812658673 -3.1866775476378475 589.2554473876953 703.5139331817627
55.94332812658673 -3.1866775476378475 WNW 55.94344293161644 -3.186954711497601 589.2554473876953 702.2639331817627
55.94344293161644 -3.186954711497601 NE 55.943655063650795 -3.186742579463245 589.2554473876953 701.0139331817627
55.943655063650795 -3.186742579463245 WSW 55.943540258621084 -3.1870197433229985 589.2554473876953 699.7639331817627
55.943540258621084 -3.1870197433229985 SW 55.94332812658673 -3.1872318753573543 589.2554473876953 698.5139331817627
55.94332812658673 -3.1872318753573543 ENE 55.94344293161644 -3.186954711497601 589.2554473876953 697.2639331817627
55.94344293161644 -3.186954711497601 WSW 55.94332812658673 -3.1872318753573543 589.2554473876953 696.0139331817627
55.94332812658673 -3.1872318753573543 ENE 55.94344293161644 -3.186954711497601 589.2554473876953 694.7639331817627
55.94344293161644 -3.186954711497601 SW 55.94323079958208 -3.1871668435319567 589.2554473876953 693.5139331817627
55.94323079958208 -3.1871668435319567 E 55.94323079958208 -3.1868668435319565 589.2554473876953 692.2639331817627
55.94323079958208 -3.1868668435319565 W 55.94323079958208 -3.1871668435319567 589.2554473876953 691.0139331817627
55.94323079958208 -3.1871668435319567 WSW 55.94311599455237 -3.18744400739171 589.2554473876953 689.7639331817627
55.94311599455237 -3.18744400739171 ENE 55.94323079958208 -3.1871668435319567 589.2554473876953 688.5139331817627
55.94323079958208 -3.1871668435319567 SW 55.943018667547726 -3.1873789755663124 589.2554473876953 687.2639331817627
55.943018667547726 -3.1873789755663124 NNW 55.94329583140748 -3.187493780596022 589.2554473876953 686.0139331817627
55.94329583140748 -3.187493780596022 SSE 55.943018667547726 -3.1873789755663124 589.2554473876953 684.7639331817627
55.943018667547726 -3.1873789755663124 ESE 55.942903862518016 -3.187101811706559 589.2554473876953 683.5139331817627
55.942903862518016 -3.187101811706559 WNW 55.943018667547726 -3.1873789755663124 589.2554473876953 682.2639331817627
55.943018667547726 -3.1873789755663124 NE 55.94323079958208 -3.1871668435319567 589.2554473876953 681.0139331817627
55.94323079958208 -3.1871668435319567 SSE 55.942953635722326 -3.187052038502247 589.2554473876953 679.7639331817627
55.942953635722326 -3.187052038502247 ESE 55.942838830692615 -3.1867748746424938 589.2554473876953 678.5139331817627
55.942838830692615 -3.1867748746424938 WNW 55.942953635722326 -3.187052038502247 589.2554473876953 677.2639331817627
55.942953635722326 -3.187052038502247 SE 55.94274150368797 -3.1868399064678914 589.2554473876953 676.0139331817627
55.94274150368797 -3.1868399064678914 WSW 55.94262669865826 -3.187117070327645 589.2554473876953 674.7639331817627
55.94262669865826 -3.187117070327645 ENE 55.94274150368797 -3.1868399064678914 589.2554473876953 673.5139331817627
55.94274150368797 -3.1868399064678914 WSW 55.94262669865826 -3.187117070327645 589.2554473876953 672.2639331817627
55.94262669865826 -3.187117070327645 NNW 55.942903862518016 -3.1872318753573543 589.2554473876953 671.0139331817627
55.942903862518016 -3.1872318753573543 SSE 55.94262669865826 -3.187117070327645 589.2554473876953 669.7639331817627
55.94262669865826 -3.187117070327645 NNE 55.942903862518016 -3.1870022652979353 589.2554473876953 668.5139331817627
55.942903862518016 -3.1870022652979353 SW 55.94269173048366 -3.187214397332291 676.6192398071289 755.2217044830322
55.94269173048366 -3.187214397332291 W 55.94269173048366 -3.1875143973322912 676.6192398071289 753.9717044830322
55.94269173048366 -3.1875143973322912 E 55.94269173048366 -3.187214397332291 676.6192398071289 752.7217044830322
55.94269173048366 -3.187214397332291 W 55.94269173048366 -3.1875143973322912 676.6192398071289 751.4717044830322
55.94269173048366 -3.1875143973322912 NE 55.942903862518016 -3.1873022652979355 676.6192398071289 750.2217044830322
55.942903862518016 -3.1873022652979355 SW 55.94269173048366 -3.1875143973322912 676.6192398071289 748.9717044830322
55.94269173048366 -3.1875143973322912 N 55.94299173048366 -3.1875143973322912 676.6192398071289 747.7217044830322
55.94299173048366 -3.1875143973322912 S 55.94269173048366 -3.1875143973322912 676.6192398071289 746.4717044830322
55.94269173048366 -3.1875143973322912 N 55.94299173048366 -3.1875143973322912 676.6192398071289 745.2217044830322
55.94299173048366 -3.1875143973322912 SSW 55.942714566623906 -3.1876292023620008 676.6192398071289 743.9717044830322
55.942714566623906 -3.1876292023620008 NW 55.94292669865826 -3.1878413343963565 676.6192398071289 742.7217044830322
55.94292669865826 -3.1878413343963565 E 55.94292669865826 -3.1875413343963563 676.6192398071289 741.4717044830322
55.94292669865826 -3.1875413343963563 NW 55.94313883069262 -3.187753466430712 676.6192398071289 740.2217044830322
55.94313883069262 -3.187753466430712 SSE 55.94286166683286 -3.1876386614010026 676.6192398071289 738.9717044830322
55.94286166683286 -3.1876386614010026 NNW 55.94313883069262 -3.187753466430712 676.6192398071289 737.7217044830322
55.94313883069262 -3.187753466430712 SW 55.94292669865826 -3.187965598465068 715.8007125854492 738.7836177349091
55.94292669865826 -3.187965598465068 NE 55.94313883069262 -3.187753466430712 715.8007125854492 737.5336177349091
55.94313883069262 -3.187753466430712 E 55.94313883069262 -3.187453466430712 715.8007125854492 736.2836177349091
55.94313883069262 -3.187453466430712 WSW 55.94302402566291 -3.1877306302904653 715.8007125854492 735.0336177349091
55.94302402566291 -3.1877306302904653 E 55.94302402566291 -3.187430630290465 715.8007125854492 733.7836177349091
55.94302402566291 -3.187430630290465 W 55.94302402566291 -3.1877306302904653 715.8007125854492 732.5336177349091
55.94302402566291 -3.1877306302904653 SSE 55.94274686180315 -3.187615825260756 715.8007125854492 731.2836177349091
55.94274686180315 -3.187615825260756 W 55.94274686180315 -3.187915825260756 715.8007125854492 730.0336177349091
55.94274686180315 -3.187915825260756 NE 55.94295899383751 -3.1877036932264002 715.8007125854492 728.7836177349091
55.94295899383751 -3.1877036932264002 SW 55.94274686180315 -3.187915825260756 715.8007125854492 727.5336177349091
55.94274686180315 -3.187915825260756 NE 55.94295899383751 -3.1877036932264002 715.8007125854492 726.2836177349091
55.94295899383751 -3.1877036932264002 SW 55.94274686180315 -3.187915825260756 715.8007125854492 725.0336177349091
55.94274686180315 -3.187915825260756 N 55.943046861803154 -3.187915825260756 715.8007125854492 723.7836177349091
55.943046861803154 -3.187915825260756 S 55.94274686180315 -3.187915825260756 715.8007125854492 722.5336177349091
55.94274686180315 -3.187915825260756 NNW 55.94302402566291 -3.1880306302904655 715.8007125854492 721.2836177349091
55.94302402566291 -3.1880306302904655 SSW 55.94274686180315 -3.188145435320175 715.8007125854492 720.0336177349091
55.94274686180315 -3.188145435320175 NNE 55.94302402566291 -3.1880306302904655 715.8007125854492 718.7836177349091
55.94302402566291 -3.1880306302904655 NNW 55.943301189522664 -3.188145435320175 715.8007125854492 717.5336177349091
55.943301189522664 -3.188145435320175 SE 55.94308905748831 -3.1879333032858193 715.8007125854492 716.2836177349091
55.94308905748831 -3.1879333032858193 NW 55.943301189522664 -3.188145435320175 715.8007125854492 715.0336177349091
55.943301189522664 -3.188145435320175 S 55.94300118952266 -3.188145435320175 715.8007125854492 713.7836177349091
55.94300118952266 -3.188145435320175 N 55.943301189522664 -3.188145435320175 715.8007125854492 712.5336177349091
55.943301189522664 -3.188145435320175 S 55.94300118952266 -3.188145435320175 715.8007125854492 711.2836177349091
55.94300118952266 -3.188145435320175 W 55.94300118952266 -3.188445435320175 715.8007125854492 710.0336177349091
55.94300118952266 -3.188445435320175 E 55.94300118952266 -3.188145435320175 715.8007125854492 708.7836177349091
55.94300118952266 -3.188145435320175 WSW 55.94288638449295 -3.1884225991799284 715.8007125854492 707.5336177349091
55.94288638449295 -3.1884225991799284 NE 55.94309851652731 -3.1882104671455727 715.8007125854492 706.2836177349091
55.94309851652731 -3.1882104671455727 WSW 55.9429837114976 -3.188487631005326 715.8007125854492 705.0336177349091
55.9429837114976 -3.188487631005326 SE 55.94277157946324 -3.1882754989709703 715.8007125854492 703.7836177349091
55.94277157946324 -3.1882754989709703 NW 55.9429837114976 -3.188487631005326 715.8007125854492 702.5336177349091
55.9429837114976 -3.188487631005326 W 55.9429837114976 -3.1887876310053263 715.8007125854492 701.2836177349091
55.9429837114976 -3.1887876310053263 E 55.9429837114976 -3.188487631005326 715.8007125854492 700.0336177349091
55.9429837114976 -3.188487631005326 W 55.9429837114976 -3.1887876310053263 715.8007125854492 698.7836177349091
55.9429837114976 -3.1887876310053263 SE 55.94277157946324 -3.1885754989709705 715.8007125854492 697.5336177349091
55.94277157946324 -3.1885754989709705 W 55.94277157946324 -3.1888754989709707 715.8007125854492 696.2836177349091
55.94277157946324 -3.1888754989709707 E 55.94277157946324 -3.1885754989709705 715.8007125854492 695.0336177349091
55.94277157946324 -3.1885754989709705 ENE 55.94288638449295 -3.188298335111217 715.8007125854492 693.7836177349091
55.94288638449295 -3.188298335111217 WSW 55.94277157946324 -3.1885754989709705 715.8007125854492 692.5336177349091
55.94277157946324 -3.1885754989709705 W 55.94277157946324 -3.1888754989709707 715.8007125854492 691.2836177349091
55.94277157946324 -3.1888754989709707 ESE 55.94265677443353 -3.1885983351112173 715.8007125854492 690.0336177349091
55.94265677443353 -3.1885983351112173 E 55.94265677443353 -3.188298335111217 715.8007125854492 688.7836177349091
55.94265677443353 -3.188298335111217 WNW 55.94277157946324 -3.1885754989709705 715.8007125854492 687.5336177349091
55.94277157946324 -3.1885754989709705 E 55.94277157946324 -3.1882754989709703 715.8007125854492 686.2836177349091
55.94277157946324 -3.1882754989709703 WSW 55.94265677443353 -3.1885526628307237 744.6753425598145 771.3332011699677
55.94265677443353 -3.1885526628307237 ENE 55.94277157946324 -3.1882754989709703 744.6753425598145 770.0832011699677
55.94277157946324 -3.1882754989709703 NNE 55.943048743323 -3.188160693941261 744.6753425598145 768.8332011699677
55.943048743323 -3.188160693941261 S 55.942748743322994 -3.188160693941261 744.6753425598145 767.5832011699677
55.942748743322994 -3.188160693941261 WSW 55.942633938293284 -3.188437857801014 744.6753425598145 766.3332011699677
55.942633938293284 -3.188437857801014 E 55.942633938293284 -3.188137857801014 744.6753425598145 765.0832011699677
55.942633938293284 -3.188137857801014 ENE 55.942748743322994 -3.1878606939412606 744.6753425598145 763.8332011699677
55.942748743322994 -3.1878606939412606 WSW 55.942633938293284 -3.188137857801014 744.6753425598145 762.5832011699677
55.942633938293284 -3.188137857801014 W 55.942633938293284 -3.188437857801014 744.6753425598145 761.3332011699677
55.942633938293284 -3.188437857801014 N 55.94293393829329 -3.188437857801014 744.6753425598145 760.0832011699677
55.94293393829329 -3.188437857801014 NNW 55.94321110215304 -3.1885526628307237 744.6753425598145 758.8332011699677
55.94321110215304 -3.1885526628307237 W 55.94321110215304 -3.188852662830724 744.6753425598145 757.5832011699677
55.94321110215304 -3.188852662830724 E 55.94321110215304 -3.1885526628307237 744.6753425598145 756.3332011699677
55.94321110215304 -3.1885526628307237 NW 55.9434232341874 -3.1887647948650795 744.6753425598145 755.0832011699677
55.9434232341874 -3.1887647948650795 ESE 55.94330842915769 -3.188487631005326 744.6753425598145 753.8332011699677
55.94330842915769 -3.188487631005326 NNW 55.943585593017445 -3.1886024360350356 744.6753425598145 752.5832011699677
55.943585593017445 -3.1886024360350356 SSW 55.94330842915769 -3.188717241064745 744.6753425598145 751.3332011699677
55.94330842915769 -3.188717241064745 N 55.94360842915769 -3.188717241064745 744.6753425598145 750.0832011699677
55.94360842915769 -3.188717241064745 SW 55.943396297123336 -3.188929373099101 744.6753425598145 748.8332011699677
55.943396297123336 -3.188929373099101 SSW 55.94311913326358 -3.1890441781288104 744.6753425598145 747.5832011699677
