55.944425 -3.188396 ESE 55.94431019497029 -3.1881188361402466 0.0 248.75
55.94431019497029 -3.1881188361402466 NW 55.94452232700465 -3.1883309681746024 0.0 247.5
55.94452232700465 -3.1883309681746024 SSE 55.94424516314489 -3.188216163144893 0.0 246.25
55.94424516314489 -3.188216163144893 NNW 55.94452232700465 -3.1883309681746024 0.0 245.0
55.94452232700465 -3.1883309681746024 SSE 55.94424516314489 -3.188216163144893 0.0 243.75
55.94424516314489 -3.188216163144893 NNW 55.94452232700465 -3.1883309681746024 0.0 242.5
55.94452232700465 -3.1883309681746024 S 55.944222327004645 -3.1883309681746024 0.0 241.25
55.944222327004645 -3.1883309681746024 NNE 55.9444994908644 -3.188216163144893 0.0 240.0
55.9444994908644 -3.188216163144893 N 55.944799490864405 -3.188216163144893 0.0 238.75
55.944799490864405 -3.188216163144893 S 55.9444994908644 -3.188216163144893 0.0 237.5
55.9444994908644 -3.188216163144893 SSW 55.944222327004645 -3.1883309681746024 0.0 236.25
55.944222327004645 -3.1883309681746024 NNE 55.9444994908644 -3.188216163144893 0.0 235.0
55.9444994908644 -3.188216163144893 N 55.944799490864405 -3.188216163144893 0.0 233.75
55.944799490864405 -3.188216163144893 SSW 55.94452232700465 -3.1883309681746024 0.0 232.5
55.94452232700465 -3.1883309681746024 NNE 55.944799490864405 -3.188216163144893 0.0 231.25
55.944799490864405 -3.188216163144893 SSW 55.94452232700465 -3.1883309681746024 0.0 230.0
55.94452232700465 -3.1883309681746024 N 55.94482232700465 -3.1883309681746024 0.0 228.75
55.94482232700465 -3.1883309681746024 SW 55.944610194970295 -3.188543100208958 0.0 227.5
55.944610194970295 -3.188543100208958 ESE 55.944495389940585 -3.1882659363492047 0.0 226.25
55.944495389940585 -3.1882659363492047 WNW 55.944610194970295 -3.188543100208958 0.0 225.0
55.944610194970295 -3.188543100208958 S 55.94431019497029 -3.188543100208958 0.0 223.75
55.94431019497029 -3.188543100208958 N 55.944610194970295 -3.188543100208958 0.0 222.5
55.944610194970295 -3.188543100208958 SW 55.94439806293594 -3.188755232243314 0.0 221.25
55.94439806293594 -3.188755232243314 NE 55.944610194970295 -3.188543100208958 0.0 220.0
55.944610194970295 -3.188543100208958 NE 55.94482232700465 -3.1883309681746024 0.0 218.75
55.94482232700465 -3.1883309681746024 SW 55.944610194970295 -3.188543100208958 0.0 217.5
55.944610194970295 -3.188543100208958 W 55.944610194970295 -3.1888431002089583 0.0 216.25
55.944610194970295 -3.1888431002089583 E 55.944610194970295 -3.188543100208958 0.0 215.0
55.944610194970295 -3.188543100208958 WNW 55.944725000000005 -3.1888202640687116 0.0 213.75
55.944725000000005 -3.1888202640687116 E 55.944725000000005 -3.1885202640687114 0.0 212.5
55.944725000000005 -3.1885202640687114 WNW 55.944839805029716 -3.1887974279284648 0.0 211.25
55.944839805029716 -3.1887974279284648 E 55.944839805029716 -3.1884974279284646 0.0 210.0
55.944839805029716 -3.1884974279284646 W 55.944839805029716 -3.1887974279284648 0.0 208.75
55.944839805029716 -3.1887974279284648 SE 55.94462767299536 -3.188585295894109 0.0 207.5
55.94462767299536 -3.188585295894109 NW 55.944839805029716 -3.1887974279284648 0.0 206.25
55.944839805029716 -3.1887974279284648 SSE 55.94456264116996 -3.1886826228987553 0.0 205.0
55.94456264116996 -3.1886826228987553 NNW 55.944839805029716 -3.1887974279284648 0.0 203.75
55.944839805029716 -3.1887974279284648 SW 55.94462767299536 -3.1890095599628205 0.0 202.5
55.94462767299536 -3.1890095599628205 NE 55.944839805029716 -3.1887974279284648 0.0 201.25
55.944839805029716 -3.1887974279284648 NW 55.94505193706407 -3.1890095599628205 0.0 200.0
55.94505193706407 -3.1890095599628205 SE 55.944839805029716 -3.1887974279284648 0.0 198.75
55.944839805029716 -3.1887974279284648 W 55.944839805029716 -3.189097427928465 0.0 197.5
55.944839805029716 -3.189097427928465 E 55.944839805029716 -3.1887974279284648 0.0 196.25
55.944839805029716 -3.1887974279284648 W 55.944839805029716 -3.189097427928465 0.0 195.0
55.944839805029716 -3.189097427928465 ENE 55.944954610059426 -3.1888202640687116 0.0 193.75
55.944954610059426 -3.1888202640687116 WSW 55.944839805029716 -3.189097427928465 0.0 192.5
55.944839805029716 -3.189097427928465 ENE 55.944954610059426 -3.1888202640687116 0.0 191.25
55.944954610059426 -3.1888202640687116 WSW 55.944839805029716 -3.189097427928465 0.0 190.0
55.944839805029716 -3.189097427928465 ENE 55.944954610059426 -3.1888202640687116 0.0 188.75
55.944954610059426 -3.1888202640687116 N 55.94525461005943 -3.1888202640687116 0.0 187.5
55.94525461005943 -3.1888202640687116 SSE 55.94497744619967 -3.188705459039002 0.0 186.25
55.94497744619967 -3.188705459039002 N 55.945277446199675 -3.188705459039002 0.0 185.0
55.945277446199675 -3.188705459039002 SSW 55.94500028233992 -3.1888202640687116 0.0 183.75
55.94500028233992 -3.1888202640687116 NNE 55.945277446199675 -3.188705459039002 0.0 182.5
55.945277446199675 -3.188705459039002 SE 55.94506531416532 -3.1884933270046463 0.0 181.25
55.94506531416532 -3.1884933270046463 NW 55.945277446199675 -3.188705459039002 0.0 180.0
55.945277446199675 -3.188705459039002 SE 55.94506531416532 -3.1884933270046463 0.0 178.75
55.94506531416532 -3.1884933270046463 NW 55.945277446199675 -3.188705459039002 0.0 177.5
55.945277446199675 -3.188705459039002 SE 55.94506531416532 -3.1884933270046463 0.0 176.25
55.94506531416532 -3.1884933270046463 N 55.94536531416532 -3.1884933270046463 0.0 175.0
55.94536531416532 -3.1884933270046463 NW 55.94557744619968 -3.188705459039002 0.0 173.75
55.94557744619968 -3.188705459039002 ESE 55.94546264116997 -3.1884282951792486 0.0 172.5
55.94546264116997 -3.1884282951792486 SW 55.94525050913561 -3.1886404272136044 8.07319164276123 212.26126861572266
55.94525050913561 -3.1886404272136044 NE 55.94546264116997 -3.1884282951792486 8.07319164276123 211.01126861572266
55.94546264116997 -3.1884282951792486 SSE 55.94518547731021 -3.188313490149539 8.07319164276123 209.76126861572266
55.94518547731021 -3.188313490149539 NNW 55.94546264116997 -3.1884282951792486 8.07319164276123 208.51126861572266
55.94546264116997 -3.1884282951792486 N 55.94576264116997 -3.1884282951792486 38.640278816223145 330.5010528564453
55.94576264116997 -3.1884282951792486 S 55.94546264116997 -3.1884282951792486 38.640278816223145 329.2510528564453
55.94546264116997 -3.1884282951792486 ENE 55.94557744619968 -3.1881511313194952 38.640278816223145 328.0010528564453
55.94557744619968 -3.1881511313194952 W 55.94557744619968 -3.1884511313194954 38.640278816223145 326.7510528564453
55.94557744619968 -3.1884511313194954 E 55.94557744619968 -3.1881511313194952 38.640278816223145 325.5010528564453
55.94557744619968 -3.1881511313194952 WSW 55.94546264116997 -3.1884282951792486 38.640278816223145 324.2510528564453
55.94546264116997 -3.1884282951792486 ENE 55.94557744619968 -3.1881511313194952 38.640278816223145 323.0010528564453
55.94557744619968 -3.1881511313194952 W 55.94557744619968 -3.1884511313194954 38.640278816223145 321.7510528564453
55.94557744619968 -3.1884511313194954 E 55.94557744619968 -3.1881511313194952 38.640278816223145 320.5010528564453
55.94557744619968 -3.1881511313194952 NW 55.945789578234034 -3.188363263353851 38.640278816223145 319.2510528564453
55.945789578234034 -3.188363263353851 SE 55.94557744619968 -3.1881511313194952 38.640278816223145 318.0010528564453
55.94557744619968 -3.1881511313194952 SSE 55.94530028233992 -3.1880363262897857 38.640278816223145 316.7510528564453
55.94530028233992 -3.1880363262897857 N 55.945600282339925 -3.1880363262897857 38.640278816223145 315.5010528564453
55.945600282339925 -3.1880363262897857 S 55.94530028233992 -3.1880363262897857 38.640278816223145 314.2510528564453
55.94530028233992 -3.1880363262897857 N 55.945600282339925 -3.1880363262897857 38.640278816223145 313.0010528564453
55.945600282339925 -3.1880363262897857 ESE 55.945485477310214 -3.1877591624300323 38.640278816223145 311.7510528564453
55.945485477310214 -3.1877591624300323 WNW 55.945600282339925 -3.1880363262897857 38.640278816223145 310.5010528564453
55.945600282339925 -3.1880363262897857 ESE 55.945485477310214 -3.1877591624300323 38.640278816223145 309.2510528564453
55.945485477310214 -3.1877591624300323 WNW 55.945600282339925 -3.1880363262897857 38.640278816223145 308.0010528564453
55.945600282339925 -3.1880363262897857 N 55.94590028233993 -3.1880363262897857 38.640278816223145 306.7510528564453
55.94590028233993 -3.1880363262897857 S 55.945600282339925 -3.1880363262897857 38.640278816223145 305.5010528564453
55.945600282339925 -3.1880363262897857 N 55.94590028233993 -3.1880363262897857 38.640278816223145 304.2510528564453
55.94590028233993 -3.1880363262897857 SSE 55.94562311848017 -3.187921521260076 38.640278816223145 303.0010528564453
55.94562311848017 -3.187921521260076 NNW 55.94590028233993 -3.1880363262897857 38.640278816223145 301.7510528564453
55.94590028233993 -3.1880363262897857 SSE 55.94562311848017 -3.187921521260076 38.640278816223145 300.5010528564453
55.94562311848017 -3.187921521260076 NNW 55.94590028233993 -3.1880363262897857 38.640278816223145 299.2510528564453
55.94590028233993 -3.1880363262897857 W 55.94590028233993 -3.188336326289786 38.640278816223145 298.0010528564453
55.94590028233993 -3.188336326289786 E 55.94590028233993 -3.1880363262897857 38.640278816223145 296.7510528564453
55.94590028233993 -3.1880363262897857 W 55.94590028233993 -3.188336326289786 38.640278816223145 295.5010528564453
55.94590028233993 -3.188336326289786 ESE 55.94578547731022 -3.1880591624300325 38.640278816223145 294.2510528564453
55.94578547731022 -3.1880591624300325 WNW 55.94590028233993 -3.188336326289786 38.640278816223145 293.0010528564453
55.94590028233993 -3.188336326289786 ESE 55.94578547731022 -3.1880591624300325 38.640278816223145 291.7510528564453
55.94578547731022 -3.1880591624300325 WSW 55.94567067228051 -3.188336326289786 38.640278816223145 290.5010528564453
55.94567067228051 -3.188336326289786 E 55.94567067228051 -3.1880363262897857 38.640278816223145 289.2510528564453
55.94567067228051 -3.1880363262897857 W 55.94567067228051 -3.188336326289786 38.640278816223145 288.0010528564453
55.94567067228051 -3.188336326289786 S 55.945370672280504 -3.188336326289786 38.640278816223145 286.7510528564453
55.945370672280504 -3.188336326289786 N 55.94567067228051 -3.188336326289786 38.640278816223145 285.5010528564453
55.94567067228051 -3.188336326289786 NNE 55.94594783614026 -3.1882215212600764 38.640278816223145 284.2510528564453
55.94594783614026 -3.1882215212600764 SW 55.94573570410591 -3.188433653294432 38.640278816223145 283.0010528564453
55.94573570410591 -3.188433653294432 NE 55.94594783614026 -3.1882215212600764 38.640278816223145 281.7510528564453
55.94594783614026 -3.1882215212600764 SW 55.94573570410591 -3.188433653294432 38.640278816223145 280.5010528564453
55.94573570410591 -3.188433653294432 WNW 55.94585050913562 -3.1887108171541856 38.640278816223145 279.2510528564453
55.94585050913562 -3.1887108171541856 ESE 55.94573570410591 -3.188433653294432 38.640278816223145 278.0010528564453
55.94573570410591 -3.188433653294432 SW 55.94552357207155 -3.188645785328788 38.640278816223145 276.7510528564453
55.94552357207155 -3.188645785328788 NE 55.94573570410591 -3.188433653294432 38.640278816223145 275.5010528564453
55.94573570410591 -3.188433653294432 SE 55.94552357207155 -3.1882215212600764 38.640278816223145 274.2510528564453
55.94552357207155 -3.1882215212600764 NW 55.94573570410591 -3.188433653294432 38.640278816223145 273.0010528564453
55.94573570410591 -3.188433653294432 SE 55.94552357207155 -3.1882215212600764 38.640278816223145 271.7510528564453
55.94552357207155 -3.1882215212600764 NW 55.94573570410591 -3.188433653294432 38.640278816223145 270.5010528564453
55.94573570410591 -3.188433653294432 SE 55.94552357207155 -3.1882215212600764 38.640278816223145 269.2510528564453
55.94552357207155 -3.1882215212600764 WNW 55.94563837710126 -3.18849868511983 38.640278816223145 268.0010528564453
55.94563837710126 -3.18849868511983 WSW 55.94552357207155 -3.188775848979583 38.640278816223145 266.7510528564453
55.94552357207155 -3.188775848979583 ENE 55.94563837710126 -3.18849868511983 38.640278816223145 265.5010528564453
55.94563837710126 -3.18849868511983 WSW 55.94552357207155 -3.188775848979583 38.640278816223145 264.2510528564453
55.94552357207155 -3.188775848979583 ENE 55.94563837710126 -3.18849868511983 38.640278816223145 263.0010528564453
55.94563837710126 -3.18849868511983 WSW 55.94552357207155 -3.188775848979583 38.640278816223145 261.7510528564453
55.94552357207155 -3.188775848979583 E 55.94552357207155 -3.188475848979583 38.640278816223145 260.5010528564453
55.94552357207155 -3.188475848979583 NNE 55.94580073593131 -3.1883610439498735 147.6628541946411 370.1423110961914
55.94580073593131 -3.1883610439498735 SSW 55.94552357207155 -3.188475848979583 147.6628541946411 368.8923110961914
55.94552357207155 -3.188475848979583 WSW 55.94540876704184 -3.1887530128393364 147.6628541946411 367.6423110961914
55.94540876704184 -3.1887530128393364 NE 55.9456208990762 -3.1885408808049807 147.6628541946411 366.3923110961914
55.9456208990762 -3.1885408808049807 SW 55.94540876704184 -3.1887530128393364 147.6628541946411 365.1423110961914
55.94540876704184 -3.1887530128393364 NNW 55.9456859309016 -3.188867817869046 147.6628541946411 363.8923110961914
55.9456859309016 -3.188867817869046 SSE 55.94540876704184 -3.1887530128393364 147.6628541946411 362.6423110961914
55.94540876704184 -3.1887530128393364 NW 55.9456208990762 -3.188965144873692 147.6628541946411 361.3923110961914
55.9456208990762 -3.188965144873692 SSE 55.94534373521644 -3.1888503398439827 147.6628541946411 360.1423110961914
55.94534373521644 -3.1888503398439827 N 55.94564373521644 -3.1888503398439827 147.6628541946411 358.8923110961914
55.94564373521644 -3.1888503398439827 S 55.94534373521644 -3.1888503398439827 147.6628541946411 357.6423110961914
55.94534373521644 -3.1888503398439827 N 55.94564373521644 -3.1888503398439827 147.6628541946411 356.3923110961914
55.94564373521644 -3.1888503398439827 S 55.94534373521644 -3.1888503398439827 147.6628541946411 355.1423110961914
55.94534373521644 -3.1888503398439827 NNW 55.9456208990762 -3.188965144873692 147.6628541946411 353.8923110961914
55.9456208990762 -3.188965144873692 NE 55.94583303111055 -3.1887530128393364 147.6628541946411 352.6423110961914
55.94583303111055 -3.1887530128393364 SW 55.9456208990762 -3.188965144873692 147.6628541946411 351.3923110961914
55.9456208990762 -3.188965144873692 E 55.9456208990762 -3.188665144873692 147.6628541946411 350.1423110961914
55.9456208990762 -3.188665144873692 W 55.9456208990762 -3.188965144873692 147.6628541946411 348.8923110961914
55.9456208990762 -3.188965144873692 ESE 55.945506094046486 -3.188687981013939 147.6628541946411 347.6423110961914
55.945506094046486 -3.188687981013939 N 55.94580609404649 -3.188687981013939 147.6628541946411 346.3923110961914
55.94580609404649 -3.188687981013939 S 55.945506094046486 -3.188687981013939 147.6628541946411 345.1423110961914
55.945506094046486 -3.188687981013939 N 55.94580609404649 -3.188687981013939 147.6628541946411 343.8923110961914
55.94580609404649 -3.188687981013939 S 55.945506094046486 -3.188687981013939 147.6628541946411 342.6423110961914
55.945506094046486 -3.188687981013939 N 55.94580609404649 -3.188687981013939 147.6628541946411 341.3923110961914
55.94580609404649 -3.188687981013939 WNW 55.9459208990762 -3.188965144873692 147.6628541946411 340.1423110961914
55.9459208990762 -3.188965144873692 ESE 55.94580609404649 -3.188687981013939 147.6628541946411 338.8923110961914
55.94580609404649 -3.188687981013939 NW 55.946018226080845 -3.1889001130482946 147.6628541946411 337.6423110961914
55.946018226080845 -3.1889001130482946 ESE 55.945903421051135 -3.188622949188541 147.6628541946411 336.3923110961914
55.945903421051135 -3.188622949188541 WNW 55.946018226080845 -3.1889001130482946 147.6628541946411 335.1423110961914
55.946018226080845 -3.1889001130482946 ESE 55.945903421051135 -3.188622949188541 147.6628541946411 333.8923110961914
55.945903421051135 -3.188622949188541 N 55.94620342105114 -3.188622949188541 147.6628541946411 332.6423110961914
55.94620342105114 -3.188622949188541 S 55.945903421051135 -3.188622949188541 147.6628541946411 331.3923110961914
55.945903421051135 -3.188622949188541 SE 55.94569128901678 -3.1884108171541854 147.6628541946411 330.1423110961914
55.94569128901678 -3.1884108171541854 NW 55.945903421051135 -3.188622949188541 147.6628541946411 328.8923110961914
55.945903421051135 -3.188622949188541 SE 55.94569128901678 -3.1884108171541854 147.6628541946411 327.6423110961914
55.94569128901678 -3.1884108171541854 NNW 55.945968452876535 -3.188525622183895 147.6628541946411 326.3923110961914
55.945968452876535 -3.188525622183895 S 55.94566845287653 -3.188525622183895 147.6628541946411 325.1423110961914
55.94566845287653 -3.188525622183895 NNE 55.94594561673629 -3.1884108171541854 147.6628541946411 323.8923110961914
55.94594561673629 -3.1884108171541854 SSE 55.94566845287653 -3.188296012124476 147.6628541946411 322.6423110961914
55.94566845287653 -3.188296012124476 NNW 55.94594561673629 -3.1884108171541854 147.6628541946411 321.3923110961914
55.94594561673629 -3.1884108171541854 NNE 55.946222780596045 -3.188296012124476 147.6628541946411 320.1423110961914
55.946222780596045 -3.188296012124476 SSW 55.94594561673629 -3.1884108171541854 147.6628541946411 318.8923110961914
55.94594561673629 -3.1884108171541854 NW 55.946157748770645 -3.188622949188541 147.6628541946411 317.6423110961914
55.946157748770645 -3.188622949188541 ESE 55.946042943740935 -3.1883457853287878 147.6628541946411 316.3923110961914
55.946042943740935 -3.1883457853287878 WNW 55.946157748770645 -3.188622949188541 147.6628541946411 315.1423110961914
55.946157748770645 -3.188622949188541 ESE 55.946042943740935 -3.1883457853287878 147.6628541946411 313.8923110961914
55.946042943740935 -3.1883457853287878 W 55.946042943740935 -3.188645785328788 147.6628541946411 312.6423110961914
55.946042943740935 -3.188645785328788 E 55.946042943740935 -3.1883457853287878 147.6628541946411 311.3923110961914
55.946042943740935 -3.1883457853287878 E 55.946042943740935 -3.1880457853287876 147.6628541946411 310.1423110961914
55.946042943740935 -3.1880457853287876 W 55.946042943740935 -3.1883457853287878 147.6628541946411 308.8923110961914
55.946042943740935 -3.1883457853287878 ENE 55.946157748770645 -3.1880686214690344 147.6628541946411 307.6423110961914
55.946157748770645 -3.1880686214690344 WSW 55.946042943740935 -3.1883457853287878 147.6628541946411 306.3923110961914
55.946042943740935 -3.1883457853287878 E 55.946042943740935 -3.1880457853287876 147.6628541946411 305.1423110961914
55.946042943740935 -3.1880457853287876 WNW 55.946157748770645 -3.188322949188541 147.6628541946411 303.8923110961914
55.946157748770645 -3.188322949188541 E 55.946157748770645 -3.188022949188541 147.6628541946411 302.6423110961914
55.946157748770645 -3.188022949188541 W 55.946157748770645 -3.188322949188541 147.6628541946411 301.3923110961914
55.946157748770645 -3.188322949188541 E 55.946157748770645 -3.188022949188541 147.6628541946411 300.1423110961914
55.946157748770645 -3.188022949188541 WSW 55.946042943740935 -3.188300113048294 147.6628541946411 298.8923110961914
55.946042943740935 -3.188300113048294 ENE 55.946157748770645 -3.188022949188541 147.6628541946411 297.6423110961914
55.946157748770645 -3.188022949188541 WSW 55.946042943740935 -3.188300113048294 147.6628541946411 296.3923110961914
55.946042943740935 -3.188300113048294 E 55.946042943740935 -3.188000113048294 147.6628541946411 295.1423110961914
55.946042943740935 -3.188000113048294 WSW 55.945928138711224 -3.1882772769080474 147.6628541946411 293.8923110961914
55.945928138711224 -3.1882772769080474 ESE 55.945813333681514 -3.188000113048294 147.6628541946411 292.6423110961914
55.945813333681514 -3.188000113048294 WNW 55.945928138711224 -3.1882772769080474 147.6628541946411 291.3923110961914
55.945928138711224 -3.1882772769080474 SE 55.94571600667687 -3.1880651448736916 147.6628541946411 290.1423110961914
55.94571600667687 -3.1880651448736916 NW 55.945928138711224 -3.1882772769080474 147.6628541946411 288.8923110961914
55.945928138711224 -3.1882772769080474 SSW 55.94565097485147 -3.188392081937757 147.6628541946411 287.6423110961914
55.94565097485147 -3.188392081937757 NNE 55.945928138711224 -3.1882772769080474 147.6628541946411 286.3923110961914
55.945928138711224 -3.1882772769080474 N 55.94622813871123 -3.1882772769080474 147.6628541946411 285.1423110961914
55.94622813871123 -3.1882772769080474 SSW 55.94595097485147 -3.188392081937757 147.6628541946411 283.8923110961914
55.94595097485147 -3.188392081937757 SE 55.945738842817114 -3.188179949903401 147.6628541946411 282.6423110961914
55.945738842817114 -3.188179949903401 NW 55.94595097485147 -3.188392081937757 147.6628541946411 281.3923110961914
55.94595097485147 -3.188392081937757 SSW 55.945673810991714 -3.1885068869674664 147.6628541946411 280.1423110961914
55.945673810991714 -3.1885068869674664 SSE 55.94539664713196 -3.188392081937757 147.6628541946411 278.8923110961914
55.94539664713196 -3.188392081937757 E 55.94539664713196 -3.1880920819377567 147.6628541946411 277.6423110961914
55.94539664713196 -3.1880920819377567 W 55.94539664713196 -3.188392081937757 147.6628541946411 276.3923110961914
55.94539664713196 -3.188392081937757 SE 55.9451845150976 -3.188179949903401 147.6628541946411 275.1423110961914
55.9451845150976 -3.188179949903401 NW 55.94539664713196 -3.188392081937757 147.6628541946411 273.8923110961914
55.94539664713196 -3.188392081937757 SE 55.9451845150976 -3.188179949903401 147.6628541946411 272.6423110961914
55.9451845150976 -3.188179949903401 WSW 55.94506971006789 -3.1884571137631545 147.6628541946411 271.3923110961914
55.94506971006789 -3.1884571137631545 ENE 55.9451845150976 -3.188179949903401 147.6628541946411 270.1423110961914
55.9451845150976 -3.188179949903401 WSW 55.94506971006789 -3.1884571137631545 147.6628541946411 268.8923110961914
55.94506971006789 -3.1884571137631545 E 55.94506971006789 -3.1881571137631544 147.6628541946411 267.6423110961914
55.94506971006789 -3.1881571137631544 WSW 55.94495490503818 -3.1884342776229078 147.6628541946411 266.3923110961914
55.94495490503818 -3.1884342776229078 ENE 55.94506971006789 -3.1881571137631544 147.6628541946411 265.1423110961914
55.94506971006789 -3.1881571137631544 W 55.94506971006789 -3.1884571137631545 147.6628541946411 263.8923110961914
55.94506971006789 -3.1884571137631545 E 55.94506971006789 -3.1881571137631544 147.6628541946411 262.6423110961914
55.94506971006789 -3.1881571137631544 WSW 55.94495490503818 -3.1884342776229078 147.6628541946411 261.3923110961914
55.94495490503818 -3.1884342776229078 NNE 55.94523206889794 -3.1883194725931983 147.6628541946411 260.1423110961914
55.94523206889794 -3.1883194725931983 SSW 55.94495490503818 -3.1884342776229078 147.6628541946411 258.8923110961914
55.94495490503818 -3.1884342776229078 ESE 55.94484010000847 -3.1881571137631544 147.6628541946411 257.6423110961914
55.94484010000847 -3.1881571137631544 WNW 55.94495490503818 -3.1884342776229078 147.6628541946411 256.3923110961914
55.94495490503818 -3.1884342776229078 SSE 55.944677741178424 -3.1883194725931983 147.6628541946411 255.1423110961914
55.944677741178424 -3.1883194725931983 NNW 55.94495490503818 -3.1884342776229078 147.6628541946411 253.8923110961914
55.94495490503818 -3.1884342776229078 ESE 55.94484010000847 -3.1881571137631544 147.6628541946411 252.6423110961914
55.94484010000847 -3.1881571137631544 WSW 55.94472529497876 -3.1884342776229078 147.6628541946411 251.3923110961914
55.94472529497876 -3.1884342776229078 ENE 55.94484010000847 -3.1881571137631544 147.6628541946411 250.1423110961914
55.94484010000847 -3.1881571137631544 E 55.94484010000847 -3.187857113763154 147.6628541946411 248.8923110961914
55.94484010000847 -3.187857113763154 W 55.94484010000847 -3.1881571137631544 147.6628541946411 247.6423110961914
55.94484010000847 -3.1881571137631544 ESE 55.94472529497876 -3.187879949903401 147.6628541946411 246.3923110961914
55.94472529497876 -3.187879949903401 WNW 55.94484010000847 -3.1881571137631544 147.6628541946411 245.1423110961914
55.94484010000847 -3.1881571137631544 NE 55.945052232042826 -3.1879449817287986 147.6628541946411 243.8923110961914
55.945052232042826 -3.1879449817287986 SSW 55.94477506818307 -3.188059786758508 147.6628541946411 242.6423110961914
55.94477506818307 -3.188059786758508 NNE 55.945052232042826 -3.1879449817287986 147.6628541946411 241.3923110961914
55.945052232042826 -3.1879449817287986 SSW 55.94477506818307 -3.188059786758508 147.6628541946411 240.1423110961914
55.94477506818307 -3.188059786758508 NE 55.944987200217426 -3.1878476547241523 147.6628541946411 238.8923110961914
55.944987200217426 -3.1878476547241523 SW 55.94477506818307 -3.188059786758508 147.6628541946411 237.6423110961914
55.94477506818307 -3.188059786758508 NE 55.944987200217426 -3.1878476547241523 147.6628541946411 236.3923110961914
55.944987200217426 -3.1878476547241523 W 55.944987200217426 -3.1881476547241525 147.6628541946411 235.1423110961914
55.944987200217426 -3.1881476547241525 E 55.944987200217426 -3.1878476547241523 147.6628541946411 233.8923110961914
55.944987200217426 -3.1878476547241523 WNW 55.945102005247136 -3.1881248185839057 147.6628541946411 232.6423110961914
55.945102005247136 -3.1881248185839057 ESE 55.944987200217426 -3.1878476547241523 147.6628541946411 231.3923110961914
55.944987200217426 -3.1878476547241523 WSW 55.944872395187716 -3.1881248185839057 147.6628541946411 230.1423110961914
55.944872395187716 -3.1881248185839057 ENE 55.944987200217426 -3.1878476547241523 147.6628541946411 228.8923110961914
55.944987200217426 -3.1878476547241523 SE 55.94477506818307 -3.1876355226897966 147.6628541946411 227.6423110961914
55.94477506818307 -3.1876355226897966 WNW 55.94488987321278 -3.18791268654955 147.6628541946411 226.3923110961914
55.94488987321278 -3.18791268654955 ESE 55.94477506818307 -3.1876355226897966 147.6628541946411 225.1423110961914
55.94477506818307 -3.1876355226897966 WNW 55.94488987321278 -3.18791268654955 147.6628541946411 223.8923110961914
55.94488987321278 -3.18791268654955 ESE 55.94477506818307 -3.1876355226897966 147.6628541946411 222.6423110961914
55.94477506818307 -3.1876355226897966 WSW 55.94466026315336 -3.18791268654955 147.6628541946411 221.3923110961914
55.94466026315336 -3.18791268654955 ENE 55.94477506818307 -3.1876355226897966 147.6628541946411 220.1423110961914
55.94477506818307 -3.1876355226897966 S 55.94447506818307 -3.1876355226897966 147.6628541946411 218.8923110961914
55.94447506818307 -3.1876355226897966 N 55.94477506818307 -3.1876355226897966 147.6628541946411 217.6423110961914
55.94477506818307 -3.1876355226897966 S 55.94447506818307 -3.1876355226897966 147.6628541946411 216.3923110961914
55.94447506818307 -3.1876355226897966 NNW 55.94475223204282 -3.187750327719506 147.6628541946411 215.1423110961914
55.94475223204282 -3.187750327719506 SSW 55.94447506818307 -3.1878651327492156 147.6628541946411 213.8923110961914
55.94447506818307 -3.1878651327492156 NNE 55.94475223204282 -3.187750327719506 147.6628541946411 212.6423110961914
