55.944425 -3.188396 E 55.944425 -3.188096 101.7469482421875 334.1838912963867
55.944425 -3.188096 W 55.944425 -3.188396 101.7469482421875 332.9338912963867
55.944425 -3.188396 E 55.944425 -3.188096 101.7469482421875 331.6838912963867
55.944425 -3.188096 W 55.944425 -3.188396 101.7469482421875 330.4338912963867
55.944425 -3.188396 E 55.944425 -3.188096 101.7469482421875 329.1838912963867
55.944425 -3.188096 NW 55.94463713203436 -3.1883081320343556 101.7469482421875 327.9338912963867
55.94463713203436 -3.1883081320343556 SE 55.944425 -3.188096 101.7469482421875 326.6838912963867
55.944425 -3.188096 NW 55.94463713203436 -3.1883081320343556 101.7469482421875 325.4338912963867
55.94463713203436 -3.1883081320343556 ENE 55.94475193706407 -3.188030968174602 101.7469482421875 324.1838912963867
55.94475193706407 -3.188030968174602 WSW 55.94463713203436 -3.1883081320343556 101.7469482421875 322.9338912963867
55.94463713203436 -3.1883081320343556 W 55.94463713203436 -3.188608132034356 101.7469482421875 321.6838912963867
55.94463713203436 -3.188608132034356 E 55.94463713203436 -3.1883081320343556 101.7469482421875 320.4338912963867
55.94463713203436 -3.1883081320343556 NNW 55.944914295894115 -3.188422937064065 101.7469482421875 319.1838912963867
55.944914295894115 -3.188422937064065 S 55.94461429589411 -3.188422937064065 101.7469482421875 317.9338912963867
55.94461429589411 -3.188422937064065 NNW 55.94489145975387 -3.1885377420937746 101.7469482421875 316.6838912963867
55.94489145975387 -3.1885377420937746 S 55.944591459753866 -3.1885377420937746 101.7469482421875 315.4338912963867
55.944591459753866 -3.1885377420937746 N 55.94489145975387 -3.1885377420937746 101.7469482421875 314.1838912963867
55.94489145975387 -3.1885377420937746 SSW 55.94461429589411 -3.188652547123484 101.7469482421875 312.9338912963867
55.94461429589411 -3.188652547123484 NNE 55.94489145975387 -3.1885377420937746 101.7469482421875 311.6838912963867
55.94489145975387 -3.1885377420937746 SSW 55.94461429589411 -3.188652547123484 101.7469482421875 310.4338912963867
55.94461429589411 -3.188652547123484 WSW 55.9444994908644 -3.1889297109832375 101.7469482421875 309.1838912963867
55.9444994908644 -3.1889297109832375 ENE 55.94461429589411 -3.188652547123484 101.7469482421875 307.9338912963867
55.94461429589411 -3.188652547123484 E 55.94461429589411 -3.188352547123484 101.7469482421875 306.6838912963867
55.94461429589411 -3.188352547123484 WSW 55.9444994908644 -3.1886297109832373 101.7469482421875 305.4338912963867
55.9444994908644 -3.1886297109832373 ENE 55.94461429589411 -3.188352547123484 101.7469482421875 304.1838912963867
55.94461429589411 -3.188352547123484 WSW 55.9444994908644 -3.1886297109832373 101.7469482421875 302.9338912963867
55.9444994908644 -3.1886297109832373 NNW 55.94477665472416 -3.188744516012947 101.7469482421875 301.6838912963867
55.94477665472416 -3.188744516012947 SSE 55.9444994908644 -3.1886297109832373 101.7469482421875 300.4338912963867
55.9444994908644 -3.1886297109832373 S 55.9441994908644 -3.1886297109832373 101.7469482421875 299.1838912963867
55.9441994908644 -3.1886297109832373 N 55.9444994908644 -3.1886297109832373 101.7469482421875 297.9338912963867
55.9444994908644 -3.1886297109832373 S 55.9441994908644 -3.1886297109832373 101.7469482421875 296.6838912963867
55.9441994908644 -3.1886297109832373 N 55.9444994908644 -3.1886297109832373 101.7469482421875 295.4338912963867
55.9444994908644 -3.1886297109832373 SSW 55.944222327004645 -3.188744516012947 101.7469482421875 294.1838912963867
55.944222327004645 -3.188744516012947 NNE 55.9444994908644 -3.1886297109832373 101.7469482421875 292.9338912963867
55.9444994908644 -3.1886297109832373 WSW 55.94438468583469 -3.1889068748429907 101.7469482421875 291.6838912963867
55.94438468583469 -3.1889068748429907 ENE 55.9444994908644 -3.1886297109832373 101.7469482421875 290.4338912963867
55.9444994908644 -3.1886297109832373 W 55.9444994908644 -3.1889297109832375 101.7469482421875 289.1838912963867
55.9444994908644 -3.1889297109832375 E 55.9444994908644 -3.1886297109832373 101.7469482421875 287.9338912963867
55.9444994908644 -3.1886297109832373 ESE 55.94438468583469 -3.188352547123484 101.7469482421875 286.6838912963867
55.94438468583469 -3.188352547123484 WNW 55.9444994908644 -3.1886297109832373 101.7469482421875 285.4338912963867
55.9444994908644 -3.1886297109832373 NW 55.94471162289876 -3.188841843017593 101.7469482421875 284.1838912963867
55.94471162289876 -3.188841843017593 S 55.944411622898755 -3.188841843017593 101.7469482421875 282.9338912963867
55.944411622898755 -3.188841843017593 N 55.94471162289876 -3.188841843017593 101.7469482421875 281.6838912963867
55.94471162289876 -3.188841843017593 WSW 55.94459681786905 -3.1891190068773465 101.7469482421875 280.4338912963867
55.94459681786905 -3.1891190068773465 ENE 55.94471162289876 -3.188841843017593 101.7469482421875 279.1838912963867
55.94471162289876 -3.188841843017593 NNW 55.944988786758515 -3.1889566480473026 101.7469482421875 277.9338912963867
55.944988786758515 -3.1889566480473026 SSE 55.94471162289876 -3.188841843017593 101.7469482421875 276.6838912963867
55.94471162289876 -3.188841843017593 WNW 55.94482642792847 -3.1891190068773465 101.7469482421875 275.4338912963867
55.94482642792847 -3.1891190068773465 ESE 55.94471162289876 -3.188841843017593 101.7469482421875 274.1838912963867
55.94471162289876 -3.188841843017593 S 55.944411622898755 -3.188841843017593 101.7469482421875 272.9338912963867
55.944411622898755 -3.188841843017593 N 55.94471162289876 -3.188841843017593 101.7469482421875 271.6838912963867
55.94471162289876 -3.188841843017593 S 55.944411622898755 -3.188841843017593 101.7469482421875 270.4338912963867
55.944411622898755 -3.188841843017593 WNW 55.944526427928466 -3.1891190068773465 101.7469482421875 269.1838912963867
55.944526427928466 -3.1891190068773465 ESE 55.944411622898755 -3.188841843017593 101.7469482421875 267.9338912963867
55.944411622898755 -3.188841843017593 SW 55.9441994908644 -3.189053975051949 101.7469482421875 266.6838912963867
55.9441994908644 -3.189053975051949 NE 55.944411622898755 -3.188841843017593 101.7469482421875 265.4338912963867
55.944411622898755 -3.188841843017593 SSE 55.944134459039 -3.1887270379878836 101.7469482421875 264.1838912963867
55.944134459039 -3.1887270379878836 NNW 55.944411622898755 -3.188841843017593 101.7469482421875 262.9338912963867
55.944411622898755 -3.188841843017593 W 55.944411622898755 -3.1891418430175933 101.7469482421875 261.6838912963867
55.944411622898755 -3.1891418430175933 SE 55.9441994908644 -3.1889297109832375 101.7469482421875 260.4338912963867
55.9441994908644 -3.1889297109832375 NW 55.944411622898755 -3.1891418430175933 101.7469482421875 259.1838912963867
55.944411622898755 -3.1891418430175933 SSE 55.944134459039 -3.189027037987884 101.7469482421875 257.9338912963867
55.944134459039 -3.189027037987884 WNW 55.94424926406871 -3.189304201847637 101.7469482421875 256.6838912963867
55.94424926406871 -3.189304201847637 SE 55.94403713203435 -3.1890920698132814 101.7469482421875 255.43389129638672
55.94403713203435 -3.1890920698132814 NW 55.94424926406871 -3.189304201847637 101.7469482421875 254.18389129638672
55.94424926406871 -3.189304201847637 SE 55.94403713203435 -3.1890920698132814 101.7469482421875 252.93389129638672
55.94403713203435 -3.1890920698132814 NW 55.94424926406871 -3.189304201847637 101.7469482421875 251.68389129638672
55.94424926406871 -3.189304201847637 WSW 55.944134459039 -3.1895813657073906 101.7469482421875 250.43389129638672
55.944134459039 -3.1895813657073906 ENE 55.94424926406871 -3.189304201847637 101.7469482421875 249.18389129638672
55.94424926406871 -3.189304201847637 SSW 55.94397210020895 -3.1894190068773467 101.7469482421875 247.93389129638672
55.94397210020895 -3.1894190068773467 NNE 55.94424926406871 -3.189304201847637 101.7469482421875 246.68389129638672
55.94424926406871 -3.189304201847637 SE 55.94403713203435 -3.1890920698132814 101.7469482421875 245.43389129638672
55.94403713203435 -3.1890920698132814 W 55.94403713203435 -3.1893920698132816 101.7469482421875 244.18389129638672
55.94403713203435 -3.1893920698132816 E 55.94403713203435 -3.1890920698132814 101.7469482421875 242.93389129638672
55.94403713203435 -3.1890920698132814 W 55.94403713203435 -3.1893920698132816 101.7469482421875 241.68389129638672
55.94403713203435 -3.1893920698132816 E 55.94403713203435 -3.1890920698132814 101.7469482421875 240.43389129638672
55.94403713203435 -3.1890920698132814 ENE 55.94415193706406 -3.188814905953528 101.7469482421875 239.18389129638672
55.94415193706406 -3.188814905953528 WSW 55.94403713203435 -3.1890920698132814 101.7469482421875 237.93389129638672
55.94403713203435 -3.1890920698132814 E 55.94403713203435 -3.1887920698132812 101.7469482421875 236.68389129638672
55.94403713203435 -3.1887920698132812 W 55.94403713203435 -3.1890920698132814 101.7469482421875 235.43389129638672
55.94403713203435 -3.1890920698132814 E 55.94403713203435 -3.1887920698132812 101.7469482421875 234.18389129638672
55.94403713203435 -3.1887920698132812 SW 55.943825 -3.189004201847637 101.7469482421875 232.93389129638672
55.943825 -3.189004201847637 NE 55.94403713203435 -3.1887920698132812 101.7469482421875 231.68389129638672
55.94403713203435 -3.1887920698132812 SW 55.943825 -3.189004201847637 101.7469482421875 230.43389129638672
55.943825 -3.189004201847637 NE 55.94403713203435 -3.1887920698132812 101.7469482421875 229.18389129638672
55.94403713203435 -3.1887920698132812 SSE 55.9437599681746 -3.1886772647835717 101.7469482421875 227.93389129638672
55.9437599681746 -3.1886772647835717 NNW 55.94403713203435 -3.1887920698132812 101.7469482421875 226.68389129638672
55.94403713203435 -3.1887920698132812 S 55.94373713203435 -3.1887920698132812 101.7469482421875 225.43389129638672
55.94373713203435 -3.1887920698132812 NNE 55.94401429589411 -3.1886772647835717 101.7469482421875 224.18389129638672
55.94401429589411 -3.1886772647835717 S 55.943714295894104 -3.1886772647835717 101.7469482421875 222.93389129638672
55.943714295894104 -3.1886772647835717 NW 55.94392642792846 -3.1888893968179275 101.7469482421875 221.68389129638672
55.94392642792846 -3.1888893968179275 SE 55.943714295894104 -3.1886772647835717 101.7469482421875 220.43389129638672
55.943714295894104 -3.1886772647835717 NNW 55.94399145975386 -3.1887920698132812 219.58334350585938 290.63134002685547
55.94399145975386 -3.1887920698132812 SSE 55.943714295894104 -3.1886772647835717 219.58334350585938 289.38134002685547
55.943714295894104 -3.1886772647835717 SE 55.94350216385975 -3.188465132749216 219.58334350585938 288.13134002685547
55.94350216385975 -3.188465132749216 NW 55.943714295894104 -3.1886772647835717 219.58334350585938 286.88134002685547
55.943714295894104 -3.1886772647835717 SSE 55.94343713203435 -3.188562459753862 219.58334350585938 285.63134002685547
55.94343713203435 -3.188562459753862 NNW 55.943714295894104 -3.1886772647835717 219.58334350585938 284.38134002685547
55.943714295894104 -3.1886772647835717 SE 55.94350216385975 -3.188465132749216 219.58334350585938 283.13134002685547
55.94350216385975 -3.188465132749216 N 55.94380216385975 -3.188465132749216 219.58334350585938 281.88134002685547
55.94380216385975 -3.188465132749216 S 55.94350216385975 -3.188465132749216 219.58334350585938 280.63134002685547
55.94350216385975 -3.188465132749216 N 55.94380216385975 -3.188465132749216 219.58334350585938 279.38134002685547
55.94380216385975 -3.188465132749216 S 55.94350216385975 -3.188465132749216 219.58334350585938 278.13134002685547
55.94350216385975 -3.188465132749216 WSW 55.94338735883004 -3.1887422966089694 219.58334350585938 276.88134002685547
55.94338735883004 -3.1887422966089694 E 55.94338735883004 -3.188442296608969 219.58334350585938 275.63134002685547
55.94338735883004 -3.188442296608969 W 55.94338735883004 -3.1887422966089694 219.58334350585938 274.38134002685547
55.94338735883004 -3.1887422966089694 E 55.94338735883004 -3.188442296608969 219.58334350585938 273.13134002685547
55.94338735883004 -3.188442296608969 W 55.94338735883004 -3.1887422966089694 219.58334350585938 271.88134002685547
55.94338735883004 -3.1887422966089694 NNE 55.943664522689794 -3.18862749157926 219.58334350585938 270.63134002685547
55.943664522689794 -3.18862749157926 SSW 55.94338735883004 -3.1887422966089694 219.58334350585938 269.38134002685547
55.94338735883004 -3.1887422966089694 WNW 55.94350216385975 -3.1890194604687228 219.58334350585938 268.13134002685547
55.94350216385975 -3.1890194604687228 E 55.94350216385975 -3.1887194604687226 219.58334350585938 266.88134002685547
55.94350216385975 -3.1887194604687226 NW 55.943714295894104 -3.1889315925030783 219.58334350585938 265.63134002685547
55.943714295894104 -3.1889315925030783 ESE 55.94359949086439 -3.188654428643325 219.58334350585938 264.38134002685547
55.94359949086439 -3.188654428643325 WNW 55.943714295894104 -3.1889315925030783 219.58334350585938 263.13134002685547
55.943714295894104 -3.1889315925030783 ESE 55.94359949086439 -3.188654428643325 219.58334350585938 261.88134002685547
55.94359949086439 -3.188654428643325 NW 55.94381162289875 -3.1888665606776807 219.58334350585938 260.63134002685547
55.94381162289875 -3.1888665606776807 NW 55.944023754933106 -3.1890786927120365 219.58334350585938 259.38134002685547
55.944023754933106 -3.1890786927120365 SE 55.94381162289875 -3.1888665606776807 219.58334350585938 258.13134002685547
55.94381162289875 -3.1888665606776807 WNW 55.94392642792846 -3.189143724537434 219.58334350585938 256.88134002685547
55.94392642792846 -3.189143724537434 ENE 55.94404123295817 -3.1888665606776807 219.58334350585938 255.63134002685547
55.94404123295817 -3.1888665606776807 SW 55.943829100923814 -3.1890786927120365 300.5720672607422 261.18997144699097
55.943829100923814 -3.1890786927120365 NE 55.94404123295817 -3.1888665606776807 300.5720672607422 259.93997144699097
55.94404123295817 -3.1888665606776807 WSW 55.94392642792846 -3.189143724537434 300.5720672607422 258.68997144699097
55.94392642792846 -3.189143724537434 ENE 55.94404123295817 -3.1888665606776807 300.5720672607422 257.43997144699097
55.94404123295817 -3.1888665606776807 WSW 55.94392642792846 -3.189143724537434 300.5720672607422 256.18997144699097
55.94392642792846 -3.189143724537434 ENE 55.94404123295817 -3.1888665606776807 300.5720672607422 254.93997144699097
55.94404123295817 -3.1888665606776807 WSW 55.94392642792846 -3.189143724537434 300.5720672607422 253.68997144699097
55.94392642792846 -3.189143724537434 W 55.94392642792846 -3.1894437245374343 300.5720672607422 252.43997144699097
55.94392642792846 -3.1894437245374343 ENE 55.94404123295817 -3.189166560677681 300.5720672607422 251.18997144699097
55.94404123295817 -3.189166560677681 WSW 55.94392642792846 -3.1894437245374343 300.5720672607422 249.93997144699097
55.94392642792846 -3.1894437245374343 ESE 55.94381162289875 -3.189166560677681 300.5720672607422 248.68997144699097
55.94381162289875 -3.189166560677681 WNW 55.94392642792846 -3.1894437245374343 300.5720672607422 247.43997144699097
55.94392642792846 -3.1894437245374343 NW 55.944138559962816 -3.18965585657179 300.5720672607422 246.18997144699097
55.944138559962816 -3.18965585657179 SE 55.94392642792846 -3.1894437245374343 300.5720672607422 244.93997144699097
55.94392642792846 -3.1894437245374343 SSE 55.9436492640687 -3.189328919507725 300.5720672607422 243.68997144699097
55.9436492640687 -3.189328919507725 NNW 55.94392642792846 -3.1894437245374343 300.5720672607422 242.43997144699097
55.94392642792846 -3.1894437245374343 SSE 55.9436492640687 -3.189328919507725 300.5720672607422 241.18997144699097
55.9436492640687 -3.189328919507725 NNW 55.94392642792846 -3.1894437245374343 300.5720672607422 239.93997144699097
55.94392642792846 -3.1894437245374343 SSE 55.9436492640687 -3.189328919507725 300.5720672607422 238.68997144699097
55.9436492640687 -3.189328919507725 SSE 55.94337210020895 -3.1892141144780153 300.5720672607422 237.43997144699097
55.94337210020895 -3.1892141144780153 NNW 55.9436492640687 -3.189328919507725 300.5720672607422 236.18997144699097
55.9436492640687 -3.189328919507725 SSE 55.94337210020895 -3.1892141144780153 300.5720672607422 234.93997144699097
55.94337210020895 -3.1892141144780153 NNW 55.9436492640687 -3.189328919507725 300.5720672607422 233.68997144699097
55.9436492640687 -3.189328919507725 ENE 55.943764069098414 -3.1890517556479714 300.5720672607422 232.43997144699097
55.943764069098414 -3.1890517556479714 WSW 55.9436492640687 -3.189328919507725 300.5720672607422 231.18997144699097
55.9436492640687 -3.189328919507725 ENE 55.943764069098414 -3.1890517556479714 300.5720672607422 229.93997144699097
55.943764069098414 -3.1890517556479714 WNW 55.943878874128124 -3.189328919507725 300.5720672607422 228.68997144699097
55.943878874128124 -3.189328919507725 ESE 55.943764069098414 -3.1890517556479714 300.5720672607422 227.43997144699097
55.943764069098414 -3.1890517556479714 S 55.94346406909841 -3.1890517556479714 300.5720672607422 226.18997144699097
55.94346406909841 -3.1890517556479714 N 55.943764069098414 -3.1890517556479714 300.5720672607422 224.93997144699097
55.943764069098414 -3.1890517556479714 WNW 55.943878874128124 -3.189328919507725 300.5720672607422 223.68997144699097
55.943878874128124 -3.189328919507725 WNW 55.943993679157835 -3.189606083367478 300.5720672607422 222.43997144699097
55.943993679157835 -3.189606083367478 ESE 55.943878874128124 -3.189328919507725 300.5720672607422 221.18997144699097
55.943878874128124 -3.189328919507725 S 55.94357887412812 -3.189328919507725 300.5720672607422 219.93997144699097
55.94357887412812 -3.189328919507725 WSW 55.94346406909841 -3.189606083367478 300.5720672607422 218.68997144699097
55.94346406909841 -3.189606083367478 E 55.94346406909841 -3.189306083367478 300.5720672607422 217.43997144699097
55.94346406909841 -3.189306083367478 SW 55.943251937064055 -3.189518215401834 348.9262275695801 292.32183027267456
55.943251937064055 -3.189518215401834 NE 55.94346406909841 -3.189306083367478 348.9262275695801 291.07183027267456
55.94346406909841 -3.189306083367478 SW 55.943251937064055 -3.189518215401834 348.9262275695801 289.82183027267456
55.943251937064055 -3.189518215401834 NE 55.94346406909841 -3.189306083367478 348.9262275695801 288.57183027267456
55.94346406909841 -3.189306083367478 SW 55.943251937064055 -3.189518215401834 348.9262275695801 287.32183027267456
55.943251937064055 -3.189518215401834 E 55.943251937064055 -3.1892182154018336 348.9262275695801 286.07183027267456
55.943251937064055 -3.1892182154018336 W 55.943251937064055 -3.189518215401834 348.9262275695801 284.82183027267456
55.943251937064055 -3.189518215401834 NNE 55.94352910092381 -3.1894034103721243 348.9262275695801 283.57183027267456
55.94352910092381 -3.1894034103721243 SSW 55.943251937064055 -3.189518215401834 348.9262275695801 282.32183027267456
55.943251937064055 -3.189518215401834 NNE 55.94352910092381 -3.1894034103721243 348.9262275695801 281.07183027267456
55.94352910092381 -3.1894034103721243 SW 55.943316968889455 -3.18961554240648 348.9262275695801 279.82183027267456
55.943316968889455 -3.18961554240648 SSE 55.9430398050297 -3.1895007373767705 348.9262275695801 278.57183027267456
55.9430398050297 -3.1895007373767705 NNW 55.943316968889455 -3.18961554240648 348.9262275695801 277.32183027267456
55.943316968889455 -3.18961554240648 NW 55.94352910092381 -3.189827674440836 458.2928352355957 294.5065493583679
55.94352910092381 -3.189827674440836 SE 55.943316968889455 -3.18961554240648 458.2928352355957 293.2565493583679
55.943316968889455 -3.18961554240648 NW 55.94352910092381 -3.189827674440836 458.2928352355957 292.0065493583679
55.94352910092381 -3.189827674440836 SSE 55.943251937064055 -3.1897128694111263 547.7625465393066 340.4629054069519
55.943251937064055 -3.1897128694111263 N 55.94355193706406 -3.1897128694111263 547.7625465393066 339.2129054069519
55.94355193706406 -3.1897128694111263 S 55.943251937064055 -3.1897128694111263 547.7625465393066 337.9629054069519
55.943251937064055 -3.1897128694111263 E 55.943251937064055 -3.189412869411126 564.7514572143555 374.90928983688354
55.943251937064055 -3.189412869411126 W 55.943251937064055 -3.1897128694111263 564.7514572143555 373.65928983688354
55.943251937064055 -3.1897128694111263 S 55.94295193706405 -3.1897128694111263 564.7514572143555 372.40928983688354
55.94295193706405 -3.1897128694111263 N 55.943251937064055 -3.1897128694111263 564.7514572143555 371.15928983688354
55.943251937064055 -3.1897128694111263 S 55.94295193706405 -3.1897128694111263 564.7514572143555 369.90928983688354
55.94295193706405 -3.1897128694111263 N 55.943251937064055 -3.1897128694111263 564.7514572143555 368.65928983688354
55.943251937064055 -3.1897128694111263 SW 55.9430398050297 -3.189925001445482 564.7514572143555 367.40928983688354
55.9430398050297 -3.189925001445482 NE 55.943251937064055 -3.1897128694111263 564.7514572143555 366.15928983688354
55.943251937064055 -3.1897128694111263 SW 55.9430398050297 -3.189925001445482 564.7514572143555 364.90928983688354
55.9430398050297 -3.189925001445482 NE 55.943251937064055 -3.1897128694111263 564.7514572143555 363.65928983688354
55.943251937064055 -3.1897128694111263 SW 55.9430398050297 -3.189925001445482 564.7514572143555 362.40928983688354
55.9430398050297 -3.189925001445482 NE 55.943251937064055 -3.1897128694111263 564.7514572143555 361.15928983688354
55.943251937064055 -3.1897128694111263 SW 55.9430398050297 -3.189925001445482 564.7514572143555 359.90928983688354
55.9430398050297 -3.189925001445482 NE 55.943251937064055 -3.1897128694111263 564.7514572143555 358.65928983688354
55.943251937064055 -3.1897128694111263 SW 55.9430398050297 -3.189925001445482 564.7514572143555 357.40928983688354
55.9430398050297 -3.189925001445482 NNW 55.943316968889455 -3.1900398064751916 564.7514572143555 356.15928983688354
55.943316968889455 -3.1900398064751916 SE 55.9431048368551 -3.189827674440836 564.7514572143555 354.90928983688354
55.9431048368551 -3.189827674440836 NW 55.943316968889455 -3.1900398064751916 564.7514572143555 353.65928983688354
55.943316968889455 -3.1900398064751916 SSE 55.9430398050297 -3.189925001445482 564.7514572143555 352.40928983688354
55.9430398050297 -3.189925001445482 WNW 55.94315461005941 -3.1902021653052355 564.7514572143555 351.15928983688354
55.94315461005941 -3.1902021653052355 SE 55.94294247802505 -3.1899900332708797 564.7514572143555 349.90928983688354
55.94294247802505 -3.1899900332708797 NW 55.94315461005941 -3.1902021653052355 564.7514572143555 348.65928983688354
55.94315461005941 -3.1902021653052355 S 55.942854610059406 -3.1902021653052355 587.1540088653564 364.09950017929077
55.942854610059406 -3.1902021653052355 N 55.94315461005941 -3.1902021653052355 587.1540088653564 362.84950017929077
55.94315461005941 -3.1902021653052355 S 55.942854610059406 -3.1902021653052355 587.1540088653564 361.59950017929077
55.942854610059406 -3.1902021653052355 NNW 55.94313177391916 -3.190316970334945 587.1540088653564 360.34950017929077
55.94313177391916 -3.190316970334945 E 55.94313177391916 -3.190016970334945 587.1540088653564 359.09950017929077
55.94313177391916 -3.190016970334945 W 55.94313177391916 -3.190316970334945 587.1540088653564 357.84950017929077
55.94313177391916 -3.190316970334945 E 55.94313177391916 -3.190016970334945 587.1540088653564 356.59950017929077
55.94313177391916 -3.190016970334945 W 55.94313177391916 -3.190316970334945 587.1540088653564 355.34950017929077
55.94313177391916 -3.190316970334945 NE 55.94334390595352 -3.190104838300589 587.1540088653564 354.09950017929077
55.94334390595352 -3.190104838300589 SW 55.94313177391916 -3.190316970334945 587.1540088653564 352.84950017929077
55.94313177391916 -3.190316970334945 N 55.943431773919166 -3.190316970334945 587.1540088653564 351.59950017929077
55.943431773919166 -3.190316970334945 SSE 55.94315461005941 -3.1902021653052355 587.1540088653564 350.34950017929077
55.94315461005941 -3.1902021653052355 N 55.94345461005941 -3.1902021653052355 587.1540088653564 349.09950017929077
55.94345461005941 -3.1902021653052355 S 55.94315461005941 -3.1902021653052355 587.1540088653564 347.84950017929077
55.94315461005941 -3.1902021653052355 NE 55.943366742093765 -3.1899900332708797 587.1540088653564 346.59950017929077
55.943366742093765 -3.1899900332708797 NW 55.94357887412812 -3.1902021653052355 587.1540088653564 345.34950017929077
55.94357887412812 -3.1902021653052355 SE 55.943366742093765 -3.1899900332708797 587.1540088653564 344.09950017929077
55.943366742093765 -3.1899900332708797 N 55.94366674209377 -3.1899900332708797 587.1540088653564 342.84950017929077
55.94366674209377 -3.1899900332708797 S 55.943366742093765 -3.1899900332708797 587.1540088653564 341.59950017929077
55.943366742093765 -3.1899900332708797 NNE 55.94364390595352 -3.18987522824117 587.1540088653564 340.34950017929077
55.94364390595352 -3.18987522824117 SSE 55.943366742093765 -3.1897604232114607 587.1540088653564 339.09950017929077
55.943366742093765 -3.1897604232114607 NNW 55.94364390595352 -3.18987522824117 587.1540088653564 337.84950017929077
55.94364390595352 -3.18987522824117 W 55.94364390595352 -3.1901752282411704 587.1540088653564 336.59950017929077
55.94364390595352 -3.1901752282411704 E 55.94364390595352 -3.18987522824117 587.1540088653564 335.34950017929077
55.94364390595352 -3.18987522824117 NW 55.94385603798788 -3.190087360275526 587.1540088653564 334.09950017929077
55.94385603798788 -3.190087360275526 SE 55.94364390595352 -3.18987522824117 587.1540088653564 332.84950017929077
55.94364390595352 -3.18987522824117 NNE 55.94392106981328 -3.1897604232114607 587.1540088653564 331.59950017929077
55.94392106981328 -3.1897604232114607 SSW 55.94364390595352 -3.18987522824117 587.1540088653564 330.34950017929077
55.94364390595352 -3.18987522824117 NNE 55.94392106981328 -3.1897604232114607 587.1540088653564 329.09950017929077
55.94392106981328 -3.1897604232114607 S 55.943621069813275 -3.1897604232114607 587.1540088653564 327.84950017929077
55.943621069813275 -3.1897604232114607 N 55.94392106981328 -3.1897604232114607 587.1540088653564 326.59950017929077
55.94392106981328 -3.1897604232114607 S 55.943621069813275 -3.1897604232114607 587.1540088653564 325.34950017929077
55.943621069813275 -3.1897604232114607 N 55.94392106981328 -3.1897604232114607 587.1540088653564 324.09950017929077
55.94392106981328 -3.1897604232114607 SW 55.94370893777892 -3.1899725552458165 587.1540088653564 322.84950017929077
55.94370893777892 -3.1899725552458165 NNE 55.94398610163868 -3.189857750216107 705.0514316558838 444.9997763633728
55.94398610163868 -3.189857750216107 SE 55.94377396960432 -3.189645618181751 705.0514316558838 443.7497763633728
55.94377396960432 -3.189645618181751 NW 55.94398610163868 -3.189857750216107 705.0514316558838 442.4997763633728
55.94398610163868 -3.189857750216107 SE 55.94377396960432 -3.189645618181751 705.0514316558838 441.2497763633728
55.94377396960432 -3.189645618181751 NW 55.94398610163868 -3.189857750216107 705.0514316558838 439.9997763633728
55.94398610163868 -3.189857750216107 NNE 55.944263265498435 -3.1897429451863974 705.0514316558838 438.7497763633728
55.944263265498435 -3.1897429451863974 SSW 55.94398610163868 -3.189857750216107 705.0514316558838 437.4997763633728
55.94398610163868 -3.189857750216107 W 55.94398610163868 -3.190157750216107 708.0545961856842 474.85353231430054
55.94398610163868 -3.190157750216107 E 55.94398610163868 -3.189857750216107 708.0545961856842 473.60353231430054
55.94398610163868 -3.189857750216107 NNW 55.944263265498435 -3.1899725552458165 708.0545961856842 472.35353231430054
55.944263265498435 -3.1899725552458165 S 55.94396326549843 -3.1899725552458165 708.0545961856842 471.10353231430054
55.94396326549843 -3.1899725552458165 NNW 55.94424042935819 -3.190087360275526 778.1378557682037 567.2715544700623
55.94424042935819 -3.190087360275526 S 55.943940429358186 -3.190087360275526 778.1378557682037 566.0215544700623
55.943940429358186 -3.190087360275526 N 55.94424042935819 -3.190087360275526 778.1378557682037 564.7715544700623
55.94424042935819 -3.190087360275526 SSW 55.94396326549843 -3.1902021653052355 778.1378557682037 563.5215544700623
55.94396326549843 -3.1902021653052355 SE 55.943751133464076 -3.1899900332708797 778.1378557682037 562.2715544700623
55.943751133464076 -3.1899900332708797 NW 55.94396326549843 -3.1902021653052355 778.1378557682037 561.0215544700623
55.94396326549843 -3.1902021653052355 ESE 55.94384846046872 -3.189925001445482 778.1378557682037 559.7715544700623
