55.944425 -3.188396 ESE 55.94431019497029 -3.1881188361402466 0.0 248.75
55.94431019497029 -3.1881188361402466 WNW 55.944425 -3.188396 0.0 247.5
55.944425 -3.188396 SE 55.944212867965646 -3.1881838679656442 0.0 246.25
55.944212867965646 -3.1881838679656442 NW 55.944425 -3.188396 0.0 245.0
55.944425 -3.188396 ESE 55.94431019497029 -3.1881188361402466 0.0 243.75
55.94431019497029 -3.1881188361402466 SSW 55.944033031110536 -3.188233641169956 0.0 242.5
55.944033031110536 -3.188233641169956 E 55.944033031110536 -3.187933641169956 0.0 241.25
55.944033031110536 -3.187933641169956 S 55.94373303111053 -3.187933641169956 0.0 240.0
55.94373303111053 -3.187933641169956 NNE 55.94401019497029 -3.1878188361402464 0.0 238.75
55.94401019497029 -3.1878188361402464 N 55.94431019497029 -3.1878188361402464 0.0 237.5
55.94431019497029 -3.1878188361402464 S 55.94401019497029 -3.1878188361402464 0.0 236.25
55.94401019497029 -3.1878188361402464 NNE 55.944287358830046 -3.187704031110537 0.0 235.0
55.944287358830046 -3.187704031110537 S 55.94398735883004 -3.187704031110537 0.0 233.75
55.94398735883004 -3.187704031110537 NNE 55.9442645226898 -3.1875892260808274 0.0 232.5
55.9442645226898 -3.1875892260808274 W 55.9442645226898 -3.1878892260808276 0.0 231.25
55.9442645226898 -3.1878892260808276 E 55.9442645226898 -3.1875892260808274 0.0 230.0
55.9442645226898 -3.1875892260808274 SE 55.94405239065544 -3.1873770940464716 0.0 228.75
55.94405239065544 -3.1873770940464716 W 55.94405239065544 -3.187677094046472 0.0 227.5
55.94405239065544 -3.187677094046472 NW 55.9442645226898 -3.1878892260808276 0.0 226.25
55.9442645226898 -3.1878892260808276 ENE 55.94437932771951 -3.187612062221074 0.0 225.0
55.94437932771951 -3.187612062221074 WNW 55.94449413274922 -3.1878892260808276 0.0 223.75
55.94449413274922 -3.1878892260808276 SE 55.944282000714864 -3.187677094046472 0.0 222.5
55.944282000714864 -3.187677094046472 NW 55.94449413274922 -3.1878892260808276 0.0 221.25
55.94449413274922 -3.1878892260808276 N 55.94479413274922 -3.1878892260808276 0.0 220.0
55.94479413274922 -3.1878892260808276 S 55.94449413274922 -3.1878892260808276 0.0 218.75
55.94449413274922 -3.1878892260808276 N 55.94479413274922 -3.1878892260808276 0.0 217.5
55.94479413274922 -3.1878892260808276 S 55.94449413274922 -3.1878892260808276 0.0 216.25
55.94449413274922 -3.1878892260808276 N 55.94479413274922 -3.1878892260808276 0.0 215.0
55.94479413274922 -3.1878892260808276 W 55.94479413274922 -3.1881892260808278 0.0 213.75
55.94479413274922 -3.1881892260808278 SE 55.94458200071487 -3.187977094046472 0.0 212.5
55.94458200071487 -3.187977094046472 WNW 55.94469680574458 -3.1882542579062254 0.0 211.25
55.94469680574458 -3.1882542579062254 NW 55.94490893777893 -3.188466389940581 0.0 210.0
55.94490893777893 -3.188466389940581 SSE 55.94463177391918 -3.1883515849108717 0.0 208.75
55.94463177391918 -3.1883515849108717 W 55.94463177391918 -3.188651584910872 0.0 207.5
55.94463177391918 -3.188651584910872 SE 55.94441964188482 -3.188439452876516 0.0 206.25
55.94441964188482 -3.188439452876516 W 55.94441964188482 -3.1887394528765163 0.0 205.0
55.94441964188482 -3.1887394528765163 E 55.94441964188482 -3.188439452876516 0.0 203.75
55.94441964188482 -3.188439452876516 W 55.94441964188482 -3.1887394528765163 0.0 202.5
55.94441964188482 -3.1887394528765163 SE 55.944207509850465 -3.1885273208421605 0.0 201.25
55.944207509850465 -3.1885273208421605 NW 55.94441964188482 -3.1887394528765163 0.0 200.0
55.94441964188482 -3.1887394528765163 NW 55.94463177391918 -3.188951584910872 0.0 198.75
55.94463177391918 -3.188951584910872 S 55.944331773919174 -3.188951584910872 0.0 197.5
55.944331773919174 -3.188951584910872 NNW 55.94460893777893 -3.1890663899405816 0.0 196.25
55.94460893777893 -3.1890663899405816 SSW 55.944331773919174 -3.189181194970291 0.0 195.0
55.944331773919174 -3.189181194970291 N 55.94463177391918 -3.189181194970291 0.0 193.75
55.94463177391918 -3.189181194970291 S 55.944331773919174 -3.189181194970291 0.0 192.5
55.944331773919174 -3.189181194970291 WNW 55.944446578948885 -3.1894583588300445 0.0 191.25
55.944446578948885 -3.1894583588300445 SE 55.94423444691453 -3.1892462267956887 0.0 190.0
55.94423444691453 -3.1892462267956887 W 55.94423444691453 -3.189546226795689 0.0 188.75
55.94423444691453 -3.189546226795689 ESE 55.94411964188482 -3.1892690629359355 0.0 187.5
55.94411964188482 -3.1892690629359355 NW 55.944331773919174 -3.1894811949702913 0.0 186.25
55.944331773919174 -3.1894811949702913 SE 55.94411964188482 -3.1892690629359355 0.0 185.0
55.94411964188482 -3.1892690629359355 ENE 55.94423444691453 -3.188991899076182 0.0 183.75
55.94423444691453 -3.188991899076182 WSW 55.94411964188482 -3.1892690629359355 0.0 182.5
55.94411964188482 -3.1892690629359355 ENE 55.94423444691453 -3.188991899076182 0.0 181.25
55.94423444691453 -3.188991899076182 WSW 55.94411964188482 -3.1892690629359355 0.0 180.0
55.94411964188482 -3.1892690629359355 SSE 55.94384247802506 -3.189154257906226 0.0 178.75
55.94384247802506 -3.189154257906226 S 55.94354247802506 -3.189154257906226 0.0 177.5
55.94354247802506 -3.189154257906226 NNW 55.943819641884815 -3.1892690629359355 0.0 176.25
55.943819641884815 -3.1892690629359355 SE 55.94360750985046 -3.1890569309015797 0.0 175.0
55.94360750985046 -3.1890569309015797 SSE 55.9433303459907 -3.18894212587187 0.0 173.75
55.9433303459907 -3.18894212587187 WNW 55.94344515102041 -3.1892192897316236 0.0 172.5
55.94344515102041 -3.1892192897316236 WSW 55.9433303459907 -3.189496453591377 0.0 171.25
55.9433303459907 -3.189496453591377 ENE 55.94344515102041 -3.1892192897316236 0.0 170.0
55.94344515102041 -3.1892192897316236 WSW 55.9433303459907 -3.189496453591377 0.0 168.75
55.9433303459907 -3.189496453591377 ENE 55.94344515102041 -3.1892192897316236 0.0 167.5
55.94344515102041 -3.1892192897316236 WSW 55.9433303459907 -3.189496453591377 0.0 166.25
55.9433303459907 -3.189496453591377 SSE 55.943053182130946 -3.1893816485616675 0.0 165.0
55.943053182130946 -3.1893816485616675 NNW 55.9433303459907 -3.189496453591377 0.0 163.75
55.9433303459907 -3.189496453591377 WSW 55.94321554096099 -3.1897736174511304 0.0 162.5
55.94321554096099 -3.1897736174511304 WNW 55.9433303459907 -3.190050781310884 0.0 161.25
55.9433303459907 -3.190050781310884 ESE 55.94321554096099 -3.1897736174511304 0.0 160.0
55.94321554096099 -3.1897736174511304 SSW 55.942938377101235 -3.18988842248084 0.0 158.75
55.942938377101235 -3.18988842248084 NNE 55.94321554096099 -3.1897736174511304 0.0 157.5
55.94321554096099 -3.1897736174511304 W 55.94321554096099 -3.1900736174511306 0.0 156.25
55.94321554096099 -3.1900736174511306 S 55.94291554096099 -3.1900736174511306 0.0 155.0
55.94291554096099 -3.1900736174511306 NW 55.943127672995345 -3.1902857494854864 0.0 153.75
55.943127672995345 -3.1902857494854864 SSE 55.94285050913559 -3.190170944455777 0.0 152.5
55.94285050913559 -3.190170944455777 NNW 55.943127672995345 -3.1902857494854864 0.0 151.25
55.943127672995345 -3.1902857494854864 N 55.94342767299535 -3.1902857494854864 0.0 150.0
55.94342767299535 -3.1902857494854864 SSE 55.94315050913559 -3.190170944455777 0.0 148.75
55.94315050913559 -3.190170944455777 NNW 55.94342767299535 -3.1902857494854864 0.0 147.5
55.94342767299535 -3.1902857494854864 W 55.94342767299535 -3.1905857494854866 0.0 146.25
55.94342767299535 -3.1905857494854866 ESE 55.94331286796564 -3.190308585625733 0.0 145.0
55.94331286796564 -3.190308585625733 W 55.94331286796564 -3.1906085856257334 0.0 143.75
55.94331286796564 -3.1906085856257334 SSE 55.94303570410588 -3.190493780596024 0.0 142.5
55.94303570410588 -3.190493780596024 NW 55.94324783614024 -3.1907059126303796 30.1329402923584 197.39329147338867
55.94324783614024 -3.1907059126303796 SW 55.94303570410588 -3.1909180446647354 30.1329402923584 196.14329147338867
55.94303570410588 -3.1909180446647354 E 55.94303570410588 -3.190618044664735 30.1329402923584 194.89329147338867
55.94303570410588 -3.190618044664735 NW 55.94324783614024 -3.190830176699091 30.1329402923584 193.64329147338867
55.94324783614024 -3.190830176699091 SSW 55.94297067228048 -3.1909449817288005 30.1329402923584 192.39329147338867
55.94297067228048 -3.1909449817288005 NNW 55.94324783614024 -3.19105978675851 30.1329402923584 191.14329147338867
55.94324783614024 -3.19105978675851 SSW 55.94297067228048 -3.1911745917882195 30.1329402923584 189.89329147338867
55.94297067228048 -3.1911745917882195 NNE 55.94324783614024 -3.19105978675851 30.1329402923584 188.64329147338867
55.94324783614024 -3.19105978675851 NW 55.943459968174594 -3.1912719187928658 85.03005790710449 305.4367027282715
55.943459968174594 -3.1912719187928658 ESE 55.94334516314488 -3.1909947549331124 85.03005790710449 304.1867027282715
55.94334516314488 -3.1909947549331124 WNW 55.943459968174594 -3.1912719187928658 85.03005790710449 302.9367027282715
55.943459968174594 -3.1912719187928658 WSW 55.94334516314488 -3.191549082652619 85.03005790710449 301.6867027282715
55.94334516314488 -3.191549082652619 NE 55.94355729517924 -3.1913369506182634 85.03005790710449 300.4367027282715
55.94355729517924 -3.1913369506182634 S 55.94325729517924 -3.1913369506182634 85.03005790710449 299.1867027282715
55.94325729517924 -3.1913369506182634 N 55.94355729517924 -3.1913369506182634 85.03005790710449 297.9367027282715
55.94355729517924 -3.1913369506182634 NNE 55.943834459038996 -3.191222145588554 85.03005790710449 296.6867027282715
55.943834459038996 -3.191222145588554 SSW 55.94355729517924 -3.1913369506182634 85.03005790710449 295.4367027282715
55.94355729517924 -3.1913369506182634 NNE 55.943834459038996 -3.191222145588554 85.03005790710449 294.1867027282715
55.943834459038996 -3.191222145588554 S 55.94353445903899 -3.191222145588554 85.03005790710449 292.9367027282715
55.94353445903899 -3.191222145588554 E 55.94353445903899 -3.1909221455885537 130.14896202087402 366.8456687927246
55.94353445903899 -3.1909221455885537 W 55.94353445903899 -3.191222145588554 130.14896202087402 365.5956687927246
55.94353445903899 -3.191222145588554 SSW 55.94325729517924 -3.1913369506182634 130.14896202087402 364.3456687927246
55.94325729517924 -3.1913369506182634 SSE 55.94298013131948 -3.191222145588554 130.14896202087402 363.0956687927246
55.94298013131948 -3.191222145588554 NE 55.943192263353836 -3.191010013554198 130.14896202087402 361.8456687927246
55.943192263353836 -3.191010013554198 SW 55.94298013131948 -3.191222145588554 130.14896202087402 360.5956687927246
55.94298013131948 -3.191222145588554 SSE 55.942702967459724 -3.1911073405588444 130.14896202087402 359.3456687927246
55.942702967459724 -3.1911073405588444 NW 55.94291509949408 -3.1913194725932 130.14896202087402 358.0956687927246
55.94291509949408 -3.1913194725932 N 55.94321509949408 -3.1913194725932 130.14896202087402 356.8456687927246
55.94321509949408 -3.1913194725932 S 55.94291509949408 -3.1913194725932 130.14896202087402 355.5956687927246
55.94291509949408 -3.1913194725932 SSE 55.94263793563432 -3.1912046675634906 181.84072303771973 418.0544090270996
55.94263793563432 -3.1912046675634906 NW 55.94285006766868 -3.1914167995978464 181.84072303771973 416.8044090270996
55.94285006766868 -3.1914167995978464 W 55.94285006766868 -3.1917167995978466 181.84072303771973 415.5544090270996
55.94285006766868 -3.1917167995978466 E 55.94285006766868 -3.1914167995978464 181.84072303771973 414.3044090270996
55.94285006766868 -3.1914167995978464 W 55.94285006766868 -3.1917167995978466 181.84072303771973 413.0544090270996
55.94285006766868 -3.1917167995978466 SW 55.94263793563432 -3.1919289316322024 246.7220630645752 431.1859951019287
55.94263793563432 -3.1919289316322024 ENE 55.942752740664034 -3.191651767772449 246.7220630645752 429.9359951019287
55.942752740664034 -3.191651767772449 W 55.942752740664034 -3.191951767772449 287.19798851013184 549.0215511322021
55.942752740664034 -3.191951767772449 ESE 55.94263793563432 -3.1916746039126958 287.19798851013184 547.7715511322021
55.94263793563432 -3.1916746039126958 WNW 55.942752740664034 -3.191951767772449 287.19798851013184 546.5215511322021
55.942752740664034 -3.191951767772449 W 55.942752740664034 -3.1922517677724493 287.19798851013184 545.2715511322021
55.942752740664034 -3.1922517677724493 NE 55.94296487269839 -3.1920396357380936 287.19798851013184 544.0215511322021
55.94296487269839 -3.1920396357380936 SW 55.942752740664034 -3.1922517677724493 287.19798851013184 542.7715511322021
55.942752740664034 -3.1922517677724493 N 55.94305274066404 -3.1922517677724493 287.19798851013184 541.5215511322021
55.94305274066404 -3.1922517677724493 SSW 55.94277557680428 -3.192366572802159 287.19798851013184 540.2715511322021
55.94277557680428 -3.192366572802159 ENE 55.94289038183399 -3.1920894089424054 287.19798851013184 539.0215511322021
55.94289038183399 -3.1920894089424054 W 55.94289038183399 -3.1923894089424056 287.19798851013184 537.7715511322021
55.94289038183399 -3.1923894089424056 SE 55.942678249799634 -3.19217727690805 287.19798851013184 536.5215511322021
55.942678249799634 -3.19217727690805 WNW 55.942793054829345 -3.1924544407678033 330.7007999420166 619.801176071167
55.942793054829345 -3.1924544407678033 ESE 55.942678249799634 -3.19217727690805 330.7007999420166 618.551176071167
55.942678249799634 -3.19217727690805 WNW 55.942793054829345 -3.1924544407678033 330.7007999420166 617.301176071167
55.942793054829345 -3.1924544407678033 NE 55.9430051868637 -3.1922423087334475 330.7007999420166 616.051176071167
55.9430051868637 -3.1922423087334475 SW 55.942793054829345 -3.1924544407678033 330.7007999420166 614.801176071167
55.942793054829345 -3.1924544407678033 NNE 55.9430702186891 -3.1923396357380938 330.7007999420166 613.551176071167
55.9430702186891 -3.1923396357380938 NNE 55.94334738254886 -3.1922248307083843 330.7007999420166 612.301176071167
55.94334738254886 -3.1922248307083843 NE 55.943559514583214 -3.1920126986740285 330.7007999420166 611.051176071167
55.943559514583214 -3.1920126986740285 WSW 55.9434447095535 -3.192289862533782 330.7007999420166 609.801176071167
55.9434447095535 -3.192289862533782 ENE 55.943559514583214 -3.1920126986740285 330.7007999420166 608.551176071167
55.943559514583214 -3.1920126986740285 NNW 55.94383667844297 -3.192127503703738 330.7007999420166 607.301176071167
55.94383667844297 -3.192127503703738 SE 55.943624546408614 -3.191915371669382 330.7007999420166 606.051176071167
55.943624546408614 -3.191915371669382 N 55.94392454640862 -3.191915371669382 330.7007999420166 604.801176071167
55.94392454640862 -3.191915371669382 SSE 55.94364738254886 -3.1918005666396727 330.7007999420166 603.551176071167
55.94364738254886 -3.1918005666396727 ENE 55.94376218757857 -3.1915234027799193 330.7007999420166 602.301176071167
55.94376218757857 -3.1915234027799193 WSW 55.94364738254886 -3.1918005666396727 330.7007999420166 601.051176071167
55.94364738254886 -3.1918005666396727 NNE 55.94392454640862 -3.191685761609963 330.7007999420166 599.801176071167
55.94392454640862 -3.191685761609963 ESE 55.94380974137891 -3.19140859775021 330.7007999420166 598.551176071167
55.94380974137891 -3.19140859775021 NNE 55.94408690523866 -3.1912937927205003 330.7007999420166 597.301176071167
55.94408690523866 -3.1912937927205003 SSW 55.94380974137891 -3.19140859775021 330.7007999420166 596.051176071167
55.94380974137891 -3.19140859775021 NNE 55.94408690523866 -3.1912937927205003 330.7007999420166 594.801176071167
55.94408690523866 -3.1912937927205003 S 55.94378690523866 -3.1912937927205003 330.7007999420166 593.551176071167
55.94378690523866 -3.1912937927205003 NNW 55.94406406909842 -3.19140859775021 330.7007999420166 592.301176071167
55.94406406909842 -3.19140859775021 N 55.94436406909842 -3.19140859775021 330.7007999420166 591.051176071167
55.94436406909842 -3.19140859775021 SE 55.94415193706406 -3.191196465715854 330.7007999420166 589.801176071167
55.94415193706406 -3.191196465715854 NNE 55.94442910092382 -3.1910816606861445 330.7007999420166 588.551176071167
55.94442910092382 -3.1910816606861445 SE 55.944216968889464 -3.1908695286517887 330.7007999420166 587.301176071167
55.944216968889464 -3.1908695286517887 NW 55.94442910092382 -3.1910816606861445 330.7007999420166 586.051176071167
55.94442910092382 -3.1910816606861445 SE 55.944216968889464 -3.1908695286517887 330.7007999420166 584.801176071167
55.944216968889464 -3.1908695286517887 NNE 55.94449413274922 -3.1907547236220792 330.7007999420166 583.551176071167
55.94449413274922 -3.1907547236220792 S 55.94419413274922 -3.1907547236220792 330.7007999420166 582.301176071167
55.94419413274922 -3.1907547236220792 E 55.94419413274922 -3.190454723622079 398.5652027130127 681.8698787689209
55.94419413274922 -3.190454723622079 W 55.94419413274922 -3.1907547236220792 398.5652027130127 680.6198787689209
55.94419413274922 -3.1907547236220792 E 55.94419413274922 -3.190454723622079 398.5652027130127 679.3698787689209
55.94419413274922 -3.190454723622079 WNW 55.94430893777893 -3.1907318874818325 398.5652027130127 678.1198787689209
55.94430893777893 -3.1907318874818325 E 55.94430893777893 -3.1904318874818323 517.6533145904541 684.4744009971619
55.94430893777893 -3.1904318874818323 WNW 55.94442374280864 -3.1907090513415857 517.6533145904541 683.2244009971619
55.94442374280864 -3.1907090513415857 NNW 55.944700906668395 -3.190823856371295 517.6533145904541 681.9744009971619
55.944700906668395 -3.190823856371295 SE 55.94448877463404 -3.1906117243369394 517.6533145904541 680.7244009971619
55.94448877463404 -3.1906117243369394 NNW 55.944765938493795 -3.190726529366649 517.6533145904541 679.4744009971619
55.944765938493795 -3.190726529366649 NE 55.94497807052815 -3.190514397332293 517.6533145904541 678.2244009971619
55.94497807052815 -3.190514397332293 WSW 55.94486326549844 -3.1907915611920465 517.6533145904541 676.9744009971619
55.94486326549844 -3.1907915611920465 SSW 55.944586101638684 -3.190906366221756 517.6533145904541 675.7244009971619
55.944586101638684 -3.190906366221756 NE 55.94479823367304 -3.1906942341874003 517.6533145904541 674.4744009971619
55.94479823367304 -3.1906942341874003 SW 55.944586101638684 -3.190906366221756 517.6533145904541 673.2244009971619
55.944586101638684 -3.190906366221756 WSW 55.944471296608974 -3.1911835300815095 517.6533145904541 671.9744009971619
55.944471296608974 -3.1911835300815095 NE 55.94468342864333 -3.1909713980471537 517.6533145904541 670.7244009971619
55.94468342864333 -3.1909713980471537 W 55.94468342864333 -3.191271398047154 517.6533145904541 669.4744009971619
55.94468342864333 -3.191271398047154 NNE 55.94496059250309 -3.1911565930174444 517.6533145904541 668.2244009971619
55.94496059250309 -3.1911565930174444 SSW 55.94468342864333 -3.191271398047154 517.6533145904541 666.9744009971619
55.94468342864333 -3.191271398047154 NNE 55.94496059250309 -3.1911565930174444 517.6533145904541 665.7244009971619
55.94496059250309 -3.1911565930174444 SSW 55.94468342864333 -3.191271398047154 517.6533145904541 664.4744009971619
55.94468342864333 -3.191271398047154 S 55.94438342864333 -3.191271398047154 517.6533145904541 663.2244009971619
55.94438342864333 -3.191271398047154 N 55.94468342864333 -3.191271398047154 517.6533145904541 661.9744009971619
55.94468342864333 -3.191271398047154 SW 55.944471296608974 -3.1914835300815096 517.6533145904541 660.7244009971619
55.944471296608974 -3.1914835300815096 WNW 55.944586101638684 -3.191760693941263 517.6533145904541 659.4744009971619
55.944586101638684 -3.191760693941263 ESE 55.944471296608974 -3.1914835300815096 517.6533145904541 658.2244009971619
55.944471296608974 -3.1914835300815096 W 55.944471296608974 -3.19178353008151 612.1068515777588 727.6576437950134
55.944471296608974 -3.19178353008151 E 55.944471296608974 -3.1914835300815096 612.1068515777588 726.4076437950134
55.944471296608974 -3.1914835300815096 W 55.944471296608974 -3.19178353008151 612.1068515777588 725.1576437950134
55.944471296608974 -3.19178353008151 SSE 55.94419413274922 -3.1916687250518003 693.9680118560791 778.4860320091248
55.94419413274922 -3.1916687250518003 N 55.94449413274922 -3.1916687250518003 693.9680118560791 777.2360320091248
55.94449413274922 -3.1916687250518003 S 55.94419413274922 -3.1916687250518003 693.9680118560791 775.9860320091248
55.94419413274922 -3.1916687250518003 WNW 55.94430893777893 -3.1919458889115537 693.9680118560791 774.7360320091248
55.94430893777893 -3.1919458889115537 S 55.944008937778925 -3.1919458889115537 693.9680118560791 773.4860320091248
55.944008937778925 -3.1919458889115537 WNW 55.944123742808635 -3.192223052771307 693.9680118560791 772.2360320091248
55.944123742808635 -3.192223052771307 ESE 55.944008937778925 -3.1919458889115537 693.9680118560791 770.9860320091248
55.944008937778925 -3.1919458889115537 W 55.944008937778925 -3.192245888911554 693.9680118560791 769.7360320091248
55.944008937778925 -3.192245888911554 ENE 55.944123742808635 -3.1919687250518005 693.9680118560791 768.4860320091248
55.944123742808635 -3.1919687250518005 SW 55.94391161077428 -3.1921808570861563 693.9680118560791 767.2360320091248
55.94391161077428 -3.1921808570861563 SW 55.94369947873992 -3.192392989120512 693.9680118560791 765.9860320091248
55.94369947873992 -3.192392989120512 NNE 55.94397664259968 -3.1922781840908026 693.9680118560791 764.7360320091248
55.94397664259968 -3.1922781840908026 S 55.94367664259968 -3.1922781840908026 693.9680118560791 763.4860320091248
55.94367664259968 -3.1922781840908026 NNE 55.94395380645943 -3.192163379061093 693.9680118560791 762.2360320091248
55.94395380645943 -3.192163379061093 SSW 55.94367664259968 -3.1922781840908026 693.9680118560791 760.9860320091248
55.94367664259968 -3.1922781840908026 N 55.94397664259968 -3.1922781840908026 693.9680118560791 759.7360320091248
55.94397664259968 -3.1922781840908026 SSW 55.94369947873992 -3.192392989120512 693.9680118560791 758.4860320091248
55.94369947873992 -3.192392989120512 NNE 55.94397664259968 -3.1922781840908026 693.9680118560791 757.2360320091248
55.94397664259968 -3.1922781840908026 NNW 55.944253806459436 -3.192392989120512 693.9680118560791 755.9860320091248
55.944253806459436 -3.192392989120512 E 55.944253806459436 -3.192092989120512 693.9680118560791 754.7360320091248
55.944253806459436 -3.192092989120512 WNW 55.944368611489146 -3.1923701529802653 739.3154888153076 840.8175139427185
55.944368611489146 -3.1923701529802653 N 55.94466861148915 -3.1923701529802653 739.3154888153076 839.5675139427185
55.94466861148915 -3.1923701529802653 S 55.944368611489146 -3.1923701529802653 739.3154888153076 838.3175139427185
55.944368611489146 -3.1923701529802653 N 55.94466861148915 -3.1923701529802653 739.3154888153076 837.0675139427185
55.94466861148915 -3.1923701529802653 N 55.94496861148915 -3.1923701529802653 739.3154888153076 835.8175139427185
55.94496861148915 -3.1923701529802653 S 55.94466861148915 -3.1923701529802653 739.3154888153076 834.5675139427185
55.94466861148915 -3.1923701529802653 NNE 55.944945775348906 -3.1922553479505558 739.3154888153076 833.3175139427185
55.944945775348906 -3.1922553479505558 NW 55.94515790738326 -3.1924674799849115 739.3154888153076 832.0675139427185
55.94515790738326 -3.1924674799849115 SSE 55.944880743523505 -3.192352674955202 739.3154888153076 830.8175139427185
55.944880743523505 -3.192352674955202 ENE 55.944995548553216 -3.1920755110954486 739.3154888153076 829.5675139427185
55.944995548553216 -3.1920755110954486 NW 55.94520768058757 -3.1922876431298044 798.6549434661865 921.5954222679138
55.94520768058757 -3.1922876431298044 NNW 55.94548484444733 -3.192402448159514 798.6549434661865 920.3454222679138
55.94548484444733 -3.192402448159514 E 55.94548484444733 -3.1921024481595137 798.6549434661865 919.0954222679138
55.94548484444733 -3.1921024481595137 W 55.94548484444733 -3.192402448159514 798.6549434661865 917.8454222679138
55.94548484444733 -3.192402448159514 E 55.94548484444733 -3.1921024481595137 798.6549434661865 916.5954222679138
55.94548484444733 -3.1921024481595137 N 55.94578484444733 -3.1921024481595137 911.1912975311279 1019.0448851585388
55.94578484444733 -3.1921024481595137 ESE 55.94567003941762 -3.1918252842997603 979.4638118743896 1069.8077750205994
55.94567003941762 -3.1918252842997603 WNW 55.94578484444733 -3.1921024481595137 979.4638118743896 1068.5577750205994
55.94578484444733 -3.1921024481595137 ESE 55.94567003941762 -3.1918252842997603 979.4638118743896 1067.3077750205994
55.94567003941762 -3.1918252842997603 NE 55.94588217145198 -3.1916131522654045 979.4638118743896 1066.0577750205994
55.94588217145198 -3.1916131522654045 SW 55.94567003941762 -3.1918252842997603 979.4638118743896 1064.8077750205994
55.94567003941762 -3.1918252842997603 E 55.94567003941762 -3.19152528429976 1072.8811779022217 1115.4779829978943
55.94567003941762 -3.19152528429976 W 55.94567003941762 -3.1918252842997603 1072.8811779022217 1114.2279829978943
55.94567003941762 -3.1918252842997603 E 55.94567003941762 -3.19152528429976 1072.8811779022217 1112.9779829978943
55.94567003941762 -3.19152528429976 SSW 55.945392875557864 -3.1916400893294696 1107.1884899139404 1125.6307635307312
55.945392875557864 -3.1916400893294696 ENE 55.945507680587575 -3.1913629254697162 1220.84792137146 1220.251681804657
55.945507680587575 -3.1913629254697162 WSW 55.945392875557864 -3.1916400893294696 1220.84792137146 1219.001681804657
55.945392875557864 -3.1916400893294696 SE 55.94518074352351 -3.191427957295114 1220.84792137146 1217.751681804657
55.94518074352351 -3.191427957295114 NW 55.945392875557864 -3.1916400893294696 1220.84792137146 1216.501681804657
55.945392875557864 -3.1916400893294696 ENE 55.945507680587575 -3.1913629254697162 1220.84792137146 1215.251681804657
55.945507680587575 -3.1913629254697162 ESE 55.945392875557864 -3.191085761609963 1316.552137374878 1327.5486407279968
55.945392875557864 -3.191085761609963 NW 55.94560500759222 -3.1912978936443186 1316.552137374878 1326.2986407279968
55.94560500759222 -3.1912978936443186 ESE 55.94549020256251 -3.191020729784565 1316.552137374878 1325.0486407279968
55.94549020256251 -3.191020729784565 WNW 55.94560500759222 -3.1912978936443186 1316.552137374878 1323.7986407279968
55.94560500759222 -3.1912978936443186 ESE 55.94549020256251 -3.191020729784565 1316.552137374878 1322.5486407279968
55.94549020256251 -3.191020729784565 E 55.94549020256251 -3.190720729784565 1316.552137374878 1321.2986407279968
55.94549020256251 -3.190720729784565 NW 55.94570233459687 -3.1909328618189208 1316.552137374878 1320.0486407279968
