55.944425 -3.188396 NNE 55.94470216385976 -3.1882811949702905 0.0 248.75
55.94470216385976 -3.1882811949702905 S 55.944402163859756 -3.1882811949702905 0.0 247.5
55.944402163859756 -3.1882811949702905 WSW 55.944287358830046 -3.188558358830044 0.0 246.25
55.944287358830046 -3.188558358830044 ENE 55.944402163859756 -3.1882811949702905 0.0 245.0
55.944402163859756 -3.1882811949702905 SW 55.9441900318254 -3.1884933270046463 0.0 243.75
55.9441900318254 -3.1884933270046463 ENE 55.94430483685511 -3.188216163144893 0.0 242.5
55.94430483685511 -3.188216163144893 WSW 55.9441900318254 -3.1884933270046463 0.0 241.25
55.9441900318254 -3.1884933270046463 NNE 55.94446719568516 -3.1883785219749368 0.0 240.0
55.94446719568516 -3.1883785219749368 SSW 55.9441900318254 -3.1884933270046463 0.0 238.75
55.9441900318254 -3.1884933270046463 N 55.9444900318254 -3.1884933270046463 0.0 237.5
55.9444900318254 -3.1884933270046463 S 55.9441900318254 -3.1884933270046463 0.0 236.25
55.9441900318254 -3.1884933270046463 SE 55.943977899791044 -3.1882811949702905 0.0 235.0
55.943977899791044 -3.1882811949702905 NW 55.9441900318254 -3.1884933270046463 0.0 233.75
55.9441900318254 -3.1884933270046463 SSE 55.94391286796564 -3.1883785219749368 0.0 232.5
55.94391286796564 -3.1883785219749368 NNW 55.9441900318254 -3.1884933270046463 0.0 231.25
55.9441900318254 -3.1884933270046463 SSE 55.94391286796564 -3.1883785219749368 0.0 230.0
55.94391286796564 -3.1883785219749368 NNW 55.9441900318254 -3.1884933270046463 0.0 228.75
55.9441900318254 -3.1884933270046463 S 55.9438900318254 -3.1884933270046463 0.0 227.5
55.9438900318254 -3.1884933270046463 N 55.9441900318254 -3.1884933270046463 0.0 226.25
55.9441900318254 -3.1884933270046463 S 55.9438900318254 -3.1884933270046463 0.0 225.0
55.9438900318254 -3.1884933270046463 NNW 55.944167195685154 -3.188608132034356 0.0 223.75
55.944167195685154 -3.188608132034356 SSE 55.9438900318254 -3.1884933270046463 0.0 222.5
55.9438900318254 -3.1884933270046463 NNE 55.944167195685154 -3.1883785219749368 0.0 221.25
55.944167195685154 -3.1883785219749368 SSW 55.9438900318254 -3.1884933270046463 0.0 220.0
55.9438900318254 -3.1884933270046463 ENE 55.94400483685511 -3.188216163144893 0.0 218.75
55.94400483685511 -3.188216163144893 WSW 55.9438900318254 -3.1884933270046463 0.0 217.5
55.9438900318254 -3.1884933270046463 E 55.9438900318254 -3.188193327004646 0.0 216.25
55.9438900318254 -3.188193327004646 W 55.9438900318254 -3.1884933270046463 0.0 215.0
55.9438900318254 -3.1884933270046463 E 55.9438900318254 -3.188193327004646 0.0 213.75
55.9438900318254 -3.188193327004646 W 55.9438900318254 -3.1884933270046463 0.0 212.5
55.9438900318254 -3.1884933270046463 E 55.9438900318254 -3.188193327004646 0.0 211.25
55.9438900318254 -3.188193327004646 W 55.9438900318254 -3.1884933270046463 0.0 210.0
55.9438900318254 -3.1884933270046463 E 55.9438900318254 -3.188193327004646 0.0 208.75
55.9438900318254 -3.188193327004646 SSE 55.94361286796564 -3.1880785219749366 0.0 207.5
55.94361286796564 -3.1880785219749366 NNW 55.9438900318254 -3.188193327004646 0.0 206.25
55.9438900318254 -3.188193327004646 SSE 55.94361286796564 -3.1880785219749366 0.0 205.0
55.94361286796564 -3.1880785219749366 NNW 55.9438900318254 -3.188193327004646 0.0 203.75
55.9438900318254 -3.188193327004646 SSW 55.94361286796564 -3.1883081320343556 0.0 202.5
55.94361286796564 -3.1883081320343556 NNE 55.9438900318254 -3.188193327004646 0.0 201.25
55.9438900318254 -3.188193327004646 SSW 55.94361286796564 -3.1883081320343556 0.0 200.0
55.94361286796564 -3.1883081320343556 NE 55.943825 -3.188096 0.0 198.75
55.943825 -3.188096 SW 55.94361286796564 -3.1883081320343556 0.0 197.5
55.94361286796564 -3.1883081320343556 NE 55.943825 -3.188096 0.0 196.25
55.943825 -3.188096 SW 55.94361286796564 -3.1883081320343556 0.0 195.0
55.94361286796564 -3.1883081320343556 NE 55.943825 -3.188096 0.0 193.75
55.943825 -3.188096 SW 55.94361286796564 -3.1883081320343556 0.0 192.5
55.94361286796564 -3.1883081320343556 ENE 55.94372767299535 -3.188030968174602 0.0 191.25
55.94372767299535 -3.188030968174602 WSW 55.94361286796564 -3.1883081320343556 0.0 190.0
55.94361286796564 -3.1883081320343556 E 55.94361286796564 -3.1880081320343554 0.0 188.75
55.94361286796564 -3.1880081320343554 W 55.94361286796564 -3.1883081320343556 0.0 187.5
55.94361286796564 -3.1883081320343556 E 55.94361286796564 -3.1880081320343554 0.0 186.25
55.94361286796564 -3.1880081320343554 NW 55.943825 -3.188220264068711 0.0 185.0
55.943825 -3.188220264068711 SE 55.94361286796564 -3.1880081320343554 0.0 183.75
55.94361286796564 -3.1880081320343554 NNE 55.9438900318254 -3.187893327004646 0.0 182.5
55.9438900318254 -3.187893327004646 SSW 55.94361286796564 -3.1880081320343554 0.0 181.25
55.94361286796564 -3.1880081320343554 WNW 55.94372767299535 -3.188285295894109 0.0 180.0
55.94372767299535 -3.188285295894109 ESE 55.94361286796564 -3.1880081320343554 0.0 178.75
55.94361286796564 -3.1880081320343554 NNE 55.9438900318254 -3.187893327004646 0.0 177.5
55.9438900318254 -3.187893327004646 SSW 55.94361286796564 -3.1880081320343554 0.0 176.25
55.94361286796564 -3.1880081320343554 NNW 55.9438900318254 -3.188122937064065 0.0 175.0
55.9438900318254 -3.188122937064065 SSE 55.94361286796564 -3.1880081320343554 0.0 173.75
55.94361286796564 -3.1880081320343554 NNW 55.9438900318254 -3.188122937064065 0.0 172.5
55.9438900318254 -3.188122937064065 E 55.9438900318254 -3.1878229370640647 0.0 171.25
55.9438900318254 -3.1878229370640647 W 55.9438900318254 -3.188122937064065 0.0 170.0
55.9438900318254 -3.188122937064065 E 55.9438900318254 -3.1878229370640647 0.0 168.75
55.9438900318254 -3.1878229370640647 W 55.9438900318254 -3.188122937064065 0.0 167.5
55.9438900318254 -3.188122937064065 W 55.9438900318254 -3.188422937064065 0.0 166.25
55.9438900318254 -3.188422937064065 E 55.9438900318254 -3.188122937064065 0.0 165.0
55.9438900318254 -3.188122937064065 NNW 55.944167195685154 -3.1882377420937744 0.0 163.75
55.944167195685154 -3.1882377420937744 S 55.94386719568515 -3.1882377420937744 0.0 162.5
55.94386719568515 -3.1882377420937744 ENE 55.94398200071486 -3.187960578234021 0.0 161.25
55.94398200071486 -3.187960578234021 WSW 55.94386719568515 -3.1882377420937744 0.0 160.0
55.94386719568515 -3.1882377420937744 NNE 55.94414435954491 -3.188122937064065 0.0 158.75
55.94414435954491 -3.188122937064065 SSW 55.94386719568515 -3.1882377420937744 0.0 157.5
55.94386719568515 -3.1882377420937744 NE 55.94407932771951 -3.1880256100594186 0.0 156.25
55.94407932771951 -3.1880256100594186 SW 55.94386719568515 -3.1882377420937744 0.0 155.0
55.94386719568515 -3.1882377420937744 NNE 55.94414435954491 -3.188122937064065 0.0 153.75
55.94414435954491 -3.188122937064065 SSW 55.94386719568515 -3.1882377420937744 0.0 152.5
55.94386719568515 -3.1882377420937744 NNE 55.94414435954491 -3.188122937064065 0.0 151.25
55.94414435954491 -3.188122937064065 SW 55.94393222751055 -3.1883350690984207 0.0 150.0
55.94393222751055 -3.1883350690984207 NE 55.94414435954491 -3.188122937064065 0.0 148.75
55.94414435954491 -3.188122937064065 N 55.94444435954491 -3.188122937064065 0.0 147.5
55.94444435954491 -3.188122937064065 S 55.94414435954491 -3.188122937064065 0.0 146.25
55.94414435954491 -3.188122937064065 N 55.94444435954491 -3.188122937064065 0.0 145.0
55.94444435954491 -3.188122937064065 S 55.94414435954491 -3.188122937064065 0.0 143.75
55.94414435954491 -3.188122937064065 NNW 55.944421523404664 -3.1882377420937744 0.0 142.5
55.944421523404664 -3.1882377420937744 SSE 55.94414435954491 -3.188122937064065 0.0 141.25
55.94414435954491 -3.188122937064065 NW 55.94435649157926 -3.1883350690984207 0.0 140.0
55.94435649157926 -3.1883350690984207 SE 55.94414435954491 -3.188122937064065 0.0 138.75
55.94414435954491 -3.188122937064065 NW 55.94435649157926 -3.1883350690984207 0.0 137.5
55.94435649157926 -3.1883350690984207 SE 55.94414435954491 -3.188122937064065 0.0 136.25
55.94414435954491 -3.188122937064065 NNW 55.944421523404664 -3.1882377420937744 0.0 135.0
55.944421523404664 -3.1882377420937744 S 55.94412152340466 -3.1882377420937744 0.0 133.75
55.94412152340466 -3.1882377420937744 N 55.944421523404664 -3.1882377420937744 0.0 132.5
55.944421523404664 -3.1882377420937744 SSW 55.94414435954491 -3.188352547123484 0.0 131.25
55.94414435954491 -3.188352547123484 NNE 55.944421523404664 -3.1882377420937744 0.0 130.0
55.944421523404664 -3.1882377420937744 WSW 55.94430671837495 -3.188514905953528 0.0 128.75
55.94430671837495 -3.188514905953528 ENE 55.944421523404664 -3.1882377420937744 0.0 127.5
55.944421523404664 -3.1882377420937744 WSW 55.94430671837495 -3.188514905953528 0.0 126.25
55.94430671837495 -3.188514905953528 ENE 55.944421523404664 -3.1882377420937744 0.0 125.0
55.944421523404664 -3.1882377420937744 E 55.944421523404664 -3.1879377420937742 0.0 123.75
55.944421523404664 -3.1879377420937742 W 55.944421523404664 -3.1882377420937744 0.0 122.5
55.944421523404664 -3.1882377420937744 SW 55.94420939137031 -3.18844987412813 0.0 121.25
55.94420939137031 -3.18844987412813 NE 55.944421523404664 -3.1882377420937744 0.0 120.0
55.944421523404664 -3.1882377420937744 N 55.94472152340467 -3.1882377420937744 0.0 118.75
55.94472152340467 -3.1882377420937744 S 55.944421523404664 -3.1882377420937744 0.0 117.5
55.944421523404664 -3.1882377420937744 NE 55.94463365543902 -3.1880256100594186 0.0 116.25
55.94463365543902 -3.1880256100594186 SW 55.944421523404664 -3.1882377420937744 0.0 115.0
55.944421523404664 -3.1882377420937744 ESE 55.94430671837495 -3.187960578234021 0.0 113.75
55.94430671837495 -3.187960578234021 WNW 55.944421523404664 -3.1882377420937744 0.0 112.5
55.944421523404664 -3.1882377420937744 SE 55.94420939137031 -3.1880256100594186 0.0 111.25
55.94420939137031 -3.1880256100594186 NNW 55.944486555230064 -3.188140415089128 0.0 110.0
55.944486555230064 -3.188140415089128 SSE 55.94420939137031 -3.1880256100594186 0.0 108.75
55.94420939137031 -3.1880256100594186 NNW 55.944486555230064 -3.188140415089128 0.0 107.5
55.944486555230064 -3.188140415089128 SSE 55.94420939137031 -3.1880256100594186 0.0 106.25
55.94420939137031 -3.1880256100594186 NW 55.944421523404664 -3.1882377420937744 0.0 105.0
55.944421523404664 -3.1882377420937744 SE 55.94420939137031 -3.1880256100594186 0.0 103.75
55.94420939137031 -3.1880256100594186 ENE 55.94432419640002 -3.1877484461996652 0.0 102.5
55.94432419640002 -3.1877484461996652 WSW 55.94420939137031 -3.1880256100594186 0.0 101.25
55.94420939137031 -3.1880256100594186 ENE 55.94432419640002 -3.1877484461996652 0.0 100.0
55.94432419640002 -3.1877484461996652 W 55.94432419640002 -3.1880484461996654 0.0 98.75
55.94432419640002 -3.1880484461996654 E 55.94432419640002 -3.1877484461996652 0.0 97.5
55.94432419640002 -3.1877484461996652 WNW 55.94443900142973 -3.1880256100594186 0.0 96.25
55.94443900142973 -3.1880256100594186 SSE 55.94416183756997 -3.187910805029709 0.0 95.0
55.94416183756997 -3.187910805029709 NNW 55.94443900142973 -3.1880256100594186 0.0 93.75
55.94443900142973 -3.1880256100594186 SSW 55.94416183756997 -3.188140415089128 0.0 92.5
55.94416183756997 -3.188140415089128 NNE 55.94443900142973 -3.1880256100594186 0.0 91.25
55.94443900142973 -3.1880256100594186 NW 55.944651133464085 -3.1882377420937744 0.0 90.0
55.944651133464085 -3.1882377420937744 SE 55.94443900142973 -3.1880256100594186 0.0 88.75
55.94443900142973 -3.1880256100594186 SW 55.94422686939537 -3.1882377420937744 0.0 87.5
55.94422686939537 -3.1882377420937744 NE 55.94443900142973 -3.1880256100594186 0.0 86.25
55.94443900142973 -3.1880256100594186 W 55.94443900142973 -3.188325610059419 0.0 85.0
55.94443900142973 -3.188325610059419 E 55.94443900142973 -3.1880256100594186 0.0 83.75
55.94443900142973 -3.1880256100594186 NW 55.944651133464085 -3.1882377420937744 0.0 82.5
55.944651133464085 -3.1882377420937744 ESE 55.944536328434374 -3.187960578234021 0.0 81.25
55.944536328434374 -3.187960578234021 SSW 55.94425916457462 -3.1880753832637305 0.0 80.0
55.94425916457462 -3.1880753832637305 NNE 55.944536328434374 -3.187960578234021 0.0 78.75
55.944536328434374 -3.187960578234021 S 55.94423632843437 -3.187960578234021 0.0 77.5
55.94423632843437 -3.187960578234021 NNE 55.94451349229413 -3.1878457732043115 0.0 76.25
55.94451349229413 -3.1878457732043115 S 55.944213492294125 -3.1878457732043115 0.0 75.0
55.944213492294125 -3.1878457732043115 NNE 55.94449065615388 -3.187730968174602 0.0 73.75
55.94449065615388 -3.187730968174602 SSW 55.944213492294125 -3.1878457732043115 0.0 72.5
55.944213492294125 -3.1878457732043115 NE 55.94442562432848 -3.1876336411699557 0.0 71.25
55.94442562432848 -3.1876336411699557 SSW 55.944148460468725 -3.1877484461996652 0.0 70.0
55.944148460468725 -3.1877484461996652 NW 55.94436059250308 -3.187960578234021 0.0 68.75
55.94436059250308 -3.187960578234021 ESE 55.94424578747337 -3.1876834143742676 0.0 67.5
55.94424578747337 -3.1876834143742676 WNW 55.94436059250308 -3.187960578234021 0.0 66.25
55.94436059250308 -3.187960578234021 SE 55.944148460468725 -3.1877484461996652 0.0 65.0
55.944148460468725 -3.1877484461996652 W 55.944148460468725 -3.1880484461996654 0.0 63.75
55.944148460468725 -3.1880484461996654 E 55.944148460468725 -3.1877484461996652 0.0 62.5
55.944148460468725 -3.1877484461996652 S 55.94384846046872 -3.1877484461996652 0.0 61.25
55.94384846046872 -3.1877484461996652 N 55.944148460468725 -3.1877484461996652 0.0 60.0
55.944148460468725 -3.1877484461996652 E 55.944148460468725 -3.187448446199665 42.88676071166992 123.45159149169922
55.944148460468725 -3.187448446199665 W 55.944148460468725 -3.1877484461996652 42.88676071166992 122.20159149169922
55.944148460468725 -3.1877484461996652 WSW 55.944033655439014 -3.1880256100594186 42.88676071166992 120.95159149169922
55.944033655439014 -3.1880256100594186 ENE 55.944148460468725 -3.1877484461996652 42.88676071166992 119.70159149169922
55.944148460468725 -3.1877484461996652 WSW 55.944033655439014 -3.1880256100594186 42.88676071166992 118.45159149169922
55.944033655439014 -3.1880256100594186 ENE 55.944148460468725 -3.1877484461996652 42.88676071166992 117.20159149169922
55.944148460468725 -3.1877484461996652 SW 55.94393632843437 -3.187960578234021 42.88676071166992 115.95159149169922
55.94393632843437 -3.187960578234021 NE 55.944148460468725 -3.1877484461996652 42.88676071166992 114.70159149169922
55.944148460468725 -3.1877484461996652 S 55.94384846046872 -3.1877484461996652 42.88676071166992 113.45159149169922
55.94384846046872 -3.1877484461996652 NNW 55.94412562432848 -3.1878632512293748 42.88676071166992 112.20159149169922
55.94412562432848 -3.1878632512293748 SSE 55.94384846046872 -3.1877484461996652 42.88676071166992 110.95159149169922
55.94384846046872 -3.1877484461996652 NW 55.94406059250308 -3.187960578234021 42.88676071166992 109.70159149169922
55.94406059250308 -3.187960578234021 SE 55.94384846046872 -3.1877484461996652 42.88676071166992 108.45159149169922
55.94384846046872 -3.1877484461996652 NW 55.94406059250308 -3.187960578234021 42.88676071166992 107.20159149169922
55.94406059250308 -3.187960578234021 SE 55.94384846046872 -3.1877484461996652 42.88676071166992 105.95159149169922
55.94384846046872 -3.1877484461996652 NW 55.94406059250308 -3.187960578234021 42.88676071166992 104.70159149169922
55.94406059250308 -3.187960578234021 SSE 55.94378342864332 -3.1878457732043115 42.88676071166992 103.45159149169922
55.94378342864332 -3.1878457732043115 NNW 55.94406059250308 -3.187960578234021 42.88676071166992 102.20159149169922
55.94406059250308 -3.187960578234021 SSE 55.94378342864332 -3.1878457732043115 42.88676071166992 100.95159149169922
55.94378342864332 -3.1878457732043115 NW 55.94399556067768 -3.1880579052386673 42.88676071166992 99.70159149169922
55.94399556067768 -3.1880579052386673 ESE 55.94388075564797 -3.187780741378914 42.88676071166992 98.45159149169922
55.94388075564797 -3.187780741378914 W 55.94388075564797 -3.188080741378914 42.88676071166992 97.20159149169922
55.94388075564797 -3.188080741378914 E 55.94388075564797 -3.187780741378914 42.88676071166992 95.95159149169922
55.94388075564797 -3.187780741378914 SE 55.94366862361361 -3.187568609344558 42.88676071166992 94.70159149169922
55.94366862361361 -3.187568609344558 NW 55.94388075564797 -3.187780741378914 42.88676071166992 93.45159149169922
55.94388075564797 -3.187780741378914 E 55.94388075564797 -3.1874807413789137 42.88676071166992 92.20159149169922
55.94388075564797 -3.1874807413789137 W 55.94388075564797 -3.187780741378914 42.88676071166992 90.95159149169922
55.94388075564797 -3.187780741378914 SW 55.94366862361361 -3.1879928734132696 42.88676071166992 89.70159149169922
55.94366862361361 -3.1879928734132696 NE 55.94388075564797 -3.187780741378914 42.88676071166992 88.45159149169922
55.94388075564797 -3.187780741378914 SSW 55.94360359178821 -3.1878955464086234 42.88676071166992 87.20159149169922
55.94360359178821 -3.1878955464086234 NNE 55.94388075564797 -3.187780741378914 42.88676071166992 85.95159149169922
55.94388075564797 -3.187780741378914 SSW 55.94360359178821 -3.1878955464086234 42.88676071166992 84.70159149169922
55.94360359178821 -3.1878955464086234 ENE 55.94371839681792 -3.18761838254887 42.88676071166992 83.45159149169922
55.94371839681792 -3.18761838254887 WSW 55.94360359178821 -3.1878955464086234 42.88676071166992 82.20159149169922
55.94360359178821 -3.1878955464086234 E 55.94360359178821 -3.187595546408623 42.88676071166992 80.95159149169922
55.94360359178821 -3.187595546408623 W 55.94360359178821 -3.1878955464086234 42.88676071166992 79.70159149169922
55.94360359178821 -3.1878955464086234 ESE 55.9434887867585 -3.18761838254887 42.88676071166992 78.45159149169922
55.9434887867585 -3.18761838254887 WNW 55.94360359178821 -3.1878955464086234 42.88676071166992 77.20159149169922
55.94360359178821 -3.1878955464086234 SE 55.943391459753855 -3.1876834143742676 42.88676071166992 75.95159149169922
55.943391459753855 -3.1876834143742676 NW 55.94360359178821 -3.1878955464086234 42.88676071166992 74.70159149169922
55.94360359178821 -3.1878955464086234 ESE 55.9434887867585 -3.18761838254887 42.88676071166992 73.45159149169922
55.9434887867585 -3.18761838254887 NW 55.94370091879286 -3.1878305145832257 42.88676071166992 72.20159149169922
55.94370091879286 -3.1878305145832257 SE 55.9434887867585 -3.18761838254887 42.88676071166992 70.95159149169922
55.9434887867585 -3.18761838254887 N 55.9437887867585 -3.18761838254887 42.88676071166992 69.70159149169922
55.9437887867585 -3.18761838254887 S 55.9434887867585 -3.18761838254887 42.88676071166992 68.45159149169922
55.9434887867585 -3.18761838254887 N 55.9437887867585 -3.18761838254887 42.88676071166992 67.20159149169922
55.9437887867585 -3.18761838254887 S 55.9434887867585 -3.18761838254887 42.88676071166992 65.95159149169922
55.9434887867585 -3.18761838254887 N 55.9437887867585 -3.18761838254887 42.88676071166992 64.70159149169922
55.9437887867585 -3.18761838254887 S 55.9434887867585 -3.18761838254887 42.88676071166992 63.45159149169922
55.9434887867585 -3.18761838254887 E 55.9434887867585 -3.18731838254887 42.88676071166992 62.20159149169922
55.9434887867585 -3.18731838254887 W 55.9434887867585 -3.18761838254887 42.88676071166992 60.95159149169922
55.9434887867585 -3.18761838254887 SSW 55.943211622898744 -3.1877331875785795 42.88676071166992 59.70159149169922
55.943211622898744 -3.1877331875785795 NNE 55.9434887867585 -3.18761838254887 42.88676071166992 58.45159149169922
55.9434887867585 -3.18761838254887 ESE 55.94337398172879 -3.1873412186891166 42.88676071166992 57.20159149169922
55.94337398172879 -3.1873412186891166 WNW 55.9434887867585 -3.18761838254887 42.88676071166992 55.95159149169922
55.9434887867585 -3.18761838254887 ESE 55.94337398172879 -3.1873412186891166 42.88676071166992 54.70159149169922
55.94337398172879 -3.1873412186891166 WNW 55.9434887867585 -3.18761838254887 42.88676071166992 53.45159149169922
55.9434887867585 -3.18761838254887 N 55.9437887867585 -3.18761838254887 42.88676071166992 52.20159149169922
55.9437887867585 -3.18761838254887 S 55.9434887867585 -3.18761838254887 42.88676071166992 50.95159149169922
55.9434887867585 -3.18761838254887 WNW 55.94360359178821 -3.1878955464086234 42.88676071166992 49.70159149169922
55.94360359178821 -3.1878955464086234 SE 55.943391459753855 -3.1876834143742676 42.88676071166992 48.45159149169922
55.943391459753855 -3.1876834143742676 NW 55.94360359178821 -3.1878955464086234 42.88676071166992 47.20159149169922
55.94360359178821 -3.1878955464086234 SE 55.943391459753855 -3.1876834143742676 42.88676071166992 45.95159149169922
55.943391459753855 -3.1876834143742676 ENE 55.943506264783565 -3.187406250514514 42.88676071166992 44.70159149169922
55.943506264783565 -3.187406250514514 WSW 55.943391459753855 -3.1876834143742676 42.88676071166992 43.45159149169922
55.943391459753855 -3.1876834143742676 SE 55.9431793277195 -3.187471282339912 42.88676071166992 42.20159149169922
55.9431793277195 -3.187471282339912 N 55.9434793277195 -3.187471282339912 42.88676071166992 40.95159149169922
55.9434793277195 -3.187471282339912 SSW 55.943202163859745 -3.1875860873696213 42.88676071166992 39.70159149169922
55.943202163859745 -3.1875860873696213 NNE 55.9434793277195 -3.187471282339912 42.88676071166992 38.45159149169922
55.9434793277195 -3.187471282339912 S 55.9431793277195 -3.187471282339912 42.88676071166992 37.20159149169922
55.9431793277195 -3.187471282339912 N 55.9434793277195 -3.187471282339912 42.88676071166992 35.95159149169922
55.9434793277195 -3.187471282339912 NNW 55.94375649157926 -3.1875860873696213 42.88676071166992 34.70159149169922
55.94375649157926 -3.1875860873696213 SSE 55.9434793277195 -3.187471282339912 42.88676071166992 33.45159149169922
55.9434793277195 -3.187471282339912 NW 55.94369145975386 -3.1876834143742676 42.88676071166992 32.20159149169922
55.94369145975386 -3.1876834143742676 SE 55.9434793277195 -3.187471282339912 42.88676071166992 30.95159149169922
55.9434793277195 -3.187471282339912 NNE 55.94375649157926 -3.1873564773102023 42.88676071166992 29.70159149169922
55.94375649157926 -3.1873564773102023 SSW 55.9434793277195 -3.187471282339912 42.88676071166992 28.45159149169922
55.9434793277195 -3.187471282339912 NNE 55.94375649157926 -3.1873564773102023 42.88676071166992 27.20159149169922
55.94375649157926 -3.1873564773102023 SSW 55.9434793277195 -3.187471282339912 42.88676071166992 25.95159149169922
55.9434793277195 -3.187471282339912 NNW 55.94375649157926 -3.1875860873696213 42.88676071166992 24.70159149169922
55.94375649157926 -3.1875860873696213 SSE 55.9434793277195 -3.187471282339912 42.88676071166992 23.45159149169922
55.9434793277195 -3.187471282339912 NNW 55.94375649157926 -3.1875860873696213 42.88676071166992 22.20159149169922
55.94375649157926 -3.1875860873696213 SSE 55.9434793277195 -3.187471282339912 42.88676071166992 20.95159149169922
55.9434793277195 -3.187471282339912 NNW 55.94375649157926 -3.1875860873696213 42.88676071166992 19.70159149169922
55.94375649157926 -3.1875860873696213 SE 55.9435443595449 -3.1873739553352656 42.88676071166992 18.45159149169922
55.9435443595449 -3.1873739553352656 NW 55.94375649157926 -3.1875860873696213 42.88676071166992 17.20159149169922
55.94375649157926 -3.1875860873696213 SE 55.9435443595449 -3.1873739553352656 42.88676071166992 15.951591491699219
55.9435443595449 -3.1873739553352656 N 55.943844359544904 -3.1873739553352656 42.88676071166992 14.701591491699219
55.943844359544904 -3.1873739553352656 S 55.9435443595449 -3.1873739553352656 42.88676071166992 13.451591491699219
55.9435443595449 -3.1873739553352656 N 55.943844359544904 -3.1873739553352656 42.88676071166992 12.201591491699219
55.943844359544904 -3.1873739553352656 S 55.9435443595449 -3.1873739553352656 42.88676071166992 10.951591491699219
55.9435443595449 -3.1873739553352656 ENE 55.94365916457461 -3.187096791475512 42.88676071166992 9.701591491699219
55.94365916457461 -3.187096791475512 WSW 55.9435443595449 -3.1873739553352656 42.88676071166992 8.451591491699219
55.9435443595449 -3.1873739553352656 ENE 55.94365916457461 -3.187096791475512 42.88676071166992 7.201591491699219
55.94365916457461 -3.187096791475512 WSW 55.9435443595449 -3.1873739553352656 42.88676071166992 5.951591491699219
55.9435443595449 -3.1873739553352656 E 55.9435443595449 -3.1870739553352654 42.88676071166992 4.701591491699219
55.9435443595449 -3.1870739553352654 W 55.9435443595449 -3.1873739553352656 42.88676071166992 3.4515914916992188
55.9435443595449 -3.1873739553352656 E 55.9435443595449 -3.1870739553352654 42.88676071166992 2.2015914916992188
