55.944425 -3.188396 ESE 55.94431019497029 -3.1881188361402466 0.0 248.75
55.94431019497029 -3.1881188361402466 WSW 55.94419538994058 -3.188396 0.0 247.5
55.94419538994058 -3.188396 ESE 55.94408058491087 -3.1881188361402466 0.0 246.25
55.94408058491087 -3.1881188361402466 W 55.94408058491087 -3.188418836140247 0.0 245.0
55.94408058491087 -3.188418836140247 W 55.94408058491087 -3.188718836140247 0.0 243.75
55.94408058491087 -3.188718836140247 ESE 55.94396577988116 -3.1884416722804936 0.0 242.5
55.94396577988116 -3.1884416722804936 WSW 55.94385097485145 -3.188718836140247 0.0 241.25
55.94385097485145 -3.188718836140247 ESE 55.94373616982174 -3.1884416722804936 0.0 240.0
55.94373616982174 -3.1884416722804936 SW 55.943524037787384 -3.1886538043148493 0.0 238.75
55.943524037787384 -3.1886538043148493 E 55.943524037787384 -3.188353804314849 0.0 237.5
55.943524037787384 -3.188353804314849 W 55.943524037787384 -3.1886538043148493 0.0 236.25
55.943524037787384 -3.1886538043148493 E 55.943524037787384 -3.188353804314849 0.0 235.0
55.943524037787384 -3.188353804314849 SE 55.94331190575303 -3.1881416722804934 0.0 233.75
55.94331190575303 -3.1881416722804934 NNW 55.943589069612784 -3.188256477310203 0.0 232.5
55.943589069612784 -3.188256477310203 ESE 55.943474264583074 -3.1879793134504495 0.0 231.25
55.943474264583074 -3.1879793134504495 W 55.943474264583074 -3.1882793134504497 78.96186065673828 307.0756149291992
55.943474264583074 -3.1882793134504497 E 55.943474264583074 -3.1879793134504495 78.96186065673828 305.8256149291992
55.943474264583074 -3.1879793134504495 E 55.943474264583074 -3.1876793134504493 78.96186065673828 304.5756149291992
55.943474264583074 -3.1876793134504493 NW 55.94368639661743 -3.187891445484805 78.96186065673828 303.3256149291992
55.94368639661743 -3.187891445484805 E 55.94368639661743 -3.187591445484805 78.96186065673828 302.0756149291992
55.94368639661743 -3.187591445484805 N 55.94398639661743 -3.187591445484805 78.96186065673828 300.8256149291992
55.94398639661743 -3.187591445484805 N 55.944286396617436 -3.187591445484805 78.96186065673828 299.5756149291992
55.944286396617436 -3.187591445484805 SW 55.94407426458308 -3.1878035775191607 78.96186065673828 298.3256149291992
55.94407426458308 -3.1878035775191607 NNE 55.944351428442836 -3.187688772489451 78.96186065673828 297.0756149291992
55.944351428442836 -3.187688772489451 SSW 55.94407426458308 -3.1878035775191607 78.96186065673828 295.8256149291992
55.94407426458308 -3.1878035775191607 SW 55.94386213254872 -3.1880157095535164 78.96186065673828 294.5756149291992
55.94386213254872 -3.1880157095535164 NE 55.94407426458308 -3.1878035775191607 78.96186065673828 293.3256149291992
55.94407426458308 -3.1878035775191607 NNE 55.944351428442836 -3.187688772489451 78.96186065673828 292.0756149291992
55.944351428442836 -3.187688772489451 SSW 55.94407426458308 -3.1878035775191607 78.96186065673828 290.8256149291992
55.94407426458308 -3.1878035775191607 SW 55.94386213254872 -3.1880157095535164 78.96186065673828 289.5756149291992
55.94386213254872 -3.1880157095535164 NW 55.94407426458308 -3.188227841587872 78.96186065673828 288.3256149291992
55.94407426458308 -3.188227841587872 W 55.94407426458308 -3.1885278415878724 78.96186065673828 287.0756149291992
55.94407426458308 -3.1885278415878724 E 55.94407426458308 -3.188227841587872 78.96186065673828 285.8256149291992
55.94407426458308 -3.188227841587872 NE 55.944286396617436 -3.1880157095535164 78.96186065673828 284.5756149291992
55.944286396617436 -3.1880157095535164 E 55.944286396617436 -3.1877157095535162 78.96186065673828 283.3256149291992
55.944286396617436 -3.1877157095535162 NNW 55.94456356047719 -3.1878305145832257 78.96186065673828 282.0756149291992
55.94456356047719 -3.1878305145832257 NW 55.94477569251155 -3.1880426466175815 78.96186065673828 280.8256149291992
55.94477569251155 -3.1880426466175815 SE 55.94456356047719 -3.1878305145832257 78.96186065673828 279.5756149291992
55.94456356047719 -3.1878305145832257 NNW 55.94484072433695 -3.1879453196129353 109.83811569213867 362.2046813964844
55.94484072433695 -3.1879453196129353 SE 55.94462859230259 -3.1877331875785795 109.83811569213867 360.9546813964844
55.94462859230259 -3.1877331875785795 ESE 55.94451378727288 -3.187456023718826 109.83811569213867 359.7046813964844
55.94451378727288 -3.187456023718826 ENE 55.94462859230259 -3.1871788598590727 109.83811569213867 358.4546813964844
55.94462859230259 -3.1871788598590727 SW 55.944416460268236 -3.1873909918934284 109.83811569213867 357.2046813964844
55.944416460268236 -3.1873909918934284 ESE 55.944301655238526 -3.187113828033675 109.83811569213867 355.9546813964844
55.944301655238526 -3.187113828033675 W 55.944301655238526 -3.1874138280336752 109.83811569213867 354.7046813964844
55.944301655238526 -3.1874138280336752 E 55.944301655238526 -3.187113828033675 109.83811569213867 353.4546813964844
55.944301655238526 -3.187113828033675 SSW 55.94402449137877 -3.1872286330633846 109.83811569213867 352.2046813964844
55.94402449137877 -3.1872286330633846 NE 55.944236623413126 -3.187016501029029 109.83811569213867 350.9546813964844
55.944236623413126 -3.187016501029029 NE 55.94444875544748 -3.186804368994673 109.83811569213867 349.7046813964844
55.94444875544748 -3.186804368994673 SSW 55.944171591587725 -3.1869191740243825 170.60691833496094 440.86620330810547
55.944171591587725 -3.1869191740243825 NNE 55.94444875544748 -3.186804368994673 170.60691833496094 439.61620330810547
55.94444875544748 -3.186804368994673 NE 55.94466088748184 -3.1865922369603172 170.60691833496094 438.36620330810547
55.94466088748184 -3.1865922369603172 WNW 55.94477569251155 -3.1868694008200706 170.60691833496094 437.11620330810547
55.94477569251155 -3.1868694008200706 E 55.94477569251155 -3.1865694008200705 170.60691833496094 435.86620330810547
55.94477569251155 -3.1865694008200705 NW 55.944987824545905 -3.1867815328544262 170.60691833496094 434.61620330810547
55.944987824545905 -3.1867815328544262 NNE 55.94526498840566 -3.1866667278247167 266.59095764160156 539.0725631713867
55.94526498840566 -3.1866667278247167 SW 55.945052856371305 -3.1868788598590725 266.59095764160156 537.8225631713867
55.945052856371305 -3.1868788598590725 N 55.94535285637131 -3.1868788598590725 266.59095764160156 536.5725631713867
55.94535285637131 -3.1868788598590725 S 55.945052856371305 -3.1868788598590725 266.59095764160156 535.3225631713867
55.945052856371305 -3.1868788598590725 SW 55.94484072433695 -3.1870909918934283 266.59095764160156 534.0725631713867
55.94484072433695 -3.1870909918934283 ESE 55.94472591930724 -3.186813828033675 266.59095764160156 532.8225631713867
55.94472591930724 -3.186813828033675 W 55.94472591930724 -3.187113828033675 266.59095764160156 531.5725631713867
55.94472591930724 -3.187113828033675 SSW 55.94444875544748 -3.1872286330633846 266.59095764160156 530.3225631713867
55.94444875544748 -3.1872286330633846 SW 55.944236623413126 -3.1874407650977403 266.59095764160156 529.0725631713867
55.944236623413126 -3.1874407650977403 SSW 55.94395945955337 -3.18755557012745 266.59095764160156 527.8225631713867
55.94395945955337 -3.18755557012745 ENE 55.94407426458308 -3.1872784062676964 266.59095764160156 526.5725631713867
55.94407426458308 -3.1872784062676964 S 55.94377426458308 -3.1872784062676964 266.59095764160156 525.3225631713867
55.94377426458308 -3.1872784062676964 ESE 55.943659459553366 -3.187001242407943 266.59095764160156 524.0725631713867
55.943659459553366 -3.187001242407943 W 55.943659459553366 -3.187301242407943 266.59095764160156 522.8225631713867
55.943659459553366 -3.187301242407943 E 55.943659459553366 -3.187001242407943 266.59095764160156 521.5725631713867
55.943659459553366 -3.187001242407943 ENE 55.94377426458308 -3.1867240785481896 266.59095764160156 520.3225631713867
55.94377426458308 -3.1867240785481896 N 55.94407426458308 -3.1867240785481896 313.65736389160156 560.1716270446777
55.94407426458308 -3.1867240785481896 S 55.94377426458308 -3.1867240785481896 313.65736389160156 558.9216270446777
55.94377426458308 -3.1867240785481896 N 55.94407426458308 -3.1867240785481896 313.65736389160156 557.6716270446777
55.94407426458308 -3.1867240785481896 WNW 55.94418906961279 -3.187001242407943 313.65736389160156 556.4216270446777
55.94418906961279 -3.187001242407943 E 55.94418906961279 -3.186701242407943 313.65736389160156 555.1716270446777
55.94418906961279 -3.186701242407943 ESE 55.94407426458308 -3.1864240785481894 313.65736389160156 553.9216270446777
55.94407426458308 -3.1864240785481894 SSE 55.94379710072332 -3.18630927351848 313.65736389160156 552.6716270446777
55.94379710072332 -3.18630927351848 NNW 55.94407426458308 -3.1864240785481894 313.65736389160156 551.4216270446777
55.94407426458308 -3.1864240785481894 SE 55.94386213254872 -3.1862119465138337 313.65736389160156 550.1716270446777
55.94386213254872 -3.1862119465138337 SE 55.94365000051437 -3.185999814479478 313.65736389160156 548.9216270446777
55.94365000051437 -3.185999814479478 NW 55.94386213254872 -3.1862119465138337 313.65736389160156 547.6716270446777
55.94386213254872 -3.1862119465138337 NNE 55.94413929640848 -3.186097141484124 313.65736389160156 546.4216270446777
55.94413929640848 -3.186097141484124 SSW 55.94386213254872 -3.1862119465138337 313.65736389160156 545.1716270446777
55.94386213254872 -3.1862119465138337 N 55.944162132548726 -3.1862119465138337 313.65736389160156 543.9216270446777
55.944162132548726 -3.1862119465138337 S 55.94386213254872 -3.1862119465138337 313.65736389160156 542.6716270446777
55.94386213254872 -3.1862119465138337 SSW 55.94358496868897 -3.186326751543543 313.65736389160156 541.4216270446777
55.94358496868897 -3.186326751543543 SSE 55.94330780482921 -3.1862119465138337 313.65736389160156 540.1716270446777
55.94330780482921 -3.1862119465138337 NNW 55.94358496868897 -3.186326751543543 313.65736389160156 538.9216270446777
55.94358496868897 -3.186326751543543 ESE 55.943470163659256 -3.1860495876837898 313.65736389160156 537.6716270446777
55.943470163659256 -3.1860495876837898 NE 55.94368229569361 -3.185837455649434 313.65736389160156 536.4216270446777
55.94368229569361 -3.185837455649434 W 55.94368229569361 -3.186137455649434 313.65736389160156 535.1716270446777
55.94368229569361 -3.186137455649434 ESE 55.9435674906639 -3.1858602917896808 313.65736389160156 533.9216270446777
55.9435674906639 -3.1858602917896808 SE 55.943355358629546 -3.185648159755325 313.65736389160156 532.6716270446777
55.943355358629546 -3.185648159755325 WNW 55.943470163659256 -3.1859253236150784 313.65736389160156 531.4216270446777
55.943470163659256 -3.1859253236150784 ESE 55.943355358629546 -3.185648159755325 313.65736389160156 530.1716270446777
55.943355358629546 -3.185648159755325 SSE 55.94307819476979 -3.1855333547256155 313.65736389160156 528.9216270446777
55.94307819476979 -3.1855333547256155 NNW 55.943355358629546 -3.185648159755325 313.65736389160156 527.6716270446777
55.943355358629546 -3.185648159755325 SSE 55.94307819476979 -3.1855333547256155 313.65736389160156 526.4216270446777
55.94307819476979 -3.1855333547256155 SSW 55.94280103091003 -3.185648159755325 313.65736389160156 525.1716270446777
55.94280103091003 -3.185648159755325 ESE 55.94268622588032 -3.1853709958955716 313.65736389160156 523.9216270446777
55.94268622588032 -3.1853709958955716 W 55.94268622588032 -3.185670995895572 313.65736389160156 522.6716270446777
55.94268622588032 -3.185670995895572 NE 55.94289835791468 -3.185458863861216 313.65736389160156 521.4216270446777
55.94289835791468 -3.185458863861216 SW 55.94268622588032 -3.185670995895572 313.65736389160156 520.1716270446777
55.94268622588032 -3.185670995895572 NW 55.94289835791468 -3.1858831279299276 313.65736389160156 518.9216270446777
55.94289835791468 -3.1858831279299276 NE 55.943110489949035 -3.185670995895572 313.65736389160156 517.6716270446777
55.943110489949035 -3.185670995895572 WSW 55.942995684919325 -3.185948159755325 313.65736389160156 516.4216270446777
55.942995684919325 -3.185948159755325 SW 55.94278355288497 -3.186160291789681 313.65736389160156 515.1716270446777
55.94278355288497 -3.186160291789681 WSW 55.94266874785526 -3.1864374556494344 313.65736389160156 513.9216270446777
55.94266874785526 -3.1864374556494344 ENE 55.94278355288497 -3.186160291789681 313.65736389160156 512.6716270446777
55.94278355288497 -3.186160291789681 N 55.94308355288497 -3.186160291789681 313.65736389160156 511.42162704467773
55.94308355288497 -3.186160291789681 S 55.94278355288497 -3.186160291789681 313.65736389160156 510.17162704467773
55.94278355288497 -3.186160291789681 NNW 55.943060716744725 -3.1862750968193905 313.65736389160156 508.92162704467773
55.943060716744725 -3.1862750968193905 WSW 55.942945911715015 -3.186552260679144 313.65736389160156 507.67162704467773
55.942945911715015 -3.186552260679144 ENE 55.943060716744725 -3.1862750968193905 313.65736389160156 506.42162704467773
55.943060716744725 -3.1862750968193905 NE 55.94327284877908 -3.1860629647850347 313.65736389160156 505.17162704467773
55.94327284877908 -3.1860629647850347 NNW 55.94355001263884 -3.186177769814744 313.65736389160156 503.92162704467773
55.94355001263884 -3.186177769814744 SSE 55.94327284877908 -3.1860629647850347 313.65736389160156 502.67162704467773
55.94327284877908 -3.1860629647850347 NE 55.94348498081344 -3.185850832750679 313.65736389160156 501.42162704467773
55.94348498081344 -3.185850832750679 SW 55.94327284877908 -3.1860629647850347 313.65736389160156 500.17162704467773
55.94327284877908 -3.1860629647850347 WSW 55.94315804374937 -3.186340128644788 313.65736389160156 498.92162704467773
55.94315804374937 -3.186340128644788 NW 55.94337017578373 -3.186552260679144 313.65736389160156 497.67162704467773
55.94337017578373 -3.186552260679144 W 55.94337017578373 -3.186852260679144 340.94522285461426 578.137638092041
55.94337017578373 -3.186852260679144 S 55.943070175783724 -3.186852260679144 340.94522285461426 576.887638092041
55.943070175783724 -3.186852260679144 NW 55.94328230781808 -3.1870643927135 340.94522285461426 575.637638092041
55.94328230781808 -3.1870643927135 WSW 55.94316750278837 -3.1873415565732532 340.94522285461426 574.387638092041
55.94316750278837 -3.1873415565732532 SW 55.942955370754014 -3.187553688607609 340.94522285461426 573.137638092041
55.942955370754014 -3.187553688607609 NE 55.94316750278837 -3.1873415565732532 340.94522285461426 571.887638092041
55.94316750278837 -3.1873415565732532 NW 55.943379634822726 -3.187553688607609 340.94522285461426 570.637638092041
55.943379634822726 -3.187553688607609 SE 55.94316750278837 -3.1873415565732532 340.94522285461426 569.387638092041
55.94316750278837 -3.1873415565732532 NNW 55.943444666648126 -3.1874563616029628 340.94522285461426 568.137638092041
55.943444666648126 -3.1874563616029628 S 55.943144666648124 -3.1874563616029628 340.94522285461426 566.887638092041
55.943144666648124 -3.1874563616029628 W 55.943144666648124 -3.187756361602963 340.94522285461426 565.637638092041
55.943144666648124 -3.187756361602963 WSW 55.94302986161841 -3.1880335254627163 340.94522285461426 564.387638092041
55.94302986161841 -3.1880335254627163 NW 55.94324199365277 -3.188245657497072 340.94522285461426 563.137638092041
55.94324199365277 -3.188245657497072 WSW 55.94312718862306 -3.1885228213568255 340.94522285461426 561.887638092041
55.94312718862306 -3.1885228213568255 ENE 55.94324199365277 -3.188245657497072 340.94522285461426 560.637638092041
55.94324199365277 -3.188245657497072 S 55.94294199365277 -3.188245657497072 340.94522285461426 559.387638092041
55.94294199365277 -3.188245657497072 SSE 55.94266482979301 -3.1881308524673626 340.94522285461426 558.137638092041
55.94266482979301 -3.1881308524673626 ENE 55.94277963482272 -3.187853688607609 340.94522285461426 556.887638092041
55.94277963482272 -3.187853688607609 NNW 55.94305679868248 -3.1879684936373187 340.94522285461426 555.637638092041
55.94305679868248 -3.1879684936373187 SE 55.94284466664812 -3.187756361602963 340.94522285461426 554.387638092041
55.94284466664812 -3.187756361602963 E 55.94284466664812 -3.1874563616029628 340.94522285461426 553.137638092041
55.94284466664812 -3.1874563616029628 SE 55.942632534613765 -3.187244229568607 340.94522285461426 551.887638092041
55.942632534613765 -3.187244229568607 E 55.942632534613765 -3.186944229568607 340.94522285461426 550.637638092041
55.942632534613765 -3.186944229568607 NNE 55.94290969847352 -3.1868294245388973 340.94522285461426 549.387638092041
55.94290969847352 -3.1868294245388973 W 55.94290969847352 -3.1871294245388975 340.94522285461426 548.137638092041
55.94290969847352 -3.1871294245388975 E 55.94290969847352 -3.1868294245388973 340.94522285461426 546.887638092041
55.94290969847352 -3.1868294245388973 E 55.94290969847352 -3.186529424538897 340.94522285461426 545.637638092041
55.94290969847352 -3.186529424538897 SSE 55.942632534613765 -3.1864146195091876 340.94522285461426 544.387638092041
55.942632534613765 -3.1864146195091876 ENE 55.942747339643475 -3.186137455649434 340.94522285461426 543.137638092041
55.942747339643475 -3.186137455649434 ENE 55.942862144673185 -3.1858602917896808 340.94522285461426 541.887638092041
55.942862144673185 -3.1858602917896808 SW 55.94265001263883 -3.1860724238240365 340.94522285461426 540.637638092041
55.94265001263883 -3.1860724238240365 NE 55.942862144673185 -3.1858602917896808 340.94522285461426 539.387638092041
55.942862144673185 -3.1858602917896808 ENE 55.942976949702896 -3.1855831279299274 340.94522285461426 538.137638092041
55.942976949702896 -3.1855831279299274 NNE 55.94325411356265 -3.185468322900218 340.94522285461426 536.887638092041
55.94325411356265 -3.185468322900218 ENE 55.94336891859236 -3.1851911590404645 340.94522285461426 535.637638092041
55.94336891859236 -3.1851911590404645 NW 55.94358105062672 -3.1854032910748202 340.94522285461426 534.387638092041
55.94358105062672 -3.1854032910748202 SE 55.94336891859236 -3.1851911590404645 340.94522285461426 533.137638092041
55.94336891859236 -3.1851911590404645 NW 55.94358105062672 -3.1854032910748202 340.94522285461426 531.887638092041
55.94358105062672 -3.1854032910748202 ESE 55.94346624559701 -3.185126127215067 436.37104988098145 608.9609870910645
55.94346624559701 -3.185126127215067 NNW 55.943743409456765 -3.1852409322447763 436.37104988098145 607.7109870910645
55.943743409456765 -3.1852409322447763 E 55.943743409456765 -3.184940932244776 436.37104988098145 606.4609870910645
55.943743409456765 -3.184940932244776 W 55.943743409456765 -3.1852409322447763 436.37104988098145 605.2109870910645
55.943743409456765 -3.1852409322447763 ENE 55.943858214486475 -3.184963768385023 436.37104988098145 603.9609870910645
55.943858214486475 -3.184963768385023 NNW 55.94413537834623 -3.1850785734147324 436.37104988098145 602.7109870910645
55.94413537834623 -3.1850785734147324 ESE 55.94402057331652 -3.184801409554979 519.5027103424072 720.5620918273926
55.94402057331652 -3.184801409554979 SSE 55.943743409456765 -3.1846866045252695 519.5027103424072 719.3120918273926
55.943743409456765 -3.1846866045252695 NE 55.94395554149112 -3.1844744724909138 548.8676242828369 750.0748710632324
55.94395554149112 -3.1844744724909138 WSW 55.94384073646141 -3.184751636350667 548.8676242828369 748.8248710632324
55.94384073646141 -3.184751636350667 S 55.94354073646141 -3.184751636350667 548.8676242828369 747.5748710632324
55.94354073646141 -3.184751636350667 E 55.94354073646141 -3.184451636350667 624.4102802276611 800.0128326416016
55.94354073646141 -3.184451636350667 WSW 55.9434259314317 -3.1847288002104204 624.4102802276611 798.7628326416016
55.9434259314317 -3.1847288002104204 E 55.9434259314317 -3.18442880021042 624.4102802276611 797.5128326416016
55.9434259314317 -3.18442880021042 N 55.9437259314317 -3.18442880021042 624.4102802276611 796.2628326416016
55.9437259314317 -3.18442880021042 N 55.9440259314317 -3.18442880021042 624.4102802276611 795.0128326416016
55.9440259314317 -3.18442880021042 S 55.9437259314317 -3.18442880021042 624.4102802276611 793.7628326416016
55.9437259314317 -3.18442880021042 N 55.9440259314317 -3.18442880021042 624.4102802276611 792.5128326416016
55.9440259314317 -3.18442880021042 S 55.9437259314317 -3.18442880021042 624.4102802276611 791.2628326416016
55.9437259314317 -3.18442880021042 NW 55.94393806346606 -3.184640932244776 624.4102802276611 790.0128326416016
55.94393806346606 -3.184640932244776 NE 55.94415019550041 -3.18442880021042 624.4102802276611 788.7628326416016
55.94415019550041 -3.18442880021042 N 55.944450195500416 -3.18442880021042 624.4102802276611 787.5128326416016
55.944450195500416 -3.18442880021042 NNW 55.94472735936017 -3.1845436052401297 624.4102802276611 786.2628326416016
55.94472735936017 -3.1845436052401297 SE 55.944515227325816 -3.184331473205774 624.4102802276611 785.0128326416016
55.944515227325816 -3.184331473205774 NW 55.94472735936017 -3.1845436052401297 624.4102802276611 783.7628326416016
55.94472735936017 -3.1845436052401297 NW 55.94493949139453 -3.1847557372744855 624.4102802276611 782.5128326416016
55.94493949139453 -3.1847557372744855 SSE 55.94466232753477 -3.184640932244776 624.4102802276611 781.2628326416016
55.94466232753477 -3.184640932244776 NNW 55.94493949139453 -3.1847557372744855 624.4102802276611 780.0128326416016
55.94493949139453 -3.1847557372744855 NNW 55.945216655254285 -3.184870542304195 624.4102802276611 778.7628326416016
55.945216655254285 -3.184870542304195 SSW 55.94493949139453 -3.1849853473339045 624.4102802276611 777.5128326416016
55.94493949139453 -3.1849853473339045 WSW 55.94482468636482 -3.185262511193658 624.4102802276611 776.2628326416016
55.94482468636482 -3.185262511193658 NNE 55.945101850224574 -3.1851477061639484 624.4102802276611 775.0128326416016
55.945101850224574 -3.1851477061639484 SSW 55.94482468636482 -3.185262511193658 624.4102802276611 773.7628326416016
55.94482468636482 -3.185262511193658 NNE 55.945101850224574 -3.1851477061639484 624.4102802276611 772.5128326416016
55.945101850224574 -3.1851477061639484 NNE 55.94537901408433 -3.185032901134239 624.4102802276611 771.2628326416016
55.94537901408433 -3.185032901134239 W 55.94537901408433 -3.185332901134239 624.4102802276611 770.0128326416016
55.94537901408433 -3.185332901134239 E 55.94537901408433 -3.185032901134239 624.4102802276611 768.7628326416016
55.94537901408433 -3.185032901134239 W 55.94537901408433 -3.185332901134239 624.4102802276611 767.5128326416016
55.94537901408433 -3.185332901134239 NW 55.94559114611869 -3.185545033168595 624.4102802276611 766.2628326416016
55.94559114611869 -3.185545033168595 SE 55.94537901408433 -3.185332901134239 624.4102802276611 765.0128326416016
55.94537901408433 -3.185332901134239 W 55.94537901408433 -3.1856329011342392 624.4102802276611 763.7628326416016
55.94537901408433 -3.1856329011342392 SSW 55.945101850224574 -3.1857477061639488 624.4102802276611 762.5128326416016
55.945101850224574 -3.1857477061639488 WNW 55.945216655254285 -3.186024870023702 624.4102802276611 761.2628326416016
55.945216655254285 -3.186024870023702 ESE 55.945101850224574 -3.1857477061639488 624.4102802276611 760.0128326416016
55.945101850224574 -3.1857477061639488 NNE 55.94537901408433 -3.1856329011342392 624.4102802276611 758.7628326416016
55.94537901408433 -3.1856329011342392 WSW 55.94526420905462 -3.1859100649939927 624.4102802276611 757.5128326416016
55.94526420905462 -3.1859100649939927 S 55.94496420905462 -3.1859100649939927 624.4102802276611 756.2628326416016
55.94496420905462 -3.1859100649939927 SSE 55.94468704519486 -3.185795259964283 624.4102802276611 755.0128326416016
55.94468704519486 -3.185795259964283 NNW 55.94496420905462 -3.1859100649939927 624.4102802276611 753.7628326416016
55.94496420905462 -3.1859100649939927 S 55.944664209054615 -3.1859100649939927 624.4102802276611 752.5128326416016
55.944664209054615 -3.1859100649939927 N 55.94496420905462 -3.1859100649939927 624.4102802276611 751.2628326416016
55.94496420905462 -3.1859100649939927 S 55.944664209054615 -3.1859100649939927 624.4102802276611 750.0128326416016
55.944664209054615 -3.1859100649939927 NNE 55.94494137291437 -3.185795259964283 624.4102802276611 748.7628326416016
55.94494137291437 -3.185795259964283 S 55.94464137291437 -3.185795259964283 624.4102802276611 747.5128326416016
55.94464137291437 -3.185795259964283 SSW 55.94436420905461 -3.1859100649939927 624.4102802276611 746.2628326416016
55.94436420905461 -3.1859100649939927 ENE 55.94447901408432 -3.1856329011342392 624.4102802276611 745.0128326416016
55.94447901408432 -3.1856329011342392 WNW 55.94459381911403 -3.1859100649939927 624.4102802276611 743.7628326416016
55.94459381911403 -3.1859100649939927 ESE 55.94447901408432 -3.1856329011342392 624.4102802276611 742.5128326416016
55.94447901408432 -3.1856329011342392 E 55.94447901408432 -3.185332901134239 624.4102802276611 741.2628326416016
55.94447901408432 -3.185332901134239 SW 55.944266882049966 -3.185545033168595 724.4847431182861 752.69460105896
55.944266882049966 -3.185545033168595 ENE 55.94438168707968 -3.1852678693088414 724.4847431182861 751.44460105896
55.94438168707968 -3.1852678693088414 NW 55.94459381911403 -3.185480001343197 724.4847431182861 750.19460105896
55.94459381911403 -3.185480001343197 SE 55.94438168707968 -3.1852678693088414 724.4847431182861 748.94460105896
55.94438168707968 -3.1852678693088414 ESE 55.944266882049966 -3.184990705449088 724.4847431182861 747.69460105896
55.944266882049966 -3.184990705449088 ENE 55.94438168707968 -3.1847135415893346 732.9106302261353 758.457272529602
55.94438168707968 -3.1847135415893346 W 55.94438168707968 -3.185013541589335 807.4455575942993 764.1559658050537
55.94438168707968 -3.185013541589335 NW 55.94459381911403 -3.1852256736236906 807.4455575942993 762.9059658050537
55.94459381911403 -3.1852256736236906 E 55.94459381911403 -3.1849256736236904 856.3649339675903 812.8039073944092
55.94459381911403 -3.1849256736236904 ESE 55.94447901408432 -3.184648509763937 856.3649339675903 811.5539073944092
55.94447901408432 -3.184648509763937 NE 55.94469114611868 -3.184436377729581 856.3649339675903 810.3039073944092
55.94469114611868 -3.184436377729581 SW 55.94447901408432 -3.184648509763937 856.3649339675903 809.0539073944092
55.94447901408432 -3.184648509763937 SW 55.944266882049966 -3.1848606417982928 856.3649339675903 807.8039073944092
55.944266882049966 -3.1848606417982928 NE 55.94447901408432 -3.184648509763937 856.3649339675903 806.5539073944092
55.94447901408432 -3.184648509763937 NNE 55.94475617794408 -3.1845337047342275 856.3649339675903 805.3039073944092
55.94475617794408 -3.1845337047342275 NNE 55.945033341803835 -3.184418899704518 856.3649339675903 804.0539073944092
55.945033341803835 -3.184418899704518 N 55.94533334180384 -3.184418899704518 964.8569383621216 900.2322597503662
55.94533334180384 -3.184418899704518 NW 55.945545473838195 -3.1846310317388737 964.8569383621216 898.9822597503662
55.945545473838195 -3.1846310317388737 NNE 55.94582263769795 -3.1845162267091642 1050.465588569641 961.5041522979736
55.94582263769795 -3.1845162267091642 SSW 55.945545473838195 -3.1846310317388737 1050.465588569641 960.2541522979736
55.945545473838195 -3.1846310317388737 N 55.9458454738382 -3.1846310317388737 1050.465588569641 959.0041522979736
55.9458454738382 -3.1846310317388737 SSE 55.94556830997844 -3.1845162267091642 1050.465588569641 957.7541522979736
55.94556830997844 -3.1845162267091642 NNW 55.9458454738382 -3.1846310317388737 1050.465588569641 956.5041522979736
55.9458454738382 -3.1846310317388737 WSW 55.94573066880849 -3.184908195598627 1050.465588569641 955.2541522979736
55.94573066880849 -3.184908195598627 ENE 55.9458454738382 -3.1846310317388737 1050.465588569641 954.0041522979736
55.9458454738382 -3.1846310317388737 ESE 55.94573066880849 -3.1843538678791203 1050.465588569641 952.7541522979736
55.94573066880849 -3.1843538678791203 NNW 55.94600783266824 -3.18446867290883 1154.254849433899 1049.825677871704
55.94600783266824 -3.18446867290883 SSE 55.94573066880849 -3.1843538678791203 1154.254849433899 1048.575677871704
55.94573066880849 -3.1843538678791203 NNW 55.94600783266824 -3.18446867290883 1154.254849433899 1047.325677871704
55.94600783266824 -3.18446867290883 W 55.94600783266824 -3.18476867290883 1244.0226488113403 1061.571641921997
55.94600783266824 -3.18476867290883 WNW 55.946122637697954 -3.1850458367685834 1244.0226488113403 1060.321641921997
