55.944425 -3.188396 NNE 55.94470216385976 -3.1882811949702905 0.0 248.75
55.94470216385976 -3.1882811949702905 S 55.944402163859756 -3.1882811949702905 0.0 247.5
55.944402163859756 -3.1882811949702905 WSW 55.944287358830046 -3.188558358830044 0.0 246.25
55.944287358830046 -3.188558358830044 ENE 55.944402163859756 -3.1882811949702905 0.0 245.0
55.944402163859756 -3.1882811949702905 SW 55.9441900318254 -3.1884933270046463 0.0 243.75
55.9441900318254 -3.1884933270046463 ENE 55.94430483685511 -3.188216163144893 0.0 242.5
55.94430483685511 -3.188216163144893 WSW 55.9441900318254 -3.1884933270046463 0.0 241.25
55.9441900318254 -3.1884933270046463 SSE 55.94391286796564 -3.1883785219749368 0.0 240.0
55.94391286796564 -3.1883785219749368 NNW 55.9441900318254 -3.1884933270046463 0.0 238.75
55.9441900318254 -3.1884933270046463 SSW 55.94391286796564 -3.188608132034356 0.0 237.5
55.94391286796564 -3.188608132034356 NNE 55.9441900318254 -3.1884933270046463 0.0 236.25
55.9441900318254 -3.1884933270046463 SE 55.943977899791044 -3.1882811949702905 0.0 235.0
55.943977899791044 -3.1882811949702905 NW 55.9441900318254 -3.1884933270046463 0.0 233.75
55.9441900318254 -3.1884933270046463 SSE 55.94391286796564 -3.1883785219749368 0.0 232.5
55.94391286796564 -3.1883785219749368 NNW 55.9441900318254 -3.1884933270046463 0.0 231.25
55.9441900318254 -3.1884933270046463 SSE 55.94391286796564 -3.1883785219749368 0.0 230.0
55.94391286796564 -3.1883785219749368 NNW 55.9441900318254 -3.1884933270046463 0.0 228.75
55.9441900318254 -3.1884933270046463 S 55.9438900318254 -3.1884933270046463 0.0 227.5
55.9438900318254 -3.1884933270046463 N 55.9441900318254 -3.1884933270046463 0.0 226.25
55.9441900318254 -3.1884933270046463 S 55.9438900318254 -3.1884933270046463 0.0 225.0
55.9438900318254 -3.1884933270046463 NNW 55.944167195685154 -3.188608132034356 0.0 223.75
55.944167195685154 -3.188608132034356 SSE 55.9438900318254 -3.1884933270046463 0.0 222.5
55.9438900318254 -3.1884933270046463 NNE 55.944167195685154 -3.1883785219749368 0.0 221.25
55.944167195685154 -3.1883785219749368 SSW 55.9438900318254 -3.1884933270046463 0.0 220.0
55.9438900318254 -3.1884933270046463 ENE 55.94400483685511 -3.188216163144893 102.29280853271484 251.04067993164062
55.94400483685511 -3.188216163144893 SW 55.94379270482075 -3.1884282951792486 102.29280853271484 249.79067993164062
55.94379270482075 -3.1884282951792486 NE 55.94400483685511 -3.188216163144893 102.29280853271484 248.54067993164062
55.94400483685511 -3.188216163144893 SW 55.94379270482075 -3.1884282951792486 102.29280853271484 247.29067993164062
55.94379270482075 -3.1884282951792486 NE 55.94400483685511 -3.188216163144893 102.29280853271484 246.04067993164062
55.94400483685511 -3.188216163144893 SW 55.94379270482075 -3.1884282951792486 102.29280853271484 244.79067993164062
55.94379270482075 -3.1884282951792486 ENE 55.94390750985046 -3.1881511313194952 102.29280853271484 243.54067993164062
55.94390750985046 -3.1881511313194952 WSW 55.94379270482075 -3.1884282951792486 102.29280853271484 242.29067993164062
55.94379270482075 -3.1884282951792486 ENE 55.94390750985046 -3.1881511313194952 102.29280853271484 241.04067993164062
55.94390750985046 -3.1881511313194952 WSW 55.94379270482075 -3.1884282951792486 102.29280853271484 239.79067993164062
55.94379270482075 -3.1884282951792486 E 55.94379270482075 -3.1881282951792485 102.29280853271484 238.54067993164062
55.94379270482075 -3.1881282951792485 WSW 55.94367789979104 -3.188405459039002 102.29280853271484 237.29067993164062
55.94367789979104 -3.188405459039002 ENE 55.94379270482075 -3.1881282951792485 102.29280853271484 236.04067993164062
55.94379270482075 -3.1881282951792485 SW 55.943580572786395 -3.1883404272136042 102.29280853271484 234.79067993164062
55.943580572786395 -3.1883404272136042 NE 55.94379270482075 -3.1881282951792485 102.29280853271484 233.54067993164062
55.94379270482075 -3.1881282951792485 SW 55.943580572786395 -3.1883404272136042 102.29280853271484 232.29067993164062
55.943580572786395 -3.1883404272136042 NE 55.94379270482075 -3.1881282951792485 102.29280853271484 231.04067993164062
55.94379270482075 -3.1881282951792485 SSW 55.943515540960995 -3.188243100208958 178.72244262695312 352.2606735229492
55.943515540960995 -3.188243100208958 NNE 55.94379270482075 -3.1881282951792485 178.72244262695312 351.0106735229492
55.94379270482075 -3.1881282951792485 SSW 55.943515540960995 -3.188243100208958 178.72244262695312 349.7606735229492
55.943515540960995 -3.188243100208958 NE 55.94372767299535 -3.188030968174602 254.2283172607422 415.29200744628906
55.94372767299535 -3.188030968174602 S 55.94342767299535 -3.188030968174602 254.2283172607422 414.04200744628906
55.94342767299535 -3.188030968174602 N 55.94372767299535 -3.188030968174602 254.2283172607422 412.79200744628906
55.94372767299535 -3.188030968174602 S 55.94342767299535 -3.188030968174602 254.2283172607422 411.54200744628906
55.94342767299535 -3.188030968174602 N 55.94372767299535 -3.188030968174602 254.2283172607422 410.29200744628906
55.94372767299535 -3.188030968174602 SSE 55.943450509135594 -3.1879161631448927 254.2283172607422 409.04200744628906
55.943450509135594 -3.1879161631448927 NNW 55.94372767299535 -3.188030968174602 254.2283172607422 407.79200744628906
55.94372767299535 -3.188030968174602 S 55.94342767299535 -3.188030968174602 254.2283172607422 406.54200744628906
55.94342767299535 -3.188030968174602 N 55.94372767299535 -3.188030968174602 254.2283172607422 405.29200744628906
55.94372767299535 -3.188030968174602 ESE 55.94361286796564 -3.187753804314849 376.3653259277344 511.6109313964844
55.94361286796564 -3.187753804314849 WNW 55.94372767299535 -3.188030968174602 376.3653259277344 510.3609313964844
55.94372767299535 -3.188030968174602 SW 55.943515540960995 -3.188243100208958 376.3653259277344 509.1109313964844
55.943515540960995 -3.188243100208958 NE 55.94372767299535 -3.188030968174602 376.3653259277344 507.8609313964844
55.94372767299535 -3.188030968174602 NW 55.94393980502971 -3.188243100208958 376.3653259277344 506.6109313964844
55.94393980502971 -3.188243100208958 SE 55.94372767299535 -3.188030968174602 376.3653259277344 505.3609313964844
55.94372767299535 -3.188030968174602 NNW 55.94400483685511 -3.1881457732043117 376.3653259277344 504.1109313964844
55.94400483685511 -3.1881457732043117 SSE 55.94372767299535 -3.188030968174602 376.3653259277344 502.8609313964844
55.94372767299535 -3.188030968174602 NNW 55.94400483685511 -3.1881457732043117 376.3653259277344 501.6109313964844
55.94400483685511 -3.1881457732043117 W 55.94400483685511 -3.188445773204312 376.3653259277344 500.3609313964844
55.94400483685511 -3.188445773204312 E 55.94400483685511 -3.1881457732043117 376.3653259277344 499.1109313964844
55.94400483685511 -3.1881457732043117 SW 55.94379270482075 -3.1883579052386675 376.3653259277344 497.8609313964844
55.94379270482075 -3.1883579052386675 ENE 55.94390750985046 -3.188080741378914 376.3653259277344 496.6109313964844
55.94390750985046 -3.188080741378914 NW 55.94411964188482 -3.18829287341327 376.3653259277344 495.3609313964844
55.94411964188482 -3.18829287341327 SE 55.94390750985046 -3.188080741378914 376.3653259277344 494.1109313964844
55.94390750985046 -3.188080741378914 NNW 55.94418467371022 -3.1881955464086236 376.3653259277344 492.8609313964844
55.94418467371022 -3.1881955464086236 SSE 55.94390750985046 -3.188080741378914 376.3653259277344 491.6109313964844
55.94390750985046 -3.188080741378914 NNW 55.94418467371022 -3.1881955464086236 376.3653259277344 490.3609313964844
55.94418467371022 -3.1881955464086236 SSE 55.94390750985046 -3.188080741378914 376.3653259277344 489.1109313964844
55.94390750985046 -3.188080741378914 NNW 55.94418467371022 -3.1881955464086236 376.3653259277344 487.8609313964844
55.94418467371022 -3.1881955464086236 NE 55.944396805744574 -3.187983414374268 376.3653259277344 486.6109313964844
55.944396805744574 -3.187983414374268 SW 55.94418467371022 -3.1881955464086236 376.3653259277344 485.3609313964844
55.94418467371022 -3.1881955464086236 WSW 55.94406986868051 -3.188472710268377 406.5784339904785 606.9657745361328
55.94406986868051 -3.188472710268377 ENE 55.94418467371022 -3.1881955464086236 406.5784339904785 605.7157745361328
55.94418467371022 -3.1881955464086236 SE 55.94397254167586 -3.187983414374268 406.5784339904785 604.4657745361328
55.94397254167586 -3.187983414374268 NW 55.94418467371022 -3.1881955464086236 406.5784339904785 603.2157745361328
55.94418467371022 -3.1881955464086236 NE 55.944396805744574 -3.187983414374268 406.5784339904785 601.9657745361328
55.944396805744574 -3.187983414374268 SW 55.94418467371022 -3.1881955464086236 406.5784339904785 600.7157745361328
55.94418467371022 -3.1881955464086236 NNW 55.944461837569975 -3.188310351438333 406.5784339904785 599.4657745361328
55.944461837569975 -3.188310351438333 SSE 55.94418467371022 -3.1881955464086236 406.5784339904785 598.2157745361328
55.94418467371022 -3.1881955464086236 NNW 55.944461837569975 -3.188310351438333 406.5784339904785 596.9657745361328
55.944461837569975 -3.188310351438333 SE 55.94424970553562 -3.1880982194039773 406.5784339904785 595.7157745361328
55.94424970553562 -3.1880982194039773 WNW 55.94436451056533 -3.1883753832637307 406.5784339904785 594.4657745361328
55.94436451056533 -3.1883753832637307 ESE 55.94424970553562 -3.1880982194039773 406.5784339904785 593.2157745361328
55.94424970553562 -3.1880982194039773 WNW 55.94436451056533 -3.1883753832637307 406.5784339904785 591.9657745361328
55.94436451056533 -3.1883753832637307 ESE 55.94424970553562 -3.1880982194039773 406.5784339904785 590.7157745361328
55.94424970553562 -3.1880982194039773 WNW 55.94436451056533 -3.1883753832637307 406.5784339904785 589.4657745361328
55.94436451056533 -3.1883753832637307 ENE 55.94447931559504 -3.1880982194039773 406.5784339904785 588.2157745361328
55.94447931559504 -3.1880982194039773 WSW 55.94436451056533 -3.1883753832637307 406.5784339904785 586.9657745361328
55.94436451056533 -3.1883753832637307 ENE 55.94447931559504 -3.1880982194039773 406.5784339904785 585.7157745361328
55.94447931559504 -3.1880982194039773 WSW 55.94436451056533 -3.1883753832637307 406.5784339904785 584.4657745361328
55.94436451056533 -3.1883753832637307 ENE 55.94447931559504 -3.1880982194039773 406.5784339904785 583.2157745361328
55.94447931559504 -3.1880982194039773 W 55.94447931559504 -3.1883982194039775 406.5784339904785 581.9657745361328
55.94447931559504 -3.1883982194039775 E 55.94447931559504 -3.1880982194039773 406.5784339904785 580.7157745361328
55.94447931559504 -3.1880982194039773 WNW 55.94459412062475 -3.1883753832637307 406.5784339904785 579.4657745361328
55.94459412062475 -3.1883753832637307 ENE 55.94470892565446 -3.1880982194039773 406.5784339904785 578.2157745361328
55.94470892565446 -3.1880982194039773 SW 55.944496793620104 -3.188310351438333 406.5784339904785 576.9657745361328
55.944496793620104 -3.188310351438333 NE 55.94470892565446 -3.1880982194039773 406.5784339904785 575.7157745361328
55.94470892565446 -3.1880982194039773 WSW 55.94459412062475 -3.1883753832637307 406.5784339904785 574.4657745361328
55.94459412062475 -3.1883753832637307 ENE 55.94470892565446 -3.1880982194039773 406.5784339904785 573.2157745361328
55.94470892565446 -3.1880982194039773 WSW 55.94459412062475 -3.1883753832637307 406.5784339904785 571.9657745361328
55.94459412062475 -3.1883753832637307 ENE 55.94470892565446 -3.1880982194039773 406.5784339904785 570.7157745361328
55.94470892565446 -3.1880982194039773 WSW 55.94459412062475 -3.1883753832637307 406.5784339904785 569.4657745361328
55.94459412062475 -3.1883753832637307 N 55.94489412062475 -3.1883753832637307 406.5784339904785 568.2157745361328
55.94489412062475 -3.1883753832637307 SW 55.944681988590396 -3.1885875152980865 406.5784339904785 566.9657745361328
55.944681988590396 -3.1885875152980865 NE 55.94489412062475 -3.1883753832637307 406.5784339904785 565.7157745361328
55.94489412062475 -3.1883753832637307 SW 55.944681988590396 -3.1885875152980865 406.5784339904785 564.4657745361328
55.944681988590396 -3.1885875152980865 NE 55.94489412062475 -3.1883753832637307 406.5784339904785 563.2157745361328
55.94489412062475 -3.1883753832637307 SSE 55.944616956764996 -3.188260578234021 406.5784339904785 561.9657745361328
55.944616956764996 -3.188260578234021 NNW 55.94489412062475 -3.1883753832637307 406.5784339904785 560.7157745361328
55.94489412062475 -3.1883753832637307 SSE 55.944616956764996 -3.188260578234021 406.5784339904785 559.4657745361328
55.944616956764996 -3.188260578234021 N 55.944916956765 -3.188260578234021 406.5784339904785 558.2157745361328
55.944916956765 -3.188260578234021 WNW 55.94503176179471 -3.1885377420937746 406.5784339904785 556.9657745361328
55.94503176179471 -3.1885377420937746 ESE 55.944916956765 -3.188260578234021 406.5784339904785 555.7157745361328
55.944916956765 -3.188260578234021 ESE 55.94480215173529 -3.187983414374268 406.5784339904785 554.4657745361328
55.94480215173529 -3.187983414374268 WNW 55.944916956765 -3.188260578234021 406.5784339904785 553.2157745361328
55.944916956765 -3.188260578234021 SSW 55.94463979290524 -3.1883753832637307 406.5784339904785 551.9657745361328
55.94463979290524 -3.1883753832637307 NNE 55.944916956765 -3.188260578234021 406.5784339904785 550.7157745361328
55.944916956765 -3.188260578234021 SSW 55.94463979290524 -3.1883753832637307 406.5784339904785 549.4657745361328
55.94463979290524 -3.1883753832637307 NNE 55.944916956765 -3.188260578234021 406.5784339904785 548.2157745361328
55.944916956765 -3.188260578234021 E 55.944916956765 -3.187960578234021 406.5784339904785 546.9657745361328
55.944916956765 -3.187960578234021 W 55.944916956765 -3.188260578234021 406.5784339904785 545.7157745361328
55.944916956765 -3.188260578234021 NE 55.945129088799355 -3.1880484461996654 406.5784339904785 544.4657745361328
55.945129088799355 -3.1880484461996654 SW 55.944916956765 -3.188260578234021 406.5784339904785 543.2157745361328
55.944916956765 -3.188260578234021 ENE 55.94503176179471 -3.187983414374268 406.5784339904785 541.9657745361328
55.94503176179471 -3.187983414374268 W 55.94503176179471 -3.188283414374268 406.5784339904785 540.7157745361328
55.94503176179471 -3.188283414374268 E 55.94503176179471 -3.187983414374268 406.5784339904785 539.4657745361328
55.94503176179471 -3.187983414374268 WNW 55.94514656682442 -3.188260578234021 406.5784339904785 538.2157745361328
55.94514656682442 -3.188260578234021 E 55.94514656682442 -3.187960578234021 406.5784339904785 536.9657745361328
55.94514656682442 -3.187960578234021 W 55.94514656682442 -3.188260578234021 406.5784339904785 535.7157745361328
55.94514656682442 -3.188260578234021 E 55.94514656682442 -3.187960578234021 406.5784339904785 534.4657745361328
55.94514656682442 -3.187960578234021 S 55.94484656682442 -3.187960578234021 406.5784339904785 533.2157745361328
55.94484656682442 -3.187960578234021 N 55.94514656682442 -3.187960578234021 406.5784339904785 531.9657745361328
55.94514656682442 -3.187960578234021 S 55.94484656682442 -3.187960578234021 406.5784339904785 530.7157745361328
55.94484656682442 -3.187960578234021 NE 55.94505869885877 -3.1877484461996652 406.5784339904785 529.4657745361328
55.94505869885877 -3.1877484461996652 SW 55.94484656682442 -3.187960578234021 406.5784339904785 528.2157745361328
55.94484656682442 -3.187960578234021 NNW 55.94512373068417 -3.1880753832637305 406.5784339904785 526.9657745361328
55.94512373068417 -3.1880753832637305 SSE 55.94484656682442 -3.187960578234021 406.5784339904785 525.7157745361328
55.94484656682442 -3.187960578234021 WSW 55.944731761794706 -3.1882377420937744 406.5784339904785 524.4657745361328
55.944731761794706 -3.1882377420937744 ENE 55.94484656682442 -3.187960578234021 406.5784339904785 523.2157745361328
55.94484656682442 -3.187960578234021 NNW 55.94512373068417 -3.1880753832637305 406.5784339904785 521.9657745361328
55.94512373068417 -3.1880753832637305 SSE 55.94484656682442 -3.187960578234021 406.5784339904785 520.7157745361328
55.94484656682442 -3.187960578234021 SW 55.94463443479006 -3.188172710268377 406.5784339904785 519.4657745361328
55.94463443479006 -3.188172710268377 NE 55.94484656682442 -3.187960578234021 406.5784339904785 518.2157745361328
55.94484656682442 -3.187960578234021 SW 55.94463443479006 -3.188172710268377 406.5784339904785 516.9657745361328
55.94463443479006 -3.188172710268377 NE 55.94484656682442 -3.187960578234021 406.5784339904785 515.7157745361328
55.94484656682442 -3.187960578234021 WSW 55.944731761794706 -3.1882377420937744 406.5784339904785 514.4657745361328
55.944731761794706 -3.1882377420937744 E 55.944731761794706 -3.1879377420937742 406.5784339904785 513.2157745361328
55.944731761794706 -3.1879377420937742 W 55.944731761794706 -3.1882377420937744 406.5784339904785 511.9657745361328
55.944731761794706 -3.1882377420937744 ESE 55.944616956764996 -3.187960578234021 406.5784339904785 510.7157745361328
55.944616956764996 -3.187960578234021 NNW 55.94489412062475 -3.1880753832637305 406.5784339904785 509.4657745361328
55.94489412062475 -3.1880753832637305 SSE 55.944616956764996 -3.187960578234021 406.5784339904785 508.2157745361328
55.944616956764996 -3.187960578234021 WNW 55.944731761794706 -3.1882377420937744 406.5784339904785 506.9657745361328
55.944731761794706 -3.1882377420937744 ESE 55.944616956764996 -3.187960578234021 406.5784339904785 505.7157745361328
55.944616956764996 -3.187960578234021 NNW 55.94489412062475 -3.1880753832637305 406.5784339904785 504.4657745361328
55.94489412062475 -3.1880753832637305 SSE 55.944616956764996 -3.187960578234021 406.5784339904785 503.2157745361328
55.944616956764996 -3.187960578234021 NNE 55.94489412062475 -3.1878457732043115 406.5784339904785 501.9657745361328
55.94489412062475 -3.1878457732043115 SSW 55.944616956764996 -3.187960578234021 406.5784339904785 500.7157745361328
55.944616956764996 -3.187960578234021 N 55.944916956765 -3.187960578234021 406.5784339904785 499.4657745361328
55.944916956765 -3.187960578234021 S 55.944616956764996 -3.187960578234021 406.5784339904785 498.2157745361328
55.944616956764996 -3.187960578234021 NE 55.94482908879935 -3.1877484461996652 406.5784339904785 496.9657745361328
55.94482908879935 -3.1877484461996652 SW 55.944616956764996 -3.187960578234021 406.5784339904785 495.7157745361328
55.944616956764996 -3.187960578234021 NE 55.94482908879935 -3.1877484461996652 406.5784339904785 494.4657745361328
55.94482908879935 -3.1877484461996652 SW 55.944616956764996 -3.187960578234021 406.5784339904785 493.2157745361328
55.944616956764996 -3.187960578234021 E 55.944616956764996 -3.187660578234021 406.5784339904785 491.9657745361328
55.944616956764996 -3.187660578234021 W 55.944616956764996 -3.187960578234021 406.5784339904785 490.7157745361328
55.944616956764996 -3.187960578234021 ESE 55.944502151735286 -3.1876834143742676 406.5784339904785 489.4657745361328
55.944502151735286 -3.1876834143742676 WNW 55.944616956764996 -3.187960578234021 406.5784339904785 488.2157745361328
55.944616956764996 -3.187960578234021 ESE 55.944502151735286 -3.1876834143742676 406.5784339904785 486.9657745361328
55.944502151735286 -3.1876834143742676 WNW 55.944616956764996 -3.187960578234021 406.5784339904785 485.7157745361328
55.944616956764996 -3.187960578234021 SE 55.94440482473064 -3.1877484461996652 406.5784339904785 484.4657745361328
55.94440482473064 -3.1877484461996652 NW 55.944616956764996 -3.187960578234021 406.5784339904785 483.2157745361328
55.944616956764996 -3.187960578234021 SE 55.94440482473064 -3.1877484461996652 406.5784339904785 481.9657745361328
55.94440482473064 -3.1877484461996652 NW 55.944616956764996 -3.187960578234021 406.5784339904785 480.7157745361328
55.944616956764996 -3.187960578234021 NNW 55.94489412062475 -3.1880753832637305 406.5784339904785 479.4657745361328
55.94489412062475 -3.1880753832637305 SSE 55.944616956764996 -3.187960578234021 406.5784339904785 478.2157745361328
55.944616956764996 -3.187960578234021 SW 55.94440482473064 -3.188172710268377 406.5784339904785 476.9657745361328
55.94440482473064 -3.188172710268377 NE 55.944616956764996 -3.187960578234021 406.5784339904785 475.7157745361328
55.944616956764996 -3.187960578234021 WSW 55.944502151735286 -3.1882377420937744 406.5784339904785 474.4657745361328
55.944502151735286 -3.1882377420937744 ENE 55.944616956764996 -3.187960578234021 406.5784339904785 473.2157745361328
55.944616956764996 -3.187960578234021 SW 55.94440482473064 -3.188172710268377 406.5784339904785 471.9657745361328
55.94440482473064 -3.188172710268377 NE 55.944616956764996 -3.187960578234021 406.5784339904785 470.7157745361328
55.944616956764996 -3.187960578234021 SW 55.94440482473064 -3.188172710268377 406.5784339904785 469.4657745361328
55.94440482473064 -3.188172710268377 ENE 55.94451962976035 -3.1878955464086234 406.5784339904785 468.2157745361328
55.94451962976035 -3.1878955464086234 SW 55.944307497725994 -3.188107678442979 406.5784339904785 466.9657745361328
55.944307497725994 -3.188107678442979 NNE 55.94458466158575 -3.1879928734132696 406.5784339904785 465.7157745361328
55.94458466158575 -3.1879928734132696 S 55.94428466158575 -3.1879928734132696 406.5784339904785 464.4657745361328
55.94428466158575 -3.1879928734132696 N 55.94458466158575 -3.1879928734132696 406.5784339904785 463.2157745361328
55.94458466158575 -3.1879928734132696 S 55.94428466158575 -3.1879928734132696 406.5784339904785 461.9657745361328
55.94428466158575 -3.1879928734132696 NNE 55.944561825445504 -3.18787806838356 406.5784339904785 460.7157745361328
55.944561825445504 -3.18787806838356 SSW 55.94428466158575 -3.1879928734132696 406.5784339904785 459.4657745361328
55.94428466158575 -3.1879928734132696 N 55.94458466158575 -3.1879928734132696 406.5784339904785 458.2157745361328
55.94458466158575 -3.1879928734132696 S 55.94428466158575 -3.1879928734132696 406.5784339904785 456.9657745361328
55.94428466158575 -3.1879928734132696 ENE 55.94439946661546 -3.1877157095535162 406.5784339904785 455.7157745361328
55.94439946661546 -3.1877157095535162 W 55.94439946661546 -3.1880157095535164 406.5784339904785 454.4657745361328
55.94439946661546 -3.1880157095535164 E 55.94439946661546 -3.1877157095535162 406.5784339904785 453.2157745361328
55.94439946661546 -3.1877157095535162 WSW 55.94428466158575 -3.1879928734132696 406.5784339904785 451.9657745361328
55.94428466158575 -3.1879928734132696 ENE 55.94439946661546 -3.1877157095535162 406.5784339904785 450.7157745361328
55.94439946661546 -3.1877157095535162 SW 55.9441873345811 -3.187927841587872 406.5784339904785 449.4657745361328
55.9441873345811 -3.187927841587872 ENE 55.94430213961081 -3.1876506777281186 406.5784339904785 448.2157745361328
55.94430213961081 -3.1876506777281186 SSE 55.944024975751056 -3.187535872698409 505.6992378234863 499.04519271850586
55.944024975751056 -3.187535872698409 NNW 55.94430213961081 -3.1876506777281186 505.6992378234863 497.79519271850586
55.94430213961081 -3.1876506777281186 ESE 55.9441873345811 -3.187373513868365 505.6992378234863 496.54519271850586
55.9441873345811 -3.187373513868365 WNW 55.94430213961081 -3.1876506777281186 505.6992378234863 495.29519271850586
55.94430213961081 -3.1876506777281186 SW 55.944090007576456 -3.1878628097624744 605.927059173584 578.2314186096191
55.944090007576456 -3.1878628097624744 NE 55.94430213961081 -3.1876506777281186 605.927059173584 576.9814186096191
55.94430213961081 -3.1876506777281186 ESE 55.9441873345811 -3.187373513868365 605.927059173584 575.7314186096191
55.9441873345811 -3.187373513868365 NW 55.94439946661546 -3.187585645902721 605.927059173584 574.4814186096191
55.94439946661546 -3.187585645902721 ESE 55.94428466158575 -3.1873084820429676 605.927059173584 573.2314186096191
55.94428466158575 -3.1873084820429676 WNW 55.94439946661546 -3.187585645902721 605.927059173584 571.9814186096191
55.94439946661546 -3.187585645902721 ESE 55.94428466158575 -3.1873084820429676 605.927059173584 570.7314186096191
55.94428466158575 -3.1873084820429676 W 55.94428466158575 -3.1876084820429678 605.927059173584 569.4814186096191
55.94428466158575 -3.1876084820429678 E 55.94428466158575 -3.1873084820429676 605.927059173584 568.2314186096191
55.94428466158575 -3.1873084820429676 ESE 55.94416985655604 -3.187031318183214 605.927059173584 566.9814186096191
55.94416985655604 -3.187031318183214 WNW 55.94428466158575 -3.1873084820429676 605.927059173584 565.7314186096191
55.94428466158575 -3.1873084820429676 NE 55.944496793620104 -3.187096350008612 605.927059173584 564.4814186096191
55.944496793620104 -3.187096350008612 SW 55.94428466158575 -3.1873084820429676 605.927059173584 563.2314186096191
55.94428466158575 -3.1873084820429676 WSW 55.94416985655604 -3.187585645902721 605.927059173584 561.9814186096191
55.94416985655604 -3.187585645902721 ENE 55.94428466158575 -3.1873084820429676 605.927059173584 560.7314186096191
55.94428466158575 -3.1873084820429676 WSW 55.94416985655604 -3.187585645902721 605.927059173584 559.4814186096191
55.94416985655604 -3.187585645902721 ENE 55.94428466158575 -3.1873084820429676 605.927059173584 558.2314186096191
55.94428466158575 -3.1873084820429676 WSW 55.94416985655604 -3.187585645902721 605.927059173584 556.9814186096191
55.94416985655604 -3.187585645902721 ENE 55.94428466158575 -3.1873084820429676 605.927059173584 555.7314186096191
55.94428466158575 -3.1873084820429676 WSW 55.94416985655604 -3.187585645902721 605.927059173584 554.4814186096191
55.94416985655604 -3.187585645902721 E 55.94416985655604 -3.187285645902721 605.927059173584 553.2314186096191
55.94416985655604 -3.187285645902721 W 55.94416985655604 -3.187585645902721 605.927059173584 551.9814186096191
55.94416985655604 -3.187585645902721 ESE 55.94405505152633 -3.1873084820429676 605.927059173584 550.7314186096191
55.94405505152633 -3.1873084820429676 WNW 55.94416985655604 -3.187585645902721 605.927059173584 549.4814186096191
55.94416985655604 -3.187585645902721 ESE 55.94405505152633 -3.1873084820429676 605.927059173584 548.2314186096191
55.94405505152633 -3.1873084820429676 ENE 55.94416985655604 -3.187031318183214 605.927059173584 546.9814186096191
55.94416985655604 -3.187031318183214 WSW 55.94405505152633 -3.1873084820429676 605.927059173584 545.7314186096191
55.94405505152633 -3.1873084820429676 N 55.94435505152633 -3.1873084820429676 605.927059173584 544.4814186096191
55.94435505152633 -3.1873084820429676 S 55.94405505152633 -3.1873084820429676 605.927059173584 543.2314186096191
55.94405505152633 -3.1873084820429676 NE 55.94426718356068 -3.187096350008612 605.927059173584 541.9814186096191
55.94426718356068 -3.187096350008612 SW 55.94405505152633 -3.1873084820429676 605.927059173584 540.7314186096191
55.94405505152633 -3.1873084820429676 NE 55.94426718356068 -3.187096350008612 605.927059173584 539.4814186096191
55.94426718356068 -3.187096350008612 SSW 55.94399001970093 -3.1872111550383213 711.8137168884277 626.4036293029785
55.94399001970093 -3.1872111550383213 NNE 55.94426718356068 -3.187096350008612 711.8137168884277 625.1536293029785
55.94426718356068 -3.187096350008612 S 55.94396718356068 -3.187096350008612 711.8137168884277 623.9036293029785
55.94396718356068 -3.187096350008612 N 55.94426718356068 -3.187096350008612 711.8137168884277 622.6536293029785
55.94426718356068 -3.187096350008612 S 55.94396718356068 -3.187096350008612 711.8137168884277 621.4036293029785
55.94396718356068 -3.187096350008612 N 55.94426718356068 -3.187096350008612 711.8137168884277 620.1536293029785
55.94426718356068 -3.187096350008612 S 55.94396718356068 -3.187096350008612 711.8137168884277 618.9036293029785
55.94396718356068 -3.187096350008612 N 55.94426718356068 -3.187096350008612 711.8137168884277 617.6536293029785
55.94426718356068 -3.187096350008612 S 55.94396718356068 -3.187096350008612 711.8137168884277 616.4036293029785
55.94396718356068 -3.187096350008612 E 55.94396718356068 -3.1867963500086116 781.734058380127 680.002368927002
55.94396718356068 -3.1867963500086116 W 55.94396718356068 -3.187096350008612 781.734058380127 678.752368927002
