55.944425 -3.188396 WNW 55.94453980502971 -3.1886731638597534 0.0 248.75
55.94453980502971 -3.1886731638597534 E 55.94453980502971 -3.1883731638597532 0.0 247.5
55.94453980502971 -3.1883731638597532 SE 55.94432767299536 -3.1881610318253975 0.0 246.25
55.94432767299536 -3.1881610318253975 NW 55.94453980502971 -3.1883731638597532 0.0 245.0
55.94453980502971 -3.1883731638597532 SSE 55.944262641169956 -3.1882583588300437 0.0 243.75
55.944262641169956 -3.1882583588300437 NNW 55.94453980502971 -3.1883731638597532 0.0 242.5
55.94453980502971 -3.1883731638597532 SSE 55.944262641169956 -3.1882583588300437 0.0 241.25
55.944262641169956 -3.1882583588300437 NNW 55.94453980502971 -3.1883731638597532 0.0 240.0
55.94453980502971 -3.1883731638597532 ESE 55.944425 -3.188096 0.0 238.75
55.944425 -3.188096 WNW 55.94453980502971 -3.1883731638597532 0.0 237.5
55.94453980502971 -3.1883731638597532 ESE 55.944425 -3.188096 0.0 236.25
55.944425 -3.188096 NW 55.94463713203436 -3.1883081320343556 0.0 235.0
55.94463713203436 -3.1883081320343556 E 55.94463713203436 -3.1880081320343554 0.0 233.75
55.94463713203436 -3.1880081320343554 W 55.94463713203436 -3.1883081320343556 0.0 232.5
55.94463713203436 -3.1883081320343556 SE 55.944425 -3.188096 0.0 231.25
55.944425 -3.188096 NW 55.94463713203436 -3.1883081320343556 0.0 230.0
55.94463713203436 -3.1883081320343556 ENE 55.94475193706407 -3.188030968174602 0.0 228.75
55.94475193706407 -3.188030968174602 WSW 55.94463713203436 -3.1883081320343556 0.0 227.5
55.94463713203436 -3.1883081320343556 W 55.94463713203436 -3.188608132034356 0.0 226.25
55.94463713203436 -3.188608132034356 ENE 55.94475193706407 -3.1883309681746024 0.0 225.0
55.94475193706407 -3.1883309681746024 WSW 55.94463713203436 -3.188608132034356 0.0 223.75
55.94463713203436 -3.188608132034356 ENE 55.94475193706407 -3.1883309681746024 0.0 222.5
55.94475193706407 -3.1883309681746024 WNW 55.94486674209378 -3.188608132034356 0.0 221.25
55.94486674209378 -3.188608132034356 ESE 55.94475193706407 -3.1883309681746024 0.0 220.0
55.94475193706407 -3.1883309681746024 NE 55.944964069098425 -3.1881188361402466 0.0 218.75
55.944964069098425 -3.1881188361402466 WSW 55.944849264068715 -3.188396 0.0 217.5
55.944849264068715 -3.188396 ENE 55.944964069098425 -3.1881188361402466 0.0 216.25
55.944964069098425 -3.1881188361402466 WSW 55.944849264068715 -3.188396 0.0 215.0
55.944849264068715 -3.188396 ENE 55.944964069098425 -3.1881188361402466 0.0 213.75
55.944964069098425 -3.1881188361402466 WSW 55.944849264068715 -3.188396 0.0 212.5
55.944849264068715 -3.188396 ENE 55.944964069098425 -3.1881188361402466 0.0 211.25
55.944964069098425 -3.1881188361402466 NNW 55.94524123295818 -3.188233641169956 0.0 210.0
55.94524123295818 -3.188233641169956 SSE 55.944964069098425 -3.1881188361402466 0.0 208.75
55.944964069098425 -3.1881188361402466 S 55.94466406909842 -3.1881188361402466 0.0 207.5
55.94466406909842 -3.1881188361402466 N 55.944964069098425 -3.1881188361402466 0.0 206.25
55.944964069098425 -3.1881188361402466 SW 55.94475193706407 -3.1883309681746024 0.0 205.0
55.94475193706407 -3.1883309681746024 N 55.94505193706407 -3.1883309681746024 0.0 203.75
55.94505193706407 -3.1883309681746024 S 55.94475193706407 -3.1883309681746024 0.0 202.5
55.94475193706407 -3.1883309681746024 NNW 55.945029100923826 -3.188445773204312 0.0 201.25
55.945029100923826 -3.188445773204312 SE 55.94481696888947 -3.188233641169956 0.0 200.0
55.94481696888947 -3.188233641169956 NW 55.945029100923826 -3.188445773204312 0.0 198.75
55.945029100923826 -3.188445773204312 SSE 55.94475193706407 -3.1883309681746024 0.0 197.5
55.94475193706407 -3.1883309681746024 N 55.94505193706407 -3.1883309681746024 0.0 196.25
55.94505193706407 -3.1883309681746024 ENE 55.94516674209378 -3.188053804314849 0.0 195.0
55.94516674209378 -3.188053804314849 WSW 55.94505193706407 -3.1883309681746024 0.0 193.75
55.94505193706407 -3.1883309681746024 SSE 55.944774773204315 -3.188216163144893 0.0 192.5
55.944774773204315 -3.188216163144893 NNW 55.94505193706407 -3.1883309681746024 0.0 191.25
55.94505193706407 -3.1883309681746024 SW 55.944839805029716 -3.188543100208958 0.0 190.0
55.944839805029716 -3.188543100208958 NE 55.94505193706407 -3.1883309681746024 0.0 188.75
55.94505193706407 -3.1883309681746024 NW 55.94526406909843 -3.188543100208958 0.0 187.5
55.94526406909843 -3.188543100208958 SSE 55.94498690523867 -3.1884282951792486 0.0 186.25
55.94498690523867 -3.1884282951792486 NW 55.94519903727303 -3.1886404272136044 0.0 185.0
55.94519903727303 -3.1886404272136044 SE 55.94498690523867 -3.1884282951792486 0.0 183.75
55.94498690523867 -3.1884282951792486 W 55.94498690523867 -3.188728295179249 0.0 182.5
55.94498690523867 -3.188728295179249 ENE 55.94510171026838 -3.1884511313194954 0.0 181.25
55.94510171026838 -3.1884511313194954 WSW 55.94498690523867 -3.188728295179249 0.0 180.0
55.94498690523867 -3.188728295179249 NNE 55.94526406909843 -3.1886134901495393 0.0 178.75
55.94526406909843 -3.1886134901495393 SSW 55.94498690523867 -3.188728295179249 0.0 177.5
55.94498690523867 -3.188728295179249 S 55.94468690523867 -3.188728295179249 0.0 176.25
55.94468690523867 -3.188728295179249 N 55.94498690523867 -3.188728295179249 0.0 175.0
55.94498690523867 -3.188728295179249 SSW 55.944709741378915 -3.1888431002089583 0.0 173.75
55.944709741378915 -3.1888431002089583 NNE 55.94498690523867 -3.188728295179249 0.0 172.5
55.94498690523867 -3.188728295179249 SSW 55.944709741378915 -3.1888431002089583 0.0 171.25
55.944709741378915 -3.1888431002089583 N 55.94500974137892 -3.1888431002089583 0.0 170.0
55.94500974137892 -3.1888431002089583 S 55.944709741378915 -3.1888431002089583 0.0 168.75
55.944709741378915 -3.1888431002089583 N 55.94500974137892 -3.1888431002089583 0.0 167.5
55.94500974137892 -3.1888431002089583 S 55.944709741378915 -3.1888431002089583 0.0 166.25
55.944709741378915 -3.1888431002089583 NNW 55.94498690523867 -3.188957905238668 0.0 165.0
55.94498690523867 -3.188957905238668 SSE 55.944709741378915 -3.1888431002089583 0.0 163.75
55.944709741378915 -3.1888431002089583 NW 55.94492187341327 -3.189055232243314 0.0 162.5
55.94492187341327 -3.189055232243314 ESE 55.94480706838356 -3.1887780683835607 0.0 161.25
55.94480706838356 -3.1887780683835607 WNW 55.94492187341327 -3.189055232243314 0.0 160.0
55.94492187341327 -3.189055232243314 SE 55.944709741378915 -3.1888431002089583 0.0 158.75
55.944709741378915 -3.1888431002089583 NW 55.94492187341327 -3.189055232243314 0.0 157.5
55.94492187341327 -3.189055232243314 WNW 55.94503667844298 -3.1893323961030675 0.0 156.25
55.94503667844298 -3.1893323961030675 ESE 55.94492187341327 -3.189055232243314 0.0 155.0
55.94492187341327 -3.189055232243314 ENE 55.94503667844298 -3.1887780683835607 0.0 153.75
55.94503667844298 -3.1887780683835607 WSW 55.94492187341327 -3.189055232243314 0.0 152.5
55.94492187341327 -3.189055232243314 ENE 55.94503667844298 -3.1887780683835607 0.0 151.25
55.94503667844298 -3.1887780683835607 WSW 55.94492187341327 -3.189055232243314 0.0 150.0
55.94492187341327 -3.189055232243314 ENE 55.94503667844298 -3.1887780683835607 0.0 148.75
55.94503667844298 -3.1887780683835607 E 55.94503667844298 -3.1884780683835605 0.0 147.5
55.94503667844298 -3.1884780683835605 W 55.94503667844298 -3.1887780683835607 0.0 146.25
55.94503667844298 -3.1887780683835607 NNE 55.94531384230274 -3.188663263353851 0.0 145.0
55.94531384230274 -3.188663263353851 SSW 55.94503667844298 -3.1887780683835607 0.0 143.75
55.94503667844298 -3.1887780683835607 N 55.945336678442985 -3.1887780683835607 0.0 142.5
55.945336678442985 -3.1887780683835607 SSE 55.94505951458323 -3.188663263353851 0.0 141.25
55.94505951458323 -3.188663263353851 N 55.94535951458323 -3.188663263353851 0.0 140.0
55.94535951458323 -3.188663263353851 SSE 55.945082350723474 -3.1885484583241417 0.0 138.75
55.945082350723474 -3.1885484583241417 NW 55.94529448275783 -3.1887605903584975 0.0 137.5
55.94529448275783 -3.1887605903584975 SE 55.945082350723474 -3.1885484583241417 0.0 136.25
55.945082350723474 -3.1885484583241417 NNW 55.94535951458323 -3.188663263353851 0.0 135.0
55.94535951458323 -3.188663263353851 ENE 55.94547431961294 -3.188386099494098 0.0 133.75
55.94547431961294 -3.188386099494098 SW 55.945262187578585 -3.1885982315284536 0.0 132.5
55.945262187578585 -3.1885982315284536 ESE 55.945147382548875 -3.1883210676687 0.0 131.25
55.945147382548875 -3.1883210676687 NNW 55.94542454640863 -3.1884358726984097 0.0 130.0
55.94542454640863 -3.1884358726984097 SSE 55.945147382548875 -3.1883210676687 0.0 128.75
55.945147382548875 -3.1883210676687 NNW 55.94542454640863 -3.1884358726984097 0.0 127.5
55.94542454640863 -3.1884358726984097 SSE 55.945147382548875 -3.1883210676687 0.0 126.25
55.945147382548875 -3.1883210676687 ENE 55.945262187578585 -3.1880439038089468 0.0 125.0
55.945262187578585 -3.1880439038089468 W 55.945262187578585 -3.188343903808947 0.0 123.75
55.945262187578585 -3.188343903808947 SE 55.94505005554423 -3.188131771774591 0.0 122.5
55.94505005554423 -3.188131771774591 NW 55.945262187578585 -3.188343903808947 0.0 121.25
55.945262187578585 -3.188343903808947 SE 55.94505005554423 -3.188131771774591 0.0 120.0
55.94505005554423 -3.188131771774591 WNW 55.94516486057394 -3.1884089356343446 0.0 118.75
55.94516486057394 -3.1884089356343446 SE 55.94495272853958 -3.188196803599989 0.0 117.5
55.94495272853958 -3.188196803599989 NNE 55.94522989239934 -3.1880819985702793 0.0 116.25
55.94522989239934 -3.1880819985702793 SSW 55.94495272853958 -3.188196803599989 0.0 115.0
55.94495272853958 -3.188196803599989 NE 55.94516486057394 -3.187984671565633 0.0 113.75
55.94516486057394 -3.187984671565633 WSW 55.94505005554423 -3.1882618354253864 0.0 112.5
55.94505005554423 -3.1882618354253864 NE 55.945262187578585 -3.1880497033910307 0.0 111.25
55.945262187578585 -3.1880497033910307 ENE 55.945376992608296 -3.1877725395312773 0.0 110.0
55.945376992608296 -3.1877725395312773 WSW 55.945262187578585 -3.1880497033910307 0.0 108.75
55.945262187578585 -3.1880497033910307 N 55.94556218757859 -3.1880497033910307 0.0 107.5
55.94556218757859 -3.1880497033910307 S 55.945262187578585 -3.1880497033910307 0.0 106.25
55.945262187578585 -3.1880497033910307 WSW 55.945147382548875 -3.188326867250784 0.0 105.0
55.945147382548875 -3.188326867250784 ENE 55.945262187578585 -3.1880497033910307 0.0 103.75
55.945262187578585 -3.1880497033910307 ENE 55.945376992608296 -3.1877725395312773 0.0 102.5
55.945376992608296 -3.1877725395312773 WSW 55.945262187578585 -3.1880497033910307 0.0 101.25
55.945262187578585 -3.1880497033910307 NNE 55.94553935143834 -3.187934898361321 0.0 100.0
55.94553935143834 -3.187934898361321 SSW 55.945262187578585 -3.1880497033910307 0.0 98.75
55.945262187578585 -3.1880497033910307 N 55.94556218757859 -3.1880497033910307 0.0 97.5
55.94556218757859 -3.1880497033910307 S 55.945262187578585 -3.1880497033910307 0.0 96.25
55.945262187578585 -3.1880497033910307 N 55.94556218757859 -3.1880497033910307 0.0 95.0
55.94556218757859 -3.1880497033910307 W 55.94556218757859 -3.188349703391031 0.0 93.75
55.94556218757859 -3.188349703391031 E 55.94556218757859 -3.1880497033910307 0.0 92.5
55.94556218757859 -3.1880497033910307 SSW 55.94528502371883 -3.18816450842074 0.0 91.25
55.94528502371883 -3.18816450842074 NNE 55.94556218757859 -3.1880497033910307 0.0 90.0
55.94556218757859 -3.1880497033910307 W 55.94556218757859 -3.188349703391031 0.0 88.75
55.94556218757859 -3.188349703391031 E 55.94556218757859 -3.1880497033910307 0.0 87.5
55.94556218757859 -3.1880497033910307 W 55.94556218757859 -3.188349703391031 0.0 86.25
55.94556218757859 -3.188349703391031 E 55.94556218757859 -3.1880497033910307 0.0 85.0
55.94556218757859 -3.1880497033910307 W 55.94556218757859 -3.188349703391031 0.0 83.75
55.94556218757859 -3.188349703391031 NNW 55.945839351438345 -3.1884645084207404 0.0 82.5
55.945839351438345 -3.1884645084207404 SSE 55.94556218757859 -3.188349703391031 0.0 81.25
55.94556218757859 -3.188349703391031 SSE 55.94528502371883 -3.1882348983613213 0.0 80.0
55.94528502371883 -3.1882348983613213 NNW 55.94556218757859 -3.188349703391031 0.0 78.75
55.94556218757859 -3.188349703391031 S 55.945262187578585 -3.188349703391031 0.0 77.5
55.945262187578585 -3.188349703391031 NNW 55.94553935143834 -3.1884645084207404 0.0 76.25
55.94553935143834 -3.1884645084207404 SSE 55.945262187578585 -3.188349703391031 0.0 75.0
55.945262187578585 -3.188349703391031 NNW 55.94553935143834 -3.1884645084207404 0.0 73.75
55.94553935143834 -3.1884645084207404 SSW 55.945262187578585 -3.18857931345045 0.0 72.5
55.945262187578585 -3.18857931345045 NNE 55.94553935143834 -3.1884645084207404 0.0 71.25
55.94553935143834 -3.1884645084207404 SSW 55.945262187578585 -3.18857931345045 0.0 70.0
55.945262187578585 -3.18857931345045 NNE 55.94553935143834 -3.1884645084207404 0.0 68.75
55.94553935143834 -3.1884645084207404 WSW 55.94542454640863 -3.1887416722804938 0.0 67.5
55.94542454640863 -3.1887416722804938 ENE 55.94553935143834 -3.1884645084207404 0.0 66.25
55.94553935143834 -3.1884645084207404 NNW 55.9458165152981 -3.18857931345045 0.0 65.0
55.9458165152981 -3.18857931345045 SSE 55.94553935143834 -3.1884645084207404 0.0 63.75
55.94553935143834 -3.1884645084207404 N 55.945839351438345 -3.1884645084207404 0.0 62.5
55.945839351438345 -3.1884645084207404 S 55.94553935143834 -3.1884645084207404 0.0 61.25
55.94553935143834 -3.1884645084207404 NNW 55.9458165152981 -3.18857931345045 0.0 60.0
55.9458165152981 -3.18857931345045 SSE 55.94553935143834 -3.1884645084207404 0.0 58.75
55.94553935143834 -3.1884645084207404 NW 55.9457514834727 -3.188676640455096 0.0 57.5
55.9457514834727 -3.188676640455096 SSE 55.94547431961294 -3.1885618354253866 0.0 56.25
55.94547431961294 -3.1885618354253866 NNW 55.9457514834727 -3.188676640455096 0.0 55.0
55.9457514834727 -3.188676640455096 S 55.945451483472695 -3.188676640455096 0.0 53.75
55.945451483472695 -3.188676640455096 N 55.9457514834727 -3.188676640455096 0.0 52.5
55.9457514834727 -3.188676640455096 SSW 55.94547431961294 -3.1887914454848056 0.0 51.25
55.94547431961294 -3.1887914454848056 NNE 55.9457514834727 -3.188676640455096 0.0 50.0
55.9457514834727 -3.188676640455096 WSW 55.94563667844299 -3.1889538043148495 0.0 48.75
55.94563667844299 -3.1889538043148495 ENE 55.9457514834727 -3.188676640455096 0.0 47.5
55.9457514834727 -3.188676640455096 NNW 55.946028647332454 -3.1887914454848056 0.0 46.25
55.946028647332454 -3.1887914454848056 SSE 55.9457514834727 -3.188676640455096 0.0 45.0
55.9457514834727 -3.188676640455096 NW 55.945963615507054 -3.188888772489452 0.0 43.75
55.945963615507054 -3.188888772489452 ESE 55.945848810477344 -3.1886116086296985 0.0 42.5
55.945848810477344 -3.1886116086296985 NW 55.9460609425117 -3.1888237406640543 0.0 41.25
55.9460609425117 -3.1888237406640543 SE 55.945848810477344 -3.1886116086296985 0.0 40.0
55.945848810477344 -3.1886116086296985 NNW 55.9461259743371 -3.188726413659408 0.0 38.75
55.9461259743371 -3.188726413659408 SSE 55.945848810477344 -3.1886116086296985 0.0 37.5
55.945848810477344 -3.1886116086296985 N 55.94614881047735 -3.1886116086296985 0.0 36.25
55.94614881047735 -3.1886116086296985 S 55.945848810477344 -3.1886116086296985 0.0 35.0
55.945848810477344 -3.1886116086296985 ESE 55.94573400544763 -3.188334444769945 0.0 33.75
55.94573400544763 -3.188334444769945 WNW 55.945848810477344 -3.1886116086296985 0.0 32.5
55.945848810477344 -3.1886116086296985 ESE 55.94573400544763 -3.188334444769945 0.0 31.25
55.94573400544763 -3.188334444769945 NW 55.94594613748199 -3.188546576804301 0.0 30.0
55.94594613748199 -3.188546576804301 SE 55.94573400544763 -3.188334444769945 0.0 28.75
55.94573400544763 -3.188334444769945 NW 55.94594613748199 -3.188546576804301 0.0 27.5
55.94594613748199 -3.188546576804301 ESE 55.94583133245228 -3.1882694129445475 0.0 26.25
55.94583133245228 -3.1882694129445475 NW 55.946043464486635 -3.1884815449789032 0.0 25.0
55.946043464486635 -3.1884815449789032 SE 55.94583133245228 -3.1882694129445475 0.0 23.75
55.94583133245228 -3.1882694129445475 NNW 55.946108496312036 -3.188384217974257 0.0 22.5
55.946108496312036 -3.188384217974257 SSE 55.94583133245228 -3.1882694129445475 0.0 21.25
55.94583133245228 -3.1882694129445475 WSW 55.94571652742257 -3.188546576804301 0.0 20.0
55.94571652742257 -3.188546576804301 ENE 55.94583133245228 -3.1882694129445475 0.0 18.75
55.94583133245228 -3.1882694129445475 WSW 55.94571652742257 -3.188546576804301 0.0 17.5
55.94571652742257 -3.188546576804301 ENE 55.94583133245228 -3.1882694129445475 0.0 16.25
55.94583133245228 -3.1882694129445475 SW 55.94561920041792 -3.1884815449789032 0.0 15.0
55.94561920041792 -3.1884815449789032 NNE 55.94589636427768 -3.1883667399491937 0.0 13.75
55.94589636427768 -3.1883667399491937 SSW 55.94561920041792 -3.1884815449789032 0.0 12.5
55.94561920041792 -3.1884815449789032 NNE 55.94589636427768 -3.1883667399491937 0.0 11.25
55.94589636427768 -3.1883667399491937 S 55.94559636427768 -3.1883667399491937 0.0 10.0
55.94559636427768 -3.1883667399491937 NNE 55.94587352813743 -3.188251934919484 0.0 8.75
55.94587352813743 -3.188251934919484 SSW 55.94559636427768 -3.1883667399491937 0.0 7.5
55.94559636427768 -3.1883667399491937 NE 55.94580849631203 -3.188154607914838 0.0 6.25
55.94580849631203 -3.188154607914838 SSW 55.945531332452276 -3.1882694129445475 0.0 5.0
55.945531332452276 -3.1882694129445475 NNE 55.94580849631203 -3.188154607914838 0.0 3.75
55.94580849631203 -3.188154607914838 SE 55.94559636427768 -3.187942475880482 0.0 2.5
55.94559636427768 -3.187942475880482 NW 55.94580849631203 -3.188154607914838 0.0 1.25
55.94580849631203 -3.188154607914838 SSE 55.945531332452276 -3.1880398028851284 0.0 0.0
