55.944425 -3.188396 NW 55.94463713203436 -3.188608132034356 0.0 248.75
55.94463713203436 -3.188608132034356 SE 55.944425 -3.188396 0.0 247.5
55.944425 -3.188396 ESE 55.94431019497029 -3.1881188361402466 0.0 246.25
55.94431019497029 -3.1881188361402466 WNW 55.944425 -3.188396 0.0 245.0
55.944425 -3.188396 SE 55.944212867965646 -3.1881838679656442 0.0 243.75
55.944212867965646 -3.1881838679656442 NW 55.944425 -3.188396 0.0 242.5
55.944425 -3.188396 ESE 55.94431019497029 -3.1881188361402466 0.0 241.25
55.94431019497029 -3.1881188361402466 SSE 55.944033031110536 -3.188004031110537 0.0 240.0
55.944033031110536 -3.188004031110537 WNW 55.944147836140246 -3.1882811949702905 0.0 238.75
55.944147836140246 -3.1882811949702905 SE 55.94393570410589 -3.1880690629359347 0.0 237.5
55.94393570410589 -3.1880690629359347 NW 55.944147836140246 -3.1882811949702905 0.0 236.25
55.944147836140246 -3.1882811949702905 WSW 55.944033031110536 -3.188558358830044 0.0 235.0
55.944033031110536 -3.188558358830044 ENE 55.944147836140246 -3.1882811949702905 0.0 233.75
55.944147836140246 -3.1882811949702905 NW 55.9443599681746 -3.1884933270046463 0.0 232.5
55.9443599681746 -3.1884933270046463 SE 55.944147836140246 -3.1882811949702905 0.0 231.25
55.944147836140246 -3.1882811949702905 W 55.944147836140246 -3.1885811949702907 0.0 230.0
55.944147836140246 -3.1885811949702907 SE 55.94393570410589 -3.188369062935935 0.0 228.75
55.94393570410589 -3.188369062935935 NW 55.944147836140246 -3.1885811949702907 0.0 227.5
55.944147836140246 -3.1885811949702907 E 55.944147836140246 -3.1882811949702905 0.0 226.25
55.944147836140246 -3.1882811949702905 W 55.944147836140246 -3.1885811949702907 0.0 225.0
55.944147836140246 -3.1885811949702907 NE 55.9443599681746 -3.188369062935935 0.0 223.75
55.9443599681746 -3.188369062935935 SW 55.944147836140246 -3.1885811949702907 0.0 222.5
55.944147836140246 -3.1885811949702907 SE 55.94393570410589 -3.188369062935935 0.0 221.25
55.94393570410589 -3.188369062935935 WNW 55.9440505091356 -3.1886462267956883 0.0 220.0
55.9440505091356 -3.1886462267956883 SSE 55.943773345275844 -3.188531421765979 0.0 218.75
55.943773345275844 -3.188531421765979 NW 55.9439854773102 -3.1887435538003346 0.0 217.5
55.9439854773102 -3.1887435538003346 S 55.9436854773102 -3.1887435538003346 0.0 216.25
55.9436854773102 -3.1887435538003346 NNE 55.94396264116995 -3.188628748770625 0.0 215.0
55.94396264116995 -3.188628748770625 SW 55.9437505091356 -3.188840880804981 0.0 213.75
55.9437505091356 -3.188840880804981 NE 55.94396264116995 -3.188628748770625 0.0 212.5
55.94396264116995 -3.188628748770625 W 55.94396264116995 -3.1889287487706253 0.0 211.25
55.94396264116995 -3.1889287487706253 E 55.94396264116995 -3.188628748770625 0.0 210.0
55.94396264116995 -3.188628748770625 NW 55.94417477320431 -3.188840880804981 2.2858567237854004 324.8861846923828
55.94417477320431 -3.188840880804981 WSW 55.9440599681746 -3.1891180446647343 2.2858567237854004 323.6361846923828
55.9440599681746 -3.1891180446647343 E 55.9440599681746 -3.188818044664734 2.2858567237854004 322.3861846923828
55.9440599681746 -3.188818044664734 W 55.9440599681746 -3.1891180446647343 2.2858567237854004 321.1361846923828
55.9440599681746 -3.1891180446647343 SW 55.94384783614024 -3.18933017669909 2.2858567237854004 319.8861846923828
55.94384783614024 -3.18933017669909 NNE 55.944125 -3.1892153716693805 2.2858567237854004 318.6361846923828
55.944125 -3.1892153716693805 WNW 55.94423980502971 -3.189492535529134 2.2858567237854004 317.3861846923828
55.94423980502971 -3.189492535529134 E 55.94423980502971 -3.1891925355291337 2.2858567237854004 316.1361846923828
55.94423980502971 -3.1891925355291337 WSW 55.944125 -3.189469699388887 2.2858567237854004 314.8861846923828
55.944125 -3.189469699388887 WNW 55.94423980502971 -3.1897468632486405 100.7019944190979 359.9586601257324
55.94423980502971 -3.1897468632486405 ESE 55.944125 -3.189469699388887 100.7019944190979 358.7086601257324
55.944125 -3.189469699388887 NW 55.944337132034356 -3.189681831423243 100.7019944190979 357.4586601257324
55.944337132034356 -3.189681831423243 SE 55.944125 -3.189469699388887 100.7019944190979 356.2086601257324
55.944125 -3.189469699388887 W 55.944125 -3.1897696993888873 100.7019944190979 354.9586601257324
55.944125 -3.1897696993888873 NNW 55.944402163859756 -3.189884504418597 100.7019944190979 353.7086601257324
55.944402163859756 -3.189884504418597 SSE 55.944125 -3.1897696993888873 100.7019944190979 352.4586601257324
55.944125 -3.1897696993888873 NNW 55.944402163859756 -3.189884504418597 100.7019944190979 351.2086601257324
55.944402163859756 -3.189884504418597 SSE 55.944125 -3.1897696993888873 100.7019944190979 349.9586601257324
55.944125 -3.1897696993888873 NNW 55.944402163859756 -3.189884504418597 100.7019944190979 348.7086601257324
55.944402163859756 -3.189884504418597 SSE 55.944125 -3.1897696993888873 100.7019944190979 347.4586601257324
55.944125 -3.1897696993888873 NNW 55.944402163859756 -3.189884504418597 100.7019944190979 346.2086601257324
55.944402163859756 -3.189884504418597 N 55.94470216385976 -3.189884504418597 100.7019944190979 344.9586601257324
55.94470216385976 -3.189884504418597 SSW 55.944425 -3.1899993094483063 100.7019944190979 343.7086601257324
55.944425 -3.1899993094483063 NNE 55.94470216385976 -3.189884504418597 100.7019944190979 342.4586601257324
55.94470216385976 -3.189884504418597 SW 55.9444900318254 -3.1900966364529526 100.7019944190979 341.2086601257324
55.9444900318254 -3.1900966364529526 NNE 55.94476719568516 -3.189981831423243 100.7019944190979 339.9586601257324
55.94476719568516 -3.189981831423243 S 55.94446719568516 -3.189981831423243 100.7019944190979 338.7086601257324
55.94446719568516 -3.189981831423243 WSW 55.944352390655446 -3.1902589952829965 100.7019944190979 337.4586601257324
55.944352390655446 -3.1902589952829965 ENE 55.94446719568516 -3.189981831423243 100.7019944190979 336.2086601257324
55.94446719568516 -3.189981831423243 S 55.944167195685154 -3.189981831423243 100.7019944190979 334.9586601257324
55.944167195685154 -3.189981831423243 SSE 55.9438900318254 -3.1898670263935336 100.7019944190979 333.7086601257324
55.9438900318254 -3.1898670263935336 NNE 55.944167195685154 -3.189752221363824 100.7019944190979 332.4586601257324
55.944167195685154 -3.189752221363824 SSW 55.9438900318254 -3.1898670263935336 100.7019944190979 331.2086601257324
55.9438900318254 -3.1898670263935336 NE 55.94410216385975 -3.189654894359178 100.7019944190979 329.9586601257324
55.94410216385975 -3.189654894359178 SW 55.9438900318254 -3.1898670263935336 100.7019944190979 328.7086601257324
55.9438900318254 -3.1898670263935336 ESE 55.94377522679569 -3.18958986253378 100.7019944190979 327.4586601257324
55.94377522679569 -3.18958986253378 WSW 55.943660421765976 -3.1898670263935336 169.31275033950806 442.01404190063477
55.943660421765976 -3.1898670263935336 ENE 55.94377522679569 -3.18958986253378 169.31275033950806 440.76404190063477
55.94377522679569 -3.18958986253378 SW 55.94356309476133 -3.189801994568136 169.31275033950806 439.51404190063477
55.94356309476133 -3.189801994568136 S 55.94326309476133 -3.189801994568136 169.31275033950806 438.26404190063477
55.94326309476133 -3.189801994568136 N 55.94356309476133 -3.189801994568136 169.31275033950806 437.01404190063477
55.94356309476133 -3.189801994568136 W 55.94356309476133 -3.190101994568136 169.31275033950806 435.76404190063477
55.94356309476133 -3.190101994568136 E 55.94356309476133 -3.189801994568136 169.31275033950806 434.51404190063477
55.94356309476133 -3.189801994568136 W 55.94356309476133 -3.190101994568136 169.31275033950806 433.26404190063477
55.94356309476133 -3.190101994568136 N 55.94386309476133 -3.190101994568136 169.31275033950806 432.01404190063477
55.94386309476133 -3.190101994568136 ESE 55.94374828973162 -3.1898248307083827 169.31275033950806 430.76404190063477
55.94374828973162 -3.1898248307083827 WNW 55.94386309476133 -3.190101994568136 169.31275033950806 429.51404190063477
55.94386309476133 -3.190101994568136 S 55.94356309476133 -3.190101994568136 169.31275033950806 428.26404190063477
55.94356309476133 -3.190101994568136 N 55.94386309476133 -3.190101994568136 169.31275033950806 427.01404190063477
55.94386309476133 -3.190101994568136 NNE 55.94414025862109 -3.1899871895384266 169.31275033950806 425.76404190063477
55.94414025862109 -3.1899871895384266 SW 55.943928126586734 -3.1901993215727824 169.31275033950806 424.51404190063477
55.943928126586734 -3.1901993215727824 SE 55.94371599455238 -3.1899871895384266 169.31275033950806 423.26404190063477
55.94371599455238 -3.1899871895384266 NW 55.943928126586734 -3.1901993215727824 169.31275033950806 422.01404190063477
55.943928126586734 -3.1901993215727824 WNW 55.944042931616444 -3.190476485432536 169.31275033950806 420.76404190063477
55.944042931616444 -3.190476485432536 ESE 55.943928126586734 -3.1901993215727824 169.31275033950806 419.51404190063477
55.943928126586734 -3.1901993215727824 WNW 55.944042931616444 -3.190476485432536 169.31275033950806 418.26404190063477
55.944042931616444 -3.190476485432536 ESE 55.943928126586734 -3.1901993215727824 169.31275033950806 417.01404190063477
55.943928126586734 -3.1901993215727824 WSW 55.94381332155702 -3.190476485432536 169.31275033950806 415.76404190063477
55.94381332155702 -3.190476485432536 N 55.944113321557026 -3.190476485432536 169.31275033950806 414.51404190063477
55.944113321557026 -3.190476485432536 S 55.94381332155702 -3.190476485432536 169.31275033950806 413.26404190063477
55.94381332155702 -3.190476485432536 WNW 55.943928126586734 -3.190753649292289 169.31275033950806 412.01404190063477
55.943928126586734 -3.190753649292289 ENE 55.944042931616444 -3.190476485432536 169.31275033950806 410.76404190063477
55.944042931616444 -3.190476485432536 WSW 55.943928126586734 -3.190753649292289 169.31275033950806 409.51404190063477
55.943928126586734 -3.190753649292289 ENE 55.944042931616444 -3.190476485432536 169.31275033950806 408.26404190063477
55.944042931616444 -3.190476485432536 NW 55.9442550636508 -3.1906886174668916 169.31275033950806 407.01404190063477
55.9442550636508 -3.1906886174668916 SE 55.944042931616444 -3.190476485432536 169.31275033950806 405.76404190063477
55.944042931616444 -3.190476485432536 NNW 55.9443200954762 -3.1905912904622453 169.31275033950806 404.51404190063477
55.9443200954762 -3.1905912904622453 E 55.9443200954762 -3.190291290462245 169.31275033950806 403.26404190063477
55.9443200954762 -3.190291290462245 W 55.9443200954762 -3.1905912904622453 169.31275033950806 402.01404190063477
55.9443200954762 -3.1905912904622453 WSW 55.94420529044649 -3.1908684543219987 261.7419114112854 455.3759994506836
55.94420529044649 -3.1908684543219987 ESE 55.94409048541678 -3.1905912904622453 261.7419114112854 454.1259994506836
55.94409048541678 -3.1905912904622453 WNW 55.94420529044649 -3.1908684543219987 261.7419114112854 452.8759994506836
55.94420529044649 -3.1908684543219987 SSW 55.943928126586734 -3.1909832593517082 261.7419114112854 451.6259994506836
55.943928126586734 -3.1909832593517082 N 55.94422812658674 -3.1909832593517082 261.7419114112854 450.3759994506836
55.94422812658674 -3.1909832593517082 W 55.94422812658674 -3.1912832593517084 261.7419114112854 449.1259994506836
55.94422812658674 -3.1912832593517084 E 55.94422812658674 -3.1909832593517082 261.7419114112854 447.8759994506836
55.94422812658674 -3.1909832593517082 S 55.943928126586734 -3.1909832593517082 261.7419114112854 446.6259994506836
55.943928126586734 -3.1909832593517082 NNE 55.94420529044649 -3.1908684543219987 261.7419114112854 445.3759994506836
55.94420529044649 -3.1908684543219987 SSW 55.943928126586734 -3.1909832593517082 261.7419114112854 444.1259994506836
55.943928126586734 -3.1909832593517082 SE 55.94371599455238 -3.1907711273173525 261.7419114112854 442.8759994506836
55.94371599455238 -3.1907711273173525 NW 55.943928126586734 -3.1909832593517082 261.7419114112854 441.6259994506836
55.943928126586734 -3.1909832593517082 SSE 55.94365096272698 -3.1908684543219987 261.7419114112854 440.3759994506836
55.94365096272698 -3.1908684543219987 NNE 55.943928126586734 -3.190753649292289 261.7419114112854 439.1259994506836
55.943928126586734 -3.190753649292289 NW 55.94414025862109 -3.190965781326645 365.02561044692993 530.6272354125977
55.94414025862109 -3.190965781326645 SE 55.943928126586734 -3.190753649292289 365.02561044692993 529.3772354125977
55.943928126586734 -3.190753649292289 SSW 55.94365096272698 -3.1908684543219987 365.02561044692993 528.1272354125977
55.94365096272698 -3.1908684543219987 S 55.943350962726974 -3.1908684543219987 365.02561044692993 526.8772354125977
55.943350962726974 -3.1908684543219987 NNW 55.94362812658673 -3.1909832593517082 365.02561044692993 525.6272354125977
55.94362812658673 -3.1909832593517082 SSW 55.943350962726974 -3.1910980643814177 365.02561044692993 524.3772354125977
55.943350962726974 -3.1910980643814177 N 55.94365096272698 -3.1910980643814177 365.02561044692993 523.1272354125977
55.94365096272698 -3.1910980643814177 SW 55.94343883069262 -3.1913101964157735 365.02561044692993 521.8772354125977
55.94343883069262 -3.1913101964157735 ENE 55.94355363572233 -3.19103303255602 365.02561044692993 520.6272354125977
55.94355363572233 -3.19103303255602 SW 55.943341503687975 -3.191245164590376 365.02561044692993 519.3772354125977
55.943341503687975 -3.191245164590376 NNW 55.94361866754773 -3.1913599696200854 365.02561044692993 518.1272354125977
55.94361866754773 -3.1913599696200854 S 55.94331866754773 -3.1913599696200854 365.02561044692993 516.8772354125977
55.94331866754773 -3.1913599696200854 N 55.94361866754773 -3.1913599696200854 365.02561044692993 515.6272354125977
55.94361866754773 -3.1913599696200854 S 55.94331866754773 -3.1913599696200854 365.02561044692993 514.3772354125977
55.94331866754773 -3.1913599696200854 N 55.94361866754773 -3.1913599696200854 365.02561044692993 513.1272354125977
55.94361866754773 -3.1913599696200854 ENE 55.94373347257744 -3.191082805760332 365.02561044692993 511.87723541259766
55.94373347257744 -3.191082805760332 WSW 55.94361866754773 -3.1913599696200854 365.02561044692993 510.62723541259766
55.94361866754773 -3.1913599696200854 NNE 55.94389583140749 -3.191245164590376 365.02561044692993 509.37723541259766
55.94389583140749 -3.191245164590376 SSE 55.94361866754773 -3.1911303595606664 365.02561044692993 508.12723541259766
55.94361866754773 -3.1911303595606664 NW 55.94383079958209 -3.191342491595022 408.64754724502563 626.4370193481445
55.94383079958209 -3.191342491595022 WNW 55.9439456046118 -3.1916196554547756 485.45286798477173 673.5887336730957
55.9439456046118 -3.1916196554547756 ESE 55.94383079958209 -3.191342491595022 485.45286798477173 672.3387336730957
55.94383079958209 -3.191342491595022 WNW 55.9439456046118 -3.1916196554547756 485.45286798477173 671.0887336730957
55.9439456046118 -3.1916196554547756 E 55.9439456046118 -3.1913196554547754 485.45286798477173 669.8387336730957
55.9439456046118 -3.1913196554547754 N 55.9442456046118 -3.1913196554547754 485.45286798477173 668.5887336730957
55.9442456046118 -3.1913196554547754 SSW 55.943968440752045 -3.191434460484485 485.45286798477173 667.3387336730957
55.943968440752045 -3.191434460484485 NNE 55.9442456046118 -3.1913196554547754 485.45286798477173 666.0887336730957
55.9442456046118 -3.1913196554547754 ESE 55.94413079958209 -3.191042491595022 485.45286798477173 664.8387336730957
55.94413079958209 -3.191042491595022 NW 55.94434293161645 -3.1912546236293777 485.45286798477173 663.5887336730957
55.94434293161645 -3.1912546236293777 E 55.94434293161645 -3.1909546236293775 485.45286798477173 662.3387336730957
55.94434293161645 -3.1909546236293775 WNW 55.94445773664616 -3.191231787489131 485.45286798477173 661.0887336730957
55.94445773664616 -3.191231787489131 ESE 55.94434293161645 -3.1909546236293775 485.45286798477173 659.8387336730957
55.94434293161645 -3.1909546236293775 SSE 55.94406576775669 -3.190839818599668 485.45286798477173 658.5887336730957
55.94406576775669 -3.190839818599668 N 55.94436576775669 -3.190839818599668 485.45286798477173 657.3387336730957
55.94436576775669 -3.190839818599668 NE 55.94457789979105 -3.1906276865653123 485.45286798477173 656.0887336730957
55.94457789979105 -3.1906276865653123 SW 55.94436576775669 -3.190839818599668 485.45286798477173 654.8387336730957
55.94436576775669 -3.190839818599668 NE 55.94457789979105 -3.1906276865653123 485.45286798477173 653.5887336730957
55.94457789979105 -3.1906276865653123 SSW 55.94430073593129 -3.1907424915950218 485.45286798477173 652.3387336730957
55.94430073593129 -3.1907424915950218 N 55.944600735931296 -3.1907424915950218 485.45286798477173 651.0887336730957
55.944600735931296 -3.1907424915950218 N 55.9449007359313 -3.1907424915950218 485.45286798477173 649.8387336730957
55.9449007359313 -3.1907424915950218 S 55.944600735931296 -3.1907424915950218 485.45286798477173 648.5887336730957
55.944600735931296 -3.1907424915950218 E 55.944600735931296 -3.1904424915950216 485.45286798477173 647.3387336730957
55.944600735931296 -3.1904424915950216 WNW 55.944715540961006 -3.190719655454775 485.45286798477173 646.0887336730957
55.944715540961006 -3.190719655454775 NE 55.94492767299536 -3.190507523420419 485.45286798477173 644.8387336730957
55.94492767299536 -3.190507523420419 WSW 55.94481286796565 -3.1907846872801726 485.45286798477173 643.5887336730957
55.94481286796565 -3.1907846872801726 SE 55.944600735931296 -3.190572555245817 485.45286798477173 642.3387336730957
55.944600735931296 -3.190572555245817 NW 55.94481286796565 -3.1907846872801726 485.45286798477173 641.0887336730957
55.94481286796565 -3.1907846872801726 SW 55.944600735931296 -3.1909968193145284 485.45286798477173 639.8387336730957
55.944600735931296 -3.1909968193145284 NE 55.94481286796565 -3.1907846872801726 485.45286798477173 638.5887336730957
55.94481286796565 -3.1907846872801726 SSW 55.944535704105895 -3.190899492309882 485.45286798477173 637.3387336730957
55.944535704105895 -3.190899492309882 N 55.9448357041059 -3.190899492309882 485.45286798477173 636.0887336730957
55.9448357041059 -3.190899492309882 SSW 55.94455854024614 -3.1910142973395916 485.45286798477173 634.8387336730957
55.94455854024614 -3.1910142973395916 S 55.94425854024614 -3.1910142973395916 485.45286798477173 633.5887336730957
55.94425854024614 -3.1910142973395916 N 55.94455854024614 -3.1910142973395916 485.45286798477173 632.3387336730957
55.94455854024614 -3.1910142973395916 WNW 55.94467334527585 -3.191291461199345 485.45286798477173 631.0887336730957
55.94467334527585 -3.191291461199345 E 55.94467334527585 -3.190991461199345 485.45286798477173 629.8387336730957
55.94467334527585 -3.190991461199345 NNW 55.94495050913561 -3.1911062662290544 485.45286798477173 628.5887336730957
55.94495050913561 -3.1911062662290544 SW 55.94473837710125 -3.19131839826341 485.45286798477173 627.3387336730957
55.94473837710125 -3.19131839826341 NE 55.94495050913561 -3.1911062662290544 485.45286798477173 626.0887336730957
55.94495050913561 -3.1911062662290544 SW 55.94473837710125 -3.19131839826341 485.45286798477173 624.8387336730957
55.94473837710125 -3.19131839826341 W 55.94473837710125 -3.1916183982634103 485.45286798477173 623.5887336730957
55.94473837710125 -3.1916183982634103 E 55.94473837710125 -3.19131839826341 485.45286798477173 622.3387336730957
55.94473837710125 -3.19131839826341 SSE 55.944461213241496 -3.1912035932337006 485.45286798477173 621.0887336730957
55.944461213241496 -3.1912035932337006 NNW 55.94473837710125 -3.19131839826341 485.45286798477173 619.8387336730957
55.94473837710125 -3.19131839826341 S 55.94443837710125 -3.19131839826341 485.45286798477173 618.5887336730957
55.94443837710125 -3.19131839826341 NE 55.944650509135606 -3.1911062662290544 485.45286798477173 617.3387336730957
55.944650509135606 -3.1911062662290544 WSW 55.944535704105895 -3.1913834300888078 485.45286798477173 616.0887336730957
55.944535704105895 -3.1913834300888078 SSE 55.94425854024614 -3.1912686250590983 485.45286798477173 614.8387336730957
55.94425854024614 -3.1912686250590983 NW 55.944470672280495 -3.191480757093454 485.45286798477173 613.5887336730957
55.944470672280495 -3.191480757093454 SSE 55.94419350842074 -3.1913659520637445 485.45286798477173 612.3387336730957
55.94419350842074 -3.1913659520637445 NNW 55.944470672280495 -3.191480757093454 485.45286798477173 611.0887336730957
55.944470672280495 -3.191480757093454 WNW 55.944585477310206 -3.1917579209532074 485.45286798477173 609.8387336730957
55.944585477310206 -3.1917579209532074 E 55.944585477310206 -3.1914579209532072 485.45286798477173 608.5887336730957
55.944585477310206 -3.1914579209532072 WNW 55.944700282339916 -3.1917350848129606 485.45286798477173 607.3387336730957
55.944700282339916 -3.1917350848129606 WNW 55.944815087369626 -3.192012248672714 485.45286798477173 606.0887336730957
55.944815087369626 -3.192012248672714 ESE 55.944700282339916 -3.1917350848129606 485.45286798477173 604.8387336730957
55.944700282339916 -3.1917350848129606 ENE 55.944815087369626 -3.1914579209532072 485.45286798477173 603.5887336730957
55.944815087369626 -3.1914579209532072 W 55.944815087369626 -3.1917579209532074 485.45286798477173 602.3387336730957
55.944815087369626 -3.1917579209532074 ESE 55.944700282339916 -3.191480757093454 485.45286798477173 601.0887336730957
55.944700282339916 -3.191480757093454 WNW 55.944815087369626 -3.1917579209532074 485.45286798477173 599.8387336730957
55.944815087369626 -3.1917579209532074 NNW 55.94509225122938 -3.191872725982917 495.91853857040405 632.9869422912598
55.94509225122938 -3.191872725982917 NW 55.94530438326374 -3.1920848580172727 495.91853857040405 631.7369422912598
55.94530438326374 -3.1920848580172727 ESE 55.94518957823403 -3.1918076941575193 495.91853857040405 630.4869422912598
55.94518957823403 -3.1918076941575193 WNW 55.94530438326374 -3.1920848580172727 495.91853857040405 629.2369422912598
55.94530438326374 -3.1920848580172727 S 55.945004383263736 -3.1920848580172727 495.91853857040405 627.9869422912598
55.945004383263736 -3.1920848580172727 WNW 55.94511918829345 -3.192362021877026 495.91853857040405 626.7369422912598
55.94511918829345 -3.192362021877026 ESE 55.945004383263736 -3.1920848580172727 495.91853857040405 625.4869422912598
55.945004383263736 -3.1920848580172727 W 55.945004383263736 -3.192384858017273 495.91853857040405 624.2369422912598
55.945004383263736 -3.192384858017273 SE 55.94479225122938 -3.192172725982917 495.91853857040405 622.9869422912598
55.94479225122938 -3.192172725982917 NW 55.945004383263736 -3.192384858017273 495.91853857040405 621.7369422912598
55.945004383263736 -3.192384858017273 SE 55.94479225122938 -3.192172725982917 495.91853857040405 620.4869422912598
55.94479225122938 -3.192172725982917 NW 55.945004383263736 -3.192384858017273 495.91853857040405 619.2369422912598
55.945004383263736 -3.192384858017273 S 55.94470438326373 -3.192384858017273 495.91853857040405 617.9869422912598
55.94470438326373 -3.192384858017273 N 55.945004383263736 -3.192384858017273 495.91853857040405 616.7369422912598
55.945004383263736 -3.192384858017273 S 55.94470438326373 -3.192384858017273 495.91853857040405 615.4869422912598
55.94470438326373 -3.192384858017273 ESE 55.94458957823402 -3.1921076941575195 495.91853857040405 614.2369422912598
55.94458957823402 -3.1921076941575195 WNW 55.94470438326373 -3.192384858017273 495.91853857040405 612.9869422912598
55.94470438326373 -3.192384858017273 S 55.94440438326373 -3.192384858017273 495.91853857040405 611.7369422912598
55.94440438326373 -3.192384858017273 N 55.94470438326373 -3.192384858017273 495.91853857040405 610.4869422912598
55.94470438326373 -3.192384858017273 E 55.94470438326373 -3.1920848580172727 495.91853857040405 609.2369422912598
55.94470438326373 -3.1920848580172727 WSW 55.94458957823402 -3.192362021877026 495.91853857040405 607.9869422912598
55.94458957823402 -3.192362021877026 E 55.94458957823402 -3.192062021877026 503.2591381072998 624.3436946868896
55.94458957823402 -3.192062021877026 ENE 55.94470438326373 -3.1917848580172725 503.2591381072998 623.0936946868896
55.94470438326373 -3.1917848580172725 WSW 55.94458957823402 -3.192062021877026 503.2591381072998 621.8436946868896
55.94458957823402 -3.192062021877026 N 55.944889578234026 -3.192062021877026 511.1586494445801 716.8279781341553
55.944889578234026 -3.192062021877026 NW 55.94510171026838 -3.1922741539113817 511.1586494445801 715.5779781341553
55.94510171026838 -3.1922741539113817 SE 55.944889578234026 -3.192062021877026 511.1586494445801 714.3279781341553
55.944889578234026 -3.192062021877026 ESE 55.944774773204315 -3.1917848580172725 511.1586494445801 713.0779781341553
55.944774773204315 -3.1917848580172725 WNW 55.944889578234026 -3.192062021877026 511.1586494445801 711.8279781341553
55.944889578234026 -3.192062021877026 SSW 55.94461241437427 -3.1921768269067354 511.1586494445801 710.5779781341553
55.94461241437427 -3.1921768269067354 ESE 55.94449760934456 -3.191899663046982 511.1586494445801 709.3279781341553
55.94449760934456 -3.191899663046982 E 55.94449760934456 -3.191599663046982 511.1586494445801 708.0779781341553
55.94449760934456 -3.191599663046982 WSW 55.94438280431485 -3.1918768269067352 511.1586494445801 706.8279781341553
55.94438280431485 -3.1918768269067352 ENE 55.94449760934456 -3.191599663046982 511.1586494445801 705.5779781341553
55.94449760934456 -3.191599663046982 SW 55.9442854773102 -3.1918117950813376 511.1586494445801 704.3279781341553
55.9442854773102 -3.1918117950813376 NNE 55.94456264116996 -3.191696990051628 511.1586494445801 703.0779781341553
55.94456264116996 -3.191696990051628 S 55.944262641169956 -3.191696990051628 598.5550117492676 727.4046688079834
55.944262641169956 -3.191696990051628 WSW 55.944147836140246 -3.1919741539113815 640.4719734191895 731.849392414093
55.944147836140246 -3.1919741539113815 ENE 55.944262641169956 -3.191696990051628 640.4719734191895 730.599392414093
55.944262641169956 -3.191696990051628 WNW 55.94437744619967 -3.1919741539113815 640.4719734191895 729.349392414093
55.94437744619967 -3.1919741539113815 SSE 55.94410028233991 -3.191859348881672 640.4719734191895 728.099392414093
55.94410028233991 -3.191859348881672 WNW 55.94421508736962 -3.1921365127414254 640.4719734191895 726.849392414093
55.94421508736962 -3.1921365127414254 ESE 55.94410028233991 -3.191859348881672 640.4719734191895 725.599392414093
55.94410028233991 -3.191859348881672 WNW 55.94421508736962 -3.1921365127414254 640.4719734191895 724.349392414093
55.94421508736962 -3.1921365127414254 S 55.94391508736962 -3.1921365127414254 640.4719734191895 723.099392414093
55.94391508736962 -3.1921365127414254 NNW 55.944192251229374 -3.192251317771135 640.4719734191895 721.849392414093
55.944192251229374 -3.192251317771135 SE 55.94398011919502 -3.192039185736779 640.4719734191895 720.599392414093
55.94398011919502 -3.192039185736779 NW 55.944192251229374 -3.192251317771135 640.4719734191895 719.349392414093
55.944192251229374 -3.192251317771135 SE 55.94398011919502 -3.192039185736779 640.4719734191895 718.099392414093
55.94398011919502 -3.192039185736779 WSW 55.94386531416531 -3.1923163495965325 640.4719734191895 716.849392414093
55.94386531416531 -3.1923163495965325 SSW 55.94358815030555 -3.192431154626242 640.4719734191895 715.599392414093
55.94358815030555 -3.192431154626242 N 55.943888150305554 -3.192431154626242 665.9452285766602 826.0254788398743
55.943888150305554 -3.192431154626242 SSE 55.9436109864458 -3.1923163495965325 784.2678909301758 946.9941754341125
55.9436109864458 -3.1923163495965325 N 55.9439109864458 -3.1923163495965325 784.2678909301758 945.7441754341125
55.9439109864458 -3.1923163495965325 SSE 55.943633822586044 -3.192201544566823 784.2678909301758 944.4941754341125
