55.944425 -3.188396 E 55.944425 -3.188096 0.0 248.75
55.944425 -3.188096 WNW 55.94453980502971 -3.1883731638597532 0.0 247.5
55.94453980502971 -3.1883731638597532 SE 55.94432767299536 -3.1881610318253975 0.0 246.25
55.94432767299536 -3.1881610318253975 NW 55.94453980502971 -3.1883731638597532 0.0 245.0
55.94453980502971 -3.1883731638597532 SSE 55.944262641169956 -3.1882583588300437 0.0 243.75
55.944262641169956 -3.1882583588300437 NNW 55.94453980502971 -3.1883731638597532 0.0 242.5
55.94453980502971 -3.1883731638597532 SSE 55.944262641169956 -3.1882583588300437 0.0 241.25
55.944262641169956 -3.1882583588300437 NNW 55.94453980502971 -3.1883731638597532 0.0 240.0
55.94453980502971 -3.1883731638597532 ESE 55.944425 -3.188096 0.0 238.75
55.944425 -3.188096 WNW 55.94453980502971 -3.1883731638597532 0.0 237.5
55.94453980502971 -3.1883731638597532 ESE 55.944425 -3.188096 0.0 236.25
55.944425 -3.188096 NW 55.94463713203436 -3.1883081320343556 0.0 235.0
55.94463713203436 -3.1883081320343556 E 55.94463713203436 -3.1880081320343554 0.0 233.75
55.94463713203436 -3.1880081320343554 W 55.94463713203436 -3.1883081320343556 0.0 232.5
55.94463713203436 -3.1883081320343556 ESE 55.94452232700465 -3.188030968174602 0.0 231.25
55.94452232700465 -3.188030968174602 WNW 55.94463713203436 -3.1883081320343556 0.0 230.0
55.94463713203436 -3.1883081320343556 ESE 55.94452232700465 -3.188030968174602 0.0 228.75
55.94452232700465 -3.188030968174602 WNW 55.94463713203436 -3.1883081320343556 0.0 227.5
55.94463713203436 -3.1883081320343556 NNW 55.944914295894115 -3.188422937064065 0.0 226.25
55.944914295894115 -3.188422937064065 SSE 55.94463713203436 -3.1883081320343556 0.0 225.0
55.94463713203436 -3.1883081320343556 NW 55.944849264068715 -3.1885202640687114 0.0 223.75
55.944849264068715 -3.1885202640687114 E 55.944849264068715 -3.188220264068711 0.0 222.5
55.944849264068715 -3.188220264068711 W 55.944849264068715 -3.1885202640687114 0.0 221.25
55.944849264068715 -3.1885202640687114 E 55.944849264068715 -3.188220264068711 0.0 220.0
55.944849264068715 -3.188220264068711 W 55.944849264068715 -3.1885202640687114 0.0 218.75
55.944849264068715 -3.1885202640687114 E 55.944849264068715 -3.188220264068711 0.0 217.5
55.944849264068715 -3.188220264068711 NW 55.94506139610307 -3.188432396103067 0.0 216.25
55.94506139610307 -3.188432396103067 SE 55.944849264068715 -3.188220264068711 0.0 215.0
55.944849264068715 -3.188220264068711 WNW 55.944964069098425 -3.1884974279284646 0.0 213.75
55.944964069098425 -3.1884974279284646 ESE 55.944849264068715 -3.188220264068711 0.0 212.5
55.944849264068715 -3.188220264068711 E 55.944849264068715 -3.187920264068711 0.0 211.25
55.944849264068715 -3.187920264068711 W 55.944849264068715 -3.188220264068711 0.0 210.0
55.944849264068715 -3.188220264068711 E 55.944849264068715 -3.187920264068711 0.0 208.75
55.944849264068715 -3.187920264068711 W 55.944849264068715 -3.188220264068711 0.0 207.5
55.944849264068715 -3.188220264068711 ENE 55.944964069098425 -3.1879431002089578 0.0 206.25
55.944964069098425 -3.1879431002089578 WSW 55.944849264068715 -3.188220264068711 0.0 205.0
55.944849264068715 -3.188220264068711 ENE 55.944964069098425 -3.1879431002089578 0.0 203.75
55.944964069098425 -3.1879431002089578 SSW 55.94468690523867 -3.1880579052386673 0.0 202.5
55.94468690523867 -3.1880579052386673 NNE 55.944964069098425 -3.1879431002089578 0.0 201.25
55.944964069098425 -3.1879431002089578 SSW 55.94468690523867 -3.1880579052386673 0.0 200.0
55.94468690523867 -3.1880579052386673 NNE 55.944964069098425 -3.1879431002089578 0.0 198.75
55.944964069098425 -3.1879431002089578 SSW 55.94468690523867 -3.1880579052386673 0.0 197.5
55.94468690523867 -3.1880579052386673 NNW 55.944964069098425 -3.188172710268377 0.0 196.25
55.944964069098425 -3.188172710268377 SSE 55.94468690523867 -3.1880579052386673 0.0 195.0
55.94468690523867 -3.1880579052386673 NE 55.944899037273025 -3.1878457732043115 0.0 193.75
55.944899037273025 -3.1878457732043115 SSW 55.94462187341327 -3.187960578234021 0.0 192.5
55.94462187341327 -3.187960578234021 NNW 55.944899037273025 -3.1880753832637305 0.0 191.25
55.944899037273025 -3.1880753832637305 SSE 55.94462187341327 -3.187960578234021 0.0 190.0
55.94462187341327 -3.187960578234021 SSW 55.94434470955351 -3.1880753832637305 0.0 188.75
55.94434470955351 -3.1880753832637305 NNE 55.94462187341327 -3.187960578234021 0.0 187.5
55.94462187341327 -3.187960578234021 ESE 55.94450706838356 -3.1876834143742676 0.0 186.25
55.94450706838356 -3.1876834143742676 WNW 55.94462187341327 -3.187960578234021 0.0 185.0
55.94462187341327 -3.187960578234021 SE 55.94440974137891 -3.1877484461996652 0.0 183.75
55.94440974137891 -3.1877484461996652 NNW 55.94468690523867 -3.1878632512293748 0.0 182.5
55.94468690523867 -3.1878632512293748 SSE 55.94440974137891 -3.1877484461996652 0.0 181.25
55.94440974137891 -3.1877484461996652 NNW 55.94468690523867 -3.1878632512293748 0.0 180.0
55.94468690523867 -3.1878632512293748 SSE 55.94440974137891 -3.1877484461996652 0.0 178.75
55.94440974137891 -3.1877484461996652 NNW 55.94468690523867 -3.1878632512293748 0.0 177.5
55.94468690523867 -3.1878632512293748 SE 55.94447477320431 -3.187651119195019 0.0 176.25
55.94447477320431 -3.187651119195019 NNW 55.94475193706407 -3.1877659242247285 0.0 175.0
55.94475193706407 -3.1877659242247285 SSE 55.94447477320431 -3.187651119195019 0.0 173.75
55.94447477320431 -3.187651119195019 SW 55.944262641169956 -3.1878632512293748 0.0 172.5
55.944262641169956 -3.1878632512293748 NE 55.94447477320431 -3.187651119195019 0.0 171.25
55.94447477320431 -3.187651119195019 SSW 55.944197609344556 -3.1877659242247285 0.0 170.0
55.944197609344556 -3.1877659242247285 NE 55.94440974137891 -3.1875537921903727 0.0 168.75
55.94440974137891 -3.1875537921903727 SSW 55.944132577519156 -3.1876685972200822 0.0 167.5
55.944132577519156 -3.1876685972200822 E 55.944132577519156 -3.187368597220082 0.0 166.25
55.944132577519156 -3.187368597220082 W 55.944132577519156 -3.1876685972200822 0.0 165.0
55.944132577519156 -3.1876685972200822 E 55.944132577519156 -3.187368597220082 0.0 163.75
55.944132577519156 -3.187368597220082 WNW 55.944247382548866 -3.1876457610798354 0.0 162.5
55.944247382548866 -3.1876457610798354 E 55.944247382548866 -3.1873457610798352 0.0 161.25
55.944247382548866 -3.1873457610798352 W 55.944247382548866 -3.1876457610798354 0.0 160.0
55.944247382548866 -3.1876457610798354 ENE 55.94436218757858 -3.187368597220082 0.0 158.75
55.94436218757858 -3.187368597220082 SSE 55.94408502371882 -3.1872537921903725 0.0 157.5
55.94408502371882 -3.1872537921903725 NNW 55.94436218757858 -3.187368597220082 0.0 156.25
55.94436218757858 -3.187368597220082 S 55.944062187578574 -3.187368597220082 0.0 155.0
55.944062187578574 -3.187368597220082 NW 55.94427431961293 -3.187580729254438 0.0 153.75
55.94427431961293 -3.187580729254438 SE 55.944062187578574 -3.187368597220082 0.0 152.5
55.944062187578574 -3.187368597220082 SSE 55.94378502371882 -3.1872537921903725 0.0 151.25
55.94378502371882 -3.1872537921903725 NNW 55.944062187578574 -3.187368597220082 0.0 150.0
55.944062187578574 -3.187368597220082 N 55.94436218757858 -3.187368597220082 0.0 148.75
55.94436218757858 -3.187368597220082 S 55.944062187578574 -3.187368597220082 0.0 147.5
55.944062187578574 -3.187368597220082 NE 55.94427431961293 -3.1871564651857263 0.0 146.25
55.94427431961293 -3.1871564651857263 SSW 55.94399715575317 -3.1872712702154358 0.0 145.0
55.94399715575317 -3.1872712702154358 NE 55.94420928778753 -3.18705913818108 0.0 143.75
55.94420928778753 -3.18705913818108 SW 55.94399715575317 -3.1872712702154358 0.0 142.5
55.94399715575317 -3.1872712702154358 E 55.94399715575317 -3.1869712702154356 0.0 141.25
55.94399715575317 -3.1869712702154356 W 55.94399715575317 -3.1872712702154358 0.0 140.0
55.94399715575317 -3.1872712702154358 NNW 55.94427431961293 -3.1873860752451453 0.0 138.75
55.94427431961293 -3.1873860752451453 SSE 55.94399715575317 -3.1872712702154358 0.0 137.5
55.94399715575317 -3.1872712702154358 E 55.94399715575317 -3.1869712702154356 0.0 136.25
55.94399715575317 -3.1869712702154356 W 55.94399715575317 -3.1872712702154358 0.0 135.0
55.94399715575317 -3.1872712702154358 SSE 55.94371999189342 -3.1871564651857263 0.0 133.75
55.94371999189342 -3.1871564651857263 NNW 55.94399715575317 -3.1872712702154358 0.0 132.5
55.94399715575317 -3.1872712702154358 SSE 55.94371999189342 -3.1871564651857263 0.0 131.25
55.94371999189342 -3.1871564651857263 NNW 55.94399715575317 -3.1872712702154358 0.0 130.0
55.94399715575317 -3.1872712702154358 SSE 55.94371999189342 -3.1871564651857263 0.0 128.75
55.94371999189342 -3.1871564651857263 NE 55.94393212392777 -3.1869443331513705 0.0 127.5
55.94393212392777 -3.1869443331513705 SW 55.94371999189342 -3.1871564651857263 0.0 126.25
55.94371999189342 -3.1871564651857263 SSE 55.94344282803366 -3.1870416601560168 0.0 125.0
55.94344282803366 -3.1870416601560168 NW 55.94365496006802 -3.1872537921903725 0.0 123.75
55.94365496006802 -3.1872537921903725 SE 55.94344282803366 -3.1870416601560168 0.0 122.5
55.94344282803366 -3.1870416601560168 NW 55.94365496006802 -3.1872537921903725 0.0 121.25
55.94365496006802 -3.1872537921903725 SSE 55.94337779620826 -3.187138987160663 0.0 120.0
55.94337779620826 -3.187138987160663 NNW 55.94365496006802 -3.1872537921903725 0.0 118.75
55.94365496006802 -3.1872537921903725 S 55.943354960068014 -3.1872537921903725 0.0 117.5
55.943354960068014 -3.1872537921903725 N 55.94365496006802 -3.1872537921903725 0.0 116.25
55.94365496006802 -3.1872537921903725 WSW 55.943540155038306 -3.187530956050126 26.144384384155273 213.24464416503906
55.943540155038306 -3.187530956050126 ENE 55.94365496006802 -3.1872537921903725 26.144384384155273 211.99464416503906
55.94365496006802 -3.1872537921903725 W 55.94365496006802 -3.1875537921903727 26.144384384155273 210.74464416503906
55.94365496006802 -3.1875537921903727 E 55.94365496006802 -3.1872537921903725 26.144384384155273 209.49464416503906
55.94365496006802 -3.1872537921903725 W 55.94365496006802 -3.1875537921903727 26.144384384155273 208.24464416503906
55.94365496006802 -3.1875537921903727 SSE 55.94337779620826 -3.187438987160663 26.144384384155273 206.99464416503906
55.94337779620826 -3.187438987160663 NNW 55.94365496006802 -3.1875537921903727 26.144384384155273 205.74464416503906
55.94365496006802 -3.1875537921903727 SSE 55.94337779620826 -3.187438987160663 26.144384384155273 204.49464416503906
55.94337779620826 -3.187438987160663 NNW 55.94365496006802 -3.1875537921903727 26.144384384155273 203.24464416503906
55.94365496006802 -3.1875537921903727 SE 55.94344282803366 -3.187341660156017 26.144384384155273 201.99464416503906
55.94344282803366 -3.187341660156017 NW 55.94365496006802 -3.1875537921903727 26.144384384155273 200.74464416503906
55.94365496006802 -3.1875537921903727 ESE 55.943540155038306 -3.1872766283306193 26.144384384155273 199.49464416503906
55.943540155038306 -3.1872766283306193 WSW 55.943425350008596 -3.1875537921903727 26.144384384155273 198.24464416503906
55.943425350008596 -3.1875537921903727 NE 55.94363748204295 -3.187341660156017 26.144384384155273 196.99464416503906
55.94363748204295 -3.187341660156017 SSW 55.943360318183196 -3.1874564651857265 26.144384384155273 195.74464416503906
55.943360318183196 -3.1874564651857265 NE 55.94357245021755 -3.1872443331513707 26.144384384155273 194.49464416503906
55.94357245021755 -3.1872443331513707 SW 55.943360318183196 -3.1874564651857265 26.144384384155273 193.24464416503906
55.943360318183196 -3.1874564651857265 SW 55.94314818614884 -3.1876685972200822 54.6054573059082 264.59825134277344
55.94314818614884 -3.1876685972200822 NNE 55.943425350008596 -3.1875537921903727 54.6054573059082 263.34825134277344
55.943425350008596 -3.1875537921903727 SSW 55.94314818614884 -3.1876685972200822 54.6054573059082 262.09825134277344
55.94314818614884 -3.1876685972200822 NNE 55.943425350008596 -3.1875537921903727 54.6054573059082 260.84825134277344
55.943425350008596 -3.1875537921903727 SSE 55.94314818614884 -3.187438987160663 54.6054573059082 259.59825134277344
55.94314818614884 -3.187438987160663 NNW 55.943425350008596 -3.1875537921903727 54.6054573059082 258.34825134277344
55.943425350008596 -3.1875537921903727 SSE 55.94314818614884 -3.187438987160663 54.6054573059082 257.09825134277344
55.94314818614884 -3.187438987160663 W 55.94314818614884 -3.1877389871606634 54.6054573059082 255.84825134277344
55.94314818614884 -3.1877389871606634 E 55.94314818614884 -3.187438987160663 54.6054573059082 254.59825134277344
55.94314818614884 -3.187438987160663 WSW 55.94303338111913 -3.1877161510204166 145.7678108215332 301.57186126708984
55.94303338111913 -3.1877161510204166 ENE 55.94314818614884 -3.187438987160663 145.7678108215332 300.32186126708984
55.94314818614884 -3.187438987160663 WSW 55.94303338111913 -3.1877161510204166 145.7678108215332 299.07186126708984
55.94303338111913 -3.1877161510204166 ENE 55.94314818614884 -3.187438987160663 145.7678108215332 297.82186126708984
55.94314818614884 -3.187438987160663 SSW 55.94287102228908 -3.1875537921903727 145.7678108215332 296.57186126708984
55.94287102228908 -3.1875537921903727 NNE 55.94314818614884 -3.187438987160663 145.7678108215332 295.32186126708984
55.94314818614884 -3.187438987160663 S 55.94284818614884 -3.187438987160663 145.7678108215332 294.07186126708984
55.94284818614884 -3.187438987160663 NNE 55.94312535000859 -3.1873241821309537 145.7678108215332 292.82186126708984
55.94312535000859 -3.1873241821309537 SSW 55.94284818614884 -3.187438987160663 145.7678108215332 291.57186126708984
55.94284818614884 -3.187438987160663 NNE 55.94312535000859 -3.1873241821309537 145.7678108215332 290.32186126708984
55.94312535000859 -3.1873241821309537 SSW 55.94284818614884 -3.187438987160663 145.7678108215332 289.07186126708984
55.94284818614884 -3.187438987160663 NNE 55.94312535000859 -3.1873241821309537 145.7678108215332 287.82186126708984
55.94312535000859 -3.1873241821309537 ENE 55.9432401550383 -3.1870470182712003 145.7678108215332 286.57186126708984
55.9432401550383 -3.1870470182712003 WSW 55.94312535000859 -3.1873241821309537 145.7678108215332 285.32186126708984
55.94312535000859 -3.1873241821309537 NE 55.94333748204295 -3.187112050096598 145.7678108215332 284.07186126708984
55.94333748204295 -3.187112050096598 SW 55.94312535000859 -3.1873241821309537 145.7678108215332 282.82186126708984
55.94312535000859 -3.1873241821309537 N 55.943425350008596 -3.1873241821309537 145.7678108215332 281.57186126708984
55.943425350008596 -3.1873241821309537 S 55.94312535000859 -3.1873241821309537 145.7678108215332 280.32186126708984
55.94312535000859 -3.1873241821309537 NW 55.94333748204295 -3.1875363141653095 147.87127017974854 349.5334701538086
55.94333748204295 -3.1875363141653095 ESE 55.94322267701324 -3.187259150305556 147.87127017974854 348.2834701538086
55.94322267701324 -3.187259150305556 WNW 55.94333748204295 -3.1875363141653095 147.87127017974854 347.0334701538086
55.94333748204295 -3.1875363141653095 ESE 55.94322267701324 -3.187259150305556 147.87127017974854 345.7834701538086
55.94322267701324 -3.187259150305556 NNW 55.943499840872995 -3.1873739553352656 147.87127017974854 344.5334701538086
55.943499840872995 -3.1873739553352656 SSE 55.94322267701324 -3.187259150305556 147.87127017974854 343.2834701538086
55.94322267701324 -3.187259150305556 N 55.94352267701324 -3.187259150305556 147.87127017974854 342.0334701538086
55.94352267701324 -3.187259150305556 SSE 55.943245513153485 -3.1871443452758466 147.87127017974854 340.7834701538086
55.943245513153485 -3.1871443452758466 NW 55.94345764518784 -3.1873564773102023 147.87127017974854 339.5334701538086
55.94345764518784 -3.1873564773102023 SE 55.943245513153485 -3.1871443452758466 147.87127017974854 338.2834701538086
55.943245513153485 -3.1871443452758466 WNW 55.943360318183196 -3.1874215091356 147.87127017974854 337.0334701538086
55.943360318183196 -3.1874215091356 ESE 55.943245513153485 -3.1871443452758466 147.87127017974854 335.7834701538086
55.943245513153485 -3.1871443452758466 SSW 55.94296834929373 -3.187259150305556 147.87127017974854 334.5334701538086
55.94296834929373 -3.187259150305556 NNE 55.943245513153485 -3.1871443452758466 147.87127017974854 333.2834701538086
55.943245513153485 -3.1871443452758466 NNE 55.94352267701324 -3.187029540246137 147.87127017974854 332.0334701538086
55.94352267701324 -3.187029540246137 SSW 55.943245513153485 -3.1871443452758466 147.87127017974854 330.7834701538086
55.943245513153485 -3.1871443452758466 NNE 55.94352267701324 -3.187029540246137 147.87127017974854 329.5334701538086
55.94352267701324 -3.187029540246137 SW 55.943310544978885 -3.187241672280493 147.87127017974854 328.2834701538086
55.943310544978885 -3.187241672280493 NE 55.94352267701324 -3.187029540246137 147.87127017974854 327.0334701538086
55.94352267701324 -3.187029540246137 SW 55.943310544978885 -3.187241672280493 147.87127017974854 325.7834701538086
55.943310544978885 -3.187241672280493 NE 55.94352267701324 -3.187029540246137 147.87127017974854 324.5334701538086
55.94352267701324 -3.187029540246137 WSW 55.94340787198353 -3.1873067041058905 147.87127017974854 323.2834701538086
55.94340787198353 -3.1873067041058905 ENE 55.94352267701324 -3.187029540246137 147.87127017974854 322.0334701538086
55.94352267701324 -3.187029540246137 E 55.94352267701324 -3.186729540246137 147.87127017974854 320.7834701538086
55.94352267701324 -3.186729540246137 W 55.94352267701324 -3.187029540246137 147.87127017974854 319.5334701538086
55.94352267701324 -3.187029540246137 E 55.94352267701324 -3.186729540246137 147.87127017974854 318.2834701538086
55.94352267701324 -3.186729540246137 W 55.94352267701324 -3.187029540246137 147.87127017974854 317.0334701538086
55.94352267701324 -3.187029540246137 NE 55.9437348090476 -3.1868174082117813 147.87127017974854 315.7834701538086
55.9437348090476 -3.1868174082117813 SW 55.94352267701324 -3.187029540246137 147.87127017974854 314.5334701538086
55.94352267701324 -3.187029540246137 NE 55.9437348090476 -3.1868174082117813 147.87127017974854 313.2834701538086
55.9437348090476 -3.1868174082117813 NNE 55.944011972907354 -3.1867026031820718 147.87127017974854 312.0334701538086
55.944011972907354 -3.1867026031820718 SSW 55.9437348090476 -3.1868174082117813 147.87127017974854 310.7834701538086
55.9437348090476 -3.1868174082117813 NNW 55.944011972907354 -3.186932213241491 147.87127017974854 309.5334701538086
55.944011972907354 -3.186932213241491 SSE 55.9437348090476 -3.1868174082117813 147.87127017974854 308.2834701538086
55.9437348090476 -3.1868174082117813 N 55.9440348090476 -3.1868174082117813 147.87127017974854 307.0334701538086
55.9440348090476 -3.1868174082117813 SSE 55.943757645187844 -3.1867026031820718 147.87127017974854 305.7834701538086
55.943757645187844 -3.1867026031820718 NNW 55.9440348090476 -3.1868174082117813 147.87127017974854 304.5334701538086
55.9440348090476 -3.1868174082117813 SSE 55.943757645187844 -3.1867026031820718 147.87127017974854 303.2834701538086
55.943757645187844 -3.1867026031820718 NNW 55.9440348090476 -3.1868174082117813 147.87127017974854 302.0334701538086
55.9440348090476 -3.1868174082117813 SSE 55.943757645187844 -3.1867026031820718 147.87127017974854 300.7834701538086
55.943757645187844 -3.1867026031820718 NNW 55.9440348090476 -3.1868174082117813 147.87127017974854 299.5334701538086
55.9440348090476 -3.1868174082117813 SSE 55.943757645187844 -3.1867026031820718 147.87127017974854 298.2834701538086
55.943757645187844 -3.1867026031820718 NNW 55.9440348090476 -3.1868174082117813 147.87127017974854 297.0334701538086
55.9440348090476 -3.1868174082117813 SSE 55.943757645187844 -3.1867026031820718 147.87127017974854 295.7834701538086
55.943757645187844 -3.1867026031820718 WNW 55.943872450217555 -3.186979767041825 147.87127017974854 294.5334701538086
55.943872450217555 -3.186979767041825 SSE 55.9435952863578 -3.1868649620121157 147.87127017974854 293.2834701538086
55.9435952863578 -3.1868649620121157 NNW 55.943872450217555 -3.186979767041825 147.87127017974854 292.0334701538086
55.943872450217555 -3.186979767041825 NNE 55.94414961407731 -3.1868649620121157 147.87127017974854 290.7834701538086
55.94414961407731 -3.1868649620121157 SSW 55.943872450217555 -3.186979767041825 147.87127017974854 289.5334701538086
55.943872450217555 -3.186979767041825 N 55.94417245021756 -3.186979767041825 147.87127017974854 288.2834701538086
55.94417245021756 -3.186979767041825 S 55.943872450217555 -3.186979767041825 147.87127017974854 287.0334701538086
55.943872450217555 -3.186979767041825 NE 55.94408458225191 -3.1867676350074694 159.0807580947876 340.44202423095703
55.94408458225191 -3.1867676350074694 W 55.94408458225191 -3.1870676350074696 159.0807580947876 339.19202423095703
55.94408458225191 -3.1870676350074696 ENE 55.94419938728162 -3.186790471147716 248.03294467926025 373.7243232727051
55.94419938728162 -3.186790471147716 W 55.94419938728162 -3.1870904711477164 248.03294467926025 372.4743232727051
55.94419938728162 -3.1870904711477164 SSW 55.943922223421865 -3.187205276177426 248.03294467926025 371.2243232727051
55.943922223421865 -3.187205276177426 NNE 55.94419938728162 -3.1870904711477164 248.03294467926025 369.9743232727051
55.94419938728162 -3.1870904711477164 SSW 55.943922223421865 -3.187205276177426 248.03294467926025 368.7243232727051
55.943922223421865 -3.187205276177426 NE 55.94413435545622 -3.18699314414307 248.03294467926025 367.4743232727051
55.94413435545622 -3.18699314414307 SW 55.943922223421865 -3.187205276177426 248.03294467926025 366.2243232727051
55.943922223421865 -3.187205276177426 NE 55.94413435545622 -3.18699314414307 248.03294467926025 364.9743232727051
55.94413435545622 -3.18699314414307 SSW 55.943857191596464 -3.1871079491727796 248.03294467926025 363.7243232727051
55.943857191596464 -3.1871079491727796 SSW 55.94358002773671 -3.187222754202489 248.03294467926025 362.4743232727051
55.94358002773671 -3.187222754202489 NNW 55.943857191596464 -3.1873375592321986 248.03294467926025 361.2243232727051
55.943857191596464 -3.1873375592321986 SE 55.94364505956211 -3.187125427197843 248.03294467926025 359.9743232727051
55.94364505956211 -3.187125427197843 WNW 55.94375986459182 -3.1874025910575963 248.03294467926025 358.7243232727051
55.94375986459182 -3.1874025910575963 ESE 55.94364505956211 -3.187125427197843 248.03294467926025 357.4743232727051
55.94364505956211 -3.187125427197843 NW 55.943857191596464 -3.1873375592321986 248.03294467926025 356.2243232727051
55.943857191596464 -3.1873375592321986 SSE 55.94358002773671 -3.187222754202489 248.03294467926025 354.9743232727051
55.94358002773671 -3.187222754202489 NNW 55.943857191596464 -3.1873375592321986 248.03294467926025 353.7243232727051
55.943857191596464 -3.1873375592321986 S 55.94355719159646 -3.1873375592321986 248.03294467926025 352.4743232727051
55.94355719159646 -3.1873375592321986 N 55.943857191596464 -3.1873375592321986 248.03294467926025 351.2243232727051
55.943857191596464 -3.1873375592321986 SSW 55.94358002773671 -3.187452364261908 248.03294467926025 349.9743232727051
55.94358002773671 -3.187452364261908 NNW 55.943857191596464 -3.1875671692916177 248.03294467926025 348.7243232727051
55.943857191596464 -3.1875671692916177 ESE 55.943742386566754 -3.1872900054318642 248.03294467926025 347.4743232727051
55.943742386566754 -3.1872900054318642 NW 55.94395451860111 -3.18750213746622 355.20211124420166 443.57194900512695
55.94395451860111 -3.18750213746622 SE 55.943742386566754 -3.1872900054318642 355.20211124420166 442.32194900512695
55.943742386566754 -3.1872900054318642 NW 55.94395451860111 -3.18750213746622 355.20211124420166 441.07194900512695
55.94395451860111 -3.18750213746622 NNW 55.94423168246087 -3.1876169424959295 355.20211124420166 439.82194900512695
55.94423168246087 -3.1876169424959295 SSE 55.94395451860111 -3.18750213746622 355.20211124420166 438.57194900512695
55.94395451860111 -3.18750213746622 NW 55.94416665063547 -3.187714269500576 457.8522882461548 544.6197700500488
55.94416665063547 -3.187714269500576 SE 55.94395451860111 -3.18750213746622 457.8522882461548 543.3697700500488
55.94395451860111 -3.18750213746622 W 55.94395451860111 -3.18780213746622 478.5664587020874 627.1969718933105
55.94395451860111 -3.18780213746622 E 55.94395451860111 -3.18750213746622 478.5664587020874 625.9469718933105
55.94395451860111 -3.18750213746622 NW 55.94416665063547 -3.187714269500576 478.5664587020874 624.6969718933105
55.94416665063547 -3.187714269500576 SE 55.94395451860111 -3.18750213746622 478.5664587020874 623.4469718933105
55.94395451860111 -3.18750213746622 W 55.94395451860111 -3.18780213746622 478.5664587020874 622.1969718933105
55.94395451860111 -3.18780213746622 NE 55.94416665063547 -3.1875900054318644 478.5664587020874 620.9469718933105
55.94416665063547 -3.1875900054318644 SW 55.94395451860111 -3.18780213746622 478.5664587020874 619.6969718933105
55.94395451860111 -3.18780213746622 SW 55.943742386566754 -3.188014269500576 594.5469655990601 648.338249206543
55.943742386566754 -3.188014269500576 NE 55.94395451860111 -3.18780213746622 594.5469655990601 647.088249206543
55.94395451860111 -3.18780213746622 W 55.94395451860111 -3.1881021374662204 617.4644594192505 681.0209045410156
55.94395451860111 -3.1881021374662204 E 55.94395451860111 -3.18780213746622 617.4644594192505 679.7709045410156
55.94395451860111 -3.18780213746622 WSW 55.9438397135714 -3.1880793013259736 617.4644594192505 678.5209045410156
55.9438397135714 -3.1880793013259736 ENE 55.94395451860111 -3.18780213746622 617.4644594192505 677.2709045410156
55.94395451860111 -3.18780213746622 WSW 55.9438397135714 -3.1880793013259736 617.4644594192505 676.0209045410156
55.9438397135714 -3.1880793013259736 ENE 55.94395451860111 -3.18780213746622 617.4644594192505 674.7709045410156
55.94395451860111 -3.18780213746622 W 55.94395451860111 -3.1881021374662204 617.4644594192505 673.5209045410156
55.94395451860111 -3.1881021374662204 SSE 55.943677354741354 -3.187987332436511 720.921498298645 764.6037826538086
