55.944425 -3.188396 NNE 55.94470216385976 -3.1882811949702905 0.0 248.75
55.94470216385976 -3.1882811949702905 S 55.944402163859756 -3.1882811949702905 0.0 247.5
55.944402163859756 -3.1882811949702905 WSW 55.944287358830046 -3.188558358830044 0.0 246.25
55.944287358830046 -3.188558358830044 ENE 55.944402163859756 -3.1882811949702905 0.0 245.0
55.944402163859756 -3.1882811949702905 SW 55.9441900318254 -3.1884933270046463 0.0 243.75
55.9441900318254 -3.1884933270046463 ENE 55.94430483685511 -3.188216163144893 0.0 242.5
55.94430483685511 -3.188216163144893 WSW 55.9441900318254 -3.1884933270046463 0.0 241.25
55.9441900318254 -3.1884933270046463 ENE 55.94430483685511 -3.188216163144893 0.0 240.0
55.94430483685511 -3.188216163144893 WSW 55.9441900318254 -3.1884933270046463 0.0 238.75
55.9441900318254 -3.1884933270046463 W 55.9441900318254 -3.1887933270046465 0.0 237.5
55.9441900318254 -3.1887933270046465 E 55.9441900318254 -3.1884933270046463 0.0 236.25
55.9441900318254 -3.1884933270046463 SE 55.943977899791044 -3.1882811949702905 0.0 235.0
55.943977899791044 -3.1882811949702905 NW 55.9441900318254 -3.1884933270046463 0.0 233.75
55.9441900318254 -3.1884933270046463 SSE 55.94391286796564 -3.1883785219749368 0.0 232.5
55.94391286796564 -3.1883785219749368 NNW 55.9441900318254 -3.1884933270046463 0.0 231.25
55.9441900318254 -3.1884933270046463 SSE 55.94391286796564 -3.1883785219749368 0.0 230.0
55.94391286796564 -3.1883785219749368 NNW 55.9441900318254 -3.1884933270046463 0.0 228.75
55.9441900318254 -3.1884933270046463 S 55.9438900318254 -3.1884933270046463 0.0 227.5
55.9438900318254 -3.1884933270046463 N 55.9441900318254 -3.1884933270046463 0.0 226.25
55.9441900318254 -3.1884933270046463 S 55.9438900318254 -3.1884933270046463 0.0 225.0
55.9438900318254 -3.1884933270046463 NNW 55.944167195685154 -3.188608132034356 0.0 223.75
55.944167195685154 -3.188608132034356 SSE 55.9438900318254 -3.1884933270046463 0.0 222.5
55.9438900318254 -3.1884933270046463 NNE 55.944167195685154 -3.1883785219749368 0.0 221.25
55.944167195685154 -3.1883785219749368 SSW 55.9438900318254 -3.1884933270046463 0.0 220.0
55.9438900318254 -3.1884933270046463 ENE 55.94400483685511 -3.188216163144893 0.0 218.75
55.94400483685511 -3.188216163144893 WSW 55.9438900318254 -3.1884933270046463 0.0 217.5
55.9438900318254 -3.1884933270046463 E 55.9438900318254 -3.188193327004646 0.0 216.25
55.9438900318254 -3.188193327004646 W 55.9438900318254 -3.1884933270046463 0.0 215.0
55.9438900318254 -3.1884933270046463 E 55.9438900318254 -3.188193327004646 0.0 213.75
55.9438900318254 -3.188193327004646 W 55.9438900318254 -3.1884933270046463 0.0 212.5
55.9438900318254 -3.1884933270046463 E 55.9438900318254 -3.188193327004646 0.0 211.25
55.9438900318254 -3.188193327004646 W 55.9438900318254 -3.1884933270046463 0.0 210.0
55.9438900318254 -3.1884933270046463 E 55.9438900318254 -3.188193327004646 0.0 208.75
55.9438900318254 -3.188193327004646 NNW 55.944167195685154 -3.1883081320343556 0.0 207.5
55.944167195685154 -3.1883081320343556 SSE 55.9438900318254 -3.188193327004646 0.0 206.25
55.9438900318254 -3.188193327004646 SE 55.94367789979104 -3.1879811949702903 0.0 205.0
55.94367789979104 -3.1879811949702903 NW 55.9438900318254 -3.188193327004646 0.0 203.75
55.9438900318254 -3.188193327004646 SSW 55.94361286796564 -3.1883081320343556 0.0 202.5
55.94361286796564 -3.1883081320343556 NNE 55.9438900318254 -3.188193327004646 0.0 201.25
55.9438900318254 -3.188193327004646 SSW 55.94361286796564 -3.1883081320343556 0.0 200.0
55.94361286796564 -3.1883081320343556 NE 55.943825 -3.188096 0.0 198.75
55.943825 -3.188096 SW 55.94361286796564 -3.1883081320343556 0.0 197.5
55.94361286796564 -3.1883081320343556 NE 55.943825 -3.188096 0.0 196.25
55.943825 -3.188096 SW 55.94361286796564 -3.1883081320343556 0.0 195.0
55.94361286796564 -3.1883081320343556 NE 55.943825 -3.188096 0.0 193.75
55.943825 -3.188096 SW 55.94361286796564 -3.1883081320343556 0.0 192.5
55.94361286796564 -3.1883081320343556 ENE 55.94372767299535 -3.188030968174602 0.0 191.25
55.94372767299535 -3.188030968174602 WSW 55.94361286796564 -3.1883081320343556 0.0 190.0
55.94361286796564 -3.1883081320343556 E 55.94361286796564 -3.1880081320343554 0.0 188.75
55.94361286796564 -3.1880081320343554 W 55.94361286796564 -3.1883081320343556 0.0 187.5
55.94361286796564 -3.1883081320343556 E 55.94361286796564 -3.1880081320343554 0.0 186.25
55.94361286796564 -3.1880081320343554 NW 55.943825 -3.188220264068711 0.0 185.0
55.943825 -3.188220264068711 SE 55.94361286796564 -3.1880081320343554 0.0 183.75
55.94361286796564 -3.1880081320343554 S 55.94331286796564 -3.1880081320343554 0.0 182.5
55.94331286796564 -3.1880081320343554 N 55.94361286796564 -3.1880081320343554 0.0 181.25
55.94361286796564 -3.1880081320343554 SW 55.943400735931284 -3.188220264068711 0.0 180.0
55.943400735931284 -3.188220264068711 NE 55.94361286796564 -3.1880081320343554 0.0 178.75
55.94361286796564 -3.1880081320343554 NNE 55.9438900318254 -3.187893327004646 0.0 177.5
55.9438900318254 -3.187893327004646 SSW 55.94361286796564 -3.1880081320343554 0.0 176.25
55.94361286796564 -3.1880081320343554 NNW 55.9438900318254 -3.188122937064065 0.0 175.0
55.9438900318254 -3.188122937064065 SSE 55.94361286796564 -3.1880081320343554 0.0 173.75
55.94361286796564 -3.1880081320343554 NNW 55.9438900318254 -3.188122937064065 0.0 172.5
55.9438900318254 -3.188122937064065 SSW 55.94361286796564 -3.1882377420937744 0.0 171.25
55.94361286796564 -3.1882377420937744 NNE 55.9438900318254 -3.188122937064065 0.0 170.0
55.9438900318254 -3.188122937064065 E 55.9438900318254 -3.1878229370640647 0.0 168.75
55.9438900318254 -3.1878229370640647 W 55.9438900318254 -3.188122937064065 0.0 167.5
55.9438900318254 -3.188122937064065 W 55.9438900318254 -3.188422937064065 0.0 166.25
55.9438900318254 -3.188422937064065 E 55.9438900318254 -3.188122937064065 0.0 165.0
55.9438900318254 -3.188122937064065 NNW 55.944167195685154 -3.1882377420937744 0.0 163.75
55.944167195685154 -3.1882377420937744 S 55.94386719568515 -3.1882377420937744 0.0 162.5
55.94386719568515 -3.1882377420937744 ENE 55.94398200071486 -3.187960578234021 0.0 161.25
55.94398200071486 -3.187960578234021 W 55.94398200071486 -3.188260578234021 0.0 160.0
55.94398200071486 -3.188260578234021 ENE 55.94409680574457 -3.187983414374268 0.0 158.75
55.94409680574457 -3.187983414374268 WSW 55.94398200071486 -3.188260578234021 0.0 157.5
55.94398200071486 -3.188260578234021 E 55.94398200071486 -3.187960578234021 0.0 156.25
55.94398200071486 -3.187960578234021 WNW 55.94409680574457 -3.1882377420937744 0.0 155.0
55.94409680574457 -3.1882377420937744 ESE 55.94398200071486 -3.187960578234021 0.0 153.75
55.94398200071486 -3.187960578234021 WNW 55.94409680574457 -3.1882377420937744 0.0 152.5
55.94409680574457 -3.1882377420937744 ESE 55.94398200071486 -3.187960578234021 0.0 151.25
55.94398200071486 -3.187960578234021 NW 55.94419413274922 -3.188172710268377 0.0 150.0
55.94419413274922 -3.188172710268377 NNE 55.944471296608974 -3.1880579052386673 0.0 148.75
55.944471296608974 -3.1880579052386673 SSW 55.94419413274922 -3.188172710268377 0.0 147.5
55.94419413274922 -3.188172710268377 SE 55.94398200071486 -3.187960578234021 0.0 146.25
55.94398200071486 -3.187960578234021 NW 55.94419413274922 -3.188172710268377 0.0 145.0
55.94419413274922 -3.188172710268377 NNW 55.944471296608974 -3.1882875152980863 0.0 143.75
55.944471296608974 -3.1882875152980863 SSE 55.94419413274922 -3.188172710268377 0.0 142.5
55.94419413274922 -3.188172710268377 NW 55.944406264783574 -3.1883848423027326 0.0 141.25
55.944406264783574 -3.1883848423027326 SE 55.94419413274922 -3.188172710268377 0.0 140.0
55.94419413274922 -3.188172710268377 NNW 55.944471296608974 -3.1882875152980863 0.0 138.75
55.944471296608974 -3.1882875152980863 SSE 55.94419413274922 -3.188172710268377 0.0 137.5
55.94419413274922 -3.188172710268377 NNW 55.944471296608974 -3.1882875152980863 0.0 136.25
55.944471296608974 -3.1882875152980863 SSE 55.94419413274922 -3.188172710268377 0.0 135.0
55.94419413274922 -3.188172710268377 NW 55.944406264783574 -3.1883848423027326 0.0 133.75
55.944406264783574 -3.1883848423027326 SE 55.94419413274922 -3.188172710268377 0.0 132.5
55.94419413274922 -3.188172710268377 NW 55.944406264783574 -3.1883848423027326 0.0 131.25
55.944406264783574 -3.1883848423027326 ESE 55.94429145975386 -3.188107678442979 0.0 130.0
55.94429145975386 -3.188107678442979 WNW 55.944406264783574 -3.1883848423027326 0.0 128.75
55.944406264783574 -3.1883848423027326 E 55.944406264783574 -3.1880848423027324 0.0 127.5
55.944406264783574 -3.1880848423027324 W 55.944406264783574 -3.1883848423027326 0.0 126.25
55.944406264783574 -3.1883848423027326 E 55.944406264783574 -3.1880848423027324 0.0 125.0
55.944406264783574 -3.1880848423027324 W 55.944406264783574 -3.1883848423027326 0.0 123.75
55.944406264783574 -3.1883848423027326 NE 55.94461839681793 -3.188172710268377 0.0 122.5
55.94461839681793 -3.188172710268377 S 55.94431839681793 -3.188172710268377 0.0 121.25
55.94431839681793 -3.188172710268377 N 55.94461839681793 -3.188172710268377 0.0 120.0
55.94461839681793 -3.188172710268377 S 55.94431839681793 -3.188172710268377 0.0 118.75
55.94431839681793 -3.188172710268377 N 55.94461839681793 -3.188172710268377 0.0 117.5
55.94461839681793 -3.188172710268377 S 55.94431839681793 -3.188172710268377 0.0 116.25
55.94431839681793 -3.188172710268377 SE 55.94410626478357 -3.187960578234021 0.0 115.0
55.94410626478357 -3.187960578234021 NW 55.94431839681793 -3.188172710268377 0.0 113.75
55.94431839681793 -3.188172710268377 NE 55.94453052885228 -3.187960578234021 0.0 112.5
55.94453052885228 -3.187960578234021 SSW 55.94425336499253 -3.1880753832637305 0.0 111.25
55.94425336499253 -3.1880753832637305 SW 55.94404123295817 -3.1882875152980863 0.0 110.0
55.94404123295817 -3.1882875152980863 NE 55.94425336499253 -3.1880753832637305 0.0 108.75
55.94425336499253 -3.1880753832637305 SSW 55.94397620113277 -3.18819018829344 0.0 107.5
55.94397620113277 -3.18819018829344 NNE 55.94425336499253 -3.1880753832637305 0.0 106.25
55.94425336499253 -3.1880753832637305 ENE 55.94436817002224 -3.187798219403977 0.0 105.0
55.94436817002224 -3.187798219403977 WSW 55.94425336499253 -3.1880753832637305 0.0 103.75
55.94425336499253 -3.1880753832637305 SSW 55.94397620113277 -3.18819018829344 0.0 102.5
55.94397620113277 -3.18819018829344 NNE 55.94425336499253 -3.1880753832637305 0.0 101.25
55.94425336499253 -3.1880753832637305 E 55.94425336499253 -3.1877753832637303 0.0 100.0
55.94425336499253 -3.1877753832637303 W 55.94425336499253 -3.1880753832637305 0.0 98.75
55.94425336499253 -3.1880753832637305 E 55.94425336499253 -3.1877753832637303 0.0 97.5
55.94425336499253 -3.1877753832637303 WNW 55.94436817002224 -3.1880525471234837 0.0 96.25
55.94436817002224 -3.1880525471234837 E 55.94436817002224 -3.1877525471234835 0.0 95.0
55.94436817002224 -3.1877525471234835 W 55.94436817002224 -3.1880525471234837 0.0 93.75
55.94436817002224 -3.1880525471234837 ESE 55.94425336499253 -3.1877753832637303 0.0 92.5
55.94425336499253 -3.1877753832637303 WNW 55.94436817002224 -3.1880525471234837 0.0 91.25
55.94436817002224 -3.1880525471234837 NNE 55.944645333881994 -3.1879377420937742 0.0 90.0
55.944645333881994 -3.1879377420937742 SSW 55.94436817002224 -3.1880525471234837 0.0 88.75
55.94436817002224 -3.1880525471234837 WNW 55.94448297505195 -3.188329710983237 0.0 87.5
55.94448297505195 -3.188329710983237 ESE 55.94436817002224 -3.1880525471234837 0.0 86.25
55.94436817002224 -3.1880525471234837 ESE 55.94425336499253 -3.1877753832637303 0.0 85.0
55.94425336499253 -3.1877753832637303 WNW 55.94436817002224 -3.1880525471234837 0.0 83.75
55.94436817002224 -3.1880525471234837 WNW 55.94448297505195 -3.188329710983237 0.0 82.5
55.94448297505195 -3.188329710983237 E 55.94448297505195 -3.188029710983237 0.0 81.25
55.94448297505195 -3.188029710983237 ESE 55.94436817002224 -3.1877525471234835 0.0 80.0
55.94436817002224 -3.1877525471234835 WNW 55.94448297505195 -3.188029710983237 0.0 78.75
55.94448297505195 -3.188029710983237 NE 55.944695107086304 -3.187817578948881 0.0 77.5
55.944695107086304 -3.187817578948881 SW 55.94448297505195 -3.188029710983237 0.0 76.25
55.94448297505195 -3.188029710983237 ESE 55.94436817002224 -3.1877525471234835 0.0 75.0
55.94436817002224 -3.1877525471234835 WNW 55.94448297505195 -3.188029710983237 0.0 73.75
55.94448297505195 -3.188029710983237 ESE 55.94436817002224 -3.1877525471234835 0.0 72.5
55.94436817002224 -3.1877525471234835 WNW 55.94448297505195 -3.188029710983237 0.0 71.25
55.94448297505195 -3.188029710983237 SE 55.94427084301759 -3.187817578948881 0.0 70.0
55.94427084301759 -3.187817578948881 NNW 55.94454800687735 -3.1879323839785907 0.0 68.75
55.94454800687735 -3.1879323839785907 SE 55.94433587484299 -3.187720251944235 0.0 67.5
55.94433587484299 -3.187720251944235 SSW 55.944058710983235 -3.1878350569739444 0.0 66.25
55.944058710983235 -3.1878350569739444 NNE 55.94433587484299 -3.187720251944235 0.0 65.0
55.94433587484299 -3.187720251944235 NE 55.94454800687735 -3.187508119909879 0.0 63.75
55.94454800687735 -3.187508119909879 SW 55.94433587484299 -3.187720251944235 0.0 62.5
55.94433587484299 -3.187720251944235 S 55.94403587484299 -3.187720251944235 0.0 61.25
55.94403587484299 -3.187720251944235 NNW 55.944313038702745 -3.1878350569739444 0.0 60.0
55.944313038702745 -3.1878350569739444 ESE 55.944198233673035 -3.187557893114191 0.0 58.75
55.944198233673035 -3.187557893114191 WNW 55.944313038702745 -3.1878350569739444 0.0 57.5
55.944313038702745 -3.1878350569739444 ESE 55.944198233673035 -3.187557893114191 0.0 56.25
55.944198233673035 -3.187557893114191 WNW 55.944313038702745 -3.1878350569739444 0.0 55.0
55.944313038702745 -3.1878350569739444 SSE 55.94403587484299 -3.187720251944235 0.0 53.75
55.94403587484299 -3.187720251944235 NNW 55.944313038702745 -3.1878350569739444 0.0 52.5
55.944313038702745 -3.1878350569739444 SSE 55.94403587484299 -3.187720251944235 0.0 51.25
55.94403587484299 -3.187720251944235 NNW 55.944313038702745 -3.1878350569739444 0.0 50.0
55.944313038702745 -3.1878350569739444 SSE 55.94403587484299 -3.187720251944235 0.0 48.75
55.94403587484299 -3.187720251944235 NW 55.944248006877345 -3.1879323839785907 0.0 47.5
55.944248006877345 -3.1879323839785907 SE 55.94403587484299 -3.187720251944235 0.0 46.25
55.94403587484299 -3.187720251944235 NW 55.944248006877345 -3.1879323839785907 0.0 45.0
55.944248006877345 -3.1879323839785907 SSE 55.94397084301759 -3.187817578948881 40.2181510925293 131.30269622802734
55.94397084301759 -3.187817578948881 NNW 55.944248006877345 -3.1879323839785907 40.2181510925293 130.05269622802734
55.944248006877345 -3.1879323839785907 SE 55.94403587484299 -3.187720251944235 40.2181510925293 128.80269622802734
55.94403587484299 -3.187720251944235 SSW 55.94375871098323 -3.1878350569739444 40.2181510925293 127.55269622802734
55.94375871098323 -3.1878350569739444 N 55.944058710983235 -3.1878350569739444 40.2181510925293 126.30269622802734
55.944058710983235 -3.1878350569739444 S 55.94375871098323 -3.1878350569739444 40.2181510925293 125.05269622802734
55.94375871098323 -3.1878350569739444 N 55.944058710983235 -3.1878350569739444 40.2181510925293 123.80269622802734
55.944058710983235 -3.1878350569739444 S 55.94375871098323 -3.1878350569739444 40.2181510925293 122.55269622802734
55.94375871098323 -3.1878350569739444 NNW 55.94403587484299 -3.187949862003654 40.2181510925293 121.30269622802734
55.94403587484299 -3.187949862003654 SE 55.94382374280863 -3.187737729969298 40.2181510925293 120.05269622802734
55.94382374280863 -3.187737729969298 NW 55.94403587484299 -3.187949862003654 40.2181510925293 118.80269622802734
55.94403587484299 -3.187949862003654 SSE 55.94375871098323 -3.1878350569739444 40.2181510925293 117.55269622802734
55.94375871098323 -3.1878350569739444 NW 55.94397084301759 -3.1880471890083 40.2181510925293 116.30269622802734
55.94397084301759 -3.1880471890083 SE 55.94375871098323 -3.1878350569739444 40.2181510925293 115.05269622802734
55.94375871098323 -3.1878350569739444 N 55.944058710983235 -3.1878350569739444 40.2181510925293 113.80269622802734
55.944058710983235 -3.1878350569739444 S 55.94375871098323 -3.1878350569739444 40.2181510925293 112.55269622802734
55.94375871098323 -3.1878350569739444 NNE 55.94403587484299 -3.187720251944235 40.2181510925293 111.30269622802734
55.94403587484299 -3.187720251944235 SSW 55.94375871098323 -3.1878350569739444 40.2181510925293 110.05269622802734
55.94375871098323 -3.1878350569739444 NNE 55.94403587484299 -3.187720251944235 40.2181510925293 108.80269622802734
55.94403587484299 -3.187720251944235 SSW 55.94375871098323 -3.1878350569739444 40.2181510925293 107.55269622802734
55.94375871098323 -3.1878350569739444 SE 55.943546578948876 -3.1876229249395887 40.2181510925293 106.30269622802734
55.943546578948876 -3.1876229249395887 NW 55.94375871098323 -3.1878350569739444 40.2181510925293 105.05269622802734
55.94375871098323 -3.1878350569739444 SW 55.943546578948876 -3.1880471890083 145.63118362426758 217.70484924316406
55.943546578948876 -3.1880471890083 NE 55.94375871098323 -3.1878350569739444 145.63118362426758 216.45484924316406
55.94375871098323 -3.1878350569739444 N 55.944058710983235 -3.1878350569739444 145.63118362426758 215.20484924316406
55.944058710983235 -3.1878350569739444 S 55.94375871098323 -3.1878350569739444 145.63118362426758 213.95484924316406
55.94375871098323 -3.1878350569739444 ESE 55.94364390595352 -3.187557893114191 145.63118362426758 212.70484924316406
55.94364390595352 -3.187557893114191 W 55.94364390595352 -3.187857893114191 145.63118362426758 211.45484924316406
55.94364390595352 -3.187857893114191 E 55.94364390595352 -3.187557893114191 145.63118362426758 210.20484924316406
55.94364390595352 -3.187557893114191 W 55.94364390595352 -3.187857893114191 145.63118362426758 208.95484924316406
55.94364390595352 -3.187857893114191 SSE 55.943366742093765 -3.1877430880844817 145.63118362426758 207.70484924316406
55.943366742093765 -3.1877430880844817 NNW 55.94364390595352 -3.187857893114191 145.63118362426758 206.45484924316406
55.94364390595352 -3.187857893114191 SSE 55.943366742093765 -3.1877430880844817 145.63118362426758 205.20484924316406
55.943366742093765 -3.1877430880844817 NNW 55.94364390595352 -3.187857893114191 145.63118362426758 203.95484924316406
55.94364390595352 -3.187857893114191 SSE 55.943366742093765 -3.1877430880844817 145.63118362426758 202.70484924316406
55.943366742093765 -3.1877430880844817 NNW 55.94364390595352 -3.187857893114191 145.63118362426758 201.45484924316406
55.94364390595352 -3.187857893114191 ESE 55.94352910092381 -3.187580729254438 145.63118362426758 200.20484924316406
55.94352910092381 -3.187580729254438 W 55.94352910092381 -3.187880729254438 198.1806182861328 259.9448013305664
55.94352910092381 -3.187880729254438 ENE 55.94364390595352 -3.1876035653946846 230.99680709838867 302.2542495727539
55.94364390595352 -3.1876035653946846 WSW 55.94352910092381 -3.187880729254438 230.99680709838867 301.0042495727539
55.94352910092381 -3.187880729254438 ENE 55.94364390595352 -3.1876035653946846 230.99680709838867 299.7542495727539
55.94364390595352 -3.1876035653946846 SSE 55.943366742093765 -3.187488760364975 230.99680709838867 298.5042495727539
55.943366742093765 -3.187488760364975 NNW 55.94364390595352 -3.1876035653946846 230.99680709838867 297.2542495727539
55.94364390595352 -3.1876035653946846 SSE 55.943366742093765 -3.187488760364975 230.99680709838867 296.0042495727539
55.943366742093765 -3.187488760364975 NNW 55.94364390595352 -3.1876035653946846 230.99680709838867 294.7542495727539
55.94364390595352 -3.1876035653946846 SSW 55.943366742093765 -3.187718370424394 230.99680709838867 293.5042495727539
55.943366742093765 -3.187718370424394 NE 55.94357887412812 -3.1875062383900383 230.99680709838867 292.2542495727539
55.94357887412812 -3.1875062383900383 SW 55.943366742093765 -3.187718370424394 230.99680709838867 291.0042495727539
55.943366742093765 -3.187718370424394 ENE 55.943481547123476 -3.1874412065646407 230.99680709838867 289.7542495727539
55.943481547123476 -3.1874412065646407 WSW 55.943366742093765 -3.187718370424394 230.99680709838867 288.5042495727539
55.943366742093765 -3.187718370424394 NE 55.94357887412812 -3.1875062383900383 230.99680709838867 287.2542495727539
55.94357887412812 -3.1875062383900383 WSW 55.94346406909841 -3.1877834022497917 316.7174186706543 287.61744713783264
55.94346406909841 -3.1877834022497917 NE 55.94367620113277 -3.187571270215436 316.7174186706543 286.36744713783264
55.94367620113277 -3.187571270215436 SW 55.94346406909841 -3.1877834022497917 316.7174186706543 285.11744713783264
55.94346406909841 -3.1877834022497917 SE 55.943251937064055 -3.187571270215436 327.3328437805176 318.10417199134827
55.943251937064055 -3.187571270215436 NW 55.94346406909841 -3.1877834022497917 327.3328437805176 316.85417199134827
55.94346406909841 -3.1877834022497917 ESE 55.9433492640687 -3.1875062383900383 327.3328437805176 315.60417199134827
55.9433492640687 -3.1875062383900383 WNW 55.94346406909841 -3.1877834022497917 327.3328437805176 314.35417199134827
55.94346406909841 -3.1877834022497917 SE 55.943251937064055 -3.187571270215436 327.3328437805176 313.10417199134827
55.943251937064055 -3.187571270215436 NNE 55.94352910092381 -3.1874564651857265 327.3328437805176 311.85417199134827
55.94352910092381 -3.1874564651857265 SSW 55.943251937064055 -3.187571270215436 327.3328437805176 310.60417199134827
55.943251937064055 -3.187571270215436 NNE 55.94352910092381 -3.1874564651857265 327.3328437805176 309.35417199134827
55.94352910092381 -3.1874564651857265 S 55.94322910092381 -3.1874564651857265 327.3328437805176 308.10417199134827
55.94322910092381 -3.1874564651857265 N 55.94352910092381 -3.1874564651857265 327.3328437805176 306.85417199134827
55.94352910092381 -3.1874564651857265 NNW 55.94380626478357 -3.187571270215436 358.49149322509766 364.36423897743225
55.94380626478357 -3.187571270215436 SSE 55.94352910092381 -3.1874564651857265 358.49149322509766 363.11423897743225
55.94352910092381 -3.1874564651857265 W 55.94352910092381 -3.1877564651857266 369.7887306213379 379.93416810035706
55.94352910092381 -3.1877564651857266 E 55.94352910092381 -3.1874564651857265 369.7887306213379 378.68416810035706
55.94352910092381 -3.1874564651857265 SE 55.943316968889455 -3.1872443331513707 369.7887306213379 377.43416810035706
55.943316968889455 -3.1872443331513707 NW 55.94352910092381 -3.1874564651857265 369.7887306213379 376.18416810035706
55.94352910092381 -3.1874564651857265 SE 55.943316968889455 -3.1872443331513707 369.7887306213379 374.93416810035706
55.943316968889455 -3.1872443331513707 NW 55.94352910092381 -3.1874564651857265 369.7887306213379 373.68416810035706
55.94352910092381 -3.1874564651857265 NNW 55.94380626478357 -3.187571270215436 369.7887306213379 372.43416810035706
55.94380626478357 -3.187571270215436 SSE 55.94352910092381 -3.1874564651857265 369.7887306213379 371.18416810035706
55.94352910092381 -3.1874564651857265 NNW 55.94380626478357 -3.187571270215436 369.7887306213379 369.93416810035706
55.94380626478357 -3.187571270215436 SSE 55.94352910092381 -3.1874564651857265 369.7887306213379 368.68416810035706
55.94352910092381 -3.1874564651857265 WNW 55.94364390595352 -3.18773362904548 369.7887306213379 367.43416810035706
55.94364390595352 -3.18773362904548 ESE 55.94352910092381 -3.1874564651857265 369.7887306213379 366.18416810035706
55.94352910092381 -3.1874564651857265 NNW 55.94380626478357 -3.187571270215436 369.7887306213379 364.93416810035706
55.94380626478357 -3.187571270215436 SSE 55.94352910092381 -3.1874564651857265 369.7887306213379 363.68416810035706
55.94352910092381 -3.1874564651857265 NNE 55.94380626478357 -3.187341660156017 369.7887306213379 362.43416810035706
55.94380626478357 -3.187341660156017 SSW 55.94352910092381 -3.1874564651857265 369.7887306213379 361.18416810035706
55.94352910092381 -3.1874564651857265 ENE 55.94364390595352 -3.187179301325973 384.0030517578125 412.59127259254456
55.94364390595352 -3.187179301325973 WSW 55.94352910092381 -3.1874564651857265 384.0030517578125 411.34127259254456
55.94352910092381 -3.1874564651857265 ENE 55.94364390595352 -3.187179301325973 384.0030517578125 410.09127259254456
55.94364390595352 -3.187179301325973 WSW 55.94352910092381 -3.1874564651857265 384.0030517578125 408.84127259254456
