55.944425 -3.188396 ESE 55.94431019497029 -3.1881188361402466 0.0 248.75
55.94431019497029 -3.1881188361402466 WNW 55.944425 -3.188396 0.0 247.5
55.944425 -3.188396 ESE 55.94431019497029 -3.1881188361402466 0.0 246.25
55.94431019497029 -3.1881188361402466 WNW 55.944425 -3.188396 0.0 245.0
55.944425 -3.188396 SE 55.944212867965646 -3.1881838679656442 0.0 243.75
55.944212867965646 -3.1881838679656442 NW 55.944425 -3.188396 0.0 242.5
55.944425 -3.188396 ESE 55.94431019497029 -3.1881188361402466 0.0 241.25
55.94431019497029 -3.1881188361402466 SSW 55.944033031110536 -3.188233641169956 0.0 240.0
55.944033031110536 -3.188233641169956 E 55.944033031110536 -3.187933641169956 0.0 238.75
55.944033031110536 -3.187933641169956 WNW 55.944147836140246 -3.1882108050297093 0.0 237.5
55.944147836140246 -3.1882108050297093 W 55.944147836140246 -3.1885108050297095 0.0 236.25
55.944147836140246 -3.1885108050297095 ESE 55.944033031110536 -3.188233641169956 0.0 235.0
55.944033031110536 -3.188233641169956 WNW 55.944147836140246 -3.1885108050297095 0.0 233.75
55.944147836140246 -3.1885108050297095 N 55.94444783614025 -3.1885108050297095 0.0 232.5
55.94444783614025 -3.1885108050297095 SSW 55.94417067228049 -3.188625610059419 0.0 231.25
55.94417067228049 -3.188625610059419 E 55.94417067228049 -3.188325610059419 0.0 230.0
55.94417067228049 -3.188325610059419 W 55.94417067228049 -3.188625610059419 0.0 228.75
55.94417067228049 -3.188625610059419 NE 55.94438280431485 -3.1884134780250633 0.0 227.5
55.94438280431485 -3.1884134780250633 SSW 55.94410564045509 -3.1885282830547728 0.0 226.25
55.94410564045509 -3.1885282830547728 S 55.94380564045509 -3.1885282830547728 0.0 225.0
55.94380564045509 -3.1885282830547728 ESE 55.94369083542538 -3.1882511191950194 0.0 223.75
55.94369083542538 -3.1882511191950194 W 55.94369083542538 -3.1885511191950195 0.0 222.5
55.94369083542538 -3.1885511191950195 SSE 55.94341367156562 -3.18843631416531 0.0 221.25
55.94341367156562 -3.18843631416531 NNW 55.94369083542538 -3.1885511191950195 0.0 220.0
55.94369083542538 -3.1885511191950195 S 55.943390835425376 -3.1885511191950195 0.0 218.75
55.943390835425376 -3.1885511191950195 WSW 55.943276030395666 -3.188828283054773 0.0 217.5
55.943276030395666 -3.188828283054773 NNE 55.94355319425542 -3.1887134780250634 0.0 216.25
55.94355319425542 -3.1887134780250634 N 55.943853194255425 -3.1887134780250634 0.0 215.0
55.943853194255425 -3.1887134780250634 S 55.94355319425542 -3.1887134780250634 0.0 213.75
55.94355319425542 -3.1887134780250634 N 55.943853194255425 -3.1887134780250634 0.0 212.5
55.943853194255425 -3.1887134780250634 WSW 55.943738389225715 -3.188990641884817 0.0 211.25
55.943738389225715 -3.188990641884817 ENE 55.943853194255425 -3.1887134780250634 0.0 210.0
55.943853194255425 -3.1887134780250634 NNW 55.94413035811518 -3.188828283054773 0.0 208.75
55.94413035811518 -3.188828283054773 SE 55.943918226080825 -3.188616151020417 0.0 207.5
55.943918226080825 -3.188616151020417 W 55.943918226080825 -3.1889161510204174 0.0 206.25
55.943918226080825 -3.1889161510204174 NW 55.94413035811518 -3.189128283054773 0.0 205.0
55.94413035811518 -3.189128283054773 NW 55.94434249014954 -3.189340415089129 0.0 203.75
55.94434249014954 -3.189340415089129 SE 55.94413035811518 -3.189128283054773 0.0 202.5
55.94413035811518 -3.189128283054773 SSW 55.943853194255425 -3.1892430880844826 0.0 201.25
55.943853194255425 -3.1892430880844826 N 55.94415319425543 -3.1892430880844826 0.0 200.0
55.94415319425543 -3.1892430880844826 WNW 55.94426799928514 -3.189520251944236 0.0 198.75
55.94426799928514 -3.189520251944236 ESE 55.94415319425543 -3.1892430880844826 0.0 197.5
55.94415319425543 -3.1892430880844826 WSW 55.94403838922572 -3.189520251944236 0.0 196.25
55.94403838922572 -3.189520251944236 NNW 55.944315553085474 -3.1896350569739456 0.0 195.0
55.944315553085474 -3.1896350569739456 SSE 55.94403838922572 -3.189520251944236 0.0 193.75
55.94403838922572 -3.189520251944236 NW 55.944250521260074 -3.189732383978592 0.0 192.5
55.944250521260074 -3.189732383978592 S 55.94395052126007 -3.189732383978592 0.0 191.25
55.94395052126007 -3.189732383978592 NNW 55.94422768511983 -3.1898471890083013 0.0 190.0
55.94422768511983 -3.1898471890083013 E 55.94422768511983 -3.189547189008301 0.0 188.75
55.94422768511983 -3.189547189008301 W 55.94422768511983 -3.1898471890083013 0.0 187.5
55.94422768511983 -3.1898471890083013 ESE 55.94411288009012 -3.189570025148548 0.0 186.25
55.94411288009012 -3.189570025148548 WNW 55.94422768511983 -3.1898471890083013 0.0 185.0
55.94422768511983 -3.1898471890083013 N 55.94452768511983 -3.1898471890083013 0.0 183.75
55.94452768511983 -3.1898471890083013 SW 55.944315553085474 -3.190059321042657 0.0 182.5
55.944315553085474 -3.190059321042657 NE 55.94452768511983 -3.1898471890083013 0.0 181.25
55.94452768511983 -3.1898471890083013 WNW 55.94464249014954 -3.1901243528680547 16.899127960205078 238.16407012939453
55.94464249014954 -3.1901243528680547 SE 55.944430358115184 -3.189912220833699 16.899127960205078 236.91407012939453
55.944430358115184 -3.189912220833699 NW 55.94464249014954 -3.1901243528680547 16.899127960205078 235.66407012939453
55.94464249014954 -3.1901243528680547 SSE 55.944365326289784 -3.1900095478383452 16.899127960205078 234.41407012939453
55.944365326289784 -3.1900095478383452 WNW 55.944480131319494 -3.1902867116980986 127.54317092895508 354.4541320800781
55.944480131319494 -3.1902867116980986 ESE 55.944365326289784 -3.1900095478383452 127.54317092895508 353.2041320800781
55.944365326289784 -3.1900095478383452 SE 55.94415319425543 -3.1897974158039895 127.54317092895508 351.9541320800781
55.94415319425543 -3.1897974158039895 SSW 55.94387603039567 -3.189912220833699 127.54317092895508 350.7041320800781
55.94387603039567 -3.189912220833699 NNE 55.94415319425543 -3.1897974158039895 127.54317092895508 349.4541320800781
55.94415319425543 -3.1897974158039895 S 55.943853194255425 -3.1897974158039895 127.54317092895508 348.2041320800781
55.943853194255425 -3.1897974158039895 W 55.943853194255425 -3.1900974158039896 127.54317092895508 346.9541320800781
55.943853194255425 -3.1900974158039896 E 55.943853194255425 -3.1897974158039895 127.54317092895508 345.7041320800781
55.943853194255425 -3.1897974158039895 SSE 55.94357603039567 -3.18968261077428 127.54317092895508 344.4541320800781
55.94357603039567 -3.18968261077428 NNE 55.943853194255425 -3.1895678057445704 127.54317092895508 343.2041320800781
55.943853194255425 -3.1895678057445704 SSW 55.94357603039567 -3.18968261077428 127.54317092895508 341.9541320800781
55.94357603039567 -3.18968261077428 W 55.94357603039567 -3.18998261077428 127.54317092895508 340.7041320800781
55.94357603039567 -3.18998261077428 NE 55.943788162430025 -3.1897704787399244 127.54317092895508 339.4541320800781
55.943788162430025 -3.1897704787399244 SW 55.94357603039567 -3.18998261077428 127.54317092895508 338.2041320800781
55.94357603039567 -3.18998261077428 W 55.94357603039567 -3.1902826107742803 127.54317092895508 336.9541320800781
55.94357603039567 -3.1902826107742803 NNE 55.943853194255425 -3.190167805744571 198.0868263244629 408.5721130371094
55.943853194255425 -3.190167805744571 SE 55.94364106222107 -3.189955673710215 302.8148307800293 531.408576965332
55.94364106222107 -3.189955673710215 NW 55.943853194255425 -3.190167805744571 302.8148307800293 530.158576965332
55.943853194255425 -3.190167805744571 NE 55.94406532628978 -3.189955673710215 302.8148307800293 528.908576965332
55.94406532628978 -3.189955673710215 WSW 55.94395052126007 -3.1902328375699684 305.6435661315918 549.6278667449951
55.94395052126007 -3.1902328375699684 NE 55.94416265329443 -3.1900207055356127 305.6435661315918 548.3778667449951
55.94416265329443 -3.1900207055356127 SW 55.94395052126007 -3.1902328375699684 305.6435661315918 547.1278667449951
55.94395052126007 -3.1902328375699684 ESE 55.94383571623036 -3.189955673710215 305.6435661315918 545.8778667449951
55.94383571623036 -3.189955673710215 WNW 55.94395052126007 -3.1902328375699684 305.6435661315918 544.6278667449951
55.94395052126007 -3.1902328375699684 WSW 55.94383571623036 -3.190510001429722 305.6435661315918 543.3778667449951
55.94383571623036 -3.190510001429722 NNW 55.94411288009012 -3.1906248064594314 305.6435661315918 542.1278667449951
55.94411288009012 -3.1906248064594314 SSE 55.94383571623036 -3.190510001429722 305.6435661315918 540.8778667449951
55.94383571623036 -3.190510001429722 WNW 55.94395052126007 -3.1907871652894753 305.6435661315918 539.6278667449951
55.94395052126007 -3.1907871652894753 E 55.94395052126007 -3.190487165289475 305.6435661315918 538.3778667449951
55.94395052126007 -3.190487165289475 NNE 55.94422768511983 -3.1903723602597656 305.6435661315918 537.1278667449951
55.94422768511983 -3.1903723602597656 SW 55.94401555308547 -3.1905844922941213 305.6435661315918 535.8778667449951
55.94401555308547 -3.1905844922941213 N 55.944315553085474 -3.1905844922941213 305.6435661315918 534.6278667449951
55.944315553085474 -3.1905844922941213 S 55.94401555308547 -3.1905844922941213 305.6435661315918 533.3778667449951
55.94401555308547 -3.1905844922941213 N 55.944315553085474 -3.1905844922941213 305.6435661315918 532.1278667449951
55.944315553085474 -3.1905844922941213 WSW 55.94420074805576 -3.1908616561538747 305.6435661315918 530.8778667449951
55.94420074805576 -3.1908616561538747 ESE 55.94408594302605 -3.1905844922941213 305.6435661315918 529.6278667449951
55.94408594302605 -3.1905844922941213 W 55.94408594302605 -3.1908844922941215 305.6435661315918 528.3778667449951
55.94408594302605 -3.1908844922941215 NNW 55.94436310688581 -3.190999297323831 305.6435661315918 527.1278667449951
55.94436310688581 -3.190999297323831 S 55.94406310688581 -3.190999297323831 305.6435661315918 525.8778667449951
55.94406310688581 -3.190999297323831 ENE 55.94417791191552 -3.1907221334640776 305.6435661315918 524.6278667449951
55.94417791191552 -3.1907221334640776 WSW 55.94406310688581 -3.190999297323831 305.6435661315918 523.3778667449951
55.94406310688581 -3.190999297323831 SSE 55.94378594302605 -3.1908844922941215 369.8656578063965 638.1709575653076
55.94378594302605 -3.1908844922941215 NNW 55.94406310688581 -3.190999297323831 369.8656578063965 636.9209575653076
55.94406310688581 -3.190999297323831 SSE 55.94378594302605 -3.1908844922941215 369.8656578063965 635.6709575653076
55.94378594302605 -3.1908844922941215 NW 55.94399807506041 -3.1910966243284773 369.8656578063965 634.4209575653076
55.94399807506041 -3.1910966243284773 SE 55.94378594302605 -3.1908844922941215 369.8656578063965 633.1709575653076
55.94378594302605 -3.1908844922941215 N 55.94408594302605 -3.1908844922941215 369.8656578063965 631.9209575653076
55.94408594302605 -3.1908844922941215 SE 55.9438738109917 -3.1906723602597657 379.35629177093506 680.3734722137451
55.9438738109917 -3.1906723602597657 NNW 55.94415097485145 -3.1907871652894753 379.35629177093506 679.1234722137451
55.94415097485145 -3.1907871652894753 NNW 55.94442813871121 -3.1909019703191848 379.35629177093506 677.8734722137451
55.94442813871121 -3.1909019703191848 E 55.94442813871121 -3.1906019703191846 379.35629177093506 676.6234722137451
55.94442813871121 -3.1906019703191846 WNW 55.94454294374092 -3.190879134178938 379.35629177093506 675.3734722137451
55.94454294374092 -3.190879134178938 ESE 55.94442813871121 -3.1906019703191846 379.35629177093506 674.1234722137451
55.94442813871121 -3.1906019703191846 NNW 55.944705302570966 -3.190716775348894 379.35629177093506 672.8734722137451
55.944705302570966 -3.190716775348894 S 55.944405302570964 -3.190716775348894 395.2097444534302 764.8788890838623
55.944405302570964 -3.190716775348894 N 55.944705302570966 -3.190716775348894 395.2097444534302 763.6288890838623
55.944705302570966 -3.190716775348894 NE 55.94491743460532 -3.1905046433145383 395.2097444534302 762.3788890838623
55.94491743460532 -3.1905046433145383 W 55.94491743460532 -3.1908046433145385 395.2097444534302 761.1288890838623
55.94491743460532 -3.1908046433145385 SSW 55.944640270745566 -3.190919448344248 395.2097444534302 759.8788890838623
55.944640270745566 -3.190919448344248 NE 55.94485240277992 -3.1907073163098922 395.2097444534302 758.6288890838623
55.94485240277992 -3.1907073163098922 SW 55.944640270745566 -3.190919448344248 395.2097444534302 757.3788890838623
55.944640270745566 -3.190919448344248 NE 55.94485240277992 -3.1907073163098922 395.2097444534302 756.1288890838623
55.94485240277992 -3.1907073163098922 SW 55.944640270745566 -3.190919448344248 395.2097444534302 754.8788890838623
55.944640270745566 -3.190919448344248 SW 55.94442813871121 -3.191131580378604 395.2097444534302 753.6288890838623
55.94442813871121 -3.191131580378604 NE 55.944640270745566 -3.190919448344248 395.2097444534302 752.3788890838623
55.944640270745566 -3.190919448344248 WSW 55.944525465715856 -3.1911966122040014 395.2097444534302 751.1288890838623
55.944525465715856 -3.1911966122040014 NE 55.94473759775021 -3.1909844801696456 395.2097444534302 749.8788890838623
55.94473759775021 -3.1909844801696456 WNW 55.94485240277992 -3.191261644029399 395.2097444534302 748.6288890838623
55.94485240277992 -3.191261644029399 SSW 55.944575238920166 -3.1913764490591086 395.2097444534302 747.3788890838623
55.944575238920166 -3.1913764490591086 NNE 55.94485240277992 -3.191261644029399 395.2097444534302 746.1288890838623
55.94485240277992 -3.191261644029399 S 55.94455240277992 -3.191261644029399 395.2097444534302 744.8788890838623
55.94455240277992 -3.191261644029399 N 55.94485240277992 -3.191261644029399 395.2097444534302 743.6288890838623
55.94485240277992 -3.191261644029399 S 55.94455240277992 -3.191261644029399 395.2097444534302 742.3788890838623
55.94455240277992 -3.191261644029399 ENE 55.94466720780963 -3.1909844801696456 395.2097444534302 741.1288890838623
55.94466720780963 -3.1909844801696456 WSW 55.94455240277992 -3.191261644029399 395.2097444534302 739.8788890838623
55.94455240277992 -3.191261644029399 SW 55.94434027074556 -3.191473776063755 395.2097444534302 738.6288890838623
55.94434027074556 -3.191473776063755 N 55.944640270745566 -3.191473776063755 395.2097444534302 737.3788890838623
55.944640270745566 -3.191473776063755 S 55.94434027074556 -3.191473776063755 395.2097444534302 736.1288890838623
55.94434027074556 -3.191473776063755 NW 55.94455240277992 -3.1916859080981106 395.2097444534302 734.8788890838623
55.94455240277992 -3.1916859080981106 ESE 55.94443759775021 -3.191408744238357 395.2097444534302 733.6288890838623
55.94443759775021 -3.191408744238357 NW 55.944649729784565 -3.191620876272713 472.1912508010864 856.7911052703857
55.944649729784565 -3.191620876272713 W 55.944649729784565 -3.191920876272713 472.1912508010864 855.5411052703857
55.944649729784565 -3.191920876272713 E 55.944649729784565 -3.191620876272713 472.1912508010864 854.2911052703857
55.944649729784565 -3.191620876272713 NW 55.94486186181892 -3.1918330083070687 472.1912508010864 853.0411052703857
55.94486186181892 -3.1918330083070687 SE 55.944649729784565 -3.191620876272713 472.1912508010864 851.7911052703857
55.944649729784565 -3.191620876272713 NW 55.94486186181892 -3.1918330083070687 472.1912508010864 850.5411052703857
55.94486186181892 -3.1918330083070687 ESE 55.94474705678921 -3.1915558444473153 472.1912508010864 849.2911052703857
55.94474705678921 -3.1915558444473153 WNW 55.94486186181892 -3.1918330083070687 472.1912508010864 848.0411052703857
55.94486186181892 -3.1918330083070687 WSW 55.94474705678921 -3.192110172166822 472.1912508010864 846.7911052703857
55.94474705678921 -3.192110172166822 N 55.945047056789214 -3.192110172166822 472.1912508010864 845.5411052703857
55.945047056789214 -3.192110172166822 S 55.94474705678921 -3.192110172166822 472.1912508010864 844.2911052703857
55.94474705678921 -3.192110172166822 SW 55.944534924754855 -3.192322304201178 472.1912508010864 843.0411052703857
55.944534924754855 -3.192322304201178 ENE 55.944649729784565 -3.1920451403414245 472.1912508010864 841.7911052703857
55.944649729784565 -3.1920451403414245 WNW 55.944764534814276 -3.192322304201178 472.1912508010864 840.5411052703857
55.944764534814276 -3.192322304201178 SSW 55.94448737095452 -3.1924371092308874 472.1912508010864 839.2911052703857
55.94448737095452 -3.1924371092308874 N 55.94478737095452 -3.1924371092308874 472.1912508010864 838.0411052703857
55.94478737095452 -3.1924371092308874 NE 55.94499950298888 -3.1922249771965316 472.1912508010864 836.7911052703857
55.94499950298888 -3.1922249771965316 SW 55.94478737095452 -3.1924371092308874 472.1912508010864 835.5411052703857
55.94478737095452 -3.1924371092308874 S 55.94448737095452 -3.1924371092308874 472.1912508010864 834.2911052703857
55.94448737095452 -3.1924371092308874 SSE 55.94421020709476 -3.192322304201178 472.1912508010864 833.0411052703857
55.94421020709476 -3.192322304201178 NNW 55.94448737095452 -3.1924371092308874 472.1912508010864 831.7911052703857
55.94448737095452 -3.1924371092308874 SSE 55.94421020709476 -3.192322304201178 472.1912508010864 830.5411052703857
55.94421020709476 -3.192322304201178 S 55.94391020709476 -3.192322304201178 472.1912508010864 829.2911052703857
55.94391020709476 -3.192322304201178 NNW 55.944187370954516 -3.1924371092308874 570.0309801101685 852.7853603363037
55.944187370954516 -3.1924371092308874 SE 55.94397523892016 -3.1922249771965316 570.0309801101685 851.5353603363037
55.94397523892016 -3.1922249771965316 ENE 55.94409004394987 -3.1919478133367782 570.0309801101685 850.2853603363037
55.94409004394987 -3.1919478133367782 WSW 55.94397523892016 -3.1922249771965316 570.0309801101685 849.0353603363037
55.94397523892016 -3.1922249771965316 ENE 55.94409004394987 -3.1919478133367782 570.0309801101685 847.7853603363037
55.94409004394987 -3.1919478133367782 SW 55.943877911915514 -3.192159945371134 570.0309801101685 846.5353603363037
55.943877911915514 -3.192159945371134 NE 55.94409004394987 -3.1919478133367782 570.0309801101685 845.2853603363037
55.94409004394987 -3.1919478133367782 N 55.94439004394987 -3.1919478133367782 570.0309801101685 844.0353603363037
55.94439004394987 -3.1919478133367782 ESE 55.94427523892016 -3.191670649477025 570.0309801101685 842.7853603363037
55.94427523892016 -3.191670649477025 SE 55.94406310688581 -3.191458517442669 570.0309801101685 841.5353603363037
55.94406310688581 -3.191458517442669 NW 55.94427523892016 -3.191670649477025 570.0309801101685 840.2853603363037
55.94427523892016 -3.191670649477025 NW 55.94448737095452 -3.1918827815113806 570.0309801101685 839.0353603363037
55.94448737095452 -3.1918827815113806 SE 55.94427523892016 -3.191670649477025 570.0309801101685 837.7853603363037
55.94427523892016 -3.191670649477025 N 55.944575238920166 -3.191670649477025 683.5649690628052 864.1141033172607
55.944575238920166 -3.191670649477025 S 55.94427523892016 -3.191670649477025 683.5649690628052 862.8641033172607
55.94427523892016 -3.191670649477025 NNW 55.94455240277992 -3.1917854545067343 683.5649690628052 861.6141033172607
55.94455240277992 -3.1917854545067343 S 55.94425240277992 -3.1917854545067343 683.5649690628052 860.3641033172607
55.94425240277992 -3.1917854545067343 N 55.94455240277992 -3.1917854545067343 683.5649690628052 859.1141033172607
55.94455240277992 -3.1917854545067343 ENE 55.94466720780963 -3.191508290646981 683.5649690628052 857.8641033172607
55.94466720780963 -3.191508290646981 ESE 55.94455240277992 -3.1912311267872275 683.5649690628052 856.6141033172607
55.94455240277992 -3.1912311267872275 NNW 55.944829566639676 -3.191345931816937 782.2285966873169 879.524284362793
55.944829566639676 -3.191345931816937 NW 55.94504169867403 -3.191558063851293 782.2285966873169 878.274284362793
55.94504169867403 -3.191558063851293 E 55.94504169867403 -3.1912580638512926 782.2285966873169 877.024284362793
55.94504169867403 -3.1912580638512926 WNW 55.94515650370374 -3.191535227711046 791.2757349014282 925.8725433349609
55.94515650370374 -3.191535227711046 ESE 55.94504169867403 -3.1912580638512926 791.2757349014282 924.6225433349609
55.94504169867403 -3.1912580638512926 S 55.94474169867403 -3.1912580638512926 791.2757349014282 923.3725433349609
55.94474169867403 -3.1912580638512926 NNE 55.945018862533786 -3.191143258821583 791.2757349014282 922.1225433349609
55.945018862533786 -3.191143258821583 NE 55.94523099456814 -3.1909311267872273 892.8022165298462 935.4314613342285
55.94523099456814 -3.1909311267872273 SW 55.945018862533786 -3.191143258821583 892.8022165298462 934.1814613342285
55.945018862533786 -3.191143258821583 N 55.94531886253379 -3.191143258821583 997.8594064712524 1053.7135047912598
55.94531886253379 -3.191143258821583 S 55.945018862533786 -3.191143258821583 997.8594064712524 1052.4635047912598
55.945018862533786 -3.191143258821583 NNW 55.94529602639354 -3.1912580638512926 997.8594064712524 1051.2135047912598
55.94529602639354 -3.1912580638512926 SSE 55.945018862533786 -3.191143258821583 997.8594064712524 1049.9635047912598
55.945018862533786 -3.191143258821583 N 55.94531886253379 -3.191143258821583 997.8594064712524 1048.7135047912598
55.94531886253379 -3.191143258821583 NE 55.945530994568145 -3.1909311267872273 997.8594064712524 1047.4635047912598
55.945530994568145 -3.1909311267872273 SW 55.94531886253379 -3.191143258821583 997.8594064712524 1046.2135047912598
55.94531886253379 -3.191143258821583 NE 55.945530994568145 -3.1909311267872273 997.8594064712524 1044.9635047912598
55.945530994568145 -3.1909311267872273 WSW 55.945416189538435 -3.1912082906469807 997.8594064712524 1043.7135047912598
55.945416189538435 -3.1912082906469807 W 55.945416189538435 -3.191508290646981 1084.8940134048462 1157.941738128662
55.945416189538435 -3.191508290646981 ENE 55.945530994568145 -3.1912311267872275 1084.8940134048462 1156.691738128662
55.945530994568145 -3.1912311267872275 S 55.94523099456814 -3.1912311267872275 1084.8940134048462 1155.441738128662
55.94523099456814 -3.1912311267872275 N 55.945530994568145 -3.1912311267872275 1084.8940134048462 1154.191738128662
55.945530994568145 -3.1912311267872275 ENE 55.945645799597855 -3.190953962927474 1084.8940134048462 1152.941738128662
55.945645799597855 -3.190953962927474 SW 55.9454336675635 -3.19116609496183 1084.8940134048462 1151.691738128662
55.9454336675635 -3.19116609496183 E 55.9454336675635 -3.1908660949618297 1084.8940134048462 1150.441738128662
55.9454336675635 -3.1908660949618297 NW 55.945645799597855 -3.1910782269961855 1084.8940134048462 1149.191738128662
55.945645799597855 -3.1910782269961855 ESE 55.945530994568145 -3.190801063136432 1084.8940134048462 1147.941738128662
55.945530994568145 -3.190801063136432 ENE 55.945645799597855 -3.1905238992766787 1084.8940134048462 1146.691738128662
55.945645799597855 -3.1905238992766787 SW 55.9454336675635 -3.1907360313110344 1084.8940134048462 1145.441738128662
55.9454336675635 -3.1907360313110344 E 55.9454336675635 -3.1904360313110343 1108.2040586471558 1149.7817001342773
55.9454336675635 -3.1904360313110343 WSW 55.94531886253379 -3.1907131951707877 1108.2040586471558 1148.5317001342773
55.94531886253379 -3.1907131951707877 WSW 55.94520405750408 -3.190990359030541 1108.2040586471558 1147.2817001342773
55.94520405750408 -3.190990359030541 NW 55.945416189538435 -3.191202491064897 1108.2040586471558 1146.0317001342773
55.945416189538435 -3.191202491064897 SSE 55.94513902567868 -3.1910876860351873 1108.2040586471558 1144.7817001342773
55.94513902567868 -3.1910876860351873 E 55.94513902567868 -3.190787686035187 1118.8856391906738 1261.9250259399414
55.94513902567868 -3.190787686035187 ENE 55.94525383070839 -3.1905105221754337 1160.5152740478516 1371.487922668457
55.94525383070839 -3.1905105221754337 NE 55.945465962742745 -3.190298390141078 1160.5152740478516 1370.237922668457
55.945465962742745 -3.190298390141078 WSW 55.945351157713034 -3.1905755540008314 1160.5152740478516 1368.987922668457
55.945351157713034 -3.1905755540008314 NE 55.94556328974739 -3.1903634219664756 1188.4534015655518 1488.7968139648438
55.94556328974739 -3.1903634219664756 WSW 55.94544848471768 -3.190640585826229 1210.5432090759277 1522.3704528808594
55.94544848471768 -3.190640585826229 ENE 55.94556328974739 -3.1903634219664756 1210.5432090759277 1521.1204528808594
55.94556328974739 -3.1903634219664756 SSE 55.945286125887634 -3.190248616936766 1210.5432090759277 1519.8704528808594
55.945286125887634 -3.190248616936766 NNE 55.94556328974739 -3.1901338119070566 1232.871482849121 1600.909065246582
55.94556328974739 -3.1901338119070566 ESE 55.94544848471768 -3.189856648047303 1232.871482849121 1599.659065246582
55.94544848471768 -3.189856648047303 WNW 55.94556328974739 -3.1901338119070566 1232.871482849121 1598.409065246582
55.94556328974739 -3.1901338119070566 SE 55.945351157713034 -3.189921679872701 1265.92529296875 1714.6108856201172
55.945351157713034 -3.189921679872701 NNW 55.94562832157279 -3.1900364849024103 1305.7539176940918 1766.3026313781738
55.94562832157279 -3.1900364849024103 N 55.945928321572794 -3.1900364849024103 1305.7539176940918 1765.0526313781738
55.945928321572794 -3.1900364849024103 SSW 55.94565115771304 -3.19015128993212 1305.7539176940918 1763.8026313781738
55.94565115771304 -3.19015128993212 WNW 55.94576596274275 -3.1904284537918732 1404.4438972473145 1777.9935846328735
55.94576596274275 -3.1904284537918732 ESE 55.94565115771304 -3.19015128993212 1404.4438972473145 1776.7435846328735
55.94565115771304 -3.19015128993212 WNW 55.94576596274275 -3.1904284537918732 1404.4438972473145 1775.4935846328735
55.94576596274275 -3.1904284537918732 SSW 55.94548879888299 -3.1905432588215827 1418.7880535125732 1886.1558923721313
55.94548879888299 -3.1905432588215827 N 55.945788798882994 -3.1905432588215827 1418.7880535125732 1884.9058923721313
55.945788798882994 -3.1905432588215827 NW 55.94600093091735 -3.1907553908559385 1480.8231220245361 1952.4247751235962
55.94600093091735 -3.1907553908559385 WSW 55.94588612588764 -3.191032554715692 1480.8231220245361 1951.1747751235962
55.94588612588764 -3.191032554715692 NE 55.946098257921996 -3.190820422681336 1572.3781452178955 1953.6041505336761
55.946098257921996 -3.190820422681336 SSW 55.94582109406224 -3.1909352277110457 1572.3781452178955 1952.3541505336761
55.94582109406224 -3.1909352277110457 NNE 55.946098257921996 -3.190820422681336 1572.3781452178955 1951.1041505336761
55.946098257921996 -3.190820422681336 SSW 55.94582109406224 -3.1909352277110457 1572.3781452178955 1949.8541505336761
55.94582109406224 -3.1909352277110457 SW 55.94560896202788 -3.1911473597454014 1572.3781452178955 1948.6041505336761
55.94560896202788 -3.1911473597454014 ENE 55.94572376705759 -3.190870195885648 1572.3781452178955 1947.3541505336761
55.94572376705759 -3.190870195885648 W 55.94572376705759 -3.191170195885648 1633.540418624878 1957.554785490036
55.94572376705759 -3.191170195885648 SW 55.94551163502324 -3.191382327920004 1633.540418624878 1956.304785490036
55.94551163502324 -3.191382327920004 NNE 55.945788798882994 -3.1912675228902945 1746.385992050171 2072.0946872234344
55.945788798882994 -3.1912675228902945 SSW 55.94551163502324 -3.191382327920004 1746.385992050171 2070.8446872234344
55.94551163502324 -3.191382327920004 NE 55.94572376705759 -3.191170195885648 1746.385992050171 2069.5946872234344
55.94572376705759 -3.191170195885648 SW 55.94551163502324 -3.191382327920004 1746.385992050171 2068.3446872234344
