55.944425 -3.188396 SW 55.944212867965646 -3.188608132034356 17.967178344726562 307.61384201049805
55.944212867965646 -3.188608132034356 W 55.944212867965646 -3.188908132034356 89.70792388916016 397.23415756225586
55.944212867965646 -3.188908132034356 ENE 55.94432767299536 -3.1886309681746026 89.70792388916016 395.98415756225586
55.94432767299536 -3.1886309681746026 ENE 55.94444247802507 -3.188353804314849 89.70792388916016 394.73415756225586
55.94444247802507 -3.188353804314849 E 55.94444247802507 -3.188053804314849 191.10308074951172 450.6862030029297
55.94444247802507 -3.188053804314849 S 55.944142478025064 -3.188053804314849 191.10308074951172 449.4362030029297
55.944142478025064 -3.188053804314849 SSE 55.94386531416531 -3.1879389992851395 207.44067001342773 569.6295394897461
55.94386531416531 -3.1879389992851395 ESE 55.9437505091356 -3.187661835425386 207.44067001342773 568.3795394897461
55.9437505091356 -3.187661835425386 ESE 55.94363570410589 -3.1873846715656327 207.44067001342773 567.1295394897461
55.94363570410589 -3.1873846715656327 ENE 55.9437505091356 -3.1871075077058793 230.39601707458496 622.3222274780273
55.9437505091356 -3.1871075077058793 NE 55.94396264116995 -3.1868953756715235 230.39601707458496 621.0722274780273
55.94396264116995 -3.1868953756715235 N 55.944262641169956 -3.1868953756715235 230.39601707458496 619.8222274780273
55.944262641169956 -3.1868953756715235 NE 55.94447477320431 -3.1866832436371677 253.04326629638672 692.156982421875
55.94447477320431 -3.1866832436371677 ENE 55.94458957823402 -3.1864060797774143 253.04326629638672 690.906982421875
55.94458957823402 -3.1864060797774143 E 55.94458957823402 -3.186106079777414 253.04326629638672 689.656982421875
55.94458957823402 -3.186106079777414 SE 55.94437744619967 -3.1858939477430583 371.1954574584961 761.8836822509766
55.94437744619967 -3.1858939477430583 ESE 55.944262641169956 -3.185616783883305 371.1954574584961 760.6336822509766
55.944262641169956 -3.185616783883305 ESE 55.944147836140246 -3.1853396200235515 483.2981948852539 761.0713566541672
55.944147836140246 -3.1853396200235515 SE 55.94393570410589 -3.1851274879891958 483.2981948852539 759.8213566541672
55.94393570410589 -3.1851274879891958 SE 55.943723572071534 -3.18491535595484 496.099458694458 837.0609806776047
55.943723572071534 -3.18491535595484 S 55.94342357207153 -3.18491535595484 496.099458694458 835.8109806776047
55.94342357207153 -3.18491535595484 SW 55.943211440037174 -3.1851274879891958 496.099458694458 834.5609806776047
55.943211440037174 -3.1851274879891958 SW 55.94299930800282 -3.1853396200235515 519.0332088470459 853.1956814527512
55.94299930800282 -3.1853396200235515 NW 55.943211440037174 -3.1855517520579073 570.2243709564209 976.6358135938644
55.943211440037174 -3.1855517520579073 WSW 55.943096635007464 -3.1858289159176607 570.2243709564209 975.3858135938644
55.943096635007464 -3.1858289159176607 W 55.943096635007464 -3.186128915917661 570.2243709564209 974.1358135938644
55.943096635007464 -3.186128915917661 WSW 55.942981829977754 -3.1864060797774143 570.2243709564209 972.8858135938644
55.942981829977754 -3.1864060797774143 W 55.942981829977754 -3.1867060797774145 624.774206161499 1036.752291560173
55.942981829977754 -3.1867060797774145 W 55.942981829977754 -3.1870060797774147 624.774206161499 1035.502291560173
55.942981829977754 -3.1870060797774147 W 55.942981829977754 -3.187306079777415 624.774206161499 1034.252291560173
55.942981829977754 -3.187306079777415 W 55.942981829977754 -3.187606079777415 624.774206161499 1033.002291560173
55.942981829977754 -3.187606079777415 WSW 55.94286702494804 -3.1878832436371685 624.774206161499 1031.752291560173
55.94286702494804 -3.1878832436371685 W 55.94286702494804 -3.1881832436371687 624.774206161499 1030.502291560173
55.94286702494804 -3.1881832436371687 W 55.94286702494804 -3.188483243637169 624.774206161499 1029.252291560173
55.94286702494804 -3.188483243637169 W 55.94286702494804 -3.188783243637169 624.774206161499 1028.002291560173
55.94286702494804 -3.188783243637169 W 55.94286702494804 -3.189083243637169 703.8942699432373 1123.2874706983566
55.94286702494804 -3.189083243637169 N 55.943167024948046 -3.189083243637169 703.8942699432373 1122.0374706983566
55.943167024948046 -3.189083243637169 NW 55.9433791569824 -3.189295375671525 703.8942699432373 1120.7874706983566
55.9433791569824 -3.189295375671525 WNW 55.94349396201211 -3.1895725395312784 703.8942699432373 1119.5374706983566
55.94349396201211 -3.1895725395312784 WNW 55.94360876704182 -3.189849703391032 703.8942699432373 1118.2874706983566
55.94360876704182 -3.189849703391032 WNW 55.943723572071534 -3.190126867250785 732.6806678771973 1220.3174160718918
55.943723572071534 -3.190126867250785 WNW 55.943838377101244 -3.1904040311105386 740.065761089325 1244.7540386915207
55.943838377101244 -3.1904040311105386 N 55.94413837710125 -3.1904040311105386 854.0247149467468 1308.8744305372238
55.94413837710125 -3.1904040311105386 NW 55.9443505091356 -3.1906161631448944 910.3975939750671 1313.9565414190292
55.9443505091356 -3.1906161631448944 WSW 55.94423570410589 -3.190893327004648 1031.8643221855164 1348.360720038414
55.94423570410589 -3.190893327004648 SW 55.944023572071536 -3.1911054590390036 1031.8643221855164 1347.110720038414
55.944023572071536 -3.1911054590390036 WSW 55.943908767041826 -3.191382622898757 1031.8643221855164 1345.860720038414
55.943908767041826 -3.191382622898757 WSW 55.943793962012116 -3.1916597867585104 1121.564067363739 1414.647570014
55.943793962012116 -3.1916597867585104 SW 55.94358182997776 -3.191871918792866 1131.9558539390564 1513.0580543279648
55.94358182997776 -3.191871918792866 SSE 55.943304666118 -3.1917571137631566 1131.9558539390564 1511.8080543279648
55.943304666118 -3.1917571137631566 SSE 55.943027502258246 -3.191642308733447 1160.1473689079285 1602.9903358221054
55.943027502258246 -3.191642308733447 W 55.943027502258246 -3.1919423087334473 1160.1473689079285 1601.7403358221054
55.943027502258246 -3.1919423087334473 WSW 55.942912697228536 -3.1922194725932007 1263.6835780143738 1691.6051734685898
55.942912697228536 -3.1922194725932007 N 55.94321269722854 -3.1922194725932007 1263.6835780143738 1690.3551734685898
55.94321269722854 -3.1922194725932007 N 55.94351269722854 -3.1922194725932007 1263.6835780143738 1689.1051734685898
55.94351269722854 -3.1922194725932007 N 55.943812697228545 -3.1922194725932007 1263.6835780143738 1687.8551734685898
55.943812697228545 -3.1922194725932007 N 55.94411269722855 -3.1922194725932007 1263.6835780143738 1686.6051734685898
55.94411269722855 -3.1922194725932007 N 55.94441269722855 -3.1922194725932007 1263.6835780143738 1685.3551734685898
55.94441269722855 -3.1922194725932007 N 55.94471269722855 -3.1922194725932007 1263.6835780143738 1684.1051734685898
55.94471269722855 -3.1922194725932007 N 55.945012697228556 -3.1922194725932007 1263.6835780143738 1682.8551734685898
55.945012697228556 -3.1922194725932007 NNE 55.94528986108831 -3.192104667563491 1263.6835780143738 1681.6051734685898
55.94528986108831 -3.192104667563491 NNE 55.94556702494807 -3.1919898625337817 1322.6432757377625 1688.6018279790878
55.94556702494807 -3.1919898625337817 E 55.94556702494807 -3.1916898625337815 1322.6432757377625 1687.3518279790878
55.94556702494807 -3.1916898625337815 NE 55.945779156982425 -3.1914777304994257 1347.1383967399597 1782.2115463018417
55.945779156982425 -3.1914777304994257 E 55.945779156982425 -3.1911777304994255 1347.1383967399597 1780.9615463018417
55.945779156982425 -3.1911777304994255 ESE 55.945664351952715 -3.190900566639672 1398.3903994560242 1899.69440305233
55.945664351952715 -3.190900566639672 ENE 55.945779156982425 -3.1906234027799187 1496.9670748710632 1987.3773864507675
55.945779156982425 -3.1906234027799187 ESE 55.945664351952715 -3.1903462389201653 1606.2359499931335 2003.5506328344345
55.945664351952715 -3.1903462389201653 ESE 55.945549546923004 -3.190069075060412 1606.2359499931335 2002.3006328344345
55.945549546923004 -3.190069075060412 ESE 55.945434741893294 -3.1897919112006585 1723.87695646286 2051.197353720665
55.945434741893294 -3.1897919112006585 E 55.945434741893294 -3.1894919112006583 1723.87695646286 2049.947353720665
55.945434741893294 -3.1894919112006583 ESE 55.945319936863584 -3.189214747340905 1723.87695646286 2048.697353720665
55.945319936863584 -3.189214747340905 E 55.945319936863584 -3.1889147473409047 1770.1341586112976 2093.484508872032
55.945319936863584 -3.1889147473409047 NE 55.94553206889794 -3.188702615306549 1770.1341586112976 2092.234508872032
55.94553206889794 -3.188702615306549 NE 55.945744200932296 -3.188490483272193 1833.2374987602234 2117.4063667058945
55.945744200932296 -3.188490483272193 ESE 55.945629395902586 -3.18821331941244 1941.3629412651062 2189.8793357610703
55.945629395902586 -3.18821331941244 NW 55.94584152793694 -3.1884254514467956 1941.3629412651062 2188.6293357610703
55.94584152793694 -3.1884254514467956 NW 55.9460536599713 -3.1886375834811513 1962.5708975791931 2295.1070502996445
55.9460536599713 -3.1886375834811513 SE 55.94584152793694 -3.1884254514467956 1962.5708975791931 2293.8570502996445
55.94584152793694 -3.1884254514467956 ESE 55.94572672290723 -3.188148287587042 1962.5708975791931 2292.6070502996445
55.94572672290723 -3.188148287587042 E 55.94572672290723 -3.187848287587042 1962.5708975791931 2291.3570502996445
55.94572672290723 -3.187848287587042 ENE 55.94584152793694 -3.1875711237272886 1962.5708975791931 2290.1070502996445
55.94584152793694 -3.1875711237272886 E 55.94584152793694 -3.1872711237272884 1994.584393978119 2300.4631313085556
55.94584152793694 -3.1872711237272884 E 55.94584152793694 -3.186971123727288 1994.584393978119 2299.2131313085556
55.94584152793694 -3.186971123727288 E 55.94584152793694 -3.186671123727288 1994.584393978119 2297.9631313085556
55.94584152793694 -3.186671123727288 ESE 55.94572672290723 -3.1863939598675346 2030.6876578330994 2334.564251303673
55.94572672290723 -3.1863939598675346 E 55.94572672290723 -3.1860939598675344 2030.6876578330994 2333.314251303673
55.94572672290723 -3.1860939598675344 ENE 55.94584152793694 -3.185816796007781 2030.6876578330994 2332.064251303673
55.94584152793694 -3.185816796007781 E 55.94584152793694 -3.185516796007781 2030.6876578330994 2330.814251303673
55.94584152793694 -3.185516796007781 E 55.94584152793694 -3.1852167960077806 2030.6876578330994 2329.564251303673
55.94584152793694 -3.1852167960077806 E 55.94584152793694 -3.1849167960077804 2138.7082571983337 2336.663101553917
55.94584152793694 -3.1849167960077804 W 55.94584152793694 -3.1852167960077806 2138.7082571983337 2335.413101553917
55.94584152793694 -3.1852167960077806 W 55.94584152793694 -3.185516796007781 2138.7082571983337 2334.163101553917
55.94584152793694 -3.185516796007781 W 55.94584152793694 -3.185816796007781 2138.7082571983337 2332.913101553917
55.94584152793694 -3.185816796007781 W 55.94584152793694 -3.186116796007781 2138.7082571983337 2331.663101553917
55.94584152793694 -3.186116796007781 W 55.94584152793694 -3.1864167960077814 2138.7082571983337 2330.413101553917
55.94584152793694 -3.1864167960077814 W 55.94584152793694 -3.1867167960077816 2138.7082571983337 2329.163101553917
55.94584152793694 -3.1867167960077816 WSW 55.94572672290723 -3.186993959867535 2138.7082571983337 2327.913101553917
55.94572672290723 -3.186993959867535 W 55.94572672290723 -3.187293959867535 2138.7082571983337 2326.663101553917
55.94572672290723 -3.187293959867535 WSW 55.94561191787752 -3.1875711237272886 2138.7082571983337 2325.413101553917
55.94561191787752 -3.1875711237272886 W 55.94561191787752 -3.1878711237272888 2138.7082571983337 2324.163101553917
55.94561191787752 -3.1878711237272888 W 55.94561191787752 -3.188171123727289 2138.7082571983337 2322.913101553917
55.94561191787752 -3.188171123727289 W 55.94561191787752 -3.188471123727289 2138.7082571983337 2321.663101553917
55.94561191787752 -3.188471123727289 W 55.94561191787752 -3.1887711237272893 2138.7082571983337 2320.413101553917
55.94561191787752 -3.1887711237272893 W 55.94561191787752 -3.1890711237272895 2138.7082571983337 2319.163101553917
55.94561191787752 -3.1890711237272895 WNW 55.94572672290723 -3.189348287587043 2138.7082571983337 2317.913101553917
55.94572672290723 -3.189348287587043 WNW 55.94584152793694 -3.1896254514467963 2138.7082571983337 2316.663101553917
55.94584152793694 -3.1896254514467963 W 55.94584152793694 -3.1899254514467965 2138.7082571983337 2315.413101553917
55.94584152793694 -3.1899254514467965 WNW 55.94595633296665 -3.19020261530655 2138.7082571983337 2314.163101553917
55.94595633296665 -3.19020261530655 WNW 55.94607113799636 -3.1904797791663033 2138.7082571983337 2312.913101553917
55.94607113799636 -3.1904797791663033 W 55.94607113799636 -3.1907797791663035 2138.7082571983337 2311.663101553917
55.94607113799636 -3.1907797791663035 W 55.94607113799636 -3.1910797791663037 2138.7082571983337 2310.413101553917
55.94607113799636 -3.1910797791663037 W 55.94607113799636 -3.191379779166304 2138.7082571983337 2309.163101553917
55.94607113799636 -3.191379779166304 WSW 55.94595633296665 -3.1916569430260573 2138.7082571983337 2307.913101553917
55.94595633296665 -3.1916569430260573 W 55.94595633296665 -3.1919569430260575 2138.7082571983337 2306.663101553917
55.94595633296665 -3.1919569430260575 W 55.94595633296665 -3.1922569430260577 2246.019284725189 2338.0649188756943
55.94595633296665 -3.1922569430260577 SW 55.945744200932296 -3.1924690750604134 2246.019284725189 2336.8149188756943
55.945744200932296 -3.1924690750604134 ESE 55.945629395902586 -3.19219191120066 2246.019284725189 2335.5649188756943
55.945629395902586 -3.19219191120066 NW 55.94584152793694 -3.192404043235016 2246.019284725189 2334.3149188756943
55.94584152793694 -3.192404043235016 N 55.946141527936945 -3.192404043235016 2274.8107237815857 2454.8213275671005
55.946141527936945 -3.192404043235016 S 55.94584152793694 -3.192404043235016 2274.8107237815857 2453.5713275671005
55.94584152793694 -3.192404043235016 E 55.94584152793694 -3.1921040432350156 2274.8107237815857 2452.3213275671005
55.94584152793694 -3.1921040432350156 ESE 55.94572672290723 -3.191826879375262 2274.8107237815857 2451.0713275671005
55.94572672290723 -3.191826879375262 NE 55.94593885494159 -3.1916147473409064 2274.8107237815857 2449.8213275671005
55.94593885494159 -3.1916147473409064 SW 55.94572672290723 -3.191826879375262 2274.8107237815857 2448.5713275671005
55.94572672290723 -3.191826879375262 NW 55.94593885494159 -3.192039011409618 2274.8107237815857 2447.3213275671005
55.94593885494159 -3.192039011409618 NNE 55.946216018801344 -3.1919242063799085 2274.8107237815857 2446.0713275671005
55.946216018801344 -3.1919242063799085 WSW 55.946101213771634 -3.192201370239662 2274.8107237815857 2444.8213275671005
55.946101213771634 -3.192201370239662 S 55.94580121377163 -3.192201370239662 2274.8107237815857 2443.5713275671005
55.94580121377163 -3.192201370239662 SE 55.945589081737275 -3.191989238205306 2274.8107237815857 2442.3213275671005
55.945589081737275 -3.191989238205306 SW 55.94537694970292 -3.192201370239662 2274.8107237815857 2441.0713275671005
55.94537694970292 -3.192201370239662 NE 55.945589081737275 -3.191989238205306 2274.8107237815857 2439.8213275671005
55.945589081737275 -3.191989238205306 NNE 55.94586624559703 -3.1918744331755966 2274.8107237815857 2438.5713275671005
55.94586624559703 -3.1918744331755966 S 55.94556624559703 -3.1918744331755966 2274.8107237815857 2437.3213275671005
55.94556624559703 -3.1918744331755966 NNE 55.945843409456785 -3.191759628145887 2274.8107237815857 2436.0713275671005
55.945843409456785 -3.191759628145887 NW 55.94605554149114 -3.191971760180243 2274.8107237815857 2434.8213275671005
55.94605554149114 -3.191971760180243 WSW 55.94594073646143 -3.1922489240399963 2274.8107237815857 2433.5713275671005
55.94594073646143 -3.1922489240399963 E 55.94594073646143 -3.191948924039996 2274.8107237815857 2432.3213275671005
55.94594073646143 -3.191948924039996 WNW 55.94605554149114 -3.1922260878997495 2274.8107237815857 2431.0713275671005
55.94605554149114 -3.1922260878997495 S 55.94575554149114 -3.1922260878997495 2274.8107237815857 2429.8213275671005
55.94575554149114 -3.1922260878997495 E 55.94575554149114 -3.1919260878997493 2274.8107237815857 2428.5713275671005
55.94575554149114 -3.1919260878997493 S 55.945455541491135 -3.1919260878997493 2274.8107237815857 2427.3213275671005
55.945455541491135 -3.1919260878997493 WNW 55.945570346520846 -3.1922032517595027 2274.8107237815857 2426.0713275671005
55.945570346520846 -3.1922032517595027 NE 55.9457824785552 -3.191991119725147 2274.8107237815857 2424.8213275671005
55.9457824785552 -3.191991119725147 E 55.9457824785552 -3.1916911197251467 2274.8107237815857 2423.5713275671005
55.9457824785552 -3.1916911197251467 W 55.9457824785552 -3.191991119725147 2274.8107237815857 2422.3213275671005
55.9457824785552 -3.191991119725147 ESE 55.94566767352549 -3.1917139558653935 2274.8107237815857 2421.0713275671005
55.94566767352549 -3.1917139558653935 NW 55.94587980555985 -3.1919260878997493 2274.8107237815857 2419.8213275671005
55.94587980555985 -3.1919260878997493 E 55.94587980555985 -3.191626087899749 2274.8107237815857 2418.5713275671005
55.94587980555985 -3.191626087899749 W 55.94587980555985 -3.1919260878997493 2274.8107237815857 2417.3213275671005
55.94587980555985 -3.1919260878997493 SSE 55.94560264170009 -3.19181128287004 2274.8107237815857 2416.0713275671005
55.94560264170009 -3.19181128287004 S 55.94530264170009 -3.19181128287004 2274.8107237815857 2414.8213275671005
55.94530264170009 -3.19181128287004 NW 55.945514773734445 -3.1920234149043956 2274.8107237815857 2413.5713275671005
55.945514773734445 -3.1920234149043956 NNE 55.9457919375942 -3.191908609874686 2274.8107237815857 2412.3213275671005
55.9457919375942 -3.191908609874686 SE 55.945579805559845 -3.1916964778403303 2274.8107237815857 2411.0713275671005
55.945579805559845 -3.1916964778403303 N 55.94587980555985 -3.1916964778403303 2274.8107237815857 2409.8213275671005
55.94587980555985 -3.1916964778403303 NE 55.946091937594204 -3.1914843458059745 2274.8107237815857 2408.5713275671005
55.946091937594204 -3.1914843458059745 ENE 55.946206742623914 -3.191207181946221 2274.8107237815857 2407.3213275671005
55.946206742623914 -3.191207181946221 W 55.946206742623914 -3.1915071819462213 2274.8107237815857 2406.0713275671005
55.946206742623914 -3.1915071819462213 S 55.94590674262391 -3.1915071819462213 2274.8107237815857 2404.8213275671005
55.94590674262391 -3.1915071819462213 N 55.946206742623914 -3.1915071819462213 2274.8107237815857 2403.5713275671005
55.946206742623914 -3.1915071819462213 SSE 55.94592957876416 -3.191392376916512 2274.8107237815857 2402.3213275671005
55.94592957876416 -3.191392376916512 N 55.94622957876416 -3.191392376916512 2274.8107237815857 2401.0713275671005
55.94622957876416 -3.191392376916512 WSW 55.94611477373445 -3.191669540776265 2274.8107237815857 2399.8213275671005
55.94611477373445 -3.191669540776265 ENE 55.94622957876416 -3.191392376916512 2274.8107237815857 2398.5713275671005
55.94622957876416 -3.191392376916512 ESE 55.94611477373445 -3.1911152130567584 2274.8107237815857 2397.3213275671005
55.94611477373445 -3.1911152130567584 ESE 55.94599996870474 -3.190838049197005 2274.8107237815857 2396.0713275671005
55.94599996870474 -3.190838049197005 SW 55.945787836670384 -3.1910501812313607 2274.8107237815857 2394.8213275671005
55.945787836670384 -3.1910501812313607 ESE 55.94567303164067 -3.1907730173716073 2274.8107237815857 2393.5713275671005
55.94567303164067 -3.1907730173716073 ESE 55.94555822661096 -3.190495853511854 2274.8107237815857 2392.3213275671005
55.94555822661096 -3.190495853511854 S 55.94525822661096 -3.190495853511854 2274.8107237815857 2391.0713275671005
55.94525822661096 -3.190495853511854 ESE 55.94514342158125 -3.1902186896521005 2274.8107237815857 2389.8213275671005
55.94514342158125 -3.1902186896521005 W 55.94514342158125 -3.1905186896521007 2274.8107237815857 2388.5713275671005
55.94514342158125 -3.1905186896521007 NW 55.945355553615606 -3.1907308216864565 2274.8107237815857 2387.3213275671005
55.945355553615606 -3.1907308216864565 N 55.94565555361561 -3.1907308216864565 2274.8107237815857 2386.0713275671005
55.94565555361561 -3.1907308216864565 NNW 55.945932717475365 -3.190845626716166 2274.8107237815857 2384.8213275671005
55.945932717475365 -3.190845626716166 NNE 55.94620988133512 -3.1907308216864565 2274.8107237815857 2383.5713275671005
55.94620988133512 -3.1907308216864565 SSW 55.945932717475365 -3.190845626716166 2274.8107237815857 2382.3213275671005
55.945932717475365 -3.190845626716166 NW 55.94614484950972 -3.1910577587505218 2274.8107237815857 2381.0713275671005
55.94614484950972 -3.1910577587505218 WSW 55.94603004448001 -3.191334922610275 2274.8107237815857 2379.8213275671005
55.94603004448001 -3.191334922610275 ESE 55.9459152394503 -3.1910577587505218 2274.8107237815857 2378.5713275671005
55.9459152394503 -3.1910577587505218 ESE 55.94580043442059 -3.1907805948907684 2274.8107237815857 2377.3213275671005
55.94580043442059 -3.1907805948907684 NW 55.94601256645495 -3.190992726925124 2274.8107237815857 2376.0713275671005
55.94601256645495 -3.190992726925124 WSW 55.945897761425236 -3.1912698907848775 2274.8107237815857 2374.8213275671005
55.945897761425236 -3.1912698907848775 SSW 55.94562059756548 -3.191384695814587 2274.8107237815857 2373.5713275671005
55.94562059756548 -3.191384695814587 N 55.94592059756548 -3.191384695814587 2274.8107237815857 2372.3213275671005
55.94592059756548 -3.191384695814587 SSW 55.945643433705726 -3.1914995008442966 2274.8107237815857 2371.0713275671005
55.945643433705726 -3.1914995008442966 W 55.945643433705726 -3.1917995008442968 2274.8107237815857 2369.8213275671005
55.945643433705726 -3.1917995008442968 SE 55.94543130167137 -3.191587368809941 2274.8107237815857 2368.5713275671005
55.94543130167137 -3.191587368809941 N 55.94573130167137 -3.191587368809941 2274.8107237815857 2367.3213275671005
55.94573130167137 -3.191587368809941 WSW 55.94561649664166 -3.1918645326696944 2274.8107237815857 2366.0713275671005
55.94561649664166 -3.1918645326696944 SSE 55.945339332781906 -3.191749727639985 2274.8107237815857 2364.8213275671005
55.945339332781906 -3.191749727639985 WNW 55.945454137811616 -3.1920268914997383 2274.8107237815857 2363.5713275671005
55.945454137811616 -3.1920268914997383 WSW 55.945339332781906 -3.1923040553594917 2274.8107237815857 2362.3213275671005
55.945339332781906 -3.1923040553594917 N 55.94563933278191 -3.1923040553594917 2274.8107237815857 2361.0713275671005
55.94563933278191 -3.1923040553594917 NNW 55.945916496641665 -3.192418860389201 2274.8107237815857 2359.8213275671005
55.945916496641665 -3.192418860389201 NNE 55.94619366050142 -3.1923040553594917 2274.8107237815857 2358.5713275671005
55.94619366050142 -3.1923040553594917 SSE 55.945916496641665 -3.192189250329782 2274.8107237815857 2357.3213275671005
55.945916496641665 -3.192189250329782 WNW 55.946031301671376 -3.1924664141895356 2274.8107237815857 2356.0713275671005
55.946031301671376 -3.1924664141895356 S 55.94573130167137 -3.1924664141895356 2274.8107237815857 2354.8213275671005
55.94573130167137 -3.1924664141895356 SE 55.945519169637016 -3.19225428215518 2274.8107237815857 2353.5713275671005
55.945519169637016 -3.19225428215518 E 55.945519169637016 -3.1919542821551796 2274.8107237815857 2352.3213275671005
55.945519169637016 -3.1919542821551796 SE 55.94530703760266 -3.191742150120824 2274.8107237815857 2351.0713275671005
55.94530703760266 -3.191742150120824 WNW 55.94542184263237 -3.1920193139805773 2274.8107237815857 2349.8213275671005
55.94542184263237 -3.1920193139805773 W 55.94542184263237 -3.1923193139805774 2274.8107237815857 2348.5713275671005
55.94542184263237 -3.1923193139805774 N 55.94572184263237 -3.1923193139805774 2274.8107237815857 2347.3213275671005
55.94572184263237 -3.1923193139805774 E 55.94572184263237 -3.1920193139805773 2274.8107237815857 2346.0713275671005
55.94572184263237 -3.1920193139805773 NNW 55.94599900649213 -3.1921341190102868 2274.8107237815857 2344.8213275671005
55.94599900649213 -3.1921341190102868 WNW 55.94611381152184 -3.19241128287004 2274.8107237815857 2343.5713275671005
55.94611381152184 -3.19241128287004 ENE 55.94622861655155 -3.1921341190102868 2274.8107237815857 2342.3213275671005
55.94622861655155 -3.1921341190102868 S 55.94592861655155 -3.1921341190102868 2274.8107237815857 2341.0713275671005
55.94592861655155 -3.1921341190102868 ESE 55.94581381152184 -3.1918569551505334 2274.8107237815857 2339.8213275671005
55.94581381152184 -3.1918569551505334 W 55.94581381152184 -3.1921569551505335 2274.8107237815857 2338.5713275671005
55.94581381152184 -3.1921569551505335 NNW 55.946090975381594 -3.192271760180243 2274.8107237815857 2337.3213275671005
55.946090975381594 -3.192271760180243 S 55.94579097538159 -3.192271760180243 2274.8107237815857 2336.0713275671005
55.94579097538159 -3.192271760180243 NE 55.94600310741595 -3.1920596281458873 2274.8107237815857 2334.8213275671005
55.94600310741595 -3.1920596281458873 SE 55.94579097538159 -3.1918474961115315 2274.8107237815857 2333.5713275671005
55.94579097538159 -3.1918474961115315 SW 55.945578843347235 -3.1920596281458873 2274.8107237815857 2332.3213275671005
55.945578843347235 -3.1920596281458873 ENE 55.945693648376945 -3.191782464286134 2274.8107237815857 2331.0713275671005
55.945693648376945 -3.191782464286134 W 55.945693648376945 -3.192082464286134 2274.8107237815857 2329.8213275671005
55.945693648376945 -3.192082464286134 NNW 55.9459708122367 -3.1921972693158436 2274.8107237815857 2328.5713275671005
55.9459708122367 -3.1921972693158436 SSW 55.945693648376945 -3.192312074345553 2274.8107237815857 2327.3213275671005
55.945693648376945 -3.192312074345553 SSE 55.94541648451719 -3.1921972693158436 2274.8107237815857 2326.0713275671005
55.94541648451719 -3.1921972693158436 NE 55.945628616551545 -3.191985137281488 2274.8107237815857 2324.8213275671005
55.945628616551545 -3.191985137281488 E 55.945628616551545 -3.1916851372814876 2274.8107237815857 2323.5713275671005
55.945628616551545 -3.1916851372814876 SE 55.94541648451719 -3.191473005247132 2274.8107237815857 2322.3213275671005
55.94541648451719 -3.191473005247132 E 55.94541648451719 -3.1911730052471317 2274.8107237815857 2321.0713275671005
55.94541648451719 -3.1911730052471317 WNW 55.9455312895469 -3.191450169106885 2274.8107237815857 2319.8213275671005
55.9455312895469 -3.191450169106885 E 55.9455312895469 -3.191150169106885 2274.8107237815857 2318.5713275671005
55.9455312895469 -3.191150169106885 SSE 55.94525412568714 -3.1910353640771754 2274.8107237815857 2317.3213275671005
55.94525412568714 -3.1910353640771754 SSW 55.944976961827386 -3.191150169106885 2274.8107237815857 2316.0713275671005
55.944976961827386 -3.191150169106885 SSE 55.94469979796763 -3.1910353640771754 2274.8107237815857 2314.8213275671005
55.94469979796763 -3.1910353640771754 SSW 55.94442263410787 -3.191150169106885 2274.8107237815857 2313.5713275671005
55.94442263410787 -3.191150169106885 SW 55.94421050207352 -3.1913623011412406 2274.8107237815857 2312.3213275671005
55.94421050207352 -3.1913623011412406 SE 55.94399837003916 -3.191150169106885 2274.8107237815857 2311.0713275671005
55.94399837003916 -3.191150169106885 SE 55.943786238004805 -3.190938037072529 2274.8107237815857 2309.8213275671005
55.943786238004805 -3.190938037072529 SSW 55.94350907414505 -3.1910528421022386 2274.8107237815857 2308.5713275671005
55.94350907414505 -3.1910528421022386 NW 55.943721206179404 -3.1912649741365944 2274.8107237815857 2307.3213275671005
55.943721206179404 -3.1912649741365944 SE 55.94350907414505 -3.1910528421022386 2274.8107237815857 2306.0713275671005
55.94350907414505 -3.1910528421022386 WNW 55.94362387917476 -3.191330005961992 2274.8107237815857 2304.8213275671005
55.94362387917476 -3.191330005961992 S 55.943323879174756 -3.191330005961992 2274.8107237815857 2303.5713275671005
55.943323879174756 -3.191330005961992 E 55.943323879174756 -3.191030005961992 2274.8107237815857 2302.3213275671005
55.943323879174756 -3.191030005961992 ESE 55.943209074145045 -3.1907528421022384 2274.8107237815857 2301.0713275671005
55.943209074145045 -3.1907528421022384 ESE 55.943094269115335 -3.190475678242485 2274.8107237815857 2299.8213275671005
55.943094269115335 -3.190475678242485 SSW 55.94281710525558 -3.1905904832721945 2274.8107237815857 2298.5713275671005
55.94281710525558 -3.1905904832721945 WSW 55.94270230022587 -3.190867647131948 2274.8107237815857 2297.3213275671005
55.94270230022587 -3.190867647131948 ENE 55.94281710525558 -3.1905904832721945 2274.8107237815857 2296.0713275671005
55.94281710525558 -3.1905904832721945 NNE 55.943094269115335 -3.190475678242485 2274.8107237815857 2294.8213275671005
55.943094269115335 -3.190475678242485 N 55.94339426911534 -3.190475678242485 2274.8107237815857 2293.5713275671005
55.94339426911534 -3.190475678242485 SSE 55.94311710525558 -3.1903608732127755 2274.8107237815857 2292.3213275671005
