55.944425 -3.188396 NNE 55.94470216385976 -3.1882811949702905 0.0 248.75
55.94470216385976 -3.1882811949702905 S 55.944402163859756 -3.1882811949702905 0.0 247.5
55.944402163859756 -3.1882811949702905 WSW 55.944287358830046 -3.188558358830044 0.0 246.25
55.944287358830046 -3.188558358830044 ENE 55.944402163859756 -3.1882811949702905 0.0 245.0
55.944402163859756 -3.1882811949702905 SW 55.9441900318254 -3.1884933270046463 0.0 243.75
55.9441900318254 -3.1884933270046463 ENE 55.94430483685511 -3.188216163144893 0.0 242.5
55.94430483685511 -3.188216163144893 WSW 55.9441900318254 -3.1884933270046463 0.0 241.25
55.9441900318254 -3.1884933270046463 N 55.9444900318254 -3.1884933270046463 0.0 240.0
55.9444900318254 -3.1884933270046463 S 55.9441900318254 -3.1884933270046463 0.0 238.75
55.9441900318254 -3.1884933270046463 S 55.9438900318254 -3.1884933270046463 0.0 237.5
55.9438900318254 -3.1884933270046463 N 55.9441900318254 -3.1884933270046463 0.0 236.25
55.9441900318254 -3.1884933270046463 SE 55.943977899791044 -3.1882811949702905 0.0 235.0
55.943977899791044 -3.1882811949702905 NW 55.9441900318254 -3.1884933270046463 0.0 233.75
55.9441900318254 -3.1884933270046463 SSE 55.94391286796564 -3.1883785219749368 0.0 232.5
55.94391286796564 -3.1883785219749368 NNW 55.9441900318254 -3.1884933270046463 0.0 231.25
55.9441900318254 -3.1884933270046463 SSE 55.94391286796564 -3.1883785219749368 0.0 230.0
55.94391286796564 -3.1883785219749368 NNW 55.9441900318254 -3.1884933270046463 0.0 228.75
55.9441900318254 -3.1884933270046463 S 55.9438900318254 -3.1884933270046463 0.0 227.5
55.9438900318254 -3.1884933270046463 N 55.9441900318254 -3.1884933270046463 0.0 226.25
55.9441900318254 -3.1884933270046463 S 55.9438900318254 -3.1884933270046463 0.0 225.0
55.9438900318254 -3.1884933270046463 NNW 55.944167195685154 -3.188608132034356 0.0 223.75
55.944167195685154 -3.188608132034356 SSE 55.9438900318254 -3.1884933270046463 0.0 222.5
55.9438900318254 -3.1884933270046463 NNE 55.944167195685154 -3.1883785219749368 0.0 221.25
55.944167195685154 -3.1883785219749368 SSW 55.9438900318254 -3.1884933270046463 0.0 220.0
55.9438900318254 -3.1884933270046463 NE 55.94410216385975 -3.1882811949702905 0.0 218.75
55.94410216385975 -3.1882811949702905 SSW 55.943825 -3.188396 0.0 217.5
55.943825 -3.188396 ESE 55.943710194970286 -3.1881188361402466 0.0 216.25
55.943710194970286 -3.1881188361402466 WNW 55.943825 -3.188396 0.0 215.0
55.943825 -3.188396 NE 55.94403713203435 -3.1881838679656442 0.0 213.75
55.94403713203435 -3.1881838679656442 SW 55.943825 -3.188396 0.0 212.5
55.943825 -3.188396 NE 55.94403713203435 -3.1881838679656442 0.0 211.25
55.94403713203435 -3.1881838679656442 SW 55.943825 -3.188396 0.0 210.0
55.943825 -3.188396 E 55.943825 -3.188096 0.0 208.75
55.943825 -3.188096 WNW 55.94393980502971 -3.1883731638597532 0.0 207.5
55.94393980502971 -3.1883731638597532 ESE 55.943825 -3.188096 0.0 206.25
55.943825 -3.188096 W 55.943825 -3.188396 0.0 205.0
55.943825 -3.188396 SE 55.94361286796564 -3.1881838679656442 0.0 203.75
55.94361286796564 -3.1881838679656442 NNW 55.9438900318254 -3.1882986729953537 0.0 202.5
55.9438900318254 -3.1882986729953537 SSE 55.94361286796564 -3.1881838679656442 0.0 201.25
55.94361286796564 -3.1881838679656442 N 55.94391286796564 -3.1881838679656442 0.0 200.0
55.94391286796564 -3.1881838679656442 S 55.94361286796564 -3.1881838679656442 0.0 198.75
55.94361286796564 -3.1881838679656442 NNE 55.9438900318254 -3.1880690629359347 0.0 197.5
55.9438900318254 -3.1880690629359347 SSW 55.94361286796564 -3.1881838679656442 0.0 196.25
55.94361286796564 -3.1881838679656442 NNE 55.9438900318254 -3.1880690629359347 0.0 195.0
55.9438900318254 -3.1880690629359347 SSW 55.94361286796564 -3.1881838679656442 0.0 193.75
55.94361286796564 -3.1881838679656442 E 55.94361286796564 -3.187883867965644 0.0 192.5
55.94361286796564 -3.187883867965644 W 55.94361286796564 -3.1881838679656442 0.0 191.25
55.94361286796564 -3.1881838679656442 E 55.94361286796564 -3.187883867965644 0.0 190.0
55.94361286796564 -3.187883867965644 W 55.94361286796564 -3.1881838679656442 0.0 188.75
55.94361286796564 -3.1881838679656442 E 55.94361286796564 -3.187883867965644 0.0 187.5
55.94361286796564 -3.187883867965644 W 55.94361286796564 -3.1881838679656442 0.0 186.25
55.94361286796564 -3.1881838679656442 E 55.94361286796564 -3.187883867965644 0.0 185.0
55.94361286796564 -3.187883867965644 NW 55.943825 -3.188096 0.0 183.75
55.943825 -3.188096 SSE 55.94354783614024 -3.1879811949702903 0.0 182.5
55.94354783614024 -3.1879811949702903 NNW 55.943825 -3.188096 0.0 181.25
55.943825 -3.188096 ESE 55.943710194970286 -3.1878188361402464 0.0 180.0
55.943710194970286 -3.1878188361402464 WNW 55.943825 -3.188096 0.0 178.75
55.943825 -3.188096 ESE 55.943710194970286 -3.1878188361402464 0.0 177.5
55.943710194970286 -3.1878188361402464 WNW 55.943825 -3.188096 0.0 176.25
55.943825 -3.188096 NNE 55.94410216385975 -3.1879811949702903 0.0 175.0
55.94410216385975 -3.1879811949702903 SW 55.9438900318254 -3.188193327004646 0.0 173.75
55.9438900318254 -3.188193327004646 ENE 55.94400483685511 -3.1879161631448927 0.0 172.5
55.94400483685511 -3.1879161631448927 WSW 55.9438900318254 -3.188193327004646 0.0 171.25
55.9438900318254 -3.188193327004646 W 55.9438900318254 -3.1884933270046463 0.0 170.0
55.9438900318254 -3.1884933270046463 E 55.9438900318254 -3.188193327004646 0.0 168.75
55.9438900318254 -3.188193327004646 E 55.9438900318254 -3.187893327004646 0.0 167.5
55.9438900318254 -3.187893327004646 W 55.9438900318254 -3.188193327004646 0.0 166.25
55.9438900318254 -3.188193327004646 N 55.9441900318254 -3.188193327004646 0.0 165.0
55.9441900318254 -3.188193327004646 SSE 55.94391286796564 -3.1880785219749366 0.0 163.75
55.94391286796564 -3.1880785219749366 NNW 55.9441900318254 -3.188193327004646 0.0 162.5
55.9441900318254 -3.188193327004646 S 55.9438900318254 -3.188193327004646 0.0 161.25
55.9438900318254 -3.188193327004646 N 55.9441900318254 -3.188193327004646 0.0 160.0
55.9441900318254 -3.188193327004646 S 55.9438900318254 -3.188193327004646 0.0 158.75
55.9438900318254 -3.188193327004646 N 55.9441900318254 -3.188193327004646 0.0 157.5
55.9441900318254 -3.188193327004646 NE 55.944402163859756 -3.1879811949702903 0.0 156.25
55.944402163859756 -3.1879811949702903 SW 55.9441900318254 -3.188193327004646 0.0 155.0
55.9441900318254 -3.188193327004646 SE 55.943977899791044 -3.1879811949702903 0.0 153.75
55.943977899791044 -3.1879811949702903 NW 55.9441900318254 -3.188193327004646 0.0 152.5
55.9441900318254 -3.188193327004646 NE 55.944402163859756 -3.1879811949702903 0.0 151.25
55.944402163859756 -3.1879811949702903 SW 55.9441900318254 -3.188193327004646 0.0 150.0
55.9441900318254 -3.188193327004646 NNW 55.94446719568516 -3.1883081320343556 0.0 148.75
55.94446719568516 -3.1883081320343556 SSE 55.9441900318254 -3.188193327004646 0.0 147.5
55.9441900318254 -3.188193327004646 NNW 55.94446719568516 -3.1883081320343556 0.0 146.25
55.94446719568516 -3.1883081320343556 SSE 55.9441900318254 -3.188193327004646 0.0 145.0
55.9441900318254 -3.188193327004646 NNW 55.94446719568516 -3.1883081320343556 0.0 143.75
55.94446719568516 -3.1883081320343556 SSE 55.9441900318254 -3.188193327004646 0.0 142.5
55.9441900318254 -3.188193327004646 NW 55.944402163859756 -3.188405459039002 0.0 141.25
55.944402163859756 -3.188405459039002 SE 55.9441900318254 -3.188193327004646 0.0 140.0
55.9441900318254 -3.188193327004646 NNW 55.94446719568516 -3.1883081320343556 0.0 138.75
55.94446719568516 -3.1883081320343556 S 55.944167195685154 -3.1883081320343556 0.0 137.5
55.944167195685154 -3.1883081320343556 N 55.94446719568516 -3.1883081320343556 0.0 136.25
55.94446719568516 -3.1883081320343556 SSE 55.9441900318254 -3.188193327004646 0.0 135.0
55.9441900318254 -3.188193327004646 NNW 55.94446719568516 -3.1883081320343556 0.0 133.75
55.94446719568516 -3.1883081320343556 E 55.94446719568516 -3.1880081320343554 0.0 132.5
55.94446719568516 -3.1880081320343554 W 55.94446719568516 -3.1883081320343556 0.0 131.25
55.94446719568516 -3.1883081320343556 ENE 55.94458200071487 -3.188030968174602 0.0 130.0
55.94458200071487 -3.188030968174602 WSW 55.94446719568516 -3.1883081320343556 0.0 128.75
55.94446719568516 -3.1883081320343556 NE 55.94467932771951 -3.188096 0.0 127.5
55.94467932771951 -3.188096 SW 55.94446719568516 -3.1883081320343556 0.0 126.25
55.94446719568516 -3.1883081320343556 NNE 55.94474435954491 -3.188193327004646 0.0 125.0
55.94474435954491 -3.188193327004646 SSW 55.94446719568516 -3.1883081320343556 0.0 123.75
55.94446719568516 -3.1883081320343556 NNE 55.94474435954491 -3.188193327004646 0.0 122.5
55.94474435954491 -3.188193327004646 SW 55.94453222751056 -3.188405459039002 0.0 121.25
55.94453222751056 -3.188405459039002 NE 55.94474435954491 -3.188193327004646 0.0 120.0
55.94474435954491 -3.188193327004646 SW 55.94453222751056 -3.188405459039002 0.0 118.75
55.94453222751056 -3.188405459039002 N 55.94483222751056 -3.188405459039002 0.0 117.5
55.94483222751056 -3.188405459039002 SSW 55.9445550636508 -3.1885202640687114 0.0 116.25
55.9445550636508 -3.1885202640687114 NNE 55.94483222751056 -3.188405459039002 0.0 115.0
55.94483222751056 -3.188405459039002 SE 55.9446200954762 -3.188193327004646 60.493614196777344 138.68418502807617
55.9446200954762 -3.188193327004646 NW 55.94483222751056 -3.188405459039002 60.493614196777344 137.43418502807617
55.94483222751056 -3.188405459039002 NW 55.945044359544916 -3.1886175910733576 60.493614196777344 136.18418502807617
55.945044359544916 -3.1886175910733576 SE 55.94483222751056 -3.188405459039002 60.493614196777344 134.93418502807617
55.94483222751056 -3.188405459039002 NE 55.945044359544916 -3.188193327004646 60.493614196777344 133.68418502807617
55.945044359544916 -3.188193327004646 SW 55.94483222751056 -3.188405459039002 60.493614196777344 132.43418502807617
55.94483222751056 -3.188405459039002 NE 55.945044359544916 -3.188193327004646 60.493614196777344 131.18418502807617
55.945044359544916 -3.188193327004646 SW 55.94483222751056 -3.188405459039002 60.493614196777344 129.93418502807617
55.94483222751056 -3.188405459039002 NE 55.945044359544916 -3.188193327004646 60.493614196777344 128.68418502807617
55.945044359544916 -3.188193327004646 SW 55.94483222751056 -3.188405459039002 60.493614196777344 127.43418502807617
55.94483222751056 -3.188405459039002 ENE 55.94494703254027 -3.1881282951792485 60.493614196777344 126.18418502807617
55.94494703254027 -3.1881282951792485 WSW 55.94483222751056 -3.188405459039002 60.493614196777344 124.93418502807617
55.94483222751056 -3.188405459039002 ENE 55.94494703254027 -3.1881282951792485 60.493614196777344 123.68418502807617
55.94494703254027 -3.1881282951792485 WSW 55.94483222751056 -3.188405459039002 60.493614196777344 122.43418502807617
55.94483222751056 -3.188405459039002 ENE 55.94494703254027 -3.1881282951792485 60.493614196777344 121.18418502807617
55.94494703254027 -3.1881282951792485 WSW 55.94483222751056 -3.188405459039002 60.493614196777344 119.93418502807617
55.94483222751056 -3.188405459039002 ENE 55.94494703254027 -3.1881282951792485 60.493614196777344 118.68418502807617
55.94494703254027 -3.1881282951792485 N 55.94524703254027 -3.1881282951792485 60.493614196777344 117.43418502807617
55.94524703254027 -3.1881282951792485 S 55.94494703254027 -3.1881282951792485 60.493614196777344 116.18418502807617
55.94494703254027 -3.1881282951792485 N 55.94524703254027 -3.1881282951792485 60.493614196777344 114.93418502807617
55.94524703254027 -3.1881282951792485 SSE 55.944969868680516 -3.188013490149539 60.493614196777344 113.68418502807617
55.944969868680516 -3.188013490149539 N 55.94526986868052 -3.188013490149539 60.493614196777344 112.43418502807617
55.94526986868052 -3.188013490149539 S 55.944969868680516 -3.188013490149539 60.493614196777344 111.18418502807617
55.944969868680516 -3.188013490149539 NE 55.94518200071487 -3.187801358115183 60.493614196777344 109.93418502807617
55.94518200071487 -3.187801358115183 SW 55.944969868680516 -3.188013490149539 60.493614196777344 108.68418502807617
55.944969868680516 -3.188013490149539 ENE 55.94508467371023 -3.1877363262897855 60.493614196777344 107.43418502807617
55.94508467371023 -3.1877363262897855 SW 55.94487254167587 -3.1879484583241413 60.493614196777344 106.18418502807617
55.94487254167587 -3.1879484583241413 NW 55.94508467371023 -3.188160590358497 60.493614196777344 104.93418502807617
55.94508467371023 -3.188160590358497 SE 55.94487254167587 -3.1879484583241413 60.493614196777344 103.68418502807617
55.94487254167587 -3.1879484583241413 NNW 55.94514970553563 -3.188063263353851 60.493614196777344 102.43418502807617
55.94514970553563 -3.188063263353851 SSE 55.94487254167587 -3.1879484583241413 60.493614196777344 101.18418502807617
55.94487254167587 -3.1879484583241413 S 55.94457254167587 -3.1879484583241413 60.493614196777344 99.93418502807617
55.94457254167587 -3.1879484583241413 N 55.94487254167587 -3.1879484583241413 60.493614196777344 98.68418502807617
55.94487254167587 -3.1879484583241413 S 55.94457254167587 -3.1879484583241413 60.493614196777344 97.43418502807617
55.94457254167587 -3.1879484583241413 NNW 55.944849705535624 -3.188063263353851 60.493614196777344 96.18418502807617
55.944849705535624 -3.188063263353851 SSE 55.94457254167587 -3.1879484583241413 60.493614196777344 94.93418502807617
55.94457254167587 -3.1879484583241413 NNW 55.944849705535624 -3.188063263353851 60.493614196777344 93.68418502807617
55.944849705535624 -3.188063263353851 SSE 55.94457254167587 -3.1879484583241413 60.493614196777344 92.43418502807617
55.94457254167587 -3.1879484583241413 NNW 55.944849705535624 -3.188063263353851 60.493614196777344 91.18418502807617
55.944849705535624 -3.188063263353851 SW 55.94463757350127 -3.1882753953882066 60.493614196777344 89.93418502807617
55.94463757350127 -3.1882753953882066 E 55.94463757350127 -3.1879753953882064 60.493614196777344 88.68418502807617
55.94463757350127 -3.1879753953882064 NW 55.944849705535624 -3.188187527422562 60.493614196777344 87.43418502807617
55.944849705535624 -3.188187527422562 SE 55.94463757350127 -3.1879753953882064 60.493614196777344 86.18418502807617
55.94463757350127 -3.1879753953882064 W 55.94463757350127 -3.1882753953882066 60.493614196777344 84.93418502807617
55.94463757350127 -3.1882753953882066 E 55.94463757350127 -3.1879753953882064 60.493614196777344 83.68418502807617
55.94463757350127 -3.1879753953882064 SSW 55.94436040964151 -3.188090200417916 60.493614196777344 82.43418502807617
55.94436040964151 -3.188090200417916 NNE 55.94463757350127 -3.1879753953882064 60.493614196777344 81.18418502807617
55.94463757350127 -3.1879753953882064 W 55.94463757350127 -3.1882753953882066 60.493614196777344 79.93418502807617
55.94463757350127 -3.1882753953882066 E 55.94463757350127 -3.1879753953882064 60.493614196777344 78.68418502807617
55.94463757350127 -3.1879753953882064 NE 55.944849705535624 -3.1877632633538506 60.493614196777344 77.43418502807617
55.944849705535624 -3.1877632633538506 SW 55.94463757350127 -3.1879753953882064 60.493614196777344 76.18418502807617
55.94463757350127 -3.1879753953882064 NNW 55.944914737361024 -3.188090200417916 60.493614196777344 74.93418502807617
55.944914737361024 -3.188090200417916 SSE 55.94463757350127 -3.1879753953882064 60.493614196777344 73.68418502807617
55.94463757350127 -3.1879753953882064 NE 55.944849705535624 -3.1877632633538506 60.493614196777344 72.43418502807617
55.944849705535624 -3.1877632633538506 SW 55.94463757350127 -3.1879753953882064 60.493614196777344 71.18418502807617
55.94463757350127 -3.1879753953882064 ENE 55.94475237853098 -3.187698231528453 60.493614196777344 69.93418502807617
55.94475237853098 -3.187698231528453 WSW 55.94463757350127 -3.1879753953882064 60.493614196777344 68.68418502807617
55.94463757350127 -3.1879753953882064 ESE 55.94452276847156 -3.187698231528453 60.493614196777344 67.43418502807617
55.94452276847156 -3.187698231528453 WNW 55.94463757350127 -3.1879753953882064 60.493614196777344 66.18418502807617
55.94463757350127 -3.1879753953882064 ESE 55.94452276847156 -3.187698231528453 60.493614196777344 64.93418502807617
55.94452276847156 -3.187698231528453 WNW 55.94463757350127 -3.1879753953882064 60.493614196777344 63.68418502807617
55.94463757350127 -3.1879753953882064 ESE 55.94452276847156 -3.187698231528453 60.493614196777344 62.43418502807617
55.94452276847156 -3.187698231528453 W 55.94452276847156 -3.187998231528453 60.493614196777344 61.18418502807617
55.94452276847156 -3.187998231528453 E 55.94452276847156 -3.187698231528453 60.493614196777344 59.93418502807617
55.94452276847156 -3.187698231528453 W 55.94452276847156 -3.187998231528453 60.493614196777344 58.68418502807617
55.94452276847156 -3.187998231528453 E 55.94452276847156 -3.187698231528453 60.493614196777344 57.43418502807617
55.94452276847156 -3.187698231528453 W 55.94452276847156 -3.187998231528453 60.493614196777344 56.18418502807617
55.94452276847156 -3.187998231528453 NNE 55.944799932331314 -3.1878834264987437 60.493614196777344 54.93418502807617
55.944799932331314 -3.1878834264987437 SSW 55.94452276847156 -3.187998231528453 60.493614196777344 53.68418502807617
55.94452276847156 -3.187998231528453 NW 55.944734900505914 -3.188210363562809 60.493614196777344 52.43418502807617
55.944734900505914 -3.188210363562809 SE 55.94452276847156 -3.187998231528453 60.493614196777344 51.18418502807617
55.94452276847156 -3.187998231528453 SW 55.9443106364372 -3.188210363562809 60.493614196777344 49.93418502807617
55.9443106364372 -3.188210363562809 NE 55.94452276847156 -3.187998231528453 60.493614196777344 48.68418502807617
55.94452276847156 -3.187998231528453 SW 55.9443106364372 -3.188210363562809 60.493614196777344 47.43418502807617
55.9443106364372 -3.188210363562809 NE 55.94452276847156 -3.187998231528453 60.493614196777344 46.18418502807617
55.94452276847156 -3.187998231528453 SW 55.9443106364372 -3.188210363562809 60.493614196777344 44.93418502807617
55.9443106364372 -3.188210363562809 NE 55.94452276847156 -3.187998231528453 60.493614196777344 43.68418502807617
55.94452276847156 -3.187998231528453 SSW 55.9442456046118 -3.1881130365581627 60.493614196777344 42.43418502807617
55.9442456046118 -3.1881130365581627 NNE 55.94452276847156 -3.187998231528453 60.493614196777344 41.18418502807617
55.94452276847156 -3.187998231528453 SSW 55.9442456046118 -3.1881130365581627 60.493614196777344 39.93418502807617
55.9442456046118 -3.1881130365581627 NNE 55.94452276847156 -3.187998231528453 60.493614196777344 38.68418502807617
55.94452276847156 -3.187998231528453 SSE 55.9442456046118 -3.1878834264987437 60.493614196777344 37.43418502807617
55.9442456046118 -3.1878834264987437 NNW 55.94452276847156 -3.187998231528453 60.493614196777344 36.18418502807617
55.94452276847156 -3.187998231528453 S 55.944222768471555 -3.187998231528453 60.493614196777344 34.93418502807617
55.944222768471555 -3.187998231528453 N 55.94452276847156 -3.187998231528453 60.493614196777344 33.68418502807617
55.94452276847156 -3.187998231528453 SSE 55.9442456046118 -3.1878834264987437 60.493614196777344 32.43418502807617
55.9442456046118 -3.1878834264987437 NNW 55.94452276847156 -3.187998231528453 60.493614196777344 31.184185028076172
55.94452276847156 -3.187998231528453 SE 55.9443106364372 -3.1877860994940974 60.493614196777344 29.934185028076172
55.9443106364372 -3.1877860994940974 WNW 55.94442544146691 -3.188063263353851 60.493614196777344 28.684185028076172
55.94442544146691 -3.188063263353851 ESE 55.9443106364372 -3.1877860994940974 60.493614196777344 27.434185028076172
55.9443106364372 -3.1877860994940974 NE 55.94452276847156 -3.1875739674597416 60.493614196777344 26.184185028076172
55.94452276847156 -3.1875739674597416 SW 55.9443106364372 -3.1877860994940974 60.493614196777344 24.934185028076172
55.9443106364372 -3.1877860994940974 E 55.9443106364372 -3.1874860994940972 60.493614196777344 23.684185028076172
55.9443106364372 -3.1874860994940972 WSW 55.94419583140749 -3.1877632633538506 60.493614196777344 22.434185028076172
55.94419583140749 -3.1877632633538506 ENE 55.9443106364372 -3.1874860994940972 60.493614196777344 21.184185028076172
55.9443106364372 -3.1874860994940972 WSW 55.94419583140749 -3.1877632633538506 60.493614196777344 19.934185028076172
55.94419583140749 -3.1877632633538506 ENE 55.9443106364372 -3.1874860994940972 60.493614196777344 18.684185028076172
55.9443106364372 -3.1874860994940972 NW 55.94452276847156 -3.187698231528453 60.493614196777344 17.434185028076172
55.94452276847156 -3.187698231528453 SE 55.9443106364372 -3.1874860994940972 60.493614196777344 16.184185028076172
55.9443106364372 -3.1874860994940972 WSW 55.94419583140749 -3.1877632633538506 60.493614196777344 14.934185028076172
55.94419583140749 -3.1877632633538506 ENE 55.9443106364372 -3.1874860994940972 60.493614196777344 13.684185028076172
55.9443106364372 -3.1874860994940972 E 55.9443106364372 -3.187186099494097 60.493614196777344 12.434185028076172
55.9443106364372 -3.187186099494097 W 55.9443106364372 -3.1874860994940972 60.493614196777344 11.184185028076172
55.9443106364372 -3.1874860994940972 E 55.9443106364372 -3.187186099494097 60.493614196777344 9.934185028076172
55.9443106364372 -3.187186099494097 W 55.9443106364372 -3.1874860994940972 60.493614196777344 8.684185028076172
55.9443106364372 -3.1874860994940972 ESE 55.94419583140749 -3.187208935634344 60.493614196777344 7.434185028076172
55.94419583140749 -3.187208935634344 W 55.94419583140749 -3.187508935634344 60.493614196777344 6.184185028076172
55.94419583140749 -3.187508935634344 E 55.94419583140749 -3.187208935634344 60.493614196777344 4.934185028076172
55.94419583140749 -3.187208935634344 WNW 55.9443106364372 -3.1874860994940972 60.493614196777344 3.684185028076172
55.9443106364372 -3.1874860994940972 SE 55.944098504402845 -3.1872739674597415 60.493614196777344 2.434185028076172
55.944098504402845 -3.1872739674597415 NW 55.9443106364372 -3.1874860994940972 60.493614196777344 1.1841850280761719
