55.944425 -3.188396 SE 55.944212867965646 -3.1881838679656442 0.0 248.75
55.944212867965646 -3.1881838679656442 NW 55.944425 -3.188396 0.0 247.5
55.944425 -3.188396 ESE 55.94431019497029 -3.1881188361402466 0.0 246.25
55.94431019497029 -3.1881188361402466 WNW 55.944425 -3.188396 0.0 245.0
55.944425 -3.188396 E 55.944425 -3.188096 0.0 243.75
55.944425 -3.188096 W 55.944425 -3.188396 0.0 242.5
55.944425 -3.188396 E 55.944425 -3.188096 0.0 241.25
55.944425 -3.188096 NW 55.94463713203436 -3.1883081320343556 0.0 240.0
55.94463713203436 -3.1883081320343556 E 55.94463713203436 -3.1880081320343554 0.0 238.75
55.94463713203436 -3.1880081320343554 W 55.94463713203436 -3.1883081320343556 0.0 237.5
55.94463713203436 -3.1883081320343556 SW 55.944425 -3.1885202640687114 0.0 236.25
55.944425 -3.1885202640687114 NE 55.94463713203436 -3.1883081320343556 0.0 235.0
55.94463713203436 -3.1883081320343556 NNW 55.944914295894115 -3.188422937064065 0.0 233.75
55.944914295894115 -3.188422937064065 SSE 55.94463713203436 -3.1883081320343556 0.0 232.5
55.94463713203436 -3.1883081320343556 WNW 55.94475193706407 -3.188585295894109 0.0 231.25
55.94475193706407 -3.188585295894109 WSW 55.94463713203436 -3.1888624597538624 0.0 230.0
55.94463713203436 -3.1888624597538624 ENE 55.94475193706407 -3.188585295894109 0.0 228.75
55.94475193706407 -3.188585295894109 NE 55.944964069098425 -3.1883731638597532 0.0 227.5
55.944964069098425 -3.1883731638597532 WSW 55.944849264068715 -3.1886503277195066 0.0 226.25
55.944849264068715 -3.1886503277195066 NE 55.94506139610307 -3.188438195685151 0.0 225.0
55.94506139610307 -3.188438195685151 WNW 55.94517620113278 -3.1887153595449043 0.0 223.75
55.94517620113278 -3.1887153595449043 ESE 55.94506139610307 -3.188438195685151 0.0 222.5
55.94506139610307 -3.188438195685151 S 55.94476139610307 -3.188438195685151 0.0 221.25
55.94476139610307 -3.188438195685151 N 55.94506139610307 -3.188438195685151 0.0 220.0
55.94506139610307 -3.188438195685151 SE 55.944849264068715 -3.188226063650795 0.0 218.75
55.944849264068715 -3.188226063650795 WNW 55.944964069098425 -3.1885032275105485 0.0 217.5
55.944964069098425 -3.1885032275105485 ESE 55.944849264068715 -3.188226063650795 0.0 216.25
55.944849264068715 -3.188226063650795 ENE 55.944964069098425 -3.1879488997910417 0.0 215.0
55.944964069098425 -3.1879488997910417 WSW 55.944849264068715 -3.188226063650795 0.0 213.75
55.944849264068715 -3.188226063650795 ENE 55.944964069098425 -3.1879488997910417 0.0 212.5
55.944964069098425 -3.1879488997910417 WSW 55.944849264068715 -3.188226063650795 0.0 211.25
55.944849264068715 -3.188226063650795 ENE 55.944964069098425 -3.1879488997910417 0.0 210.0
55.944964069098425 -3.1879488997910417 SSE 55.94468690523867 -3.187834094761332 15.487674713134766 293.9150390625
55.94468690523867 -3.187834094761332 NNW 55.944964069098425 -3.1879488997910417 15.487674713134766 292.6650390625
55.944964069098425 -3.1879488997910417 N 55.94526406909843 -3.1879488997910417 15.487674713134766 291.4150390625
55.94526406909843 -3.1879488997910417 SSE 55.94498690523867 -3.187834094761332 15.487674713134766 290.1650390625
55.94498690523867 -3.187834094761332 NNE 55.94526406909843 -3.1877192897316227 15.487674713134766 288.9150390625
55.94526406909843 -3.1877192897316227 SW 55.94505193706407 -3.1879314217659784 15.487674713134766 287.6650390625
55.94505193706407 -3.1879314217659784 NNE 55.94532910092383 -3.187816616736269 15.487674713134766 286.4150390625
55.94532910092383 -3.187816616736269 E 55.94532910092383 -3.1875166167362687 15.487674713134766 285.1650390625
55.94532910092383 -3.1875166167362687 WSW 55.94521429589412 -3.187793780596022 15.487674713134766 283.9150390625
55.94521429589412 -3.187793780596022 ENE 55.94532910092383 -3.1875166167362687 15.487674713134766 282.6650390625
55.94532910092383 -3.1875166167362687 WSW 55.94521429589412 -3.187793780596022 15.487674713134766 281.4150390625
55.94521429589412 -3.187793780596022 ENE 55.94532910092383 -3.1875166167362687 15.487674713134766 280.1650390625
55.94532910092383 -3.1875166167362687 ESE 55.94521429589412 -3.1872394528765153 15.487674713134766 278.9150390625
55.94521429589412 -3.1872394528765153 WNW 55.94532910092383 -3.1875166167362687 15.487674713134766 277.6650390625
55.94532910092383 -3.1875166167362687 ESE 55.94521429589412 -3.1872394528765153 15.487674713134766 276.4150390625
55.94521429589412 -3.1872394528765153 N 55.94551429589412 -3.1872394528765153 15.487674713134766 275.1650390625
55.94551429589412 -3.1872394528765153 S 55.94521429589412 -3.1872394528765153 15.487674713134766 273.9150390625
55.94521429589412 -3.1872394528765153 SSE 55.94493713203436 -3.187124647846806 130.01117324829102 355.2917175292969
55.94493713203436 -3.187124647846806 NNW 55.94521429589412 -3.1872394528765153 130.01117324829102 354.0417175292969
55.94521429589412 -3.1872394528765153 NNE 55.945491459753875 -3.187124647846806 130.01117324829102 352.7917175292969
55.945491459753875 -3.187124647846806 SSW 55.94521429589412 -3.1872394528765153 130.01117324829102 351.5417175292969
55.94521429589412 -3.1872394528765153 NNE 55.945491459753875 -3.187124647846806 130.01117324829102 350.2917175292969
55.945491459753875 -3.187124647846806 SSW 55.94521429589412 -3.1872394528765153 130.01117324829102 349.0417175292969
55.94521429589412 -3.1872394528765153 N 55.94551429589412 -3.1872394528765153 130.01117324829102 347.7917175292969
55.94551429589412 -3.1872394528765153 S 55.94521429589412 -3.1872394528765153 130.01117324829102 346.5417175292969
55.94521429589412 -3.1872394528765153 N 55.94551429589412 -3.1872394528765153 130.01117324829102 345.2917175292969
55.94551429589412 -3.1872394528765153 NW 55.94572642792848 -3.187451584910871 130.01117324829102 344.0417175292969
55.94572642792848 -3.187451584910871 SE 55.94551429589412 -3.1872394528765153 130.01117324829102 342.7917175292969
55.94551429589412 -3.1872394528765153 E 55.94551429589412 -3.186939452876515 130.01117324829102 341.5417175292969
55.94551429589412 -3.186939452876515 WNW 55.94562910092383 -3.1872166167362685 130.01117324829102 340.2917175292969
55.94562910092383 -3.1872166167362685 ESE 55.94551429589412 -3.186939452876515 130.01117324829102 339.0417175292969
55.94551429589412 -3.186939452876515 NW 55.94572642792848 -3.187151584910871 130.01117324829102 337.7917175292969
55.94572642792848 -3.187151584910871 ESE 55.94561162289877 -3.1868744210511175 130.01117324829102 336.5417175292969
55.94561162289877 -3.1868744210511175 WNW 55.94572642792848 -3.187151584910871 130.01117324829102 335.2917175292969
55.94572642792848 -3.187151584910871 ESE 55.94561162289877 -3.1868744210511175 130.01117324829102 334.0417175292969
55.94561162289877 -3.1868744210511175 WSW 55.945496817869056 -3.187151584910871 130.01117324829102 332.7917175292969
55.945496817869056 -3.187151584910871 ENE 55.94561162289877 -3.1868744210511175 130.01117324829102 331.5417175292969
55.94561162289877 -3.1868744210511175 SSW 55.94533445903901 -3.186989226080827 130.01117324829102 330.2917175292969
55.94533445903901 -3.186989226080827 N 55.94563445903901 -3.186989226080827 130.01117324829102 329.0417175292969
55.94563445903901 -3.186989226080827 S 55.94533445903901 -3.186989226080827 130.01117324829102 327.7917175292969
55.94533445903901 -3.186989226080827 NE 55.94554659107337 -3.1867770940464712 130.01117324829102 326.5417175292969
55.94554659107337 -3.1867770940464712 SW 55.94533445903901 -3.186989226080827 130.01117324829102 325.2917175292969
55.94533445903901 -3.186989226080827 WNW 55.94544926406872 -3.1872663899405804 130.01117324829102 324.0417175292969
55.94544926406872 -3.1872663899405804 E 55.94544926406872 -3.1869663899405802 130.01117324829102 322.7917175292969
55.94544926406872 -3.1869663899405802 WSW 55.94533445903901 -3.1872435538003336 130.01117324829102 321.5417175292969
55.94533445903901 -3.1872435538003336 NW 55.94554659107337 -3.1874556858346894 130.01117324829102 320.2917175292969
55.94554659107337 -3.1874556858346894 SSE 55.94526942721361 -3.18734088080498 130.01117324829102 319.0417175292969
55.94526942721361 -3.18734088080498 NNW 55.94554659107337 -3.1874556858346894 130.01117324829102 317.7917175292969
55.94554659107337 -3.1874556858346894 SSE 55.94526942721361 -3.18734088080498 130.01117324829102 316.5417175292969
55.94526942721361 -3.18734088080498 NNW 55.94554659107337 -3.1874556858346894 130.01117324829102 315.2917175292969
55.94554659107337 -3.1874556858346894 S 55.945246591073364 -3.1874556858346894 130.01117324829102 314.0417175292969
55.945246591073364 -3.1874556858346894 N 55.94554659107337 -3.1874556858346894 130.01117324829102 312.7917175292969
55.94554659107337 -3.1874556858346894 WSW 55.945431786043656 -3.187732849694443 130.01117324829102 311.5417175292969
55.945431786043656 -3.187732849694443 NE 55.94564391807801 -3.187520717660087 130.01117324829102 310.2917175292969
55.94564391807801 -3.187520717660087 SE 55.945431786043656 -3.1873085856257313 130.01117324829102 309.0417175292969
55.945431786043656 -3.1873085856257313 NW 55.94564391807801 -3.187520717660087 130.01117324829102 307.7917175292969
55.94564391807801 -3.187520717660087 ESE 55.9455291130483 -3.1872435538003336 130.01117324829102 306.5417175292969
55.9455291130483 -3.1872435538003336 NNW 55.94580627690806 -3.187358358830043 130.01117324829102 305.2917175292969
55.94580627690806 -3.187358358830043 E 55.94580627690806 -3.187058358830043 130.01117324829102 304.0417175292969
55.94580627690806 -3.187058358830043 W 55.94580627690806 -3.187358358830043 130.01117324829102 302.7917175292969
55.94580627690806 -3.187358358830043 SSE 55.9455291130483 -3.1872435538003336 130.01117324829102 301.5417175292969
55.9455291130483 -3.1872435538003336 NNW 55.94580627690806 -3.187358358830043 130.01117324829102 300.2917175292969
55.94580627690806 -3.187358358830043 SSW 55.9455291130483 -3.1874731638597527 130.01117324829102 299.0417175292969
55.9455291130483 -3.1874731638597527 NNE 55.94580627690806 -3.187358358830043 130.01117324829102 297.7917175292969
55.94580627690806 -3.187358358830043 SE 55.9455941448737 -3.1871462267956874 130.01117324829102 296.5417175292969
55.9455941448737 -3.1871462267956874 NNE 55.94587130873346 -3.187031421765978 130.01117324829102 295.2917175292969
55.94587130873346 -3.187031421765978 SSW 55.9455941448737 -3.1871462267956874 130.01117324829102 294.0417175292969
55.9455941448737 -3.1871462267956874 NNE 55.94587130873346 -3.187031421765978 130.01117324829102 292.7917175292969
55.94587130873346 -3.187031421765978 N 55.94617130873346 -3.187031421765978 130.01117324829102 291.5417175292969
55.94617130873346 -3.187031421765978 SSW 55.945894144873705 -3.1871462267956874 130.01117324829102 290.2917175292969
55.945894144873705 -3.1871462267956874 NNE 55.94617130873346 -3.187031421765978 130.01117324829102 289.0417175292969
55.94617130873346 -3.187031421765978 SSW 55.945894144873705 -3.1871462267956874 130.01117324829102 287.7917175292969
55.945894144873705 -3.1871462267956874 NNE 55.94617130873346 -3.187031421765978 130.01117324829102 286.5417175292969
55.94617130873346 -3.187031421765978 SSW 55.945894144873705 -3.1871462267956874 130.01117324829102 285.2917175292969
55.945894144873705 -3.1871462267956874 NNE 55.94617130873346 -3.187031421765978 130.01117324829102 284.0417175292969
55.94617130873346 -3.187031421765978 SE 55.945959176699105 -3.186819289731622 130.01117324829102 282.7917175292969
55.945959176699105 -3.186819289731622 NW 55.94617130873346 -3.187031421765978 130.01117324829102 281.5417175292969
55.94617130873346 -3.187031421765978 SE 55.945959176699105 -3.186819289731622 130.01117324829102 280.2917175292969
55.945959176699105 -3.186819289731622 NW 55.94617130873346 -3.187031421765978 130.01117324829102 279.0417175292969
55.94617130873346 -3.187031421765978 SE 55.945959176699105 -3.186819289731622 130.01117324829102 277.7917175292969
55.945959176699105 -3.186819289731622 NW 55.94617130873346 -3.187031421765978 130.01117324829102 276.5417175292969
55.94617130873346 -3.187031421765978 S 55.94587130873346 -3.187031421765978 130.01117324829102 275.2917175292969
55.94587130873346 -3.187031421765978 NNE 55.946148472593215 -3.1869166167362684 130.01117324829102 274.0417175292969
55.946148472593215 -3.1869166167362684 E 55.946148472593215 -3.186616616736268 130.01117324829102 272.7917175292969
55.946148472593215 -3.186616616736268 WSW 55.946033667563505 -3.1868937805960216 130.01117324829102 271.5417175292969
55.946033667563505 -3.1868937805960216 ENE 55.946148472593215 -3.186616616736268 130.01117324829102 270.2917175292969
55.946148472593215 -3.186616616736268 WSW 55.946033667563505 -3.1868937805960216 130.01117324829102 269.0417175292969
55.946033667563505 -3.1868937805960216 ENE 55.946148472593215 -3.186616616736268 130.01117324829102 267.7917175292969
55.946148472593215 -3.186616616736268 SE 55.94593634055886 -3.1864044847019124 130.01117324829102 266.5417175292969
55.94593634055886 -3.1864044847019124 NW 55.946148472593215 -3.186616616736268 130.01117324829102 265.2917175292969
55.946148472593215 -3.186616616736268 E 55.946148472593215 -3.186316616736268 130.01117324829102 264.0417175292969
55.946148472593215 -3.186316616736268 W 55.946148472593215 -3.186616616736268 130.01117324829102 262.7917175292969
55.946148472593215 -3.186616616736268 E 55.946148472593215 -3.186316616736268 130.01117324829102 261.5417175292969
55.946148472593215 -3.186316616736268 SW 55.94593634055886 -3.1865287487706238 130.01117324829102 260.2917175292969
55.94593634055886 -3.1865287487706238 NE 55.946148472593215 -3.186316616736268 130.01117324829102 259.0417175292969
55.946148472593215 -3.186316616736268 SSW 55.94587130873346 -3.1864314217659775 130.01117324829102 257.7917175292969
55.94587130873346 -3.1864314217659775 NNE 55.946148472593215 -3.186316616736268 130.01117324829102 256.5417175292969
55.946148472593215 -3.186316616736268 SSW 55.94587130873346 -3.1864314217659775 130.01117324829102 255.29171752929688
55.94587130873346 -3.1864314217659775 N 55.94617130873346 -3.1864314217659775 130.01117324829102 254.04171752929688
55.94617130873346 -3.1864314217659775 SSE 55.945894144873705 -3.186316616736268 130.01117324829102 252.79171752929688
55.945894144873705 -3.186316616736268 N 55.94619414487371 -3.186316616736268 130.01117324829102 251.54171752929688
55.94619414487371 -3.186316616736268 S 55.945894144873705 -3.186316616736268 130.01117324829102 250.29171752929688
55.945894144873705 -3.186316616736268 W 55.945894144873705 -3.186616616736268 130.01117324829102 249.04171752929688
55.945894144873705 -3.186616616736268 E 55.945894144873705 -3.186316616736268 130.01117324829102 247.79171752929688
55.945894144873705 -3.186316616736268 S 55.9455941448737 -3.186316616736268 130.01117324829102 246.54171752929688
55.9455941448737 -3.186316616736268 N 55.945894144873705 -3.186316616736268 130.01117324829102 245.29171752929688
55.945894144873705 -3.186316616736268 S 55.9455941448737 -3.186316616736268 130.01117324829102 244.04171752929688
55.9455941448737 -3.186316616736268 NNW 55.94587130873346 -3.1864314217659775 130.01117324829102 242.79171752929688
55.94587130873346 -3.1864314217659775 SSE 55.9455941448737 -3.186316616736268 130.01117324829102 241.54171752929688
55.9455941448737 -3.186316616736268 NW 55.94580627690806 -3.1865287487706238 130.01117324829102 240.29171752929688
55.94580627690806 -3.1865287487706238 SSE 55.9455291130483 -3.1864139437409142 130.01117324829102 239.04171752929688
55.9455291130483 -3.1864139437409142 NNW 55.94580627690806 -3.1865287487706238 130.01117324829102 237.79171752929688
55.94580627690806 -3.1865287487706238 SSE 55.9455291130483 -3.1864139437409142 130.01117324829102 236.54171752929688
55.9455291130483 -3.1864139437409142 S 55.9452291130483 -3.1864139437409142 130.01117324829102 235.29171752929688
55.9452291130483 -3.1864139437409142 N 55.9455291130483 -3.1864139437409142 130.01117324829102 234.04171752929688
55.9455291130483 -3.1864139437409142 ESE 55.94541430801859 -3.186136779881161 130.01117324829102 232.79171752929688
55.94541430801859 -3.186136779881161 WNW 55.9455291130483 -3.1864139437409142 130.01117324829102 231.54171752929688
55.9455291130483 -3.1864139437409142 SE 55.945316981013946 -3.1862018117065585 130.01117324829102 230.29171752929688
55.945316981013946 -3.1862018117065585 N 55.94561698101395 -3.1862018117065585 130.01117324829102 229.04171752929688
55.94561698101395 -3.1862018117065585 SSE 55.94533981715419 -3.186087006676849 130.01117324829102 227.79171752929688
55.94533981715419 -3.186087006676849 SSW 55.945062653294436 -3.1862018117065585 130.01117324829102 226.54171752929688
55.945062653294436 -3.1862018117065585 NE 55.94527478532879 -3.1859896796722027 130.01117324829102 225.29171752929688
55.94527478532879 -3.1859896796722027 SE 55.945062653294436 -3.185777547637847 130.01117324829102 224.04171752929688
55.945062653294436 -3.185777547637847 NW 55.94527478532879 -3.1859896796722027 130.01117324829102 222.79171752929688
55.94527478532879 -3.1859896796722027 SSE 55.944997621469035 -3.185874874642493 130.01117324829102 221.54171752929688
55.944997621469035 -3.185874874642493 N 55.94529762146904 -3.185874874642493 130.01117324829102 220.29171752929688
55.94529762146904 -3.185874874642493 S 55.944997621469035 -3.185874874642493 130.01117324829102 219.04171752929688
55.944997621469035 -3.185874874642493 WSW 55.944882816439325 -3.1861520385022466 130.01117324829102 217.79171752929688
55.944882816439325 -3.1861520385022466 ENE 55.944997621469035 -3.185874874642493 130.01117324829102 216.54171752929688
55.944997621469035 -3.185874874642493 NNE 55.94527478532879 -3.1857600696127837 130.01117324829102 215.29171752929688
55.94527478532879 -3.1857600696127837 SSW 55.944997621469035 -3.185874874642493 130.01117324829102 214.04171752929688
55.944997621469035 -3.185874874642493 N 55.94529762146904 -3.185874874642493 130.01117324829102 212.79171752929688
55.94529762146904 -3.185874874642493 S 55.944997621469035 -3.185874874642493 130.01117324829102 211.54171752929688
55.944997621469035 -3.185874874642493 ESE 55.944882816439325 -3.18559771078274 130.01117324829102 210.29171752929688
55.944882816439325 -3.18559771078274 W 55.944882816439325 -3.18589771078274 130.01117324829102 209.04171752929688
55.944882816439325 -3.18589771078274 NNE 55.94515998029908 -3.1857829057530305 130.01117324829102 207.79171752929688
55.94515998029908 -3.1857829057530305 SSW 55.944882816439325 -3.18589771078274 130.01117324829102 206.54171752929688
55.944882816439325 -3.18589771078274 W 55.944882816439325 -3.18619771078274 130.01117324829102 205.29171752929688
55.944882816439325 -3.18619771078274 ENE 55.944997621469035 -3.1859205469229868 130.01117324829102 204.04171752929688
55.944997621469035 -3.1859205469229868 W 55.944997621469035 -3.186220546922987 130.01117324829102 202.79171752929688
55.944997621469035 -3.186220546922987 E 55.944997621469035 -3.1859205469229868 130.01117324829102 201.54171752929688
55.944997621469035 -3.1859205469229868 W 55.944997621469035 -3.186220546922987 130.01117324829102 200.29171752929688
55.944997621469035 -3.186220546922987 E 55.944997621469035 -3.1859205469229868 130.01117324829102 199.04171752929688
55.944997621469035 -3.1859205469229868 NNW 55.94527478532879 -3.1860353519526963 130.01117324829102 197.79171752929688
55.94527478532879 -3.1860353519526963 SSW 55.944997621469035 -3.186150156982406 130.01117324829102 196.54171752929688
55.944997621469035 -3.186150156982406 NNE 55.94527478532879 -3.1860353519526963 130.01117324829102 195.29171752929688
55.94527478532879 -3.1860353519526963 SSW 55.944997621469035 -3.186150156982406 130.01117324829102 194.04171752929688
55.944997621469035 -3.186150156982406 N 55.94529762146904 -3.186150156982406 130.01117324829102 192.79171752929688
55.94529762146904 -3.186150156982406 SSW 55.94502045760928 -3.1862649620121153 130.01117324829102 191.54171752929688
55.94502045760928 -3.1862649620121153 NNW 55.94529762146904 -3.186379767041825 130.01117324829102 190.29171752929688
55.94529762146904 -3.186379767041825 SSE 55.94502045760928 -3.1862649620121153 130.01117324829102 189.04171752929688
55.94502045760928 -3.1862649620121153 NNW 55.94529762146904 -3.186379767041825 130.01117324829102 187.79171752929688
55.94529762146904 -3.186379767041825 SSE 55.94502045760928 -3.1862649620121153 130.01117324829102 186.54171752929688
55.94502045760928 -3.1862649620121153 NNW 55.94529762146904 -3.186379767041825 130.01117324829102 185.29171752929688
55.94529762146904 -3.186379767041825 ESE 55.94518281643933 -3.1861026031820714 130.01117324829102 184.04171752929688
55.94518281643933 -3.1861026031820714 WNW 55.94529762146904 -3.186379767041825 130.01117324829102 182.79171752929688
55.94529762146904 -3.186379767041825 ENE 55.94541242649875 -3.1861026031820714 130.01117324829102 181.54171752929688
55.94541242649875 -3.1861026031820714 WSW 55.94529762146904 -3.186379767041825 130.01117324829102 180.29171752929688
55.94529762146904 -3.186379767041825 WSW 55.94518281643933 -3.186656930901578 130.01117324829102 179.04171752929688
55.94518281643933 -3.186656930901578 ENE 55.94529762146904 -3.186379767041825 130.01117324829102 177.79171752929688
55.94529762146904 -3.186379767041825 S 55.944997621469035 -3.186379767041825 130.01117324829102 176.54171752929688
55.944997621469035 -3.186379767041825 N 55.94529762146904 -3.186379767041825 130.01117324829102 175.29171752929688
55.94529762146904 -3.186379767041825 WSW 55.94518281643933 -3.186656930901578 130.01117324829102 174.04171752929688
55.94518281643933 -3.186656930901578 ESE 55.94506801140962 -3.186379767041825 130.01117324829102 172.79171752929688
55.94506801140962 -3.186379767041825 WSW 55.94495320637991 -3.186656930901578 130.01117324829102 171.54171752929688
55.94495320637991 -3.186656930901578 NE 55.94516533841426 -3.1864447988672224 130.01117324829102 170.29171752929688
55.94516533841426 -3.1864447988672224 SW 55.94495320637991 -3.186656930901578 130.01117324829102 169.04171752929688
55.94495320637991 -3.186656930901578 N 55.94525320637991 -3.186656930901578 130.01117324829102 167.79171752929688
55.94525320637991 -3.186656930901578 S 55.94495320637991 -3.186656930901578 130.01117324829102 166.54171752929688
55.94495320637991 -3.186656930901578 WSW 55.9448384013502 -3.1869340947613316 130.01117324829102 165.29171752929688
55.9448384013502 -3.1869340947613316 ENE 55.94495320637991 -3.186656930901578 130.01117324829102 164.04171752929688
55.94495320637991 -3.186656930901578 ENE 55.94506801140962 -3.186379767041825 130.01117324829102 162.79171752929688
55.94506801140962 -3.186379767041825 SW 55.94485587937526 -3.1865918990761806 130.01117324829102 161.54171752929688
55.94485587937526 -3.1865918990761806 W 55.94485587937526 -3.1868918990761808 130.01117324829102 160.29171752929688
55.94485587937526 -3.1868918990761808 E 55.94485587937526 -3.1865918990761806 130.01117324829102 159.04171752929688
55.94485587937526 -3.1865918990761806 W 55.94485587937526 -3.1868918990761808 130.01117324829102 157.79171752929688
55.94485587937526 -3.1868918990761808 ESE 55.94474107434555 -3.1866147352164274 130.01117324829102 156.54171752929688
55.94474107434555 -3.1866147352164274 WNW 55.94485587937526 -3.1868918990761808 130.01117324829102 155.29171752929688
55.94485587937526 -3.1868918990761808 SE 55.944643747340905 -3.186679767041825 130.01117324829102 154.04171752929688
55.944643747340905 -3.186679767041825 WNW 55.944758552370615 -3.1869569309015784 182.69324111938477 237.75247955322266
55.944758552370615 -3.1869569309015784 SW 55.94454642033626 -3.187169062935934 182.69324111938477 236.50247955322266
55.94454642033626 -3.187169062935934 NE 55.944758552370615 -3.1869569309015784 182.69324111938477 235.25247955322266
55.944758552370615 -3.1869569309015784 SW 55.94454642033626 -3.187169062935934 182.69324111938477 234.00247955322266
55.94454642033626 -3.187169062935934 NNE 55.944823584196016 -3.1870542579062247 182.69324111938477 232.75247955322266
55.944823584196016 -3.1870542579062247 SW 55.94461145216166 -3.1872663899405804 182.69324111938477 231.50247955322266
55.94461145216166 -3.1872663899405804 NE 55.944823584196016 -3.1870542579062247 182.69324111938477 230.25247955322266
55.944823584196016 -3.1870542579062247 W 55.944823584196016 -3.187354257906225 233.08463668823242 295.20178985595703
55.944823584196016 -3.187354257906225 E 55.944823584196016 -3.1870542579062247 233.08463668823242 293.95178985595703
55.944823584196016 -3.1870542579062247 W 55.944823584196016 -3.187354257906225 233.08463668823242 292.70178985595703
55.944823584196016 -3.187354257906225 ENE 55.944938389225726 -3.1870770940464714 233.08463668823242 291.45178985595703
55.944938389225726 -3.1870770940464714 W 55.944938389225726 -3.1873770940464716 233.08463668823242 290.20178985595703
55.944938389225726 -3.1873770940464716 NE 55.94515052126008 -3.187164962012116 233.08463668823242 288.95178985595703
55.94515052126008 -3.187164962012116 SW 55.944938389225726 -3.1873770940464716 233.08463668823242 287.70178985595703
55.944938389225726 -3.1873770940464716 NE 55.94515052126008 -3.187164962012116 233.08463668823242 286.45178985595703
55.94515052126008 -3.187164962012116 SW 55.944938389225726 -3.1873770940464716 233.08463668823242 285.20178985595703
55.944938389225726 -3.1873770940464716 W 55.944938389225726 -3.187677094046472 233.08463668823242 283.95178985595703
55.944938389225726 -3.187677094046472 E 55.944938389225726 -3.1873770940464716 233.08463668823242 282.70178985595703
55.944938389225726 -3.1873770940464716 WNW 55.945053194255436 -3.187654257906225 233.08463668823242 281.45178985595703
55.945053194255436 -3.187654257906225 SSE 55.94477603039568 -3.1875394528765155 307.34191513061523 403.19471740722656
55.94477603039568 -3.1875394528765155 NNW 55.945053194255436 -3.187654257906225 307.34191513061523 401.94471740722656
55.945053194255436 -3.187654257906225 SW 55.94484106222108 -3.187866389940581 337.04454803466797 513.8938751220703
55.94484106222108 -3.187866389940581 NE 55.945053194255436 -3.187654257906225 337.04454803466797 512.6438751220703
55.945053194255436 -3.187654257906225 SW 55.94484106222108 -3.187866389940581 337.04454803466797 511.3938751220703
55.94484106222108 -3.187866389940581 SE 55.944628930186724 -3.187654257906225 337.04454803466797 510.1438751220703
55.944628930186724 -3.187654257906225 NW 55.94484106222108 -3.187866389940581 337.04454803466797 508.8938751220703
55.94484106222108 -3.187866389940581 WNW 55.94495586725079 -3.188143553800334 337.04454803466797 507.6438751220703
55.94495586725079 -3.188143553800334 E 55.94495586725079 -3.187843553800334 337.04454803466797 506.3938751220703
55.94495586725079 -3.187843553800334 SW 55.944743735216434 -3.18805568583469 349.22307300567627 602.9851913452148
55.944743735216434 -3.18805568583469 SE 55.94453160318208 -3.187843553800334 372.54957485198975 709.4702606201172
55.94453160318208 -3.187843553800334 NW 55.944743735216434 -3.18805568583469 372.54957485198975 708.2202606201172
55.944743735216434 -3.18805568583469 NE 55.94495586725079 -3.187843553800334 372.54957485198975 706.9702606201172
55.94495586725079 -3.187843553800334 SW 55.944743735216434 -3.18805568583469 372.54957485198975 705.7202606201172
55.944743735216434 -3.18805568583469 SW 55.94453160318208 -3.1882678178690456 372.54957485198975 704.4702606201172
55.94453160318208 -3.1882678178690456 ENE 55.94464640821179 -3.187990654009292 372.54957485198975 703.2202606201172
55.94464640821179 -3.187990654009292 ESE 55.94453160318208 -3.1877134901495388 397.8006811141968 799.8772506713867
55.94453160318208 -3.1877134901495388 WNW 55.94464640821179 -3.187990654009292 397.8006811141968 798.6272506713867
55.94464640821179 -3.187990654009292 ESE 55.94453160318208 -3.1877134901495388 397.8006811141968 797.3772506713867
55.94453160318208 -3.1877134901495388 WNW 55.94464640821179 -3.187990654009292 397.8006811141968 796.1272506713867
