55.944425 -3.188396 ENE 55.94453980502971 -3.1881188361402466 0.0 248.75
55.94453980502971 -3.1881188361402466 WSW 55.944425 -3.188396 0.0 247.5
55.944425 -3.188396 ESE 55.94431019497029 -3.1881188361402466 0.0 246.25
55.94431019497029 -3.1881188361402466 WNW 55.944425 -3.188396 0.0 245.0
55.944425 -3.188396 SE 55.944212867965646 -3.1881838679656442 0.0 243.75
55.944212867965646 -3.1881838679656442 NW 55.944425 -3.188396 0.0 242.5
55.944425 -3.188396 ESE 55.94431019497029 -3.1881188361402466 0.0 241.25
55.94431019497029 -3.1881188361402466 SSE 55.944033031110536 -3.188004031110537 0.0 240.0
55.944033031110536 -3.188004031110537 WNW 55.944147836140246 -3.1882811949702905 0.0 238.75
55.944147836140246 -3.1882811949702905 ESE 55.944033031110536 -3.188004031110537 0.0 237.5
55.944033031110536 -3.188004031110537 WNW 55.944147836140246 -3.1882811949702905 0.0 236.25
55.944147836140246 -3.1882811949702905 S 55.94384783614024 -3.1882811949702905 0.0 235.0
55.94384783614024 -3.1882811949702905 N 55.944147836140246 -3.1882811949702905 0.0 233.75
55.944147836140246 -3.1882811949702905 NW 55.9443599681746 -3.1884933270046463 0.0 232.5
55.9443599681746 -3.1884933270046463 SE 55.944147836140246 -3.1882811949702905 0.0 231.25
55.944147836140246 -3.1882811949702905 W 55.944147836140246 -3.1885811949702907 0.0 230.0
55.944147836140246 -3.1885811949702907 SE 55.94393570410589 -3.188369062935935 0.0 228.75
55.94393570410589 -3.188369062935935 NW 55.944147836140246 -3.1885811949702907 0.0 227.5
55.944147836140246 -3.1885811949702907 E 55.944147836140246 -3.1882811949702905 0.0 226.25
55.944147836140246 -3.1882811949702905 W 55.944147836140246 -3.1885811949702907 0.0 225.0
55.944147836140246 -3.1885811949702907 NE 55.9443599681746 -3.188369062935935 0.0 223.75
55.9443599681746 -3.188369062935935 SW 55.944147836140246 -3.1885811949702907 0.0 222.5
55.944147836140246 -3.1885811949702907 SE 55.94393570410589 -3.188369062935935 0.0 221.25
55.94393570410589 -3.188369062935935 W 55.94393570410589 -3.188669062935935 0.0 220.0
55.94393570410589 -3.188669062935935 SSE 55.94365854024613 -3.1885542579062256 0.0 218.75
55.94365854024613 -3.1885542579062256 S 55.94335854024613 -3.1885542579062256 0.0 217.5
55.94335854024613 -3.1885542579062256 N 55.94365854024613 -3.1885542579062256 0.0 216.25
55.94365854024613 -3.1885542579062256 SSE 55.94338137638638 -3.188439452876516 0.0 215.0
55.94338137638638 -3.188439452876516 NNW 55.94365854024613 -3.1885542579062256 0.0 213.75
55.94365854024613 -3.1885542579062256 S 55.94335854024613 -3.1885542579062256 0.0 212.5
55.94335854024613 -3.1885542579062256 NNW 55.94363570410589 -3.188669062935935 0.0 211.25
55.94363570410589 -3.188669062935935 SSE 55.94335854024613 -3.1885542579062256 0.0 210.0
55.94335854024613 -3.1885542579062256 NNW 55.94363570410589 -3.188669062935935 0.0 208.75
55.94363570410589 -3.188669062935935 E 55.94363570410589 -3.188369062935935 0.0 207.5
55.94363570410589 -3.188369062935935 W 55.94363570410589 -3.188669062935935 0.0 206.25
55.94363570410589 -3.188669062935935 N 55.94393570410589 -3.188669062935935 0.0 205.0
55.94393570410589 -3.188669062935935 S 55.94363570410589 -3.188669062935935 0.0 203.75
55.94363570410589 -3.188669062935935 N 55.94393570410589 -3.188669062935935 0.0 202.5
55.94393570410589 -3.188669062935935 SW 55.943723572071534 -3.188881194970291 0.0 201.25
55.943723572071534 -3.188881194970291 NNE 55.94400073593129 -3.1887663899405814 92.1579360961914 313.64239501953125
55.94400073593129 -3.1887663899405814 ESE 55.94388593090158 -3.188489226080828 92.1579360961914 312.39239501953125
55.94388593090158 -3.188489226080828 WSW 55.94377112587187 -3.1887663899405814 92.1579360961914 311.14239501953125
55.94377112587187 -3.1887663899405814 W 55.94377112587187 -3.1890663899405816 92.1579360961914 309.89239501953125
55.94377112587187 -3.1890663899405816 NNW 55.944048289731626 -3.189181194970291 92.1579360961914 308.64239501953125
55.944048289731626 -3.189181194970291 NNW 55.94432545359138 -3.1892960000000006 92.1579360961914 307.39239501953125
55.94432545359138 -3.1892960000000006 SSE 55.944048289731626 -3.189181194970291 92.1579360961914 306.14239501953125
55.944048289731626 -3.189181194970291 ENE 55.944163094761336 -3.1889040311105377 92.1579360961914 304.89239501953125
55.944163094761336 -3.1889040311105377 WSW 55.944048289731626 -3.189181194970291 92.1579360961914 303.64239501953125
55.944048289731626 -3.189181194970291 ENE 55.944163094761336 -3.1889040311105377 92.1579360961914 302.39239501953125
55.944163094761336 -3.1889040311105377 WNW 55.94427789979105 -3.189181194970291 92.1579360961914 301.14239501953125
55.94427789979105 -3.189181194970291 SW 55.94406576775669 -3.189393327004647 92.1579360961914 299.89239501953125
55.94406576775669 -3.189393327004647 NE 55.94427789979105 -3.189181194970291 92.1579360961914 298.64239501953125
55.94427789979105 -3.189181194970291 WSW 55.944163094761336 -3.1894583588300445 92.1579360961914 297.39239501953125
55.944163094761336 -3.1894583588300445 SSE 55.94388593090158 -3.189343553800335 92.1579360961914 296.14239501953125
55.94388593090158 -3.189343553800335 NW 55.944098062935936 -3.1895556858346907 92.1579360961914 294.89239501953125
55.944098062935936 -3.1895556858346907 NW 55.94431019497029 -3.1897678178690465 195.89378356933594 335.3593864440918
55.94431019497029 -3.1897678178690465 ESE 55.94419538994058 -3.189490654009293 195.89378356933594 334.1093864440918
55.94419538994058 -3.189490654009293 WNW 55.94431019497029 -3.1897678178690465 195.89378356933594 332.8593864440918
55.94431019497029 -3.1897678178690465 S 55.94401019497029 -3.1897678178690465 195.89378356933594 331.6093864440918
55.94401019497029 -3.1897678178690465 N 55.94431019497029 -3.1897678178690465 195.89378356933594 330.3593864440918
55.94431019497029 -3.1897678178690465 SSW 55.944033031110536 -3.189882622898756 195.89378356933594 329.1093864440918
55.944033031110536 -3.189882622898756 NNE 55.94431019497029 -3.1897678178690465 195.89378356933594 327.8593864440918
55.94431019497029 -3.1897678178690465 NW 55.94452232700465 -3.1899799499034023 195.89378356933594 326.6093864440918
55.94452232700465 -3.1899799499034023 SE 55.94431019497029 -3.1897678178690465 195.89378356933594 325.3593864440918
55.94431019497029 -3.1897678178690465 W 55.94431019497029 -3.1900678178690467 195.89378356933594 324.1093864440918
55.94431019497029 -3.1900678178690467 NE 55.94452232700465 -3.189855685834691 195.89378356933594 322.8593864440918
55.94452232700465 -3.189855685834691 WSW 55.94440752197494 -3.1901328496944443 195.89378356933594 321.6093864440918
55.94440752197494 -3.1901328496944443 ENE 55.94452232700465 -3.189855685834691 195.89378356933594 320.3593864440918
55.94452232700465 -3.189855685834691 W 55.94452232700465 -3.190155685834691 195.89378356933594 319.1093864440918
55.94452232700465 -3.190155685834691 ENE 55.94463713203436 -3.1898785219749377 195.89378356933594 317.8593864440918
55.94463713203436 -3.1898785219749377 SW 55.944425 -3.1900906540092935 195.89378356933594 316.6093864440918
55.944425 -3.1900906540092935 E 55.944425 -3.1897906540092933 195.89378356933594 315.3593864440918
55.944425 -3.1897906540092933 W 55.944425 -3.1900906540092935 195.89378356933594 314.1093864440918
55.944425 -3.1900906540092935 SSE 55.944147836140246 -3.189975848979584 195.89378356933594 312.8593864440918
55.944147836140246 -3.189975848979584 ENE 55.944262641169956 -3.1896986851198306 195.89378356933594 311.6093864440918
55.944262641169956 -3.1896986851198306 WSW 55.944147836140246 -3.189975848979584 195.89378356933594 310.3593864440918
55.944147836140246 -3.189975848979584 SSE 55.94387067228049 -3.1898610439498745 195.89378356933594 309.1093864440918
55.94387067228049 -3.1898610439498745 NNE 55.944147836140246 -3.189746238920165 195.89378356933594 307.8593864440918
55.944147836140246 -3.189746238920165 S 55.94384783614024 -3.189746238920165 195.89378356933594 306.6093864440918
55.94384783614024 -3.189746238920165 NW 55.9440599681746 -3.1899583709545207 195.89378356933594 305.3593864440918
55.9440599681746 -3.1899583709545207 SSE 55.94378280431484 -3.189843565924811 195.89378356933594 304.1093864440918
55.94378280431484 -3.189843565924811 ENE 55.94389760934455 -3.189566402065058 195.89378356933594 302.8593864440918
55.94389760934455 -3.189566402065058 SW 55.9436854773102 -3.1897785340994136 195.89378356933594 301.6093864440918
55.9436854773102 -3.1897785340994136 E 55.9436854773102 -3.1894785340994134 195.89378356933594 300.3593864440918
55.9436854773102 -3.1894785340994134 WSW 55.94357067228049 -3.189755697959167 195.89378356933594 299.1093864440918
55.94357067228049 -3.189755697959167 WSW 55.943455867250776 -3.19003286181892 195.89378356933594 297.8593864440918
55.943455867250776 -3.19003286181892 ENE 55.94357067228049 -3.189755697959167 195.89378356933594 296.6093864440918
55.94357067228049 -3.189755697959167 W 55.94357067228049 -3.190055697959167 195.89378356933594 295.3593864440918
55.94357067228049 -3.190055697959167 E 55.94357067228049 -3.189755697959167 195.89378356933594 294.1093864440918
55.94357067228049 -3.189755697959167 W 55.94357067228049 -3.190055697959167 195.89378356933594 292.8593864440918
55.94357067228049 -3.190055697959167 NNW 55.94384783614024 -3.1901705029888765 195.89378356933594 291.6093864440918
55.94384783614024 -3.1901705029888765 E 55.94384783614024 -3.1898705029888763 195.89378356933594 290.3593864440918
55.94384783614024 -3.1898705029888763 WNW 55.94396264116995 -3.1901476668486297 195.89378356933594 289.1093864440918
55.94396264116995 -3.1901476668486297 SE 55.9437505091356 -3.189935534814274 195.89378356933594 287.8593864440918
55.9437505091356 -3.189935534814274 NW 55.94396264116995 -3.1901476668486297 195.89378356933594 286.6093864440918
55.94396264116995 -3.1901476668486297 WSW 55.94384783614024 -3.190424830708383 195.89378356933594 285.3593864440918
55.94384783614024 -3.190424830708383 ENE 55.94396264116995 -3.1901476668486297 195.89378356933594 284.1093864440918
55.94396264116995 -3.1901476668486297 W 55.94396264116995 -3.19044766684863 195.89378356933594 282.8593864440918
55.94396264116995 -3.19044766684863 ESE 55.94384783614024 -3.1901705029888765 195.89378356933594 281.6093864440918
55.94384783614024 -3.1901705029888765 W 55.94384783614024 -3.1904705029888767 195.89378356933594 280.3593864440918
55.94384783614024 -3.1904705029888767 WNW 55.94396264116995 -3.19074766684863 271.8653259277344 332.1047668457031
55.94396264116995 -3.19074766684863 E 55.94396264116995 -3.19044766684863 271.8653259277344 330.8547668457031
55.94396264116995 -3.19044766684863 N 55.944262641169956 -3.19044766684863 271.8653259277344 329.6047668457031
55.944262641169956 -3.19044766684863 SSW 55.9439854773102 -3.1905624718783394 271.8653259277344 328.3547668457031
55.9439854773102 -3.1905624718783394 NNW 55.944262641169956 -3.190677276908049 271.8653259277344 327.1047668457031
55.944262641169956 -3.190677276908049 E 55.944262641169956 -3.1903772769080487 271.8653259277344 325.8547668457031
55.944262641169956 -3.1903772769080487 WNW 55.94437744619967 -3.190654440767802 271.8653259277344 324.6047668457031
55.94437744619967 -3.190654440767802 SW 55.94416531416531 -3.190866572802158 271.8653259277344 323.3547668457031
55.94416531416531 -3.190866572802158 E 55.94416531416531 -3.1905665728021577 271.8653259277344 322.1047668457031
55.94416531416531 -3.1905665728021577 W 55.94416531416531 -3.190866572802158 271.8653259277344 320.8547668457031
55.94416531416531 -3.190866572802158 NW 55.94437744619967 -3.1910787048365137 271.8653259277344 319.6047668457031
55.94437744619967 -3.1910787048365137 SSE 55.94410028233991 -3.190963899806804 271.8653259277344 318.3547668457031
55.94410028233991 -3.190963899806804 W 55.94410028233991 -3.1912638998068044 271.8653259277344 317.1047668457031
55.94410028233991 -3.1912638998068044 ESE 55.9439854773102 -3.190986735947051 271.8653259277344 315.8547668457031
55.9439854773102 -3.190986735947051 WNW 55.94410028233991 -3.1912638998068044 271.8653259277344 314.6047668457031
55.94410028233991 -3.1912638998068044 ESE 55.9439854773102 -3.190986735947051 271.8653259277344 313.3547668457031
55.9439854773102 -3.190986735947051 SSE 55.94370831345044 -3.1908719309173414 271.8653259277344 312.1047668457031
55.94370831345044 -3.1908719309173414 NNW 55.9439854773102 -3.190986735947051 271.8653259277344 310.8547668457031
55.9439854773102 -3.190986735947051 SSE 55.94370831345044 -3.1908719309173414 271.8653259277344 309.6047668457031
55.94370831345044 -3.1908719309173414 N 55.944008313450446 -3.1908719309173414 271.8653259277344 308.3547668457031
55.944008313450446 -3.1908719309173414 ESE 55.943893508420736 -3.190594767057588 271.8653259277344 307.1047668457031
55.943893508420736 -3.190594767057588 WNW 55.944008313450446 -3.1908719309173414 271.8653259277344 305.8547668457031
55.944008313450446 -3.1908719309173414 SSE 55.94373114959069 -3.190757125887632 271.8653259277344 304.6047668457031
55.94373114959069 -3.190757125887632 SSW 55.94345398573093 -3.1908719309173414 271.8653259277344 303.3547668457031
55.94345398573093 -3.1908719309173414 NW 55.94366611776529 -3.191084062951697 271.8653259277344 302.1047668457031
55.94366611776529 -3.191084062951697 SSE 55.94338895390553 -3.1909692579219877 271.8653259277344 300.8547668457031
55.94338895390553 -3.1909692579219877 NNW 55.94366611776529 -3.191084062951697 271.8653259277344 299.6047668457031
55.94366611776529 -3.191084062951697 SW 55.94345398573093 -3.191296194986053 271.8653259277344 298.3547668457031
55.94345398573093 -3.191296194986053 E 55.94345398573093 -3.190996194986053 271.8653259277344 297.1047668457031
55.94345398573093 -3.190996194986053 WSW 55.94333918070122 -3.191273358845806 271.8653259277344 295.8547668457031
55.94333918070122 -3.191273358845806 N 55.943639180701226 -3.191273358845806 271.8653259277344 294.6047668457031
55.943639180701226 -3.191273358845806 SSW 55.94336201684147 -3.1913881638755157 271.8653259277344 293.3547668457031
55.94336201684147 -3.1913881638755157 NNE 55.943639180701226 -3.191273358845806 271.8653259277344 292.1047668457031
55.943639180701226 -3.191273358845806 SW 55.94342704866687 -3.191485490880162 271.8653259277344 290.8547668457031
55.94342704866687 -3.191485490880162 NE 55.943639180701226 -3.191273358845806 271.8653259277344 289.6047668457031
55.943639180701226 -3.191273358845806 NNW 55.94391634456098 -3.1913881638755157 271.8653259277344 288.3547668457031
55.94391634456098 -3.1913881638755157 SE 55.943704212526626 -3.19117603184116 271.8653259277344 287.1047668457031
55.943704212526626 -3.19117603184116 NW 55.94391634456098 -3.1913881638755157 271.8653259277344 285.8547668457031
55.94391634456098 -3.1913881638755157 SE 55.943704212526626 -3.19117603184116 271.8653259277344 284.6047668457031
55.943704212526626 -3.19117603184116 NW 55.94391634456098 -3.1913881638755157 271.8653259277344 283.3547668457031
55.94391634456098 -3.1913881638755157 SW 55.943704212526626 -3.1916002959098715 338.3324966430664 390.30416107177734
55.943704212526626 -3.1916002959098715 NE 55.94391634456098 -3.1913881638755157 338.3324966430664 389.05416107177734
55.94391634456098 -3.1913881638755157 W 55.94391634456098 -3.191688163875516 338.3324966430664 387.80416107177734
55.94391634456098 -3.191688163875516 E 55.94391634456098 -3.1913881638755157 338.3324966430664 386.55416107177734
55.94391634456098 -3.1913881638755157 WSW 55.94380153953127 -3.191665327735269 338.3324966430664 385.30416107177734
55.94380153953127 -3.191665327735269 ENE 55.94391634456098 -3.1913881638755157 338.3324966430664 384.05416107177734
55.94391634456098 -3.1913881638755157 ENE 55.94403114959069 -3.1911110000157623 338.3324966430664 382.80416107177734
55.94403114959069 -3.1911110000157623 W 55.94403114959069 -3.1914110000157625 338.3324966430664 381.55416107177734
55.94403114959069 -3.1914110000157625 NNE 55.94430831345045 -3.191296194986053 338.3324966430664 380.30416107177734
55.94430831345045 -3.191296194986053 SSE 55.94403114959069 -3.1911813899563435 338.3324966430664 379.05416107177734
55.94403114959069 -3.1911813899563435 NNW 55.94430831345045 -3.191296194986053 338.3324966430664 377.80416107177734
55.94430831345045 -3.191296194986053 ENE 55.94442311848016 -3.1910190311262996 338.3324966430664 376.55416107177734
55.94442311848016 -3.1910190311262996 SSE 55.9441459546204 -3.19090422609659 338.3324966430664 375.30416107177734
55.9441459546204 -3.19090422609659 NNW 55.94442311848016 -3.1910190311262996 338.3324966430664 374.05416107177734
55.94442311848016 -3.1910190311262996 SE 55.9442109864458 -3.190806899091944 338.3324966430664 372.80416107177734
55.9442109864458 -3.190806899091944 NNW 55.94448815030556 -3.1909217041216533 338.3324966430664 371.55416107177734
55.94448815030556 -3.1909217041216533 ESE 55.94437334527585 -3.1906445402619 338.3324966430664 370.30416107177734
55.94437334527585 -3.1906445402619 NNW 55.944650509135606 -3.1907593452916094 338.3324966430664 369.05416107177734
55.944650509135606 -3.1907593452916094 S 55.9443505091356 -3.1907593452916094 338.3324966430664 367.80416107177734
55.9443505091356 -3.1907593452916094 NNE 55.94462767299536 -3.1906445402619 338.3324966430664 366.55416107177734
55.94462767299536 -3.1906445402619 NE 55.944839805029716 -3.190432408227544 338.3324966430664 365.30416107177734
55.944839805029716 -3.190432408227544 SW 55.94462767299536 -3.1906445402619 338.3324966430664 364.05416107177734
55.94462767299536 -3.1906445402619 NNW 55.944904836855116 -3.1907593452916094 338.3324966430664 362.80416107177734
55.944904836855116 -3.1907593452916094 SSE 55.94462767299536 -3.1906445402619 338.3324966430664 361.55416107177734
55.94462767299536 -3.1906445402619 NNW 55.944904836855116 -3.1907593452916094 338.3324966430664 360.30416107177734
55.944904836855116 -3.1907593452916094 SSW 55.94462767299536 -3.190874150321319 338.3324966430664 359.05416107177734
55.94462767299536 -3.190874150321319 NNE 55.944904836855116 -3.1907593452916094 338.3324966430664 357.80416107177734
55.944904836855116 -3.1907593452916094 SSW 55.94462767299536 -3.190874150321319 338.3324966430664 356.55416107177734
55.94462767299536 -3.190874150321319 ENE 55.94474247802507 -3.1905969864615655 338.3324966430664 355.30416107177734
55.94474247802507 -3.1905969864615655 WSW 55.94462767299536 -3.190874150321319 338.3324966430664 354.05416107177734
55.94462767299536 -3.190874150321319 WSW 55.94451286796565 -3.1911513141810723 338.3324966430664 352.80416107177734
55.94451286796565 -3.1911513141810723 ENE 55.94462767299536 -3.190874150321319 338.3324966430664 351.55416107177734
55.94462767299536 -3.190874150321319 WSW 55.94451286796565 -3.1911513141810723 338.3324966430664 350.30416107177734
55.94451286796565 -3.1911513141810723 NE 55.944725000000005 -3.1909391821467166 338.3324966430664 349.05416107177734
55.944725000000005 -3.1909391821467166 WNW 55.944839805029716 -3.19121634600647 338.3324966430664 347.80416107177734
55.944839805029716 -3.19121634600647 SW 55.94462767299536 -3.1914284780408257 338.3324966430664 346.55416107177734
55.94462767299536 -3.1914284780408257 NE 55.944839805029716 -3.19121634600647 338.3324966430664 345.30416107177734
55.944839805029716 -3.19121634600647 SSW 55.94456264116996 -3.1913311510361795 338.3324966430664 344.05416107177734
55.94456264116996 -3.1913311510361795 ENE 55.94467744619967 -3.191053987176426 338.3324966430664 342.80416107177734
55.94467744619967 -3.191053987176426 WSW 55.94456264116996 -3.1913311510361795 338.3324966430664 341.55416107177734
55.94456264116996 -3.1913311510361795 ESE 55.94444783614025 -3.191053987176426 338.3324966430664 340.30416107177734
55.94444783614025 -3.191053987176426 NW 55.944659968174605 -3.191266119210782 424.45166015625 463.4140625
55.944659968174605 -3.191266119210782 SSW 55.94438280431485 -3.1913809242404914 424.45166015625 462.1640625
55.94438280431485 -3.1913809242404914 WNW 55.94449760934456 -3.1916580881002448 424.45166015625 460.9140625
55.94449760934456 -3.1916580881002448 ESE 55.94438280431485 -3.1913809242404914 424.45166015625 459.6640625
55.94438280431485 -3.1913809242404914 WNW 55.94449760934456 -3.1916580881002448 424.45166015625 458.4140625
55.94449760934456 -3.1916580881002448 S 55.944197609344556 -3.1916580881002448 424.45166015625 457.1640625
55.944197609344556 -3.1916580881002448 N 55.94449760934456 -3.1916580881002448 424.45166015625 455.9140625
55.94449760934456 -3.1916580881002448 NNE 55.944774773204315 -3.1915432830705353 424.45166015625 454.6640625
55.944774773204315 -3.1915432830705353 SW 55.94456264116996 -3.191755415104891 424.45166015625 453.4140625
55.94456264116996 -3.191755415104891 NE 55.944774773204315 -3.1915432830705353 424.45166015625 452.1640625
55.944774773204315 -3.1915432830705353 WSW 55.944659968174605 -3.1918204469302887 424.45166015625 450.9140625
55.944659968174605 -3.1918204469302887 ENE 55.944774773204315 -3.1915432830705353 424.45166015625 449.6640625
55.944774773204315 -3.1915432830705353 WNW 55.944889578234026 -3.1918204469302887 424.45166015625 448.4140625
55.944889578234026 -3.1918204469302887 NNE 55.94516674209378 -3.191705641900579 424.45166015625 447.1640625
55.94516674209378 -3.191705641900579 SSW 55.944889578234026 -3.1918204469302887 424.45166015625 445.9140625
55.944889578234026 -3.1918204469302887 N 55.94518957823403 -3.1918204469302887 424.45166015625 444.6640625
55.94518957823403 -3.1918204469302887 E 55.94518957823403 -3.1915204469302885 424.45166015625 443.4140625
55.94518957823403 -3.1915204469302885 W 55.94518957823403 -3.1918204469302887 424.45166015625 442.1640625
55.94518957823403 -3.1918204469302887 WNW 55.94530438326374 -3.192097610790042 424.45166015625 440.9140625
55.94530438326374 -3.192097610790042 S 55.945004383263736 -3.192097610790042 424.45166015625 439.6640625
55.945004383263736 -3.192097610790042 WNW 55.94511918829345 -3.1923747746497955 424.45166015625 438.4140625
55.94511918829345 -3.1923747746497955 ESE 55.945004383263736 -3.192097610790042 424.45166015625 437.1640625
55.945004383263736 -3.192097610790042 WSW 55.944889578234026 -3.1923747746497955 424.45166015625 435.9140625
55.944889578234026 -3.1923747746497955 NNE 55.94516674209378 -3.192259969620086 424.45166015625 434.6640625
55.94516674209378 -3.192259969620086 SW 55.944954610059426 -3.1924721016544417 424.45166015625 433.4140625
55.944954610059426 -3.1924721016544417 S 55.94465461005942 -3.1924721016544417 424.45166015625 432.1640625
55.94465461005942 -3.1924721016544417 NNE 55.94493177391918 -3.192357296624732 424.45166015625 430.9140625
55.94493177391918 -3.192357296624732 SSW 55.94465461005942 -3.1924721016544417 424.45166015625 429.6640625
55.94465461005942 -3.1924721016544417 NNE 55.94493177391918 -3.192357296624732 424.45166015625 428.4140625
55.94493177391918 -3.192357296624732 S 55.94463177391918 -3.192357296624732 424.45166015625 427.1640625
55.94463177391918 -3.192357296624732 S 55.944331773919174 -3.192357296624732 439.06222915649414 512.4188842773438
55.944331773919174 -3.192357296624732 N 55.94463177391918 -3.192357296624732 439.06222915649414 511.16888427734375
55.94463177391918 -3.192357296624732 S 55.944331773919174 -3.192357296624732 439.06222915649414 509.91888427734375
55.944331773919174 -3.192357296624732 ENE 55.944446578948885 -3.192080132764979 439.06222915649414 508.66888427734375
55.944446578948885 -3.192080132764979 WSW 55.944331773919174 -3.192357296624732 439.06222915649414 507.41888427734375
55.944331773919174 -3.192357296624732 SSE 55.94405461005942 -3.1922424915950227 439.06222915649414 506.16888427734375
55.94405461005942 -3.1922424915950227 NW 55.944266742093774 -3.1924546236293785 439.06222915649414 504.91888427734375
55.944266742093774 -3.1924546236293785 SE 55.94405461005942 -3.1922424915950227 439.06222915649414 503.66888427734375
55.94405461005942 -3.1922424915950227 S 55.943754610059415 -3.1922424915950227 439.06222915649414 502.41888427734375
55.943754610059415 -3.1922424915950227 NNE 55.94403177391917 -3.192127686565313 439.06222915649414 501.16888427734375
55.94403177391917 -3.192127686565313 NW 55.94424390595353 -3.192339818599669 439.06222915649414 499.91888427734375
55.94424390595353 -3.192339818599669 SE 55.94403177391917 -3.192127686565313 439.06222915649414 498.66888427734375
55.94403177391917 -3.192127686565313 ENE 55.94414657894888 -3.19185052270556 439.06222915649414 497.41888427734375
55.94414657894888 -3.19185052270556 SW 55.943934446914525 -3.1920626547399156 439.06222915649414 496.16888427734375
55.943934446914525 -3.1920626547399156 N 55.94423444691453 -3.1920626547399156 439.06222915649414 494.91888427734375
55.94423444691453 -3.1920626547399156 WSW 55.94411964188482 -3.192339818599669 439.06222915649414 493.66888427734375
55.94411964188482 -3.192339818599669 E 55.94411964188482 -3.192039818599669 439.06222915649414 492.41888427734375
55.94411964188482 -3.192039818599669 NNE 55.944396805744574 -3.1919250135699593 439.06222915649414 491.16888427734375
55.944396805744574 -3.1919250135699593 ESE 55.944282000714864 -3.191647849710206 439.06222915649414 489.91888427734375
55.944282000714864 -3.191647849710206 WSW 55.944167195685154 -3.1919250135699593 439.06222915649414 488.66888427734375
55.944167195685154 -3.1919250135699593 ENE 55.944282000714864 -3.191647849710206 439.06222915649414 487.41888427734375
55.944282000714864 -3.191647849710206 NNW 55.94455916457462 -3.1917626547399154 439.06222915649414 486.16888427734375
55.94455916457462 -3.1917626547399154 ESE 55.94444435954491 -3.191485490880162 439.06222915649414 484.91888427734375
55.94444435954491 -3.191485490880162 WNW 55.94455916457462 -3.1917626547399154 439.06222915649414 483.66888427734375
55.94455916457462 -3.1917626547399154 SSW 55.944282000714864 -3.191877459769625 439.06222915649414 482.41888427734375
55.944282000714864 -3.191877459769625 NW 55.94449413274922 -3.1920895918039807 439.06222915649414 481.16888427734375
55.94449413274922 -3.1920895918039807 NW 55.944706264783576 -3.1923017238383364 439.06222915649414 479.91888427734375
55.944706264783576 -3.1923017238383364 ENE 55.94482106981329 -3.192024559978583 439.06222915649414 478.66888427734375
55.94482106981329 -3.192024559978583 N 55.94512106981329 -3.192024559978583 439.06222915649414 477.41888427734375
55.94512106981329 -3.192024559978583 S 55.94482106981329 -3.192024559978583 439.06222915649414 476.16888427734375
55.94482106981329 -3.192024559978583 WSW 55.944706264783576 -3.1923017238383364 439.06222915649414 474.91888427734375
55.944706264783576 -3.1923017238383364 ENE 55.94482106981329 -3.192024559978583 439.06222915649414 473.66888427734375
55.94482106981329 -3.192024559978583 WNW 55.944935874843 -3.1923017238383364 439.06222915649414 472.41888427734375
55.944935874843 -3.1923017238383364 NNW 55.945213038702754 -3.192416528868046 439.06222915649414 471.16888427734375
55.945213038702754 -3.192416528868046 N 55.94551303870276 -3.192416528868046 439.06222915649414 469.91888427734375
55.94551303870276 -3.192416528868046 ENE 55.94562784373247 -3.1921393650082925 439.06222915649414 468.66888427734375
55.94562784373247 -3.1921393650082925 WSW 55.94551303870276 -3.192416528868046 439.06222915649414 467.41888427734375
55.94551303870276 -3.192416528868046 E 55.94551303870276 -3.1921165288680458 439.06222915649414 466.16888427734375
55.94551303870276 -3.1921165288680458 NNE 55.94579020256251 -3.1920017238383362 559.2065391540527 515.8438835144043
