55.944425 -3.188396 ESE 55.94431019497029 -3.1881188361402466 0.0 248.75
55.94431019497029 -3.1881188361402466 WNW 55.944425 -3.188396 0.0 247.5
55.944425 -3.188396 ESE 55.94431019497029 -3.1881188361402466 0.0 246.25
55.94431019497029 -3.1881188361402466 WNW 55.944425 -3.188396 0.0 245.0
55.944425 -3.188396 E 55.944425 -3.188096 0.0 243.75
55.944425 -3.188096 W 55.944425 -3.188396 0.0 242.5
55.944425 -3.188396 E 55.944425 -3.188096 0.0 241.25
55.944425 -3.188096 NW 55.94463713203436 -3.1883081320343556 0.0 240.0
55.94463713203436 -3.1883081320343556 E 55.94463713203436 -3.1880081320343554 0.0 238.75
55.94463713203436 -3.1880081320343554 W 55.94463713203436 -3.1883081320343556 0.0 237.5
55.94463713203436 -3.1883081320343556 E 55.94463713203436 -3.1880081320343554 0.0 236.25
55.94463713203436 -3.1880081320343554 W 55.94463713203436 -3.1883081320343556 0.0 235.0
55.94463713203436 -3.1883081320343556 SSW 55.9443599681746 -3.188422937064065 0.0 233.75
55.9443599681746 -3.188422937064065 NNE 55.94463713203436 -3.1883081320343556 0.0 232.5
55.94463713203436 -3.1883081320343556 NNW 55.944914295894115 -3.188422937064065 0.0 231.25
55.944914295894115 -3.188422937064065 S 55.94461429589411 -3.188422937064065 0.0 230.0
55.94461429589411 -3.188422937064065 NNW 55.94489145975387 -3.1885377420937746 0.0 228.75
55.94489145975387 -3.1885377420937746 S 55.944591459753866 -3.1885377420937746 0.0 227.5
55.944591459753866 -3.1885377420937746 N 55.94489145975387 -3.1885377420937746 0.0 226.25
55.94489145975387 -3.1885377420937746 SW 55.94467932771951 -3.1887498741281304 0.0 225.0
55.94467932771951 -3.1887498741281304 NE 55.94489145975387 -3.1885377420937746 0.0 223.75
55.94489145975387 -3.1885377420937746 NE 55.945103591788225 -3.188325610059419 0.0 222.5
55.945103591788225 -3.188325610059419 W 55.945103591788225 -3.188625610059419 0.0 221.25
55.945103591788225 -3.188625610059419 E 55.945103591788225 -3.188325610059419 0.0 220.0
55.945103591788225 -3.188325610059419 SSE 55.94482642792847 -3.1882108050297093 0.0 218.75
55.94482642792847 -3.1882108050297093 NNW 55.945103591788225 -3.188325610059419 0.0 217.5
55.945103591788225 -3.188325610059419 SSW 55.94482642792847 -3.1884404150891283 0.0 216.25
55.94482642792847 -3.1884404150891283 NNE 55.945103591788225 -3.188325610059419 0.0 215.0
55.945103591788225 -3.188325610059419 ENE 55.945218396817936 -3.1880484461996654 0.0 213.75
55.945218396817936 -3.1880484461996654 WSW 55.945103591788225 -3.188325610059419 0.0 212.5
55.945103591788225 -3.188325610059419 N 55.94540359178823 -3.188325610059419 0.0 211.25
55.94540359178823 -3.188325610059419 SE 55.94519145975387 -3.188113478025063 0.0 210.0
55.94519145975387 -3.188113478025063 NW 55.94540359178823 -3.188325610059419 0.0 208.75
55.94540359178823 -3.188325610059419 S 55.945103591788225 -3.188325610059419 0.0 207.5
55.945103591788225 -3.188325610059419 N 55.94540359178823 -3.188325610059419 0.0 206.25
55.94540359178823 -3.188325610059419 WSW 55.94528878675852 -3.1886027739191722 0.0 205.0
55.94528878675852 -3.1886027739191722 ENE 55.94540359178823 -3.188325610059419 0.0 203.75
55.94540359178823 -3.188325610059419 W 55.94540359178823 -3.188625610059419 0.0 202.5
55.94540359178823 -3.188625610059419 E 55.94540359178823 -3.188325610059419 0.0 201.25
55.94540359178823 -3.188325610059419 NNE 55.945680755647984 -3.1882108050297093 0.0 200.0
55.945680755647984 -3.1882108050297093 SSW 55.94540359178823 -3.188325610059419 0.0 198.75
55.94540359178823 -3.188325610059419 NNE 55.945680755647984 -3.1882108050297093 0.0 197.5
55.945680755647984 -3.1882108050297093 SSE 55.94540359178823 -3.188096 0.0 196.25
55.94540359178823 -3.188096 N 55.94570359178823 -3.188096 0.0 195.0
55.94570359178823 -3.188096 ESE 55.94558878675852 -3.1878188361402464 0.0 193.75
55.94558878675852 -3.1878188361402464 WNW 55.94570359178823 -3.188096 0.0 192.5
55.94570359178823 -3.188096 NNW 55.94598075564799 -3.1882108050297093 0.0 191.25
55.94598075564799 -3.1882108050297093 SSE 55.94570359178823 -3.188096 0.0 190.0
55.94570359178823 -3.188096 NE 55.94591572382259 -3.187883867965644 0.0 188.75
55.94591572382259 -3.187883867965644 SW 55.94570359178823 -3.188096 0.0 187.5
55.94570359178823 -3.188096 ENE 55.94581839681794 -3.1878188361402464 0.0 186.25
55.94581839681794 -3.1878188361402464 WSW 55.94570359178823 -3.188096 0.0 185.0
55.94570359178823 -3.188096 ESE 55.94558878675852 -3.1878188361402464 0.0 183.75
55.94558878675852 -3.1878188361402464 W 55.94558878675852 -3.1881188361402466 0.0 182.5
55.94558878675852 -3.1881188361402466 E 55.94558878675852 -3.1878188361402464 0.0 181.25
55.94558878675852 -3.1878188361402464 W 55.94558878675852 -3.1881188361402466 0.0 180.0
55.94558878675852 -3.1881188361402466 E 55.94558878675852 -3.1878188361402464 0.0 178.75
55.94558878675852 -3.1878188361402464 SW 55.945376654724164 -3.188030968174602 0.0 177.5
55.945376654724164 -3.188030968174602 NE 55.94558878675852 -3.1878188361402464 0.0 176.25
55.94558878675852 -3.1878188361402464 NE 55.94580091879288 -3.1876067041058906 0.0 175.0
55.94580091879288 -3.1876067041058906 SW 55.94558878675852 -3.1878188361402464 0.0 173.75
55.94558878675852 -3.1878188361402464 SSE 55.945311622898764 -3.187704031110537 0.0 172.5
55.945311622898764 -3.187704031110537 NNE 55.94558878675852 -3.1875892260808274 0.0 171.25
55.94558878675852 -3.1875892260808274 SSW 55.945311622898764 -3.187704031110537 0.0 170.0
55.945311622898764 -3.187704031110537 NE 55.94552375493312 -3.187491899076181 0.0 168.75
55.94552375493312 -3.187491899076181 ENE 55.94563855996283 -3.1872147352164277 0.0 167.5
55.94563855996283 -3.1872147352164277 WSW 55.94552375493312 -3.187491899076181 0.0 166.25
55.94552375493312 -3.187491899076181 ESE 55.94540894990341 -3.1872147352164277 0.0 165.0
55.94540894990341 -3.1872147352164277 WNW 55.94552375493312 -3.187491899076181 0.0 163.75
55.94552375493312 -3.187491899076181 ESE 55.94540894990341 -3.1872147352164277 0.0 162.5
55.94540894990341 -3.1872147352164277 WSW 55.9452941448737 -3.187491899076181 0.0 161.25
55.9452941448737 -3.187491899076181 NE 55.945506276908056 -3.1872797670418254 0.0 160.0
55.945506276908056 -3.1872797670418254 SSW 55.9452291130483 -3.187394572071535 0.0 158.75
55.9452291130483 -3.187394572071535 NNE 55.945506276908056 -3.1872797670418254 0.0 157.5
55.945506276908056 -3.1872797670418254 SSW 55.9452291130483 -3.187394572071535 0.0 156.25
55.9452291130483 -3.187394572071535 ENE 55.94534391807801 -3.1871174082117815 0.0 155.0
55.94534391807801 -3.1871174082117815 WSW 55.9452291130483 -3.187394572071535 0.0 153.75
55.9452291130483 -3.187394572071535 ESE 55.94511430801859 -3.1871174082117815 0.0 152.5
55.94511430801859 -3.1871174082117815 NNW 55.945391471878345 -3.187232213241491 0.0 151.25
55.945391471878345 -3.187232213241491 SSE 55.94511430801859 -3.1871174082117815 0.0 150.0
55.94511430801859 -3.1871174082117815 NNW 55.945391471878345 -3.187232213241491 0.0 148.75
55.945391471878345 -3.187232213241491 SE 55.94517933984399 -3.187020081207135 13.74510383605957 267.1416244506836
55.94517933984399 -3.187020081207135 NW 55.945391471878345 -3.187232213241491 13.74510383605957 265.8916244506836
55.945391471878345 -3.187232213241491 S 55.94509147187834 -3.187232213241491 13.74510383605957 264.6416244506836
55.94509147187834 -3.187232213241491 N 55.945391471878345 -3.187232213241491 13.74510383605957 263.3916244506836
55.945391471878345 -3.187232213241491 N 55.94569147187835 -3.187232213241491 13.74510383605957 262.1416244506836
55.94569147187835 -3.187232213241491 S 55.945391471878345 -3.187232213241491 13.74510383605957 260.8916244506836
55.945391471878345 -3.187232213241491 N 55.94569147187835 -3.187232213241491 13.74510383605957 259.6416244506836
55.94569147187835 -3.187232213241491 SW 55.94547933984399 -3.1874443452758467 13.74510383605957 258.3916244506836
55.94547933984399 -3.1874443452758467 NNE 55.94575650370375 -3.1873295402461372 13.74510383605957 257.1416244506836
55.94575650370375 -3.1873295402461372 WSW 55.94564169867404 -3.1876067041058906 13.74510383605957 255.8916244506836
55.94564169867404 -3.1876067041058906 ENE 55.94575650370375 -3.1873295402461372 13.74510383605957 254.6416244506836
55.94575650370375 -3.1873295402461372 WSW 55.94564169867404 -3.1876067041058906 13.74510383605957 253.3916244506836
55.94564169867404 -3.1876067041058906 NNW 55.945918862533794 -3.1877215091356 13.74510383605957 252.1416244506836
55.945918862533794 -3.1877215091356 SSE 55.94564169867404 -3.1876067041058906 13.74510383605957 250.8916244506836
55.94564169867404 -3.1876067041058906 NW 55.945853830708394 -3.1878188361402464 13.74510383605957 249.6416244506836
55.945853830708394 -3.1878188361402464 E 55.945853830708394 -3.1875188361402462 13.74510383605957 248.3916244506836
55.945853830708394 -3.1875188361402462 W 55.945853830708394 -3.1878188361402464 13.74510383605957 247.1416244506836
55.945853830708394 -3.1878188361402464 N 55.9461538307084 -3.1878188361402464 13.74510383605957 245.8916244506836
55.9461538307084 -3.1878188361402464 SSW 55.94587666684864 -3.187933641169956 13.74510383605957 244.6416244506836
55.94587666684864 -3.187933641169956 NNW 55.9461538307084 -3.1880484461996654 13.74510383605957 243.3916244506836
55.9461538307084 -3.1880484461996654 SE 55.94594169867404 -3.1878363141653097 13.74510383605957 242.1416244506836
55.94594169867404 -3.1878363141653097 WNW 55.94605650370375 -3.188113478025063 13.74510383605957 240.8916244506836
55.94605650370375 -3.188113478025063 ENE 55.94617130873346 -3.1878363141653097 13.74510383605957 239.6416244506836
55.94617130873346 -3.1878363141653097 WSW 55.94605650370375 -3.188113478025063 13.74510383605957 238.3916244506836
55.94605650370375 -3.188113478025063 ENE 55.94617130873346 -3.1878363141653097 13.74510383605957 237.1416244506836
55.94617130873346 -3.1878363141653097 WSW 55.94605650370375 -3.188113478025063 13.74510383605957 235.8916244506836
55.94605650370375 -3.188113478025063 E 55.94605650370375 -3.187813478025063 13.74510383605957 234.6416244506836
55.94605650370375 -3.187813478025063 ENE 55.94617130873346 -3.1875363141653095 13.74510383605957 233.3916244506836
55.94617130873346 -3.1875363141653095 WSW 55.94605650370375 -3.187813478025063 13.74510383605957 232.1416244506836
55.94605650370375 -3.187813478025063 ESE 55.94594169867404 -3.1875363141653095 13.74510383605957 230.8916244506836
55.94594169867404 -3.1875363141653095 WNW 55.94605650370375 -3.187813478025063 13.74510383605957 229.6416244506836
55.94605650370375 -3.187813478025063 SSE 55.945779339843995 -3.1876986729953534 13.74510383605957 228.3916244506836
55.945779339843995 -3.1876986729953534 NNW 55.94605650370375 -3.187813478025063 13.74510383605957 227.1416244506836
55.94605650370375 -3.187813478025063 SSE 55.945779339843995 -3.1876986729953534 13.74510383605957 225.8916244506836
55.945779339843995 -3.1876986729953534 NE 55.94599147187835 -3.1874865409609976 13.74510383605957 224.6416244506836
55.94599147187835 -3.1874865409609976 ENE 55.94610627690806 -3.187209377101244 13.74510383605957 223.3916244506836
55.94610627690806 -3.187209377101244 WSW 55.94599147187835 -3.1874865409609976 13.74510383605957 222.1416244506836
55.94599147187835 -3.1874865409609976 ESE 55.94587666684864 -3.187209377101244 13.74510383605957 220.8916244506836
55.94587666684864 -3.187209377101244 WNW 55.94599147187835 -3.1874865409609976 13.74510383605957 219.6416244506836
55.94599147187835 -3.1874865409609976 ENE 55.94610627690806 -3.187209377101244 13.74510383605957 218.3916244506836
55.94610627690806 -3.187209377101244 SSW 55.945829113048305 -3.1873241821309537 13.74510383605957 217.1416244506836
55.945829113048305 -3.1873241821309537 NE 55.94604124508266 -3.187112050096598 13.74510383605957 215.8916244506836
55.94604124508266 -3.187112050096598 SW 55.945829113048305 -3.1873241821309537 13.74510383605957 214.6416244506836
55.945829113048305 -3.1873241821309537 NE 55.94604124508266 -3.187112050096598 13.74510383605957 213.3916244506836
55.94604124508266 -3.187112050096598 SSW 55.945764081222904 -3.1872268551263074 13.74510383605957 212.1416244506836
55.945764081222904 -3.1872268551263074 N 55.94606408122291 -3.1872268551263074 13.74510383605957 210.8916244506836
55.94606408122291 -3.1872268551263074 S 55.945764081222904 -3.1872268551263074 13.74510383605957 209.6416244506836
55.945764081222904 -3.1872268551263074 WNW 55.945878886252615 -3.187504018986061 13.74510383605957 208.3916244506836
55.945878886252615 -3.187504018986061 SE 55.94566675421826 -3.187291886951705 13.74510383605957 207.1416244506836
55.94566675421826 -3.187291886951705 NNW 55.945943918078015 -3.1874066919814146 13.74510383605957 205.8916244506836
55.945943918078015 -3.1874066919814146 SSE 55.94566675421826 -3.187291886951705 13.74510383605957 204.6416244506836
55.94566675421826 -3.187291886951705 NNW 55.945943918078015 -3.1874066919814146 13.74510383605957 203.3916244506836
55.945943918078015 -3.1874066919814146 SSE 55.94566675421826 -3.187291886951705 13.74510383605957 202.1416244506836
55.94566675421826 -3.187291886951705 NE 55.945878886252615 -3.1870797549173493 13.74510383605957 200.8916244506836
55.945878886252615 -3.1870797549173493 S 55.94557888625261 -3.1870797549173493 13.74510383605957 199.6416244506836
55.94557888625261 -3.1870797549173493 N 55.945878886252615 -3.1870797549173493 13.74510383605957 198.3916244506836
55.945878886252615 -3.1870797549173493 S 55.94557888625261 -3.1870797549173493 13.74510383605957 197.1416244506836
55.94557888625261 -3.1870797549173493 NNE 55.94585605011237 -3.18696494988764 13.74510383605957 195.8916244506836
55.94585605011237 -3.18696494988764 S 55.945556050112366 -3.18696494988764 67.76932334899902 274.12967681884766
55.945556050112366 -3.18696494988764 WNW 55.945670855142076 -3.187242113747393 67.76932334899902 272.87967681884766
55.945670855142076 -3.187242113747393 ESE 55.945556050112366 -3.18696494988764 67.76932334899902 271.62967681884766
55.945556050112366 -3.18696494988764 W 55.945556050112366 -3.18726494988764 67.76932334899902 270.37967681884766
55.945556050112366 -3.18726494988764 E 55.945556050112366 -3.18696494988764 67.76932334899902 269.12967681884766
55.945556050112366 -3.18696494988764 SW 55.94534391807801 -3.1871770819219956 67.76932334899902 267.87967681884766
55.94534391807801 -3.1871770819219956 N 55.94564391807801 -3.1871770819219956 67.76932334899902 266.62967681884766
55.94564391807801 -3.1871770819219956 SSE 55.945366754218256 -3.187062276892286 67.76932334899902 265.37967681884766
55.945366754218256 -3.187062276892286 NW 55.94557888625261 -3.187274408926642 67.76932334899902 264.12967681884766
55.94557888625261 -3.187274408926642 SE 55.945366754218256 -3.187062276892286 67.76932334899902 262.87967681884766
55.945366754218256 -3.187062276892286 E 55.945366754218256 -3.186762276892286 67.76932334899902 261.62967681884766
55.945366754218256 -3.186762276892286 W 55.945366754218256 -3.187062276892286 67.76932334899902 260.37967681884766
55.945366754218256 -3.187062276892286 E 55.945366754218256 -3.186762276892286 67.76932334899902 259.12967681884766
55.945366754218256 -3.186762276892286 W 55.945366754218256 -3.187062276892286 67.76932334899902 257.87967681884766
55.945366754218256 -3.187062276892286 SE 55.9451546221839 -3.1868501448579303 67.76932334899902 256.62967681884766
55.9451546221839 -3.1868501448579303 WNW 55.94526942721361 -3.1871273087176837 67.76932334899902 255.37967681884766
55.94526942721361 -3.1871273087176837 ESE 55.9451546221839 -3.1868501448579303 67.76932334899902 254.12967681884766
55.9451546221839 -3.1868501448579303 W 55.9451546221839 -3.1871501448579305 67.76932334899902 252.87967681884766
55.9451546221839 -3.1871501448579305 ESE 55.94503981715419 -3.186872980998177 67.76932334899902 251.62967681884766
55.94503981715419 -3.186872980998177 E 55.94503981715419 -3.186572980998177 67.76932334899902 250.37967681884766
55.94503981715419 -3.186572980998177 WSW 55.94492501212448 -3.1868501448579303 105.84733390808105 373.14540100097656
55.94492501212448 -3.1868501448579303 ENE 55.94503981715419 -3.186572980998177 105.84733390808105 371.89540100097656
55.94503981715419 -3.186572980998177 W 55.94503981715419 -3.186872980998177 105.84733390808105 370.64540100097656
55.94503981715419 -3.186872980998177 ESE 55.94492501212448 -3.1865958171384237 105.84733390808105 369.39540100097656
55.94492501212448 -3.1865958171384237 E 55.94492501212448 -3.1862958171384235 105.84733390808105 368.14540100097656
55.94492501212448 -3.1862958171384235 W 55.94492501212448 -3.1865958171384237 105.84733390808105 366.89540100097656
55.94492501212448 -3.1865958171384237 NNE 55.945202175984235 -3.186481012108714 105.84733390808105 365.64540100097656
55.945202175984235 -3.186481012108714 SW 55.94499004394988 -3.18669314414307 105.84733390808105 364.39540100097656
55.94499004394988 -3.18669314414307 NE 55.945202175984235 -3.186481012108714 105.84733390808105 363.14540100097656
55.945202175984235 -3.186481012108714 WSW 55.945087370954525 -3.1867581759684676 105.84733390808105 361.89540100097656
55.945087370954525 -3.1867581759684676 NE 55.94529950298888 -3.186546043934112 105.84733390808105 360.64540100097656
55.94529950298888 -3.186546043934112 SW 55.945087370954525 -3.1867581759684676 105.84733390808105 359.39540100097656
55.945087370954525 -3.1867581759684676 NE 55.94529950298888 -3.186546043934112 105.84733390808105 358.14540100097656
55.94529950298888 -3.186546043934112 SW 55.945087370954525 -3.1867581759684676 105.84733390808105 356.89540100097656
55.945087370954525 -3.1867581759684676 NW 55.94529950298888 -3.1869703080028233 116.19098472595215 394.1864356994629
55.94529950298888 -3.1869703080028233 SSE 55.945022339129125 -3.186855502973114 116.19098472595215 392.9364356994629
55.945022339129125 -3.186855502973114 SE 55.94481020709477 -3.186643370938758 116.19098472595215 391.6864356994629
55.94481020709477 -3.186643370938758 S 55.944510207094766 -3.186643370938758 138.8382339477539 464.02119064331055
55.944510207094766 -3.186643370938758 N 55.94481020709477 -3.186643370938758 138.8382339477539 462.77119064331055
55.94481020709477 -3.186643370938758 W 55.94481020709477 -3.1869433709387582 138.8382339477539 461.52119064331055
55.94481020709477 -3.1869433709387582 E 55.94481020709477 -3.186643370938758 138.8382339477539 460.27119064331055
55.94481020709477 -3.186643370938758 W 55.94481020709477 -3.1869433709387582 138.8382339477539 459.02119064331055
55.94481020709477 -3.1869433709387582 E 55.94481020709477 -3.186643370938758 138.8382339477539 457.77119064331055
55.94481020709477 -3.186643370938758 WSW 55.94469540206506 -3.1869205347985115 138.8382339477539 456.52119064331055
55.94469540206506 -3.1869205347985115 E 55.94469540206506 -3.1866205347985113 138.8382339477539 455.27119064331055
55.94469540206506 -3.1866205347985113 WSW 55.94458059703535 -3.1868976986582647 138.8382339477539 454.02119064331055
55.94458059703535 -3.1868976986582647 ENE 55.94469540206506 -3.1866205347985113 138.8382339477539 452.77119064331055
55.94469540206506 -3.1866205347985113 SSW 55.9444182382053 -3.1867353398282208 230.56246948242188 573.3803443908691
55.9444182382053 -3.1867353398282208 N 55.944718238205304 -3.1867353398282208 355.5022659301758 589.1192531585693
55.944718238205304 -3.1867353398282208 S 55.9444182382053 -3.1867353398282208 355.5022659301758 587.8692531585693
55.9444182382053 -3.1867353398282208 ENE 55.94453304323501 -3.1864581759684674 450.562255859375 616.2261390686035
55.94453304323501 -3.1864581759684674 SW 55.944320911200656 -3.186670308002823 450.562255859375 614.9761390686035
55.944320911200656 -3.186670308002823 WNW 55.944435716230366 -3.1869474718625765 450.562255859375 613.7261390686035
55.944435716230366 -3.1869474718625765 ESE 55.944320911200656 -3.186670308002823 450.562255859375 612.4761390686035
55.944320911200656 -3.186670308002823 WNW 55.944435716230366 -3.1869474718625765 450.562255859375 611.2261390686035
55.944435716230366 -3.1869474718625765 ESE 55.944320911200656 -3.186670308002823 450.562255859375 609.9761390686035
55.944320911200656 -3.186670308002823 WNW 55.944435716230366 -3.1869474718625765 450.562255859375 608.7261390686035
55.944435716230366 -3.1869474718625765 SE 55.94422358419601 -3.1867353398282208 450.562255859375 607.4761390686035
55.94422358419601 -3.1867353398282208 NW 55.944435716230366 -3.1869474718625765 450.562255859375 606.2261390686035
55.944435716230366 -3.1869474718625765 NNE 55.94471288009012 -3.186832666832867 450.562255859375 604.9761390686035
55.94471288009012 -3.186832666832867 SSW 55.944435716230366 -3.1869474718625765 450.562255859375 603.7261390686035
55.944435716230366 -3.1869474718625765 N 55.94473571623037 -3.1869474718625765 450.562255859375 602.4761390686035
55.94473571623037 -3.1869474718625765 SW 55.94452358419601 -3.1871596038969323 450.562255859375 601.2261390686035
55.94452358419601 -3.1871596038969323 NE 55.94473571623037 -3.1869474718625765 450.562255859375 599.9761390686035
55.94473571623037 -3.1869474718625765 SW 55.94452358419601 -3.1871596038969323 450.562255859375 598.7261390686035
55.94452358419601 -3.1871596038969323 NE 55.94473571623037 -3.1869474718625765 450.562255859375 597.4761390686035
55.94473571623037 -3.1869474718625765 SE 55.94452358419601 -3.1867353398282208 450.562255859375 596.2261390686035
55.94452358419601 -3.1867353398282208 NW 55.94473571623037 -3.1869474718625765 450.562255859375 594.9761390686035
55.94473571623037 -3.1869474718625765 WSW 55.94462091120066 -3.18722463572233 501.24797439575195 656.8524742126465
55.94462091120066 -3.18722463572233 NE 55.944833043235015 -3.187012503687974 501.24797439575195 655.6024742126465
55.944833043235015 -3.187012503687974 WSW 55.944718238205304 -3.1872896675477276 501.24797439575195 654.3524742126465
55.944718238205304 -3.1872896675477276 NE 55.94493037023966 -3.187077535513372 501.24797439575195 653.1024742126465
55.94493037023966 -3.187077535513372 SW 55.944718238205304 -3.1872896675477276 501.24797439575195 651.8524742126465
55.944718238205304 -3.1872896675477276 NE 55.94493037023966 -3.187077535513372 501.24797439575195 650.6024742126465
55.94493037023966 -3.187077535513372 WSW 55.94481556520995 -3.187354699373125 501.24797439575195 649.3524742126465
55.94481556520995 -3.187354699373125 ESE 55.94470076018024 -3.187077535513372 501.24797439575195 648.1024742126465
55.94470076018024 -3.187077535513372 WNW 55.94481556520995 -3.187354699373125 501.24797439575195 646.8524742126465
55.94481556520995 -3.187354699373125 E 55.94481556520995 -3.187054699373125 501.24797439575195 645.6024742126465
55.94481556520995 -3.187054699373125 W 55.94481556520995 -3.187354699373125 501.24797439575195 644.3524742126465
55.94481556520995 -3.187354699373125 SSW 55.944538401350194 -3.1874695044028347 501.24797439575195 643.1024742126465
55.944538401350194 -3.1874695044028347 N 55.9448384013502 -3.1874695044028347 625.7223777770996 684.6964721679688
55.9448384013502 -3.1874695044028347 W 55.9448384013502 -3.187769504402835 735.3980445861816 744.7090148925781
55.9448384013502 -3.187769504402835 E 55.9448384013502 -3.1874695044028347 735.3980445861816 743.4590148925781
55.9448384013502 -3.1874695044028347 WNW 55.94495320637991 -3.187746668262588 735.3980445861816 742.2090148925781
55.94495320637991 -3.187746668262588 ESE 55.9448384013502 -3.1874695044028347 735.3980445861816 740.9590148925781
55.9448384013502 -3.1874695044028347 W 55.9448384013502 -3.187769504402835 735.3980445861816 739.7090148925781
55.9448384013502 -3.187769504402835 ESE 55.944723596320486 -3.1874923405430815 833.8688621520996 823.6959533691406
55.944723596320486 -3.1874923405430815 WNW 55.9448384013502 -3.187769504402835 833.8688621520996 822.4459533691406
55.9448384013502 -3.187769504402835 ESE 55.944723596320486 -3.1874923405430815 833.8688621520996 821.1959533691406
55.944723596320486 -3.1874923405430815 ESE 55.944608791290776 -3.187215176683328 833.8688621520996 819.9459533691406
55.944608791290776 -3.187215176683328 WNW 55.944723596320486 -3.1874923405430815 833.8688621520996 818.6959533691406
55.944723596320486 -3.1874923405430815 WNW 55.9448384013502 -3.187769504402835 833.8688621520996 817.4459533691406
55.9448384013502 -3.187769504402835 SSE 55.94456123749044 -3.1876546993731254 833.8688621520996 816.1959533691406
55.94456123749044 -3.1876546993731254 NNW 55.9448384013502 -3.187769504402835 833.8688621520996 814.9459533691406
55.9448384013502 -3.187769504402835 SSW 55.94456123749044 -3.1878843094325444 842.0165853500366 850.4238204956055
55.94456123749044 -3.1878843094325444 ENE 55.94467604252015 -3.187607145572791 901.6898107528687 969.4929885864258
55.94467604252015 -3.187607145572791 W 55.94467604252015 -3.187907145572791 901.6898107528687 968.2429885864258
55.94467604252015 -3.187907145572791 ESE 55.94456123749044 -3.187629981713038 901.6898107528687 966.9929885864258
55.94456123749044 -3.187629981713038 NNW 55.9448384013502 -3.1877447867427473 903.9335162639618 1007.3346138000488
55.9448384013502 -3.1877447867427473 SSE 55.94456123749044 -3.187629981713038 903.9335162639618 1006.0846138000488
55.94456123749044 -3.187629981713038 SW 55.944349105456084 -3.1878421137473936 903.9335162639618 1004.8346138000488
55.944349105456084 -3.1878421137473936 NE 55.94456123749044 -3.187629981713038 903.9335162639618 1003.5846138000488
55.94456123749044 -3.187629981713038 SW 55.944349105456084 -3.1878421137473936 903.9335162639618 1002.3346138000488
55.944349105456084 -3.1878421137473936 N 55.94464910545609 -3.1878421137473936 903.9335162639618 1001.0846138000488
55.94464910545609 -3.1878421137473936 S 55.944349105456084 -3.1878421137473936 903.9335162639618 999.8346138000488
55.944349105456084 -3.1878421137473936 N 55.94464910545609 -3.1878421137473936 903.9335162639618 998.5846138000488
55.94464910545609 -3.1878421137473936 S 55.944349105456084 -3.1878421137473936 903.9335162639618 997.3346138000488
55.944349105456084 -3.1878421137473936 NNW 55.94462626931584 -3.187956918777103 903.9335162639618 996.0846138000488
55.94462626931584 -3.187956918777103 ESE 55.94451146428613 -3.1876797549173497 903.9335162639618 994.8346138000488
55.94451146428613 -3.1876797549173497 WNW 55.94462626931584 -3.187956918777103 903.9335162639618 993.5846138000488
55.94462626931584 -3.187956918777103 E 55.94462626931584 -3.187656918777103 903.9335162639618 992.3346138000488
