55.944425 -3.188396 SW 55.944212867965646 -3.188608132034356 0.0 248.75
55.944212867965646 -3.188608132034356 NE 55.944425 -3.188396 0.0 247.5
55.944425 -3.188396 ESE 55.94431019497029 -3.1881188361402466 0.0 246.25
55.94431019497029 -3.1881188361402466 W 55.94431019497029 -3.188418836140247 0.0 245.0
55.94431019497029 -3.188418836140247 E 55.94431019497029 -3.1881188361402466 0.0 243.75
55.94431019497029 -3.1881188361402466 W 55.94431019497029 -3.188418836140247 0.0 242.5
55.94431019497029 -3.188418836140247 ENE 55.944425 -3.1881416722804934 33.45245361328125 274.8367156982422
55.944425 -3.1881416722804934 SE 55.944212867965646 -3.1879295402461376 33.45245361328125 273.5867156982422
55.944212867965646 -3.1879295402461376 WNW 55.94432767299536 -3.188206704105891 33.45245361328125 272.3367156982422
55.94432767299536 -3.188206704105891 SSE 55.9440505091356 -3.1880918990761815 33.45245361328125 271.0867156982422
55.9440505091356 -3.1880918990761815 NE 55.944262641169956 -3.1878797670418257 33.45245361328125 269.8367156982422
55.944262641169956 -3.1878797670418257 SW 55.9440505091356 -3.1880918990761815 33.45245361328125 268.5867156982422
55.9440505091356 -3.1880918990761815 NW 55.944262641169956 -3.1883040311105373 33.45245361328125 267.3367156982422
55.944262641169956 -3.1883040311105373 SE 55.9440505091356 -3.1880918990761815 33.45245361328125 266.0867156982422
55.9440505091356 -3.1880918990761815 SW 55.943838377101244 -3.1883040311105373 33.45245361328125 264.8367156982422
55.943838377101244 -3.1883040311105373 NE 55.9440505091356 -3.1880918990761815 33.45245361328125 263.5867156982422
55.9440505091356 -3.1880918990761815 SW 55.943838377101244 -3.1883040311105373 33.45245361328125 262.3367156982422
55.943838377101244 -3.1883040311105373 E 55.943838377101244 -3.188004031110537 33.45245361328125 261.0867156982422
55.943838377101244 -3.188004031110537 W 55.943838377101244 -3.1883040311105373 33.45245361328125 259.8367156982422
55.943838377101244 -3.1883040311105373 SE 55.94362624506689 -3.1880918990761815 33.45245361328125 258.5867156982422
55.94362624506689 -3.1880918990761815 NW 55.943838377101244 -3.1883040311105373 33.45245361328125 257.3367156982422
55.943838377101244 -3.1883040311105373 S 55.94353837710124 -3.1883040311105373 33.45245361328125 256.0867156982422
55.94353837710124 -3.1883040311105373 N 55.943838377101244 -3.1883040311105373 33.45245361328125 254.8367156982422
55.943838377101244 -3.1883040311105373 NNW 55.944115540961 -3.188418836140247 33.45245361328125 253.5867156982422
55.944115540961 -3.188418836140247 SSE 55.943838377101244 -3.1883040311105373 33.45245361328125 252.3367156982422
55.943838377101244 -3.1883040311105373 W 55.943838377101244 -3.1886040311105375 33.45245361328125 251.0867156982422
55.943838377101244 -3.1886040311105375 ENE 55.943953182130954 -3.188326867250784 33.45245361328125 249.8367156982422
55.943953182130954 -3.188326867250784 W 55.943953182130954 -3.1886268672507843 33.45245361328125 248.5867156982422
55.943953182130954 -3.1886268672507843 E 55.943953182130954 -3.188326867250784 33.45245361328125 247.3367156982422
55.943953182130954 -3.188326867250784 WNW 55.944067987160665 -3.1886040311105375 33.45245361328125 246.0867156982422
55.944067987160665 -3.1886040311105375 ENE 55.944182792190375 -3.188326867250784 33.45245361328125 244.8367156982422
55.944182792190375 -3.188326867250784 W 55.944182792190375 -3.1886268672507843 33.45245361328125 243.5867156982422
55.944182792190375 -3.1886268672507843 SSW 55.94390562833062 -3.1887416722804938 33.45245361328125 242.3367156982422
55.94390562833062 -3.1887416722804938 NNE 55.944182792190375 -3.1886268672507843 33.45245361328125 241.0867156982422
55.944182792190375 -3.1886268672507843 SSW 55.94390562833062 -3.1887416722804938 33.45245361328125 239.8367156982422
55.94390562833062 -3.1887416722804938 NNE 55.944182792190375 -3.1886268672507843 33.45245361328125 238.5867156982422
55.944182792190375 -3.1886268672507843 E 55.944182792190375 -3.188326867250784 33.45245361328125 237.3367156982422
55.944182792190375 -3.188326867250784 WNW 55.944297597220086 -3.1886040311105375 33.45245361328125 236.0867156982422
55.944297597220086 -3.1886040311105375 ENE 55.944412402249796 -3.188326867250784 33.45245361328125 234.8367156982422
55.944412402249796 -3.188326867250784 SSW 55.94413523839004 -3.1884416722804936 33.45245361328125 233.5867156982422
55.94413523839004 -3.1884416722804936 E 55.94413523839004 -3.1881416722804934 33.45245361328125 232.3367156982422
55.94413523839004 -3.1881416722804934 W 55.94413523839004 -3.1884416722804936 33.45245361328125 231.0867156982422
55.94413523839004 -3.1884416722804936 E 55.94413523839004 -3.1881416722804934 33.45245361328125 229.8367156982422
55.94413523839004 -3.1881416722804934 SE 55.94392310635568 -3.1879295402461376 33.45245361328125 228.5867156982422
55.94392310635568 -3.1879295402461376 NE 55.94413523839004 -3.187717408211782 33.45245361328125 227.3367156982422
55.94413523839004 -3.187717408211782 WSW 55.94402043336033 -3.1879945720715352 33.45245361328125 226.0867156982422
55.94402043336033 -3.1879945720715352 ENE 55.94413523839004 -3.187717408211782 33.45245361328125 224.8367156982422
55.94413523839004 -3.187717408211782 WSW 55.94402043336033 -3.1879945720715352 33.45245361328125 223.5867156982422
55.94402043336033 -3.1879945720715352 ENE 55.94413523839004 -3.187717408211782 33.45245361328125 222.3367156982422
55.94413523839004 -3.187717408211782 E 55.94413523839004 -3.1874174082117817 33.45245361328125 221.0867156982422
55.94413523839004 -3.1874174082117817 W 55.94413523839004 -3.187717408211782 33.45245361328125 219.8367156982422
55.94413523839004 -3.187717408211782 ENE 55.94425004341975 -3.1874402443520284 33.45245361328125 218.5867156982422
55.94425004341975 -3.1874402443520284 WSW 55.94413523839004 -3.187717408211782 33.45245361328125 217.3367156982422
55.94413523839004 -3.187717408211782 E 55.94413523839004 -3.1874174082117817 33.45245361328125 216.0867156982422
55.94413523839004 -3.1874174082117817 WNW 55.94425004341975 -3.187694572071535 33.45245361328125 214.8367156982422
55.94425004341975 -3.187694572071535 ESE 55.94413523839004 -3.1874174082117817 33.45245361328125 213.5867156982422
55.94413523839004 -3.1874174082117817 NNW 55.944412402249796 -3.187532213241491 33.45245361328125 212.3367156982422
55.944412402249796 -3.187532213241491 SSE 55.94413523839004 -3.1874174082117817 33.45245361328125 211.0867156982422
55.94413523839004 -3.1874174082117817 W 55.94413523839004 -3.187717408211782 33.45245361328125 209.8367156982422
55.94413523839004 -3.187717408211782 SSE 55.94385807453028 -3.1876026031820723 33.45245361328125 208.5867156982422
55.94385807453028 -3.1876026031820723 WNW 55.94397287955999 -3.1878797670418257 33.45245361328125 207.3367156982422
55.94397287955999 -3.1878797670418257 ESE 55.94385807453028 -3.1876026031820723 33.45245361328125 206.0867156982422
55.94385807453028 -3.1876026031820723 S 55.94355807453028 -3.1876026031820723 126.40144348144531 262.1700210571289
55.94355807453028 -3.1876026031820723 NNW 55.94383523839004 -3.187717408211782 126.40144348144531 260.9200210571289
55.94383523839004 -3.187717408211782 SSE 55.94355807453028 -3.1876026031820723 126.40144348144531 259.6700210571289
55.94355807453028 -3.1876026031820723 WSW 55.94344326950057 -3.1878797670418257 126.40144348144531 258.4200210571289
55.94344326950057 -3.1878797670418257 NE 55.943655401534926 -3.18766763500747 126.40144348144531 257.1700210571289
55.943655401534926 -3.18766763500747 SW 55.94344326950057 -3.1878797670418257 126.40144348144531 255.9200210571289
55.94344326950057 -3.1878797670418257 NNE 55.943720433360326 -3.1877649620121162 126.40144348144531 254.6700210571289
55.943720433360326 -3.1877649620121162 SSW 55.94344326950057 -3.1878797670418257 126.40144348144531 253.4200210571289
55.94344326950057 -3.1878797670418257 NNE 55.943720433360326 -3.1877649620121162 126.40144348144531 252.1700210571289
55.943720433360326 -3.1877649620121162 N 55.94402043336033 -3.1877649620121162 126.40144348144531 250.9200210571289
55.94402043336033 -3.1877649620121162 S 55.943720433360326 -3.1877649620121162 126.40144348144531 249.6700210571289
55.943720433360326 -3.1877649620121162 SSW 55.94344326950057 -3.1878797670418257 126.40144348144531 248.4200210571289
55.94344326950057 -3.1878797670418257 W 55.94344326950057 -3.188179767041826 126.40144348144531 247.1700210571289
55.94344326950057 -3.188179767041826 NE 55.943655401534926 -3.18796763500747 126.40144348144531 245.9200210571289
55.943655401534926 -3.18796763500747 SW 55.94344326950057 -3.188179767041826 126.40144348144531 244.6700210571289
55.94344326950057 -3.188179767041826 NNE 55.943720433360326 -3.1880649620121164 126.40144348144531 243.4200210571289
55.943720433360326 -3.1880649620121164 SW 55.94350830132597 -3.188277094046472 126.40144348144531 242.1700210571289
55.94350830132597 -3.188277094046472 ENE 55.94362310635568 -3.187999930186719 126.40144348144531 240.9200210571289
55.94362310635568 -3.187999930186719 W 55.94362310635568 -3.188299930186719 126.40144348144531 239.6700210571289
55.94362310635568 -3.188299930186719 S 55.94332310635568 -3.188299930186719 126.40144348144531 238.4200210571289
55.94332310635568 -3.188299930186719 N 55.94362310635568 -3.188299930186719 126.40144348144531 237.1700210571289
55.94362310635568 -3.188299930186719 SSW 55.943345942495924 -3.1884147352164285 126.40144348144531 235.9200210571289
55.943345942495924 -3.1884147352164285 E 55.943345942495924 -3.1881147352164283 126.40144348144531 234.6700210571289
55.943345942495924 -3.1881147352164283 W 55.943345942495924 -3.1884147352164285 126.40144348144531 233.4200210571289
55.943345942495924 -3.1884147352164285 WNW 55.943460747525634 -3.188691899076182 126.40144348144531 232.1700210571289
55.943460747525634 -3.188691899076182 SE 55.94324861549128 -3.188479767041826 126.40144348144531 230.9200210571289
55.94324861549128 -3.188479767041826 NW 55.943460747525634 -3.188691899076182 126.40144348144531 229.6700210571289
55.943460747525634 -3.188691899076182 W 55.943460747525634 -3.188991899076182 126.40144348144531 228.4200210571289
55.943460747525634 -3.188991899076182 E 55.943460747525634 -3.188691899076182 126.40144348144531 227.1700210571289
55.943460747525634 -3.188691899076182 W 55.943460747525634 -3.188991899076182 126.40144348144531 225.9200210571289
55.943460747525634 -3.188991899076182 SSW 55.94318358366588 -3.1891067041058916 231.6518096923828 239.64198303222656
55.94318358366588 -3.1891067041058916 NNE 55.943460747525634 -3.188991899076182 231.6518096923828 238.39198303222656
55.943460747525634 -3.188991899076182 SSW 55.94318358366588 -3.1891067041058916 231.6518096923828 237.14198303222656
55.94318358366588 -3.1891067041058916 SW 55.94297145163152 -3.1893188361402474 231.6518096923828 235.89198303222656
55.94297145163152 -3.1893188361402474 NE 55.94318358366588 -3.1891067041058916 231.6518096923828 234.64198303222656
55.94318358366588 -3.1891067041058916 WSW 55.94306877863617 -3.189383867965645 231.6518096923828 233.39198303222656
55.94306877863617 -3.189383867965645 ENE 55.94318358366588 -3.1891067041058916 231.6518096923828 232.14198303222656
55.94318358366588 -3.1891067041058916 S 55.942883583665875 -3.1891067041058916 258.46884536743164 345.31861877441406
55.942883583665875 -3.1891067041058916 NE 55.94309571570023 -3.188894572071536 258.46884536743164 344.06861877441406
55.94309571570023 -3.188894572071536 SW 55.942883583665875 -3.1891067041058916 258.46884536743164 342.81861877441406
55.942883583665875 -3.1891067041058916 SW 55.94267145163152 -3.1893188361402474 261.7775800228119 350.7696294784546
55.94267145163152 -3.1893188361402474 NE 55.942883583665875 -3.1891067041058916 261.7775800228119 349.5196294784546
55.942883583665875 -3.1891067041058916 SW 55.94267145163152 -3.1893188361402474 261.7775800228119 348.2696294784546
55.94267145163152 -3.1893188361402474 E 55.94267145163152 -3.189018836140247 261.7775800228119 347.0196294784546
55.94267145163152 -3.189018836140247 WNW 55.94278625666123 -3.1892960000000006 261.7775800228119 345.7696294784546
55.94278625666123 -3.1892960000000006 ESE 55.94267145163152 -3.189018836140247 261.7775800228119 344.5196294784546
55.94267145163152 -3.189018836140247 E 55.94267145163152 -3.188718836140247 261.7775800228119 343.2696294784546
55.94267145163152 -3.188718836140247 W 55.94267145163152 -3.189018836140247 261.7775800228119 342.0196294784546
55.94267145163152 -3.189018836140247 E 55.94267145163152 -3.188718836140247 261.7775800228119 340.7696294784546
55.94267145163152 -3.188718836140247 W 55.94267145163152 -3.189018836140247 261.7775800228119 339.5196294784546
55.94267145163152 -3.189018836140247 E 55.94267145163152 -3.188718836140247 261.7775800228119 338.2696294784546
55.94267145163152 -3.188718836140247 WNW 55.94278625666123 -3.1889960000000004 261.7775800228119 337.0196294784546
55.94278625666123 -3.1889960000000004 WSW 55.94267145163152 -3.189273163859754 261.7775800228119 335.7696294784546
55.94267145163152 -3.189273163859754 ENE 55.94278625666123 -3.1889960000000004 261.7775800228119 334.5196294784546
55.94278625666123 -3.1889960000000004 NNE 55.943063420520986 -3.188881194970291 261.7775800228119 333.2696294784546
55.943063420520986 -3.188881194970291 WSW 55.942948615491275 -3.1891583588300443 261.7775800228119 332.0196294784546
55.942948615491275 -3.1891583588300443 ENE 55.943063420520986 -3.188881194970291 261.7775800228119 330.7696294784546
55.943063420520986 -3.188881194970291 N 55.94336342052099 -3.188881194970291 261.7775800228119 329.5196294784546
55.94336342052099 -3.188881194970291 SSE 55.94308625666123 -3.1887663899405814 261.7775800228119 328.2696294784546
55.94308625666123 -3.1887663899405814 ENE 55.94320106169094 -3.188489226080828 261.7775800228119 327.0196294784546
55.94320106169094 -3.188489226080828 SW 55.942988929656586 -3.1887013581151837 261.7775800228119 325.7696294784546
55.942988929656586 -3.1887013581151837 NW 55.94320106169094 -3.1889134901495395 261.7775800228119 324.5196294784546
55.94320106169094 -3.1889134901495395 SE 55.942988929656586 -3.1887013581151837 261.7775800228119 323.2696294784546
55.942988929656586 -3.1887013581151837 SE 55.94277679762223 -3.188489226080828 261.7775800228119 322.0196294784546
55.94277679762223 -3.188489226080828 NW 55.942988929656586 -3.1887013581151837 261.7775800228119 320.7696294784546
55.942988929656586 -3.1887013581151837 E 55.942988929656586 -3.1884013581151835 261.7775800228119 319.5196294784546
55.942988929656586 -3.1884013581151835 NW 55.94320106169094 -3.1886134901495393 261.7775800228119 318.2696294784546
55.94320106169094 -3.1886134901495393 SE 55.942988929656586 -3.1884013581151835 261.7775800228119 317.0196294784546
55.942988929656586 -3.1884013581151835 NW 55.94320106169094 -3.1886134901495393 261.7775800228119 315.7696294784546
55.94320106169094 -3.1886134901495393 N 55.943501061690945 -3.1886134901495393 261.7775800228119 314.5196294784546
55.943501061690945 -3.1886134901495393 E 55.943501061690945 -3.188313490149539 261.7775800228119 313.2696294784546
55.943501061690945 -3.188313490149539 W 55.943501061690945 -3.1886134901495393 261.7775800228119 312.0196294784546
55.943501061690945 -3.1886134901495393 NNE 55.9437782255507 -3.18849868511983 261.7775800228119 310.7696294784546
55.9437782255507 -3.18849868511983 SW 55.943566093516345 -3.1887108171541856 261.7775800228119 309.5196294784546
55.943566093516345 -3.1887108171541856 N 55.94386609351635 -3.1887108171541856 261.7775800228119 308.2696294784546
55.94386609351635 -3.1887108171541856 S 55.943566093516345 -3.1887108171541856 261.7775800228119 307.0196294784546
55.943566093516345 -3.1887108171541856 N 55.94386609351635 -3.1887108171541856 261.7775800228119 305.7696294784546
55.94386609351635 -3.1887108171541856 S 55.943566093516345 -3.1887108171541856 261.7775800228119 304.5196294784546
55.943566093516345 -3.1887108171541856 N 55.94386609351635 -3.1887108171541856 261.7775800228119 303.2696294784546
55.94386609351635 -3.1887108171541856 WSW 55.94375128848664 -3.188987981013939 315.06774497032166 323.5750379562378
55.94375128848664 -3.188987981013939 E 55.94375128848664 -3.188687981013939 315.06774497032166 322.3250379562378
55.94375128848664 -3.188687981013939 NNW 55.944028452346394 -3.1888027860436483 315.06774497032166 321.0750379562378
55.944028452346394 -3.1888027860436483 SSE 55.94375128848664 -3.188687981013939 315.06774497032166 319.8250379562378
55.94375128848664 -3.188687981013939 NNW 55.944028452346394 -3.1888027860436483 315.06774497032166 318.5750379562378
55.944028452346394 -3.1888027860436483 ESE 55.943913647316684 -3.188525622183895 315.06774497032166 317.3250379562378
55.943913647316684 -3.188525622183895 WSW 55.943798842286974 -3.1888027860436483 315.06774497032166 316.0750379562378
55.943798842286974 -3.1888027860436483 E 55.943798842286974 -3.188502786043648 315.06774497032166 314.8250379562378
55.943798842286974 -3.188502786043648 NW 55.94401097432133 -3.188714918078004 315.06774497032166 313.5750379562378
55.94401097432133 -3.188714918078004 NW 55.944223106355686 -3.1889270501123597 315.06774497032166 312.3250379562378
55.944223106355686 -3.1889270501123597 E 55.944223106355686 -3.1886270501123595 315.06774497032166 311.0750379562378
55.944223106355686 -3.1886270501123595 WNW 55.9443379113854 -3.188904213972113 315.06774497032166 309.8250379562378
55.9443379113854 -3.188904213972113 E 55.9443379113854 -3.1886042139721127 315.06774497032166 308.5750379562378
55.9443379113854 -3.1886042139721127 W 55.9443379113854 -3.188904213972113 315.06774497032166 307.3250379562378
55.9443379113854 -3.188904213972113 N 55.9446379113854 -3.188904213972113 315.06774497032166 306.0750379562378
55.9446379113854 -3.188904213972113 S 55.9443379113854 -3.188904213972113 315.06774497032166 304.8250379562378
55.9443379113854 -3.188904213972113 NW 55.94455004341975 -3.1891163460064686 315.06774497032166 303.5750379562378
55.94455004341975 -3.1891163460064686 ENE 55.94466484844946 -3.1888391821467152 315.06774497032166 302.3250379562378
55.94466484844946 -3.1888391821467152 WSW 55.94455004341975 -3.1891163460064686 315.06774497032166 301.0750379562378
55.94455004341975 -3.1891163460064686 WSW 55.94443523839004 -3.189393509866222 358.06929755210876 307.50375175476074
55.94443523839004 -3.189393509866222 ENE 55.94455004341975 -3.1891163460064686 358.06929755210876 306.25375175476074
55.94455004341975 -3.1891163460064686 NNW 55.94482720727951 -3.189231151036178 358.06929755210876 305.00375175476074
55.94482720727951 -3.189231151036178 SE 55.94461507524515 -3.1890190190018224 358.06929755210876 303.75375175476074
55.94461507524515 -3.1890190190018224 NNW 55.94489223910491 -3.189133824031532 358.06929755210876 302.50375175476074
55.94489223910491 -3.189133824031532 W 55.94489223910491 -3.189433824031532 358.06929755210876 301.25375175476074
55.94489223910491 -3.189433824031532 E 55.94489223910491 -3.189133824031532 358.06929755210876 300.00375175476074
55.94489223910491 -3.189133824031532 W 55.94489223910491 -3.189433824031532 358.06929755210876 298.75375175476074
55.94489223910491 -3.189433824031532 SE 55.94468010707055 -3.1892216919971763 358.06929755210876 297.50375175476074
55.94468010707055 -3.1892216919971763 NW 55.94489223910491 -3.189433824031532 358.06929755210876 296.25375175476074
55.94489223910491 -3.189433824031532 S 55.94459223910491 -3.189433824031532 358.06929755210876 295.00375175476074
55.94459223910491 -3.189433824031532 N 55.94489223910491 -3.189433824031532 358.06929755210876 293.75375175476074
55.94489223910491 -3.189433824031532 NNW 55.945169402964666 -3.1895486290612416 358.06929755210876 292.50375175476074
55.945169402964666 -3.1895486290612416 SSE 55.94489223910491 -3.189433824031532 358.06929755210876 291.25375175476074
55.94489223910491 -3.189433824031532 NNW 55.945169402964666 -3.1895486290612416 358.06929755210876 290.00375175476074
55.945169402964666 -3.1895486290612416 SE 55.94495727093031 -3.189336497026886 358.06929755210876 288.75375175476074
55.94495727093031 -3.189336497026886 NW 55.945169402964666 -3.1895486290612416 358.06929755210876 287.50375175476074
55.945169402964666 -3.1895486290612416 SSE 55.94489223910491 -3.189433824031532 358.06929755210876 286.25375175476074
55.94489223910491 -3.189433824031532 NNW 55.945169402964666 -3.1895486290612416 358.06929755210876 285.00375175476074
55.945169402964666 -3.1895486290612416 NNW 55.94544656682442 -3.189663434090951 358.06929755210876 283.75375175476074
55.94544656682442 -3.189663434090951 S 55.94514656682442 -3.189663434090951 358.06929755210876 282.50375175476074
55.94514656682442 -3.189663434090951 NE 55.945358698858776 -3.1894513020565953 429.28093695640564 367.8844738006592
55.945358698858776 -3.1894513020565953 SW 55.94514656682442 -3.189663434090951 429.28093695640564 366.6344738006592
55.94514656682442 -3.189663434090951 ENE 55.94526137185413 -3.1893862702311977 429.28093695640564 365.3844738006592
55.94526137185413 -3.1893862702311977 E 55.94526137185413 -3.1890862702311975 477.2711675167084 416.7468433380127
55.94526137185413 -3.1890862702311975 W 55.94526137185413 -3.1893862702311977 477.2711675167084 415.4968433380127
55.94526137185413 -3.1893862702311977 NNE 55.94553853571389 -3.189271465201488 578.5491597652435 537.6003131866455
55.94553853571389 -3.189271465201488 SW 55.94532640367953 -3.189483597235844 578.5491597652435 536.3503131866455
55.94532640367953 -3.189483597235844 NNE 55.94560356753929 -3.1893687922061345 578.5491597652435 535.1003131866455
55.94560356753929 -3.1893687922061345 SW 55.94539143550493 -3.1895809242404902 578.5491597652435 533.8503131866455
55.94539143550493 -3.1895809242404902 NNE 55.94566859936469 -3.1894661192107807 578.5491597652435 532.6003131866455
55.94566859936469 -3.1894661192107807 WSW 55.94555379433498 -3.189743283070534 578.5491597652435 531.3503131866455
55.94555379433498 -3.189743283070534 NNE 55.94583095819473 -3.1896284780408246 578.5491597652435 530.1003131866455
55.94583095819473 -3.1896284780408246 SSW 55.94555379433498 -3.189743283070534 578.5491597652435 528.8503131866455
55.94555379433498 -3.189743283070534 NNE 55.94583095819473 -3.1896284780408246 578.5491597652435 527.6003131866455
55.94583095819473 -3.1896284780408246 N 55.946130958194736 -3.1896284780408246 578.5491597652435 526.3503131866455
55.946130958194736 -3.1896284780408246 SW 55.94591882616038 -3.1898406100751804 578.5491597652435 525.1003131866455
55.94591882616038 -3.1898406100751804 NW 55.946130958194736 -3.190052742109536 578.5491597652435 523.8503131866455
55.946130958194736 -3.190052742109536 SE 55.94591882616038 -3.1898406100751804 578.5491597652435 522.6003131866455
55.94591882616038 -3.1898406100751804 NW 55.946130958194736 -3.190052742109536 578.5491597652435 521.3503131866455
55.946130958194736 -3.190052742109536 SE 55.94591882616038 -3.1898406100751804 578.5491597652435 520.1003131866455
55.94591882616038 -3.1898406100751804 NW 55.946130958194736 -3.190052742109536 578.5491597652435 518.8503131866455
55.946130958194736 -3.190052742109536 SW 55.94591882616038 -3.190264874143892 578.5491597652435 517.6003131866455
55.94591882616038 -3.190264874143892 NE 55.946130958194736 -3.190052742109536 578.5491597652435 516.3503131866455
55.946130958194736 -3.190052742109536 ESE 55.946016153165026 -3.1897755782497828 578.5491597652435 515.1003131866455
55.946016153165026 -3.1897755782497828 NW 55.94622828519938 -3.1899877102841385 578.5491597652435 513.8503131866455
55.94622828519938 -3.1899877102841385 WSW 55.94611348016967 -3.190264874143892 578.5491597652435 512.6003131866455
55.94611348016967 -3.190264874143892 ESE 55.94599867513996 -3.1899877102841385 578.5491597652435 511.3503131866455
55.94599867513996 -3.1899877102841385 WNW 55.94611348016967 -3.190264874143892 578.5491597652435 510.1003131866455
55.94611348016967 -3.190264874143892 SW 55.945901348135315 -3.1904770061782477 578.5491597652435 508.8503131866455
55.945901348135315 -3.1904770061782477 NE 55.94611348016967 -3.190264874143892 578.5491597652435 507.6003131866455
55.94611348016967 -3.190264874143892 SW 55.945901348135315 -3.1904770061782477 578.5491597652435 506.3503131866455
55.945901348135315 -3.1904770061782477 SSE 55.94562418427556 -3.190362201148538 578.5491597652435 505.1003131866455
55.94562418427556 -3.190362201148538 NNW 55.945901348135315 -3.1904770061782477 578.5491597652435 503.8503131866455
55.945901348135315 -3.1904770061782477 NE 55.94611348016967 -3.190264874143892 578.5491597652435 502.6003131866455
55.94611348016967 -3.190264874143892 SW 55.945901348135315 -3.1904770061782477 578.5491597652435 501.3503131866455
55.945901348135315 -3.1904770061782477 NNW 55.94617851199507 -3.190591811207957 578.5491597652435 500.1003131866455
55.94617851199507 -3.190591811207957 SSE 55.945901348135315 -3.1904770061782477 578.5491597652435 498.8503131866455
55.945901348135315 -3.1904770061782477 NNW 55.94617851199507 -3.190591811207957 578.5491597652435 497.6003131866455
55.94617851199507 -3.190591811207957 W 55.94617851199507 -3.1908918112079574 578.5491597652435 496.3503131866455
55.94617851199507 -3.1908918112079574 ESE 55.94606370696536 -3.190614647348204 578.5491597652435 495.1003131866455
55.94606370696536 -3.190614647348204 W 55.94606370696536 -3.190914647348204 578.5491597652435 493.8503131866455
55.94606370696536 -3.190914647348204 SE 55.945851574931005 -3.1907025153138484 578.5491597652435 492.6003131866455
55.945851574931005 -3.1907025153138484 NW 55.94606370696536 -3.190914647348204 578.5491597652435 491.3503131866455
55.94606370696536 -3.190914647348204 S 55.94576370696536 -3.190914647348204 578.5491597652435 490.1003131866455
55.94576370696536 -3.190914647348204 N 55.94606370696536 -3.190914647348204 578.5491597652435 488.8503131866455
55.94606370696536 -3.190914647348204 SSW 55.945786543105605 -3.1910294523779137 578.5491597652435 487.6003131866455
55.945786543105605 -3.1910294523779137 SE 55.94557441107125 -3.190817320343558 578.5491597652435 486.3503131866455
55.94557441107125 -3.190817320343558 NW 55.945786543105605 -3.1910294523779137 578.5491597652435 485.1003131866455
55.945786543105605 -3.1910294523779137 SE 55.94557441107125 -3.190817320343558 578.5491597652435 483.8503131866455
55.94557441107125 -3.190817320343558 NNW 55.945851574931005 -3.1909321253732674 578.5491597652435 482.6003131866455
55.945851574931005 -3.1909321253732674 SE 55.94563944289665 -3.1907199933389117 578.5491597652435 481.3503131866455
55.94563944289665 -3.1907199933389117 N 55.94593944289665 -3.1907199933389117 578.5491597652435 480.1003131866455
55.94593944289665 -3.1907199933389117 S 55.94563944289665 -3.1907199933389117 578.5491597652435 478.8503131866455
55.94563944289665 -3.1907199933389117 S 55.945339442896646 -3.1907199933389117 578.5491597652435 477.6003131866455
55.945339442896646 -3.1907199933389117 N 55.94563944289665 -3.1907199933389117 578.5491597652435 476.3503131866455
55.94563944289665 -3.1907199933389117 SSW 55.94536227903689 -3.190834798368621 578.5491597652435 475.1003131866455
55.94536227903689 -3.190834798368621 N 55.945662279036895 -3.190834798368621 578.5491597652435 473.8503131866455
55.945662279036895 -3.190834798368621 SSW 55.94538511517714 -3.1909496033983307 578.5491597652435 472.6003131866455
55.94538511517714 -3.1909496033983307 N 55.94568511517714 -3.1909496033983307 578.5491597652435 471.3503131866455
55.94568511517714 -3.1909496033983307 SSW 55.945407951317385 -3.19106440842804 578.5491597652435 470.1003131866455
55.945407951317385 -3.19106440842804 NNE 55.94568511517714 -3.1909496033983307 578.5491597652435 468.8503131866455
55.94568511517714 -3.1909496033983307 SSW 55.945407951317385 -3.19106440842804 578.5491597652435 467.6003131866455
55.945407951317385 -3.19106440842804 ESE 55.945293146287675 -3.1907872445682868 578.5491597652435 466.3503131866455
55.945293146287675 -3.1907872445682868 WNW 55.945407951317385 -3.19106440842804 578.5491597652435 465.1003131866455
55.945407951317385 -3.19106440842804 SW 55.94519581928303 -3.191276540462396 597.1644818782806 522.0323314666748
55.94519581928303 -3.191276540462396 NE 55.945407951317385 -3.19106440842804 597.1644818782806 520.7823314666748
55.945407951317385 -3.19106440842804 SW 55.94519581928303 -3.191276540462396 597.1644818782806 519.5323314666748
55.94519581928303 -3.191276540462396 ESE 55.94508101425332 -3.1909993766026425 597.1644818782806 518.2823314666748
55.94508101425332 -3.1909993766026425 NW 55.945293146287675 -3.1912115086369983 597.1644818782806 517.0323314666748
