55.944425 -3.188396 WNW 55.94453980502971 -3.1886731638597534 0.0 248.75
55.94453980502971 -3.1886731638597534 E 55.94453980502971 -3.1883731638597532 0.0 247.5
55.94453980502971 -3.1883731638597532 SE 55.94432767299536 -3.1881610318253975 0.0 246.25
55.94432767299536 -3.1881610318253975 NW 55.94453980502971 -3.1883731638597532 0.0 245.0
55.94453980502971 -3.1883731638597532 SSE 55.944262641169956 -3.1882583588300437 0.0 243.75
55.944262641169956 -3.1882583588300437 NNW 55.94453980502971 -3.1883731638597532 0.0 242.5
55.94453980502971 -3.1883731638597532 SSE 55.944262641169956 -3.1882583588300437 0.0 241.25
55.944262641169956 -3.1882583588300437 NNW 55.94453980502971 -3.1883731638597532 0.0 240.0
55.94453980502971 -3.1883731638597532 ESE 55.944425 -3.188096 0.0 238.75
55.944425 -3.188096 NW 55.94463713203436 -3.1883081320343556 0.0 237.5
55.94463713203436 -3.1883081320343556 E 55.94463713203436 -3.1880081320343554 0.0 236.25
55.94463713203436 -3.1880081320343554 W 55.94463713203436 -3.1883081320343556 0.0 235.0
55.94463713203436 -3.1883081320343556 NNW 55.944914295894115 -3.188422937064065 0.0 233.75
55.944914295894115 -3.188422937064065 SSE 55.94463713203436 -3.1883081320343556 0.0 232.5
55.94463713203436 -3.1883081320343556 E 55.94463713203436 -3.1880081320343554 0.0 231.25
55.94463713203436 -3.1880081320343554 W 55.94463713203436 -3.1883081320343556 0.0 230.0
55.94463713203436 -3.1883081320343556 NNW 55.944914295894115 -3.188422937064065 0.0 228.75
55.944914295894115 -3.188422937064065 S 55.94461429589411 -3.188422937064065 0.0 227.5
55.94461429589411 -3.188422937064065 NE 55.94482642792847 -3.1882108050297093 0.0 226.25
55.94482642792847 -3.1882108050297093 SW 55.94461429589411 -3.188422937064065 0.0 225.0
55.94461429589411 -3.188422937064065 SE 55.944402163859756 -3.1882108050297093 0.0 223.75
55.944402163859756 -3.1882108050297093 WNW 55.94451696888947 -3.1884879688894627 0.0 222.5
55.94451696888947 -3.1884879688894627 SE 55.94430483685511 -3.188275836855107 0.0 221.25
55.94430483685511 -3.188275836855107 NW 55.94451696888947 -3.1884879688894627 0.0 220.0
55.94451696888947 -3.1884879688894627 W 55.94451696888947 -3.188787968889463 0.0 218.75
55.94451696888947 -3.188787968889463 E 55.94451696888947 -3.1884879688894627 0.0 217.5
55.94451696888947 -3.1884879688894627 WSW 55.944402163859756 -3.188765132749216 0.0 216.25
55.944402163859756 -3.188765132749216 NE 55.94461429589411 -3.1885530007148604 0.0 215.0
55.94461429589411 -3.1885530007148604 W 55.94461429589411 -3.1888530007148606 0.0 213.75
55.94461429589411 -3.1888530007148606 E 55.94461429589411 -3.1885530007148604 0.0 212.5
55.94461429589411 -3.1885530007148604 WNW 55.94472910092382 -3.1888301645746138 0.0 211.25
55.94472910092382 -3.1888301645746138 E 55.94472910092382 -3.1885301645746136 0.0 210.0
55.94472910092382 -3.1885301645746136 W 55.94472910092382 -3.1888301645746138 0.0 208.75
55.94472910092382 -3.1888301645746138 ENE 55.94484390595353 -3.1885530007148604 0.0 207.5
55.94484390595353 -3.1885530007148604 W 55.94484390595353 -3.1888530007148606 0.0 206.25
55.94484390595353 -3.1888530007148606 E 55.94484390595353 -3.1885530007148604 0.0 205.0
55.94484390595353 -3.1885530007148604 W 55.94484390595353 -3.1888530007148606 0.0 203.75
55.94484390595353 -3.1888530007148606 ENE 55.944958710983244 -3.188575836855107 0.0 202.5
55.944958710983244 -3.188575836855107 WSW 55.94484390595353 -3.1888530007148606 0.0 201.25
55.94484390595353 -3.1888530007148606 ESE 55.94472910092382 -3.188575836855107 0.0 200.0
55.94472910092382 -3.188575836855107 WNW 55.94484390595353 -3.1888530007148606 0.0 198.75
55.94484390595353 -3.1888530007148606 ESE 55.94472910092382 -3.188575836855107 0.0 197.5
55.94472910092382 -3.188575836855107 WNW 55.94484390595353 -3.1888530007148606 0.0 196.25
55.94484390595353 -3.1888530007148606 W 55.94484390595353 -3.1891530007148607 0.0 195.0
55.94484390595353 -3.1891530007148607 E 55.94484390595353 -3.1888530007148606 0.0 193.75
55.94484390595353 -3.1888530007148606 W 55.94484390595353 -3.1891530007148607 0.0 192.5
55.94484390595353 -3.1891530007148607 E 55.94484390595353 -3.1888530007148606 0.0 191.25
55.94484390595353 -3.1888530007148606 W 55.94484390595353 -3.1891530007148607 0.0 190.0
55.94484390595353 -3.1891530007148607 ENE 55.944958710983244 -3.1888758368551073 0.0 188.75
55.944958710983244 -3.1888758368551073 WSW 55.94484390595353 -3.1891530007148607 0.0 187.5
55.94484390595353 -3.1891530007148607 ENE 55.944958710983244 -3.1888758368551073 0.0 186.25
55.944958710983244 -3.1888758368551073 S 55.94465871098324 -3.1888758368551073 0.0 185.0
55.94465871098324 -3.1888758368551073 N 55.944958710983244 -3.1888758368551073 0.0 183.75
55.944958710983244 -3.1888758368551073 N 55.945258710983246 -3.1888758368551073 0.0 182.5
55.945258710983246 -3.1888758368551073 S 55.944958710983244 -3.1888758368551073 0.0 181.25
55.944958710983244 -3.1888758368551073 NNE 55.945235874843 -3.188761031825398 0.0 180.0
55.945235874843 -3.188761031825398 S 55.944935874843 -3.188761031825398 0.0 178.75
55.944935874843 -3.188761031825398 N 55.945235874843 -3.188761031825398 0.0 177.5
55.945235874843 -3.188761031825398 W 55.945235874843 -3.189061031825398 0.0 176.25
55.945235874843 -3.189061031825398 E 55.945235874843 -3.188761031825398 0.0 175.0
55.945235874843 -3.188761031825398 ENE 55.94535067987271 -3.1884838679656444 0.0 173.75
55.94535067987271 -3.1884838679656444 WSW 55.945235874843 -3.188761031825398 0.0 172.5
55.945235874843 -3.188761031825398 ESE 55.94512106981329 -3.1884838679656444 0.0 171.25
55.94512106981329 -3.1884838679656444 NW 55.945333201847646 -3.188696 0.0 170.0
55.945333201847646 -3.188696 E 55.945333201847646 -3.188396 57.530914306640625 250.0934295654297
55.945333201847646 -3.188396 ESE 55.945218396817936 -3.1881188361402466 57.530914306640625 248.8434295654297
55.945218396817936 -3.1881188361402466 WNW 55.945333201847646 -3.188396 57.530914306640625 247.5934295654297
55.945333201847646 -3.188396 SE 55.94512106981329 -3.1881838679656442 137.82113647460938 315.25079345703125
55.94512106981329 -3.1881838679656442 NNW 55.945398233673046 -3.1882986729953537 137.82113647460938 314.00079345703125
55.945398233673046 -3.1882986729953537 SSE 55.94512106981329 -3.1881838679656442 137.82113647460938 312.75079345703125
55.94512106981329 -3.1881838679656442 NNW 55.945398233673046 -3.1882986729953537 137.82113647460938 311.50079345703125
55.945398233673046 -3.1882986729953537 SSE 55.94512106981329 -3.1881838679656442 137.82113647460938 310.25079345703125
55.94512106981329 -3.1881838679656442 W 55.94512106981329 -3.1884838679656444 137.82113647460938 309.00079345703125
55.94512106981329 -3.1884838679656444 E 55.94512106981329 -3.1881838679656442 137.82113647460938 307.75079345703125
55.94512106981329 -3.1881838679656442 WSW 55.94500626478358 -3.1884610318253976 137.82113647460938 306.50079345703125
55.94500626478358 -3.1884610318253976 E 55.94500626478358 -3.1881610318253975 137.82113647460938 305.25079345703125
55.94500626478358 -3.1881610318253975 W 55.94500626478358 -3.1884610318253976 137.82113647460938 304.00079345703125
55.94500626478358 -3.1884610318253976 ENE 55.94512106981329 -3.1881838679656442 137.82113647460938 302.75079345703125
55.94512106981329 -3.1881838679656442 W 55.94512106981329 -3.1884838679656444 137.82113647460938 301.50079345703125
55.94512106981329 -3.1884838679656444 SE 55.94490893777893 -3.1882717359312887 137.82113647460938 300.25079345703125
55.94490893777893 -3.1882717359312887 W 55.94490893777893 -3.188571735931289 137.82113647460938 299.00079345703125
55.94490893777893 -3.188571735931289 E 55.94490893777893 -3.1882717359312887 137.82113647460938 297.75079345703125
55.94490893777893 -3.1882717359312887 WSW 55.94479413274922 -3.188548899791042 137.82113647460938 296.50079345703125
55.94479413274922 -3.188548899791042 ENE 55.94490893777893 -3.1882717359312887 137.82113647460938 295.25079345703125
55.94490893777893 -3.1882717359312887 WSW 55.94479413274922 -3.188548899791042 137.82113647460938 294.00079345703125
55.94479413274922 -3.188548899791042 ENE 55.94490893777893 -3.1882717359312887 137.82113647460938 292.75079345703125
55.94490893777893 -3.1882717359312887 S 55.94460893777893 -3.1882717359312887 137.82113647460938 291.50079345703125
55.94460893777893 -3.1882717359312887 N 55.94490893777893 -3.1882717359312887 137.82113647460938 290.25079345703125
55.94490893777893 -3.1882717359312887 S 55.94460893777893 -3.1882717359312887 137.82113647460938 289.00079345703125
55.94460893777893 -3.1882717359312887 N 55.94490893777893 -3.1882717359312887 137.82113647460938 287.75079345703125
55.94490893777893 -3.1882717359312887 ESE 55.94479413274922 -3.1879945720715352 165.2734603881836 290.59725046157837
55.94479413274922 -3.1879945720715352 WNW 55.94490893777893 -3.1882717359312887 165.2734603881836 289.34725046157837
55.94490893777893 -3.1882717359312887 E 55.94490893777893 -3.1879717359312885 165.2734603881836 288.09725046157837
55.94490893777893 -3.1879717359312885 SE 55.94469680574458 -3.1877596038969327 165.2734603881836 286.84725046157837
55.94469680574458 -3.1877596038969327 NW 55.94490893777893 -3.1879717359312885 165.2734603881836 285.59725046157837
55.94490893777893 -3.1879717359312885 WSW 55.94479413274922 -3.188248899791042 165.2734603881836 284.34725046157837
55.94479413274922 -3.188248899791042 ENE 55.94490893777893 -3.1879717359312885 165.2734603881836 283.09725046157837
55.94490893777893 -3.1879717359312885 WSW 55.94479413274922 -3.188248899791042 165.2734603881836 281.84725046157837
55.94479413274922 -3.188248899791042 E 55.94479413274922 -3.1879488997910417 165.30634608864784 351.9603638648987
55.94479413274922 -3.1879488997910417 W 55.94479413274922 -3.188248899791042 165.30634608864784 350.7103638648987
55.94479413274922 -3.188248899791042 E 55.94479413274922 -3.1879488997910417 165.30634608864784 349.4603638648987
55.94479413274922 -3.1879488997910417 SSW 55.94451696888947 -3.188063704820751 165.30634608864784 348.2103638648987
55.94451696888947 -3.188063704820751 NNE 55.94479413274922 -3.1879488997910417 165.30634608864784 346.9603638648987
55.94479413274922 -3.1879488997910417 SSW 55.94451696888947 -3.188063704820751 165.30634608864784 345.7103638648987
55.94451696888947 -3.188063704820751 NNE 55.94479413274922 -3.1879488997910417 165.30634608864784 344.4603638648987
55.94479413274922 -3.1879488997910417 SSW 55.94451696888947 -3.188063704820751 165.30634608864784 343.2103638648987
55.94451696888947 -3.188063704820751 ENE 55.94463177391918 -3.187786540960998 165.30634608864784 341.9603638648987
55.94463177391918 -3.187786540960998 WSW 55.94451696888947 -3.188063704820751 165.30634608864784 340.7103638648987
55.94451696888947 -3.188063704820751 ENE 55.94463177391918 -3.187786540960998 165.30634608864784 339.4603638648987
55.94463177391918 -3.187786540960998 SSW 55.94435461005942 -3.1879013459907073 184.93175807595253 340.3877878189087
55.94435461005942 -3.1879013459907073 NNE 55.94463177391918 -3.187786540960998 184.93175807595253 339.1377878189087
55.94463177391918 -3.187786540960998 SSW 55.94435461005942 -3.1879013459907073 184.93175807595253 337.8877878189087
55.94435461005942 -3.1879013459907073 NNE 55.94463177391918 -3.187786540960998 184.93175807595253 336.6377878189087
55.94463177391918 -3.187786540960998 S 55.944331773919174 -3.187786540960998 301.61821284890175 440.60381412506104
55.944331773919174 -3.187786540960998 NNE 55.94460893777893 -3.1876717359312883 301.61821284890175 439.35381412506104
55.94460893777893 -3.1876717359312883 S 55.94430893777893 -3.1876717359312883 301.61821284890175 438.10381412506104
55.94430893777893 -3.1876717359312883 N 55.94460893777893 -3.1876717359312883 301.61821284890175 436.85381412506104
55.94460893777893 -3.1876717359312883 S 55.94430893777893 -3.1876717359312883 301.61821284890175 435.60381412506104
55.94430893777893 -3.1876717359312883 W 55.94430893777893 -3.1879717359312885 399.0085021555424 548.3284311294556
55.94430893777893 -3.1879717359312885 E 55.94430893777893 -3.1876717359312883 399.0085021555424 547.0784311294556
55.94430893777893 -3.1876717359312883 SSE 55.94403177391917 -3.1875569309015788 466.08793941140175 630.2247705459595
55.94403177391917 -3.1875569309015788 NNW 55.94430893777893 -3.1876717359312883 466.08793941140175 628.9747705459595
55.94430893777893 -3.1876717359312883 SSE 55.94403177391917 -3.1875569309015788 466.08793941140175 627.7247705459595
55.94403177391917 -3.1875569309015788 NNW 55.94430893777893 -3.1876717359312883 466.08793941140175 626.4747705459595
55.94430893777893 -3.1876717359312883 SE 55.94409680574457 -3.1874596038969325 466.08793941140175 625.2247705459595
55.94409680574457 -3.1874596038969325 NW 55.94430893777893 -3.1876717359312883 466.08793941140175 623.9747705459595
55.94430893777893 -3.1876717359312883 E 55.94430893777893 -3.187371735931288 571.8607513010502 635.7780179977417
55.94430893777893 -3.187371735931288 SW 55.94409680574457 -3.187583867965644 583.9588986933231 708.7071180343628
55.94409680574457 -3.187583867965644 NE 55.94430893777893 -3.187371735931288 583.9588986933231 707.4571180343628
55.94430893777893 -3.187371735931288 NW 55.944521069813284 -3.187583867965644 583.9588986933231 706.2071180343628
55.944521069813284 -3.187583867965644 SE 55.94430893777893 -3.187371735931288 583.9588986933231 704.9571180343628
55.94430893777893 -3.187371735931288 SSE 55.94403177391917 -3.1872569309015786 583.9588986933231 703.7071180343628
55.94403177391917 -3.1872569309015786 NNW 55.94430893777893 -3.187371735931288 583.9588986933231 702.4571180343628
55.94430893777893 -3.187371735931288 S 55.944008937778925 -3.187371735931288 589.1135274469852 780.7715711593628
55.944008937778925 -3.187371735931288 N 55.94430893777893 -3.187371735931288 589.1135274469852 779.5215711593628
55.94430893777893 -3.187371735931288 S 55.944008937778925 -3.187371735931288 589.1135274469852 778.2715711593628
55.944008937778925 -3.187371735931288 NNE 55.94428610163868 -3.1872569309015786 657.0302297174931 878.8493604660034
55.94428610163868 -3.1872569309015786 SSW 55.944008937778925 -3.187371735931288 657.0302297174931 877.5993604660034
55.944008937778925 -3.187371735931288 ENE 55.944123742808635 -3.1870945720715347 657.0302297174931 876.3493604660034
55.944123742808635 -3.1870945720715347 WSW 55.944008937778925 -3.187371735931288 657.0302297174931 875.0993604660034
55.944008937778925 -3.187371735931288 E 55.944008937778925 -3.187071735931288 729.1990911066532 916.9072027206421
55.944008937778925 -3.187071735931288 W 55.944008937778925 -3.187371735931288 729.1990911066532 915.6572027206421
55.944008937778925 -3.187371735931288 E 55.944008937778925 -3.187071735931288 729.1990911066532 914.4072027206421
55.944008937778925 -3.187071735931288 W 55.944008937778925 -3.187371735931288 729.1990911066532 913.1572027206421
55.944008937778925 -3.187371735931288 SE 55.94379680574457 -3.1871596038969323 729.1990911066532 911.9072027206421
55.94379680574457 -3.1871596038969323 NW 55.944008937778925 -3.187371735931288 729.1990911066532 910.6572027206421
55.944008937778925 -3.187371735931288 SE 55.94379680574457 -3.1871596038969323 729.1990911066532 909.4072027206421
55.94379680574457 -3.1871596038969323 NNE 55.944073969604325 -3.187044798867223 827.6878835260868 948.4747076034546
55.944073969604325 -3.187044798867223 SSW 55.94379680574457 -3.1871596038969323 827.6878835260868 947.2247076034546
55.94379680574457 -3.1871596038969323 E 55.94379680574457 -3.186859603896932 827.6878835260868 945.9747076034546
55.94379680574457 -3.186859603896932 WSW 55.94368200071486 -3.1871367677566855 915.5917836725712 972.9291429519653
55.94368200071486 -3.1871367677566855 S 55.943382000714855 -3.1871367677566855 915.5917836725712 971.6791429519653
55.943382000714855 -3.1871367677566855 N 55.94368200071486 -3.1871367677566855 915.5917836725712 970.4291429519653
55.94368200071486 -3.1871367677566855 SW 55.9434698686805 -3.1873488997910413 915.5917836725712 969.1791429519653
55.9434698686805 -3.1873488997910413 NE 55.94368200071486 -3.1871367677566855 915.5917836725712 967.9291429519653
55.94368200071486 -3.1871367677566855 SW 55.9434698686805 -3.1873488997910413 915.5917836725712 966.6791429519653
55.9434698686805 -3.1873488997910413 NE 55.94368200071486 -3.1871367677566855 915.5917836725712 965.4291429519653
55.94368200071486 -3.1871367677566855 SW 55.9434698686805 -3.1873488997910413 915.5917836725712 964.1791429519653
55.9434698686805 -3.1873488997910413 NNE 55.94374703254026 -3.187234094761332 1012.6590291559696 1053.6887865066528
55.94374703254026 -3.187234094761332 SW 55.9435349005059 -3.1874462267956876 1099.8202306330204 1106.0847215652466
55.9435349005059 -3.1874462267956876 NNE 55.94381206436566 -3.187331421765978 1207.1660939753056 1216.7484254837036
55.94381206436566 -3.187331421765978 SSW 55.9435349005059 -3.1874462267956876 1207.1660939753056 1215.4984254837036
55.9435349005059 -3.1874462267956876 NNW 55.94381206436566 -3.187561031825397 1207.1660939753056 1214.2484254837036
55.94381206436566 -3.187561031825397 SSE 55.9435349005059 -3.1874462267956876 1207.1660939753056 1212.9984254837036
55.9435349005059 -3.1874462267956876 NW 55.94374703254026 -3.1876583588300433 1253.5711461603642 1261.589482307434
55.94374703254026 -3.1876583588300433 SE 55.9435349005059 -3.1874462267956876 1253.5711461603642 1260.339482307434
55.9435349005059 -3.1874462267956876 WNW 55.94364970553561 -3.187723390655441 1260.5842978060246 1261.9338734149933
55.94364970553561 -3.187723390655441 ESE 55.9435349005059 -3.1874462267956876 1260.5842978060246 1260.6838734149933
55.9435349005059 -3.1874462267956876 NE 55.94374703254026 -3.187234094761332 1260.5842978060246 1259.4338734149933
55.94374703254026 -3.187234094761332 SW 55.9435349005059 -3.1874462267956876 1260.5842978060246 1258.1838734149933
55.9435349005059 -3.1874462267956876 S 55.9432349005059 -3.1874462267956876 1260.5842978060246 1256.9338734149933
55.9432349005059 -3.1874462267956876 N 55.9435349005059 -3.1874462267956876 1260.5842978060246 1255.6838734149933
55.9435349005059 -3.1874462267956876 SSW 55.943257736646146 -3.187561031825397 1260.5842978060246 1254.4338734149933
55.943257736646146 -3.187561031825397 NNE 55.9435349005059 -3.1874462267956876 1260.5842978060246 1253.1838734149933
55.9435349005059 -3.1874462267956876 SSW 55.943257736646146 -3.187561031825397 1260.5842978060246 1251.9338734149933
55.943257736646146 -3.187561031825397 NNW 55.9435349005059 -3.1876758368551066 1260.5842978060246 1250.6838734149933
55.9435349005059 -3.1876758368551066 SSE 55.943257736646146 -3.187561031825397 1260.5842978060246 1249.4338734149933
55.943257736646146 -3.187561031825397 NE 55.9434698686805 -3.1873488997910413 1260.5842978060246 1248.1838734149933
55.9434698686805 -3.1873488997910413 SW 55.943257736646146 -3.187561031825397 1260.5842978060246 1246.9338734149933
55.943257736646146 -3.187561031825397 E 55.943257736646146 -3.187261031825397 1354.301834732294 1347.8761341571808
55.943257736646146 -3.187261031825397 W 55.943257736646146 -3.187561031825397 1354.301834732294 1346.6261341571808
55.943257736646146 -3.187561031825397 SSW 55.94298057278639 -3.1876758368551066 1445.3269964754581 1371.4755318164825
55.94298057278639 -3.1876758368551066 NE 55.943192704820746 -3.187463704820751 1476.407538086176 1371.0208128094673
55.943192704820746 -3.187463704820751 SW 55.94298057278639 -3.1876758368551066 1476.407538086176 1369.7708128094673
55.94298057278639 -3.1876758368551066 NE 55.943192704820746 -3.187463704820751 1476.407538086176 1368.5208128094673
55.943192704820746 -3.187463704820751 W 55.943192704820746 -3.187763704820751 1476.407538086176 1367.2708128094673
55.943192704820746 -3.187763704820751 E 55.943192704820746 -3.187463704820751 1476.407538086176 1366.0208128094673
55.943192704820746 -3.187463704820751 ENE 55.943307509850456 -3.1871865409609974 1476.407538086176 1364.7708128094673
55.943307509850456 -3.1871865409609974 WSW 55.943192704820746 -3.187463704820751 1476.407538086176 1363.5208128094673
55.943192704820746 -3.187463704820751 NE 55.9434048368551 -3.187251572786395 1543.4786593019962 1443.0589597821236
55.9434048368551 -3.187251572786395 SW 55.943192704820746 -3.187463704820751 1543.4786593019962 1441.8089597821236
55.943192704820746 -3.187463704820751 NE 55.9434048368551 -3.187251572786395 1543.4786593019962 1440.5589597821236
55.9434048368551 -3.187251572786395 SW 55.943192704820746 -3.187463704820751 1543.4786593019962 1439.3089597821236
55.943192704820746 -3.187463704820751 NE 55.9434048368551 -3.187251572786395 1543.4786593019962 1438.0589597821236
55.9434048368551 -3.187251572786395 WSW 55.94329003182539 -3.1875287366461484 1543.4786593019962 1436.8089597821236
55.94329003182539 -3.1875287366461484 ENE 55.9434048368551 -3.187251572786395 1543.4786593019962 1435.5589597821236
55.9434048368551 -3.187251572786395 ESE 55.94329003182539 -3.1869744089266416 1560.680948883295 1496.875026524067
55.94329003182539 -3.1869744089266416 W 55.94329003182539 -3.187274408926642 1560.680948883295 1495.625026524067
55.94329003182539 -3.187274408926642 WSW 55.94317522679568 -3.1875515727863952 1560.680948883295 1494.375026524067
55.94317522679568 -3.1875515727863952 ENE 55.94329003182539 -3.187274408926642 1560.680948883295 1493.125026524067
55.94329003182539 -3.187274408926642 SE 55.943077899791035 -3.187062276892286 1590.4669348299503 1509.9397085309029
55.943077899791035 -3.187062276892286 N 55.94337789979104 -3.187062276892286 1598.8747154772282 1605.0675161480904
55.94337789979104 -3.187062276892286 S 55.943077899791035 -3.187062276892286 1598.8747154772282 1603.8175161480904
55.943077899791035 -3.187062276892286 N 55.94337789979104 -3.187062276892286 1598.8747154772282 1602.5675161480904
55.94337789979104 -3.187062276892286 W 55.94337789979104 -3.1873622768922862 1611.459856659174 1639.416961491108
55.94337789979104 -3.1873622768922862 E 55.94337789979104 -3.187062276892286 1611.459856659174 1638.166961491108
55.94337789979104 -3.187062276892286 WNW 55.94349270482075 -3.1873394407520395 1611.459856659174 1636.916961491108
55.94349270482075 -3.1873394407520395 ESE 55.94337789979104 -3.187062276892286 1611.459856659174 1635.666961491108
55.94337789979104 -3.187062276892286 NNW 55.943655063650795 -3.1871770819219956 1611.459856659174 1634.416961491108
55.943655063650795 -3.1871770819219956 ESE 55.943540258621084 -3.186899918062242 1611.459856659174 1633.166961491108
55.943540258621084 -3.186899918062242 SSW 55.94326309476133 -3.1870147230919517 1611.459856659174 1631.916961491108
55.94326309476133 -3.1870147230919517 NNE 55.943540258621084 -3.186899918062242 1611.459856659174 1630.666961491108
55.943540258621084 -3.186899918062242 SE 55.94332812658673 -3.1866877860278864 1731.267588287592 1685.0443418622017
55.94332812658673 -3.1866877860278864 NW 55.943540258621084 -3.186899918062242 1731.267588287592 1683.7943418622017
55.943540258621084 -3.186899918062242 SE 55.94332812658673 -3.1866877860278864 1731.267588287592 1682.5443418622017
55.94332812658673 -3.1866877860278864 W 55.94332812658673 -3.1869877860278866 1773.00940194726 1801.532699406147
55.94332812658673 -3.1869877860278866 ENE 55.94344293161644 -3.186710622168133 1773.00940194726 1800.282699406147
55.94344293161644 -3.186710622168133 WSW 55.94332812658673 -3.1869877860278866 1773.00940194726 1799.032699406147
55.94332812658673 -3.1869877860278866 ESE 55.94321332155702 -3.186710622168133 1773.00940194726 1797.782699406147
55.94321332155702 -3.186710622168133 WNW 55.94332812658673 -3.1869877860278866 1773.00940194726 1796.532699406147
55.94332812658673 -3.1869877860278866 SE 55.94311599455237 -3.186775653993531 1798.9591147005558 1843.6145895123482
55.94311599455237 -3.186775653993531 NW 55.94332812658673 -3.1869877860278866 1798.9591147005558 1842.3645895123482
55.94332812658673 -3.1869877860278866 S 55.943028126586725 -3.1869877860278866 1828.5005175173283 1947.914348423481
55.943028126586725 -3.1869877860278866 NW 55.94324025862108 -3.1871999180622423 1828.5005175173283 1946.664348423481
55.94324025862108 -3.1871999180622423 SSE 55.942963094761325 -3.187085113032533 1828.5005175173283 1945.414348423481
55.942963094761325 -3.187085113032533 ESE 55.942848289731614 -3.1868079491727794 1908.923033386469 2052.3013799786568
55.942848289731614 -3.1868079491727794 WNW 55.942963094761325 -3.187085113032533 1908.923033386469 2051.0513799786568
55.942963094761325 -3.187085113032533 NE 55.94317522679568 -3.186872980998177 1975.888250976801 2138.951801121235
55.94317522679568 -3.186872980998177 SW 55.942963094761325 -3.187085113032533 1975.888250976801 2137.701801121235
55.942963094761325 -3.187085113032533 S 55.94266309476132 -3.187085113032533 1997.2806765139103 2256.659091770649
55.94266309476132 -3.187085113032533 NNE 55.94294025862108 -3.1869703080028233 1997.2806765139103 2255.409091770649
55.94294025862108 -3.1869703080028233 NE 55.943152390655435 -3.1867581759684676 1997.2806765139103 2254.159091770649
55.943152390655435 -3.1867581759684676 SW 55.94294025862108 -3.1869703080028233 1997.2806765139103 2252.909091770649
55.94294025862108 -3.1869703080028233 N 55.94324025862108 -3.1869703080028233 2083.7392336428165 2333.1923864483833
55.94324025862108 -3.1869703080028233 SE 55.943028126586725 -3.1867581759684676 2083.7392336428165 2331.9423864483833
55.943028126586725 -3.1867581759684676 NW 55.94324025862108 -3.1869703080028233 2083.7392336428165 2330.6923864483833
55.94324025862108 -3.1869703080028233 SE 55.943028126586725 -3.1867581759684676 2083.7392336428165 2329.4423864483833
55.943028126586725 -3.1867581759684676 SSW 55.94275096272697 -3.186872980998177 2126.2953821718693 2440.3700369000435
55.94275096272697 -3.186872980998177 NNE 55.943028126586725 -3.1867581759684676 2126.2953821718693 2439.1200369000435
55.943028126586725 -3.1867581759684676 SE 55.94281599455237 -3.186546043934112 2210.5133310854435 2536.242603123188
55.94281599455237 -3.186546043934112 NW 55.943028126586725 -3.1867581759684676 2210.5133310854435 2534.992603123188
55.943028126586725 -3.1867581759684676 SE 55.94281599455237 -3.186546043934112 2210.5133310854435 2533.742603123188
55.94281599455237 -3.186546043934112 NW 55.943028126586725 -3.1867581759684676 2210.5133310854435 2532.492603123188
55.943028126586725 -3.1867581759684676 SE 55.94281599455237 -3.186546043934112 2210.5133310854435 2531.242603123188
55.94281599455237 -3.186546043934112 WNW 55.94293079958208 -3.186823207793865 2229.695606857538 2593.145564854145
55.94293079958208 -3.186823207793865 SE 55.94271866754772 -3.1866110757595094 2284.6707235872746 2677.2689779400826
55.94271866754772 -3.1866110757595094 NW 55.94293079958208 -3.186823207793865 2284.6707235872746 2676.0189779400826
55.94293079958208 -3.186823207793865 E 55.94293079958208 -3.186523207793865 2406.8678900301456 2798.711566746235
55.94293079958208 -3.186523207793865 W 55.94293079958208 -3.186823207793865 2406.8678900301456 2797.461566746235
55.94293079958208 -3.186823207793865 S 55.942630799582076 -3.186823207793865 2427.7538916170597 2821.58273679018
