55.944425 -3.188396 SE 55.944212867965646 -3.1881838679656442 0.0 248.75
55.944212867965646 -3.1881838679656442 NW 55.944425 -3.188396 0.0 247.5
55.944425 -3.188396 ESE 55.94431019497029 -3.1881188361402466 0.0 246.25
55.94431019497029 -3.1881188361402466 WNW 55.944425 -3.188396 0.0 245.0
55.944425 -3.188396 E 55.944425 -3.188096 117.15170288085938 265.93677139282227
55.944425 -3.188096 W 55.944425 -3.188396 117.15170288085938 264.68677139282227
55.944425 -3.188396 E 55.944425 -3.188096 117.15170288085938 263.43677139282227
55.944425 -3.188096 NW 55.94463713203436 -3.1883081320343556 117.15170288085938 262.18677139282227
55.94463713203436 -3.1883081320343556 E 55.94463713203436 -3.1880081320343554 117.15170288085938 260.93677139282227
55.94463713203436 -3.1880081320343554 W 55.94463713203436 -3.1883081320343556 117.15170288085938 259.68677139282227
55.94463713203436 -3.1883081320343556 NNW 55.944914295894115 -3.188422937064065 117.15170288085938 258.43677139282227
55.944914295894115 -3.188422937064065 SSE 55.94463713203436 -3.1883081320343556 117.15170288085938 257.18677139282227
55.94463713203436 -3.1883081320343556 WNW 55.94475193706407 -3.188585295894109 117.15170288085938 255.93677139282227
55.94475193706407 -3.188585295894109 SW 55.94453980502971 -3.1887974279284648 117.15170288085938 254.68677139282227
55.94453980502971 -3.1887974279284648 NE 55.94475193706407 -3.188585295894109 117.15170288085938 253.43677139282227
55.94475193706407 -3.188585295894109 S 55.944451937064066 -3.188585295894109 117.15170288085938 252.18677139282227
55.944451937064066 -3.188585295894109 N 55.94475193706407 -3.188585295894109 117.15170288085938 250.93677139282227
55.94475193706407 -3.188585295894109 NNE 55.945029100923826 -3.1884704908643995 117.15170288085938 249.68677139282227
55.945029100923826 -3.1884704908643995 E 55.945029100923826 -3.1881704908643993 117.15170288085938 248.43677139282227
55.945029100923826 -3.1881704908643993 W 55.945029100923826 -3.1884704908643995 117.15170288085938 247.18677139282227
55.945029100923826 -3.1884704908643995 SSE 55.94475193706407 -3.18835568583469 117.15170288085938 245.93677139282227
55.94475193706407 -3.18835568583469 N 55.94505193706407 -3.18835568583469 117.15170288085938 244.68677139282227
55.94505193706407 -3.18835568583469 NE 55.94526406909843 -3.188143553800334 117.15170288085938 243.43677139282227
55.94526406909843 -3.188143553800334 SW 55.94505193706407 -3.18835568583469 117.15170288085938 242.18677139282227
55.94505193706407 -3.18835568583469 NE 55.94526406909843 -3.188143553800334 117.15170288085938 240.93677139282227
55.94526406909843 -3.188143553800334 WNW 55.94537887412814 -3.1884207176600876 117.15170288085938 239.68677139282227
55.94537887412814 -3.1884207176600876 ESE 55.94526406909843 -3.188143553800334 117.15170288085938 238.43677139282227
55.94526406909843 -3.188143553800334 WNW 55.94537887412814 -3.1884207176600876 117.15170288085938 237.18677139282227
55.94537887412814 -3.1884207176600876 NNE 55.945656037987895 -3.188305912630378 219.1619110107422 275.6270332336426
55.945656037987895 -3.188305912630378 SSW 55.94537887412814 -3.1884207176600876 219.1619110107422 274.3770332336426
55.94537887412814 -3.1884207176600876 NNW 55.945656037987895 -3.188535522689797 219.1619110107422 273.1270332336426
55.945656037987895 -3.188535522689797 SSE 55.94537887412814 -3.1884207176600876 219.1619110107422 271.8770332336426
55.94537887412814 -3.1884207176600876 NNW 55.945656037987895 -3.188535522689797 219.1619110107422 270.6270332336426
55.945656037987895 -3.188535522689797 SSE 55.94537887412814 -3.1884207176600876 219.1619110107422 269.3770332336426
55.94537887412814 -3.1884207176600876 NNW 55.945656037987895 -3.188535522689797 219.1619110107422 268.1270332336426
55.945656037987895 -3.188535522689797 ESE 55.945541232958185 -3.1882583588300437 219.1619110107422 266.8770332336426
55.945541232958185 -3.1882583588300437 WNW 55.945656037987895 -3.188535522689797 219.1619110107422 265.6270332336426
55.945656037987895 -3.188535522689797 ESE 55.945541232958185 -3.1882583588300437 219.1619110107422 264.3770332336426
55.945541232958185 -3.1882583588300437 NNW 55.94581839681794 -3.1883731638597532 219.1619110107422 263.1270332336426
55.94581839681794 -3.1883731638597532 SSE 55.945541232958185 -3.1882583588300437 219.1619110107422 261.8770332336426
55.945541232958185 -3.1882583588300437 SSE 55.94526406909843 -3.188143553800334 219.1619110107422 260.6270332336426
55.94526406909843 -3.188143553800334 NNW 55.945541232958185 -3.1882583588300437 219.1619110107422 259.3770332336426
55.945541232958185 -3.1882583588300437 NE 55.94575336499254 -3.188046226795688 219.1619110107422 258.1270332336426
55.94575336499254 -3.188046226795688 SW 55.945541232958185 -3.1882583588300437 219.1619110107422 256.8770332336426
55.945541232958185 -3.1882583588300437 NE 55.94575336499254 -3.188046226795688 219.1619110107422 255.62703323364258
55.94575336499254 -3.188046226795688 NNW 55.9460305288523 -3.1881610318253975 219.1619110107422 254.37703323364258
55.9460305288523 -3.1881610318253975 SSE 55.94575336499254 -3.188046226795688 219.1619110107422 253.12703323364258
55.94575336499254 -3.188046226795688 WNW 55.94586817002225 -3.1883233906554413 219.1619110107422 251.87703323364258
55.94586817002225 -3.1883233906554413 SE 55.945656037987895 -3.1881112586210856 219.1619110107422 250.62703323364258
55.945656037987895 -3.1881112586210856 WNW 55.945770843017606 -3.188388422480839 219.1619110107422 249.37703323364258
55.945770843017606 -3.188388422480839 S 55.9454708430176 -3.188388422480839 219.1619110107422 248.12703323364258
55.9454708430176 -3.188388422480839 N 55.945770843017606 -3.188388422480839 219.1619110107422 246.87703323364258
55.945770843017606 -3.188388422480839 NNE 55.94604800687736 -3.1882736174511295 219.1619110107422 245.62703323364258
55.94604800687736 -3.1882736174511295 SSW 55.945770843017606 -3.188388422480839 219.1619110107422 244.37703323364258
55.945770843017606 -3.188388422480839 NW 55.94598297505196 -3.1886005545151948 219.1619110107422 243.12703323364258
55.94598297505196 -3.1886005545151948 SE 55.945770843017606 -3.188388422480839 219.1619110107422 241.87703323364258
55.945770843017606 -3.188388422480839 N 55.94607084301761 -3.188388422480839 219.1619110107422 240.62703323364258
55.94607084301761 -3.188388422480839 SSW 55.94579367915785 -3.1885032275105485 219.1619110107422 239.37703323364258
55.94579367915785 -3.1885032275105485 N 55.946093679157855 -3.1885032275105485 219.1619110107422 238.12703323364258
55.946093679157855 -3.1885032275105485 S 55.94579367915785 -3.1885032275105485 219.1619110107422 236.87703323364258
55.94579367915785 -3.1885032275105485 N 55.946093679157855 -3.1885032275105485 219.1619110107422 235.62703323364258
55.946093679157855 -3.1885032275105485 E 55.946093679157855 -3.1882032275105483 219.1619110107422 234.37703323364258
55.946093679157855 -3.1882032275105483 W 55.946093679157855 -3.1885032275105485 219.1619110107422 233.12703323364258
55.946093679157855 -3.1885032275105485 E 55.946093679157855 -3.1882032275105483 219.1619110107422 231.87703323364258
55.946093679157855 -3.1882032275105483 W 55.946093679157855 -3.1885032275105485 219.1619110107422 230.62703323364258
55.946093679157855 -3.1885032275105485 ESE 55.945978874128144 -3.188226063650795 219.1619110107422 229.37703323364258
55.945978874128144 -3.188226063650795 NE 55.9461910061625 -3.1880139316164393 219.1619110107422 228.12703323364258
55.9461910061625 -3.1880139316164393 WSW 55.94607620113279 -3.1882910954761927 219.1619110107422 226.87703323364258
55.94607620113279 -3.1882910954761927 ESE 55.94596139610308 -3.1880139316164393 219.1619110107422 225.62703323364258
55.94596139610308 -3.1880139316164393 WSW 55.94584659107337 -3.1882910954761927 219.1619110107422 224.37703323364258
55.94584659107337 -3.1882910954761927 E 55.94584659107337 -3.1879910954761925 219.1619110107422 223.12703323364258
55.94584659107337 -3.1879910954761925 NNW 55.946123754933126 -3.188105900505902 219.1619110107422 221.87703323364258
55.946123754933126 -3.188105900505902 SE 55.94591162289877 -3.1878937684715463 263.3046875 320.9306297302246
55.94591162289877 -3.1878937684715463 NNW 55.946188786758526 -3.1880085735012558 263.3046875 319.6806297302246
55.946188786758526 -3.1880085735012558 SSE 55.94591162289877 -3.1878937684715463 263.3046875 318.4306297302246
55.94591162289877 -3.1878937684715463 ESE 55.94579681786906 -3.187616604611793 263.3046875 317.1806297302246
55.94579681786906 -3.187616604611793 WNW 55.94591162289877 -3.1878937684715463 263.3046875 315.9306297302246
55.94591162289877 -3.1878937684715463 ESE 55.94579681786906 -3.187616604611793 263.3046875 314.6806297302246
55.94579681786906 -3.187616604611793 NNW 55.946073981728816 -3.1877314096415024 263.3046875 313.4306297302246
55.946073981728816 -3.1877314096415024 S 55.94577398172881 -3.1877314096415024 263.3046875 312.1806297302246
55.94577398172881 -3.1877314096415024 N 55.946073981728816 -3.1877314096415024 263.3046875 310.9306297302246
55.946073981728816 -3.1877314096415024 WNW 55.946188786758526 -3.1880085735012558 263.3046875 309.6806297302246
55.946188786758526 -3.1880085735012558 ESE 55.946073981728816 -3.1877314096415024 263.3046875 308.4306297302246
55.946073981728816 -3.1877314096415024 WNW 55.946188786758526 -3.1880085735012558 263.3046875 307.1806297302246
55.946188786758526 -3.1880085735012558 ESE 55.946073981728816 -3.1877314096415024 263.3046875 305.9306297302246
55.946073981728816 -3.1877314096415024 WNW 55.946188786758526 -3.1880085735012558 263.3046875 304.6806297302246
55.946188786758526 -3.1880085735012558 ESE 55.946073981728816 -3.1877314096415024 263.3046875 303.4306297302246
55.946073981728816 -3.1877314096415024 WNW 55.946188786758526 -3.1880085735012558 263.3046875 302.1806297302246
55.946188786758526 -3.1880085735012558 S 55.94588878675852 -3.1880085735012558 263.3046875 300.9306297302246
55.94588878675852 -3.1880085735012558 N 55.946188786758526 -3.1880085735012558 263.3046875 299.6806297302246
55.946188786758526 -3.1880085735012558 W 55.946188786758526 -3.188308573501256 263.3046875 298.4306297302246
55.946188786758526 -3.188308573501256 E 55.946188786758526 -3.1880085735012558 263.3046875 297.1806297302246
55.946188786758526 -3.1880085735012558 W 55.946188786758526 -3.188308573501256 263.3046875 295.9306297302246
55.946188786758526 -3.188308573501256 W 55.946188786758526 -3.188608573501256 263.3046875 294.6806297302246
55.946188786758526 -3.188608573501256 E 55.946188786758526 -3.188308573501256 263.3046875 293.4306297302246
55.946188786758526 -3.188308573501256 W 55.946188786758526 -3.188608573501256 263.3046875 292.1806297302246
55.946188786758526 -3.188608573501256 S 55.94588878675852 -3.188608573501256 263.3046875 290.9306297302246
55.94588878675852 -3.188608573501256 NNW 55.94616595061828 -3.1887233785309657 372.2393112182617 379.88198471069336
55.94616595061828 -3.1887233785309657 SE 55.945953818583924 -3.18851124649661 372.2393112182617 378.63198471069336
55.945953818583924 -3.18851124649661 NW 55.94616595061828 -3.1887233785309657 372.2393112182617 377.38198471069336
55.94616595061828 -3.1887233785309657 E 55.94616595061828 -3.1884233785309655 399.2349967956543 381.8709979057312
55.94616595061828 -3.1884233785309655 W 55.94616595061828 -3.1887233785309657 399.2349967956543 380.6209979057312
55.94616595061828 -3.1887233785309657 E 55.94616595061828 -3.1884233785309655 399.2349967956543 379.3709979057312
55.94616595061828 -3.1884233785309655 WSW 55.94605114558857 -3.188700542390719 399.2349967956543 378.1209979057312
55.94605114558857 -3.188700542390719 SSE 55.94577398172881 -3.1885857373610094 399.2349967956543 376.8709979057312
55.94577398172881 -3.1885857373610094 N 55.946073981728816 -3.1885857373610094 399.2349967956543 375.6209979057312
55.946073981728816 -3.1885857373610094 SSE 55.94579681786906 -3.1884709323313 399.2349967956543 374.3709979057312
55.94579681786906 -3.1884709323313 NNW 55.946073981728816 -3.1885857373610094 399.2349967956543 373.1209979057312
55.946073981728816 -3.1885857373610094 S 55.94577398172881 -3.1885857373610094 399.2349967956543 371.8709979057312
55.94577398172881 -3.1885857373610094 SW 55.94556184969446 -3.188797869395365 399.2349967956543 370.6209979057312
55.94556184969446 -3.188797869395365 NE 55.94577398172881 -3.1885857373610094 399.2349967956543 369.3709979057312
55.94577398172881 -3.1885857373610094 SW 55.94556184969446 -3.188797869395365 399.2349967956543 368.1209979057312
55.94556184969446 -3.188797869395365 NW 55.94577398172881 -3.189010001429721 399.2349967956543 366.8709979057312
55.94577398172881 -3.189010001429721 SE 55.94556184969446 -3.188797869395365 399.2349967956543 365.6209979057312
55.94556184969446 -3.188797869395365 NW 55.94577398172881 -3.189010001429721 399.2349967956543 364.3709979057312
55.94577398172881 -3.189010001429721 SE 55.94556184969446 -3.188797869395365 399.2349967956543 363.1209979057312
55.94556184969446 -3.188797869395365 WNW 55.94567665472417 -3.1890750332551185 399.2349967956543 361.8709979057312
55.94567665472417 -3.1890750332551185 E 55.94567665472417 -3.1887750332551184 399.2349967956543 360.6209979057312
55.94567665472417 -3.1887750332551184 W 55.94567665472417 -3.1890750332551185 399.2349967956543 359.3709979057312
55.94567665472417 -3.1890750332551185 E 55.94567665472417 -3.1887750332551184 399.2349967956543 358.1209979057312
55.94567665472417 -3.1887750332551184 WNW 55.94579145975388 -3.1890521971148718 399.2349967956543 356.8709979057312
55.94579145975388 -3.1890521971148718 NE 55.946003591788234 -3.188840065080516 399.2349967956543 355.6209979057312
55.946003591788234 -3.188840065080516 SSW 55.94572642792848 -3.1889548701102255 399.2349967956543 354.3709979057312
55.94572642792848 -3.1889548701102255 NNE 55.946003591788234 -3.188840065080516 399.2349967956543 353.1209979057312
55.946003591788234 -3.188840065080516 WNW 55.946118396817944 -3.1891172289402694 399.2349967956543 351.8709979057312
55.946118396817944 -3.1891172289402694 ESE 55.946003591788234 -3.188840065080516 399.2349967956543 350.6209979057312
55.946003591788234 -3.188840065080516 WNW 55.946118396817944 -3.1891172289402694 399.2349967956543 349.3709979057312
55.946118396817944 -3.1891172289402694 SW 55.94590626478359 -3.189329360974625 399.2349967956543 348.1209979057312
55.94590626478359 -3.189329360974625 E 55.94590626478359 -3.189029360974625 399.2349967956543 346.8709979057312
55.94590626478359 -3.189029360974625 WSW 55.94579145975388 -3.1893065248343784 399.2349967956543 345.6209979057312
55.94579145975388 -3.1893065248343784 E 55.94579145975388 -3.189006524834378 399.2349967956543 344.3709979057312
55.94579145975388 -3.189006524834378 W 55.94579145975388 -3.1893065248343784 399.2349967956543 343.1209979057312
55.94579145975388 -3.1893065248343784 WNW 55.94590626478359 -3.189583688694132 399.2349967956543 341.8709979057312
55.94590626478359 -3.189583688694132 ESE 55.94579145975388 -3.1893065248343784 399.2349967956543 340.6209979057312
55.94579145975388 -3.1893065248343784 NNW 55.946068623613634 -3.189421329864088 399.2349967956543 339.3709979057312
55.946068623613634 -3.189421329864088 SE 55.94585649157928 -3.189209197829732 399.2349967956543 338.1209979057312
55.94585649157928 -3.189209197829732 NW 55.946068623613634 -3.189421329864088 399.2349967956543 336.8709979057312
55.946068623613634 -3.189421329864088 S 55.94576862361363 -3.189421329864088 462.91335678100586 450.8193621635437
55.94576862361363 -3.189421329864088 NW 55.94598075564799 -3.1896334618984437 462.91335678100586 449.5693621635437
55.94598075564799 -3.1896334618984437 SE 55.94576862361363 -3.189421329864088 462.91335678100586 448.3193621635437
55.94576862361363 -3.189421329864088 E 55.94576862361363 -3.1891213298640877 462.91335678100586 447.0693621635437
55.94576862361363 -3.1891213298640877 W 55.94576862361363 -3.189421329864088 462.91335678100586 445.8193621635437
55.94576862361363 -3.189421329864088 WSW 55.94565381858392 -3.1896984937238413 462.91335678100586 444.5693621635437
55.94565381858392 -3.1896984937238413 NNW 55.94593098244368 -3.189813298753551 462.91335678100586 443.3193621635437
55.94593098244368 -3.189813298753551 SSE 55.94565381858392 -3.1896984937238413 462.91335678100586 442.0693621635437
55.94565381858392 -3.1896984937238413 NW 55.94586595061828 -3.189910625758197 462.91335678100586 440.8193621635437
55.94586595061828 -3.189910625758197 SE 55.94565381858392 -3.1896984937238413 462.91335678100586 439.5693621635437
55.94565381858392 -3.1896984937238413 S 55.94535381858392 -3.1896984937238413 462.91335678100586 438.3193621635437
55.94535381858392 -3.1896984937238413 NNW 55.945630982443674 -3.189813298753551 462.91335678100586 437.0693621635437
55.945630982443674 -3.189813298753551 NNW 55.94590814630343 -3.1899281037832603 462.91335678100586 435.8193621635437
55.94590814630343 -3.1899281037832603 SSE 55.945630982443674 -3.189813298753551 462.91335678100586 434.5693621635437
55.945630982443674 -3.189813298753551 NNW 55.94590814630343 -3.1899281037832603 462.91335678100586 433.3193621635437
55.94590814630343 -3.1899281037832603 SSW 55.945630982443674 -3.19004290881297 462.91335678100586 432.0693621635437
55.945630982443674 -3.19004290881297 NE 55.94584311447803 -3.189830776778614 462.91335678100586 430.8193621635437
55.94584311447803 -3.189830776778614 WNW 55.94595791950774 -3.1901079406383674 462.91335678100586 429.5693621635437
55.94595791950774 -3.1901079406383674 E 55.94595791950774 -3.1898079406383673 462.91335678100586 428.3193621635437
55.94595791950774 -3.1898079406383673 NW 55.9461700515421 -3.190020072672723 462.91335678100586 427.0693621635437
55.9461700515421 -3.190020072672723 SSE 55.94589288768234 -3.1899052676430135 462.91335678100586 425.8193621635437
55.94589288768234 -3.1899052676430135 NNW 55.9461700515421 -3.190020072672723 462.91335678100586 424.5693621635437
55.9461700515421 -3.190020072672723 E 55.9461700515421 -3.189720072672723 462.91335678100586 423.3193621635437
55.9461700515421 -3.189720072672723 W 55.9461700515421 -3.190020072672723 462.91335678100586 422.0693621635437
55.9461700515421 -3.190020072672723 SSE 55.94589288768234 -3.1899052676430135 462.91335678100586 420.8193621635437
55.94589288768234 -3.1899052676430135 NNW 55.9461700515421 -3.190020072672723 462.91335678100586 419.5693621635437
55.9461700515421 -3.190020072672723 W 55.9461700515421 -3.190320072672723 462.91335678100586 418.3193621635437
55.9461700515421 -3.190320072672723 E 55.9461700515421 -3.190020072672723 462.91335678100586 417.0693621635437
55.9461700515421 -3.190020072672723 E 55.9461700515421 -3.189720072672723 462.91335678100586 415.8193621635437
55.9461700515421 -3.189720072672723 W 55.9461700515421 -3.190020072672723 462.91335678100586 414.5693621635437
55.9461700515421 -3.190020072672723 E 55.9461700515421 -3.189720072672723 462.91335678100586 413.3193621635437
55.9461700515421 -3.189720072672723 W 55.9461700515421 -3.190020072672723 462.91335678100586 412.0693621635437
55.9461700515421 -3.190020072672723 E 55.9461700515421 -3.189720072672723 462.91335678100586 410.8193621635437
55.9461700515421 -3.189720072672723 SSW 55.94589288768234 -3.1898348777024323 462.91335678100586 409.5693621635437
55.94589288768234 -3.1898348777024323 NE 55.9461050197167 -3.1896227456680766 462.91335678100586 408.3193621635437
55.9461050197167 -3.1896227456680766 SW 55.94589288768234 -3.1898348777024323 462.91335678100586 407.0693621635437
55.94589288768234 -3.1898348777024323 E 55.94589288768234 -3.189534877702432 485.8334617614746 461.33124113082886
55.94589288768234 -3.189534877702432 WSW 55.94577808265263 -3.1898120415621856 609.7745018005371 531.0877413749695
55.94577808265263 -3.1898120415621856 SSE 55.945500918792874 -3.189697236532476 609.7745018005371 529.8377413749695
55.945500918792874 -3.189697236532476 E 55.945500918792874 -3.189397236532476 609.7745018005371 528.5877413749695
55.945500918792874 -3.189397236532476 W 55.945500918792874 -3.189697236532476 609.7745018005371 527.3377413749695
55.945500918792874 -3.189697236532476 ESE 55.94538611376316 -3.1894200726727227 609.7745018005371 526.0877413749695
55.94538611376316 -3.1894200726727227 WNW 55.945500918792874 -3.189697236532476 609.7745018005371 524.8377413749695
55.945500918792874 -3.189697236532476 S 55.94520091879287 -3.189697236532476 609.7745018005371 523.5877413749695
55.94520091879287 -3.189697236532476 NNE 55.94547808265263 -3.1895824315027665 609.7745018005371 522.3377413749695
55.94547808265263 -3.1895824315027665 S 55.945178082652625 -3.1895824315027665 609.7745018005371 521.0877413749695
55.945178082652625 -3.1895824315027665 S 55.94487808265262 -3.1895824315027665 697.0036659240723 598.3541445732117
55.94487808265262 -3.1895824315027665 N 55.945178082652625 -3.1895824315027665 697.0036659240723 597.1041445732117
55.945178082652625 -3.1895824315027665 NE 55.94539021468698 -3.1893702994684108 697.0036659240723 595.8541445732117
55.94539021468698 -3.1893702994684108 SW 55.945178082652625 -3.1895824315027665 697.0036659240723 594.6041445732117
55.945178082652625 -3.1895824315027665 NE 55.94539021468698 -3.1893702994684108 697.0036659240723 593.3541445732117
55.94539021468698 -3.1893702994684108 S 55.94509021468698 -3.1893702994684108 697.0036659240723 592.1041445732117
55.94509021468698 -3.1893702994684108 N 55.94539021468698 -3.1893702994684108 697.0036659240723 590.8541445732117
55.94539021468698 -3.1893702994684108 S 55.94509021468698 -3.1893702994684108 697.0036659240723 589.6041445732117
55.94509021468698 -3.1893702994684108 N 55.94539021468698 -3.1893702994684108 697.0036659240723 588.3541445732117
55.94539021468698 -3.1893702994684108 W 55.94539021468698 -3.189670299468411 697.0036659240723 587.1041445732117
55.94539021468698 -3.189670299468411 ESE 55.94527540965727 -3.1893931356086576 697.0036659240723 585.8541445732117
55.94527540965727 -3.1893931356086576 SSW 55.944998245797514 -3.189507940638367 697.0036659240723 584.6041445732117
55.944998245797514 -3.189507940638367 N 55.94529824579752 -3.189507940638367 697.0036659240723 583.3541445732117
55.94529824579752 -3.189507940638367 S 55.944998245797514 -3.189507940638367 697.0036659240723 582.1041445732117
55.944998245797514 -3.189507940638367 ENE 55.945113050827224 -3.1892307767786137 697.0036659240723 580.8541445732117
55.945113050827224 -3.1892307767786137 WSW 55.944998245797514 -3.189507940638367 697.0036659240723 579.6041445732117
55.944998245797514 -3.189507940638367 SE 55.94478611376316 -3.1892958086040113 697.0036659240723 578.3541445732117
55.94478611376316 -3.1892958086040113 NW 55.944998245797514 -3.189507940638367 697.0036659240723 577.1041445732117
55.944998245797514 -3.189507940638367 SE 55.94478611376316 -3.1892958086040113 697.0036659240723 575.8541445732117
55.94478611376316 -3.1892958086040113 WNW 55.94490091879287 -3.1895729724637647 697.0036659240723 574.6041445732117
55.94490091879287 -3.1895729724637647 ESE 55.94478611376316 -3.1892958086040113 697.0036659240723 573.3541445732117
55.94478611376316 -3.1892958086040113 NE 55.944998245797514 -3.1890836765696555 697.0036659240723 572.1041445732117
55.944998245797514 -3.1890836765696555 SW 55.94478611376316 -3.1892958086040113 697.0036659240723 570.8541445732117
55.94478611376316 -3.1892958086040113 NE 55.944998245797514 -3.1890836765696555 697.0036659240723 569.6041445732117
55.944998245797514 -3.1890836765696555 SSW 55.94472108193776 -3.189198481599365 697.0036659240723 568.3541445732117
55.94472108193776 -3.189198481599365 S 55.944421081937755 -3.189198481599365 794.819164276123 689.8048205375671
55.944421081937755 -3.189198481599365 N 55.94472108193776 -3.189198481599365 794.819164276123 688.5548205375671
55.94472108193776 -3.189198481599365 SSE 55.944443918078 -3.1890836765696555 897.1270484924316 753.4475131034851
55.944443918078 -3.1890836765696555 NNW 55.94472108193776 -3.189198481599365 897.1270484924316 752.1975131034851
55.94472108193776 -3.189198481599365 ESE 55.94460627690805 -3.1889213177396116 897.1270484924316 750.9475131034851
55.94460627690805 -3.1889213177396116 WNW 55.94472108193776 -3.189198481599365 897.1270484924316 749.6975131034851
55.94472108193776 -3.189198481599365 WNW 55.94483588696747 -3.1894756454591184 897.1270484924316 748.4475131034851
55.94483588696747 -3.1894756454591184 SE 55.94462375493311 -3.1892635134247627 897.1270484924316 747.1975131034851
55.94462375493311 -3.1892635134247627 W 55.94462375493311 -3.189563513424763 897.1270484924316 745.9475131034851
55.94462375493311 -3.189563513424763 ESE 55.9445089499034 -3.1892863495650094 897.1270484924316 744.6975131034851
55.9445089499034 -3.1892863495650094 WNW 55.94462375493311 -3.189563513424763 897.1270484924316 743.4475131034851
55.94462375493311 -3.189563513424763 NNW 55.94490091879287 -3.1896783184544724 897.1270484924316 742.1975131034851
55.94490091879287 -3.1896783184544724 S 55.944600918792865 -3.1896783184544724 897.1270484924316 740.9475131034851
55.944600918792865 -3.1896783184544724 WNW 55.944715723822576 -3.1899554823142258 897.1270484924316 739.6975131034851
55.944715723822576 -3.1899554823142258 ESE 55.944600918792865 -3.1896783184544724 897.1270484924316 738.4475131034851
55.944600918792865 -3.1896783184544724 NNE 55.94487808265262 -3.189563513424763 897.1270484924316 737.1975131034851
55.94487808265262 -3.189563513424763 SSW 55.944600918792865 -3.1896783184544724 897.1270484924316 735.9475131034851
55.944600918792865 -3.1896783184544724 WSW 55.944486113763155 -3.1899554823142258 897.1270484924316 734.6975131034851
55.944486113763155 -3.1899554823142258 E 55.944486113763155 -3.1896554823142256 897.1270484924316 733.4475131034851
55.944486113763155 -3.1896554823142256 W 55.944486113763155 -3.1899554823142258 897.1270484924316 732.1975131034851
55.944486113763155 -3.1899554823142258 ENE 55.944600918792865 -3.1896783184544724 897.1270484924316 730.9475131034851
55.944600918792865 -3.1896783184544724 WSW 55.944486113763155 -3.1899554823142258 897.1270484924316 729.6975131034851
55.944486113763155 -3.1899554823142258 NNE 55.94476327762291 -3.1898406772845163 965.0645179748535 814.1721758842468
55.94476327762291 -3.1898406772845163 SW 55.944551145588555 -3.190052809318872 965.0645179748535 812.9221758842468
55.944551145588555 -3.190052809318872 S 55.94425114558855 -3.190052809318872 980.152530670166 880.8138766288757
55.94425114558855 -3.190052809318872 N 55.944551145588555 -3.190052809318872 980.152530670166 879.5638766288757
55.944551145588555 -3.190052809318872 WNW 55.944665950618266 -3.1903299731786254 980.152530670166 878.3138766288757
55.944665950618266 -3.1903299731786254 ESE 55.944551145588555 -3.190052809318872 980.152530670166 877.0638766288757
55.944551145588555 -3.190052809318872 S 55.94425114558855 -3.190052809318872 980.152530670166 875.8138766288757
55.94425114558855 -3.190052809318872 NNE 55.94452830944831 -3.1899380042891625 980.152530670166 874.5638766288757
55.94452830944831 -3.1899380042891625 NNE 55.944805473308065 -3.189823199259453 980.152530670166 873.3138766288757
55.944805473308065 -3.189823199259453 SW 55.94459334127371 -3.190035331293809 980.152530670166 872.0638766288757
55.94459334127371 -3.190035331293809 NNE 55.944870505133466 -3.1899205262640993 980.152530670166 870.8138766288757
55.944870505133466 -3.1899205262640993 WSW 55.944755700103755 -3.1901976901238527 1058.2979164123535 952.2640261650085
55.944755700103755 -3.1901976901238527 SSW 55.944478536244 -3.190312495153562 1058.2979164123535 951.0140261650085
55.944478536244 -3.190312495153562 NNE 55.944755700103755 -3.1901976901238527 1058.2979164123535 949.7640261650085
55.944755700103755 -3.1901976901238527 N 55.94505570010376 -3.1901976901238527 1058.2979164123535 948.5140261650085
55.94505570010376 -3.1901976901238527 S 55.944755700103755 -3.1901976901238527 1058.2979164123535 947.2640261650085
55.944755700103755 -3.1901976901238527 WSW 55.944640895074045 -3.190474853983606 1058.2979164123535 946.0140261650085
55.944640895074045 -3.190474853983606 E 55.944640895074045 -3.190174853983606 1073.7084922790527 1055.0238070487976
55.944640895074045 -3.190174853983606 W 55.944640895074045 -3.190474853983606 1073.7084922790527 1053.7738070487976
55.944640895074045 -3.190474853983606 SE 55.94442876303969 -3.1902627219492503 1073.7084922790527 1052.5238070487976
