55.944425 -3.188396 WNW 55.94453980502971 -3.1886731638597534 0.0 248.75
55.94453980502971 -3.1886731638597534 E 55.94453980502971 -3.1883731638597532 0.0 247.5
55.94453980502971 -3.1883731638597532 SE 55.94432767299536 -3.1881610318253975 0.0 246.25
55.94432767299536 -3.1881610318253975 NW 55.94453980502971 -3.1883731638597532 0.0 245.0
55.94453980502971 -3.1883731638597532 SSE 55.944262641169956 -3.1882583588300437 0.0 243.75
55.944262641169956 -3.1882583588300437 NNW 55.94453980502971 -3.1883731638597532 0.0 242.5
55.94453980502971 -3.1883731638597532 SSE 55.944262641169956 -3.1882583588300437 0.0 241.25
55.944262641169956 -3.1882583588300437 NNW 55.94453980502971 -3.1883731638597532 0.0 240.0
55.94453980502971 -3.1883731638597532 ESE 55.944425 -3.188096 0.0 238.75
55.944425 -3.188096 WNW 55.94453980502971 -3.1883731638597532 0.0 237.5
55.94453980502971 -3.1883731638597532 ESE 55.944425 -3.188096 0.0 236.25
55.944425 -3.188096 NW 55.94463713203436 -3.1883081320343556 0.0 235.0
55.94463713203436 -3.1883081320343556 E 55.94463713203436 -3.1880081320343554 0.0 233.75
55.94463713203436 -3.1880081320343554 W 55.94463713203436 -3.1883081320343556 0.0 232.5
55.94463713203436 -3.1883081320343556 SE 55.944425 -3.188096 0.0 231.25
55.944425 -3.188096 NW 55.94463713203436 -3.1883081320343556 0.0 230.0
55.94463713203436 -3.1883081320343556 NE 55.944849264068715 -3.188096 0.0 228.75
55.944849264068715 -3.188096 SW 55.94463713203436 -3.1883081320343556 0.0 227.5
55.94463713203436 -3.1883081320343556 NNW 55.944914295894115 -3.188422937064065 0.0 226.25
55.944914295894115 -3.188422937064065 SSE 55.94463713203436 -3.1883081320343556 0.0 225.0
55.94463713203436 -3.1883081320343556 NW 55.944849264068715 -3.1885202640687114 0.0 223.75
55.944849264068715 -3.1885202640687114 E 55.944849264068715 -3.188220264068711 0.0 222.5
55.944849264068715 -3.188220264068711 W 55.944849264068715 -3.1885202640687114 0.0 221.25
55.944849264068715 -3.1885202640687114 E 55.944849264068715 -3.188220264068711 0.0 220.0
55.944849264068715 -3.188220264068711 WNW 55.944964069098425 -3.1884974279284646 0.0 218.75
55.944964069098425 -3.1884974279284646 ESE 55.944849264068715 -3.188220264068711 0.0 217.5
55.944849264068715 -3.188220264068711 W 55.944849264068715 -3.1885202640687114 0.0 216.25
55.944849264068715 -3.1885202640687114 E 55.944849264068715 -3.188220264068711 0.0 215.0
55.944849264068715 -3.188220264068711 NW 55.94506139610307 -3.188432396103067 0.0 213.75
55.94506139610307 -3.188432396103067 SE 55.944849264068715 -3.188220264068711 0.0 212.5
55.944849264068715 -3.188220264068711 N 55.94514926406872 -3.188220264068711 0.0 211.25
55.94514926406872 -3.188220264068711 S 55.944849264068715 -3.188220264068711 0.0 210.0
55.944849264068715 -3.188220264068711 NNE 55.94512642792847 -3.1881054590390017 0.0 208.75
55.94512642792847 -3.1881054590390017 S 55.94482642792847 -3.1881054590390017 0.0 207.5
55.94482642792847 -3.1881054590390017 E 55.94482642792847 -3.1878054590390015 0.0 206.25
55.94482642792847 -3.1878054590390015 W 55.94482642792847 -3.1881054590390017 0.0 205.0
55.94482642792847 -3.1881054590390017 W 55.94482642792847 -3.188405459039002 0.0 203.75
55.94482642792847 -3.188405459039002 E 55.94482642792847 -3.1881054590390017 0.0 202.5
55.94482642792847 -3.1881054590390017 WNW 55.94494123295818 -3.188382622898755 0.0 201.25
55.94494123295818 -3.188382622898755 S 55.944641232958176 -3.188382622898755 0.0 200.0
55.944641232958176 -3.188382622898755 N 55.94494123295818 -3.188382622898755 0.0 198.75
55.94494123295818 -3.188382622898755 ENE 55.94505603798789 -3.1881054590390017 0.0 197.5
55.94505603798789 -3.1881054590390017 WSW 55.94494123295818 -3.188382622898755 0.0 196.25
55.94494123295818 -3.188382622898755 WNW 55.94505603798789 -3.1886597867585085 0.0 195.0
55.94505603798789 -3.1886597867585085 ESE 55.94494123295818 -3.188382622898755 0.0 193.75
55.94494123295818 -3.188382622898755 ENE 55.94505603798789 -3.1881054590390017 0.0 192.5
55.94505603798789 -3.1881054590390017 W 55.94505603798789 -3.188405459039002 0.0 191.25
55.94505603798789 -3.188405459039002 E 55.94505603798789 -3.1881054590390017 0.0 190.0
55.94505603798789 -3.1881054590390017 W 55.94505603798789 -3.188405459039002 0.0 188.75
55.94505603798789 -3.188405459039002 SSW 55.94477887412813 -3.1885202640687114 0.0 187.5
55.94477887412813 -3.1885202640687114 NNE 55.94505603798789 -3.188405459039002 0.0 186.25
55.94505603798789 -3.188405459039002 W 55.94505603798789 -3.188705459039002 0.0 185.0
55.94505603798789 -3.188705459039002 ESE 55.94494123295818 -3.1884282951792486 0.0 183.75
55.94494123295818 -3.1884282951792486 W 55.94494123295818 -3.188728295179249 0.0 182.5
55.94494123295818 -3.188728295179249 ENE 55.94505603798789 -3.1884511313194954 0.0 181.25
55.94505603798789 -3.1884511313194954 WSW 55.94494123295818 -3.188728295179249 0.0 180.0
55.94494123295818 -3.188728295179249 NNE 55.945218396817936 -3.1886134901495393 0.0 178.75
55.945218396817936 -3.1886134901495393 SSW 55.94494123295818 -3.188728295179249 0.0 177.5
55.94494123295818 -3.188728295179249 N 55.94524123295818 -3.188728295179249 0.0 176.25
55.94524123295818 -3.188728295179249 S 55.94494123295818 -3.188728295179249 0.0 175.0
55.94494123295818 -3.188728295179249 SSW 55.94466406909842 -3.1888431002089583 63.989166259765625 297.23040771484375
55.94466406909842 -3.1888431002089583 NNE 55.94494123295818 -3.188728295179249 63.989166259765625 295.98040771484375
55.94494123295818 -3.188728295179249 SSW 55.94466406909842 -3.1888431002089583 63.989166259765625 294.73040771484375
55.94466406909842 -3.1888431002089583 NNE 55.94494123295818 -3.188728295179249 63.989166259765625 293.48040771484375
55.94494123295818 -3.188728295179249 SW 55.94472910092382 -3.1889404272136046 63.989166259765625 292.23040771484375
55.94472910092382 -3.1889404272136046 NNE 55.94500626478358 -3.188825622183895 63.989166259765625 290.98040771484375
55.94500626478358 -3.188825622183895 S 55.944706264783576 -3.188825622183895 100.66790008544922 357.7980499267578
55.944706264783576 -3.188825622183895 NNW 55.94498342864333 -3.1889404272136046 100.66790008544922 356.5480499267578
55.94498342864333 -3.1889404272136046 SSE 55.944706264783576 -3.188825622183895 100.66790008544922 355.2980499267578
55.944706264783576 -3.188825622183895 NNW 55.94498342864333 -3.1889404272136046 100.66790008544922 354.0480499267578
55.94498342864333 -3.1889404272136046 S 55.94468342864333 -3.1889404272136046 100.66790008544922 352.7980499267578
55.94468342864333 -3.1889404272136046 NNW 55.94496059250309 -3.189055232243314 100.66790008544922 351.5480499267578
55.94496059250309 -3.189055232243314 SSE 55.94468342864333 -3.1889404272136046 100.66790008544922 350.2980499267578
55.94468342864333 -3.1889404272136046 NNW 55.94496059250309 -3.189055232243314 100.66790008544922 349.0480499267578
55.94496059250309 -3.189055232243314 SSE 55.94468342864333 -3.1889404272136046 100.66790008544922 347.7980499267578
55.94468342864333 -3.1889404272136046 NNW 55.94496059250309 -3.189055232243314 100.66790008544922 346.5480499267578
55.94496059250309 -3.189055232243314 ESE 55.944845787473376 -3.1887780683835607 100.66790008544922 345.2980499267578
55.944845787473376 -3.1887780683835607 NW 55.94505791950773 -3.1889902004179165 100.66790008544922 344.0480499267578
55.94505791950773 -3.1889902004179165 SE 55.944845787473376 -3.1887780683835607 100.66790008544922 342.7980499267578
55.944845787473376 -3.1887780683835607 NW 55.94505791950773 -3.1889902004179165 100.66790008544922 341.5480499267578
55.94505791950773 -3.1889902004179165 E 55.94505791950773 -3.1886902004179163 100.66790008544922 340.2980499267578
55.94505791950773 -3.1886902004179163 W 55.94505791950773 -3.1889902004179165 100.66790008544922 339.0480499267578
55.94505791950773 -3.1889902004179165 E 55.94505791950773 -3.1886902004179163 100.66790008544922 337.7980499267578
55.94505791950773 -3.1886902004179163 NNW 55.94533508336749 -3.188805005447626 100.66790008544922 336.5480499267578
55.94533508336749 -3.188805005447626 SSE 55.94505791950773 -3.1886902004179163 100.66790008544922 335.2980499267578
55.94505791950773 -3.1886902004179163 NNW 55.94533508336749 -3.188805005447626 100.66790008544922 334.0480499267578
55.94533508336749 -3.188805005447626 E 55.94533508336749 -3.1885050054476256 100.66790008544922 332.7980499267578
55.94533508336749 -3.1885050054476256 SSW 55.94505791950773 -3.188619810477335 100.66790008544922 331.5480499267578
55.94505791950773 -3.188619810477335 N 55.945357919507735 -3.188619810477335 100.66790008544922 330.2980499267578
55.945357919507735 -3.188619810477335 SSW 55.94508075564798 -3.1887346155070446 100.66790008544922 329.0480499267578
55.94508075564798 -3.1887346155070446 NE 55.945292887682335 -3.188522483472689 100.66790008544922 327.7980499267578
55.945292887682335 -3.188522483472689 NW 55.94550501971669 -3.1887346155070446 100.66790008544922 326.5480499267578
55.94550501971669 -3.1887346155070446 SE 55.945292887682335 -3.188522483472689 100.66790008544922 325.2980499267578
55.945292887682335 -3.188522483472689 SSE 55.94501572382258 -3.1884076784429793 118.94289207458496 431.33897399902344
55.94501572382258 -3.1884076784429793 N 55.94531572382258 -3.1884076784429793 118.94289207458496 430.08897399902344
55.94531572382258 -3.1884076784429793 NE 55.94552785585694 -3.1881955464086236 118.94289207458496 428.83897399902344
55.94552785585694 -3.1881955464086236 SW 55.94531572382258 -3.1884076784429793 118.94289207458496 427.58897399902344
55.94531572382258 -3.1884076784429793 SE 55.945103591788225 -3.1881955464086236 118.94289207458496 426.33897399902344
55.945103591788225 -3.1881955464086236 NNW 55.94538075564798 -3.188310351438333 118.94289207458496 425.08897399902344
55.94538075564798 -3.188310351438333 SSE 55.945103591788225 -3.1881955464086236 118.94289207458496 423.83897399902344
55.945103591788225 -3.1881955464086236 NNW 55.94538075564798 -3.188310351438333 118.94289207458496 422.58897399902344
55.94538075564798 -3.188310351438333 SE 55.945168623613625 -3.1880982194039773 118.94289207458496 421.33897399902344
55.945168623613625 -3.1880982194039773 WNW 55.945283428643336 -3.1883753832637307 118.94289207458496 420.08897399902344
55.945283428643336 -3.1883753832637307 SE 55.94507129660898 -3.188163251229375 118.94289207458496 418.83897399902344
55.94507129660898 -3.188163251229375 WNW 55.94518610163869 -3.1884404150891283 209.646635055542 470.51214599609375
55.94518610163869 -3.1884404150891283 ESE 55.94507129660898 -3.188163251229375 209.646635055542 469.26214599609375
55.94507129660898 -3.188163251229375 WSW 55.94495649157927 -3.1884404150891283 209.646635055542 468.01214599609375
55.94495649157927 -3.1884404150891283 ENE 55.94507129660898 -3.188163251229375 209.646635055542 466.76214599609375
55.94507129660898 -3.188163251229375 ESE 55.94495649157927 -3.1878860873696215 209.646635055542 465.51214599609375
55.94495649157927 -3.1878860873696215 WNW 55.94507129660898 -3.188163251229375 209.646635055542 464.26214599609375
55.94507129660898 -3.188163251229375 SE 55.94485916457462 -3.187951119195019 209.646635055542 463.01214599609375
55.94485916457462 -3.187951119195019 NNW 55.94513632843438 -3.1880659242247287 209.646635055542 461.76214599609375
55.94513632843438 -3.1880659242247287 NE 55.945348460468736 -3.187853792190373 209.646635055542 460.51214599609375
55.945348460468736 -3.187853792190373 WSW 55.945233655439026 -3.1881309560501263 209.646635055542 459.26214599609375
55.945233655439026 -3.1881309560501263 ENE 55.945348460468736 -3.187853792190373 209.646635055542 458.01214599609375
55.945348460468736 -3.187853792190373 WSW 55.945233655439026 -3.1881309560501263 209.646635055542 456.76214599609375
55.945233655439026 -3.1881309560501263 ENE 55.945348460468736 -3.187853792190373 209.646635055542 455.51214599609375
55.945348460468736 -3.187853792190373 WSW 55.945233655439026 -3.1881309560501263 209.646635055542 454.26214599609375
55.945233655439026 -3.1881309560501263 ENE 55.945348460468736 -3.187853792190373 209.646635055542 453.01214599609375
55.945348460468736 -3.187853792190373 WNW 55.94546326549845 -3.1881309560501263 209.646635055542 451.76214599609375
55.94546326549845 -3.1881309560501263 ESE 55.945348460468736 -3.187853792190373 209.646635055542 450.51214599609375
55.945348460468736 -3.187853792190373 WNW 55.94546326549845 -3.1881309560501263 209.646635055542 449.26214599609375
55.94546326549845 -3.1881309560501263 ENE 55.94557807052816 -3.187853792190373 209.646635055542 448.01214599609375
55.94557807052816 -3.187853792190373 WSW 55.94546326549845 -3.1881309560501263 209.646635055542 446.76214599609375
55.94546326549845 -3.1881309560501263 ENE 55.94557807052816 -3.187853792190373 209.646635055542 445.51214599609375
55.94557807052816 -3.187853792190373 W 55.94557807052816 -3.188153792190373 209.646635055542 444.26214599609375
55.94557807052816 -3.188153792190373 E 55.94557807052816 -3.187853792190373 209.646635055542 443.01214599609375
55.94557807052816 -3.187853792190373 W 55.94557807052816 -3.188153792190373 209.646635055542 441.76214599609375
55.94557807052816 -3.188153792190373 NW 55.94579020256251 -3.188365924224729 209.646635055542 440.51214599609375
55.94579020256251 -3.188365924224729 SE 55.94557807052816 -3.188153792190373 209.646635055542 439.26214599609375
55.94557807052816 -3.188153792190373 W 55.94557807052816 -3.1884537921903733 209.646635055542 438.01214599609375
55.94557807052816 -3.1884537921903733 E 55.94557807052816 -3.188153792190373 209.646635055542 436.76214599609375
55.94557807052816 -3.188153792190373 WSW 55.94546326549845 -3.1884309560501265 209.646635055542 435.51214599609375
55.94546326549845 -3.1884309560501265 ENE 55.94557807052816 -3.188153792190373 209.646635055542 434.26214599609375
55.94557807052816 -3.188153792190373 WSW 55.94546326549845 -3.1884309560501265 209.646635055542 433.01214599609375
55.94546326549845 -3.1884309560501265 ENE 55.94557807052816 -3.188153792190373 209.646635055542 431.76214599609375
55.94557807052816 -3.188153792190373 WSW 55.94546326549845 -3.1884309560501265 209.646635055542 430.51214599609375
55.94546326549845 -3.1884309560501265 WSW 55.945348460468736 -3.18870811990988 209.646635055542 429.26214599609375
55.945348460468736 -3.18870811990988 ENE 55.94546326549845 -3.1884309560501265 209.646635055542 428.01214599609375
55.94546326549845 -3.1884309560501265 SE 55.94525113346409 -3.1882188240157707 209.646635055542 426.76214599609375
55.94525113346409 -3.1882188240157707 NW 55.94546326549845 -3.1884309560501265 209.646635055542 425.51214599609375
55.94546326549845 -3.1884309560501265 SSE 55.94518610163869 -3.188316151020417 209.646635055542 424.26214599609375
55.94518610163869 -3.188316151020417 NNW 55.94546326549845 -3.1884309560501265 209.646635055542 423.01214599609375
55.94546326549845 -3.1884309560501265 SW 55.94525113346409 -3.1886430880844823 209.646635055542 421.76214599609375
55.94525113346409 -3.1886430880844823 NE 55.94546326549845 -3.1884309560501265 209.646635055542 420.51214599609375
55.94546326549845 -3.1884309560501265 W 55.94546326549845 -3.1887309560501267 209.646635055542 419.26214599609375
55.94546326549845 -3.1887309560501267 ENE 55.94557807052816 -3.1884537921903733 209.646635055542 418.01214599609375
55.94557807052816 -3.1884537921903733 SW 55.9453659384938 -3.188665924224729 209.646635055542 416.76214599609375
55.9453659384938 -3.188665924224729 NE 55.94557807052816 -3.1884537921903733 209.646635055542 415.51214599609375
55.94557807052816 -3.1884537921903733 NW 55.94579020256251 -3.188665924224729 209.646635055542 414.26214599609375
55.94579020256251 -3.188665924224729 SE 55.94557807052816 -3.1884537921903733 209.646635055542 413.01214599609375
55.94557807052816 -3.1884537921903733 WSW 55.94546326549845 -3.1887309560501267 209.646635055542 411.76214599609375
55.94546326549845 -3.1887309560501267 ENE 55.94557807052816 -3.1884537921903733 209.646635055542 410.51214599609375
55.94557807052816 -3.1884537921903733 NW 55.94579020256251 -3.188665924224729 209.646635055542 409.26214599609375
55.94579020256251 -3.188665924224729 SE 55.94557807052816 -3.1884537921903733 209.646635055542 408.01214599609375
55.94557807052816 -3.1884537921903733 W 55.94557807052816 -3.1887537921903735 209.646635055542 406.76214599609375
55.94557807052816 -3.1887537921903735 E 55.94557807052816 -3.1884537921903733 209.646635055542 405.51214599609375
55.94557807052816 -3.1884537921903733 NW 55.94579020256251 -3.188665924224729 209.646635055542 404.26214599609375
55.94579020256251 -3.188665924224729 S 55.94549020256251 -3.188665924224729 209.646635055542 403.01214599609375
55.94549020256251 -3.188665924224729 N 55.94579020256251 -3.188665924224729 209.646635055542 401.76214599609375
55.94579020256251 -3.188665924224729 SSW 55.94551303870276 -3.1887807292544386 209.646635055542 400.51214599609375
55.94551303870276 -3.1887807292544386 NNE 55.94579020256251 -3.188665924224729 209.646635055542 399.26214599609375
55.94579020256251 -3.188665924224729 SW 55.94557807052816 -3.188878056259085 209.646635055542 398.01214599609375
55.94557807052816 -3.188878056259085 NE 55.94579020256251 -3.188665924224729 209.646635055542 396.76214599609375
55.94579020256251 -3.188665924224729 NW 55.94600233459687 -3.188878056259085 209.646635055542 395.51214599609375
55.94600233459687 -3.188878056259085 SE 55.94579020256251 -3.188665924224729 209.646635055542 394.26214599609375
55.94579020256251 -3.188665924224729 WNW 55.94590500759222 -3.1889430880844825 209.646635055542 393.01214599609375
55.94590500759222 -3.1889430880844825 E 55.94590500759222 -3.1886430880844823 209.646635055542 391.76214599609375
55.94590500759222 -3.1886430880844823 W 55.94590500759222 -3.1889430880844825 209.646635055542 390.51214599609375
55.94590500759222 -3.1889430880844825 E 55.94590500759222 -3.1886430880844823 209.646635055542 389.26214599609375
55.94590500759222 -3.1886430880844823 NE 55.94611713962658 -3.1884309560501265 209.646635055542 388.01214599609375
55.94611713962658 -3.1884309560501265 SW 55.94590500759222 -3.1886430880844823 209.646635055542 386.76214599609375
55.94590500759222 -3.1886430880844823 ENE 55.946019812621934 -3.188365924224729 209.646635055542 385.51214599609375
55.946019812621934 -3.188365924224729 SW 55.94580768058758 -3.1885780562590846 294.1888942718506 399.98519706726074
55.94580768058758 -3.1885780562590846 SSW 55.94553051672782 -3.188692861288794 294.1888942718506 398.73519706726074
55.94553051672782 -3.188692861288794 NNE 55.94580768058758 -3.1885780562590846 294.1888942718506 397.48519706726074
55.94580768058758 -3.1885780562590846 ENE 55.94592248561729 -3.1883008923993312 294.1888942718506 396.23519706726074
55.94592248561729 -3.1883008923993312 WSW 55.94580768058758 -3.1885780562590846 294.1888942718506 394.98519706726074
55.94580768058758 -3.1885780562590846 E 55.94580768058758 -3.1882780562590844 294.1888942718506 393.73519706726074
55.94580768058758 -3.1882780562590844 WNW 55.94592248561729 -3.188555220118838 294.1888942718506 392.48519706726074
55.94592248561729 -3.188555220118838 E 55.94592248561729 -3.1882552201188377 294.1888942718506 391.23519706726074
55.94592248561729 -3.1882552201188377 W 55.94592248561729 -3.188555220118838 294.1888942718506 389.98519706726074
55.94592248561729 -3.188555220118838 E 55.94592248561729 -3.1882552201188377 294.1888942718506 388.73519706726074
55.94592248561729 -3.1882552201188377 W 55.94592248561729 -3.188555220118838 294.1888942718506 387.48519706726074
55.94592248561729 -3.188555220118838 E 55.94592248561729 -3.1882552201188377 294.1888942718506 386.23519706726074
55.94592248561729 -3.1882552201188377 SSW 55.94564532175753 -3.188370025148547 294.1888942718506 384.98519706726074
55.94564532175753 -3.188370025148547 N 55.945945321757534 -3.188370025148547 294.1888942718506 383.73519706726074
55.945945321757534 -3.188370025148547 S 55.94564532175753 -3.188370025148547 294.1888942718506 382.48519706726074
55.94564532175753 -3.188370025148547 N 55.945945321757534 -3.188370025148547 294.1888942718506 381.23519706726074
55.945945321757534 -3.188370025148547 S 55.94564532175753 -3.188370025148547 294.1888942718506 379.98519706726074
55.94564532175753 -3.188370025148547 NNW 55.94592248561729 -3.1884848301782567 395.13551139831543 494.8944911956787
55.94592248561729 -3.1884848301782567 SSE 55.94564532175753 -3.188370025148547 395.13551139831543 493.6444911956787
55.94564532175753 -3.188370025148547 WNW 55.94576012678724 -3.1886471890083006 395.13551139831543 492.3944911956787
55.94576012678724 -3.1886471890083006 ESE 55.94564532175753 -3.188370025148547 395.13551139831543 491.1444911956787
55.94564532175753 -3.188370025148547 NE 55.94585745379189 -3.1881578931141914 395.13551139831543 489.8944911956787
55.94585745379189 -3.1881578931141914 SW 55.94564532175753 -3.188370025148547 395.13551139831543 488.6444911956787
55.94564532175753 -3.188370025148547 NE 55.94585745379189 -3.1881578931141914 395.13551139831543 487.3944911956787
55.94585745379189 -3.1881578931141914 SW 55.94564532175753 -3.188370025148547 395.13551139831543 486.1444911956787
55.94564532175753 -3.188370025148547 ENE 55.94576012678724 -3.1880928612887938 395.13551139831543 484.8944911956787
55.94576012678724 -3.1880928612887938 WSW 55.94564532175753 -3.188370025148547 395.13551139831543 483.6444911956787
55.94564532175753 -3.188370025148547 ENE 55.94576012678724 -3.1880928612887938 395.13551139831543 482.3944911956787
55.94576012678724 -3.1880928612887938 WNW 55.94587493181695 -3.188370025148547 395.13551139831543 481.1444911956787
55.94587493181695 -3.188370025148547 ESE 55.94576012678724 -3.1880928612887938 395.13551139831543 479.8944911956787
55.94576012678724 -3.1880928612887938 NNW 55.946037290647 -3.1882076663185033 395.13551139831543 478.6444911956787
55.946037290647 -3.1882076663185033 SSE 55.94576012678724 -3.1880928612887938 395.13551139831543 477.3944911956787
55.94576012678724 -3.1880928612887938 NW 55.9459722588216 -3.1883049933231495 395.13551139831543 476.1444911956787
55.9459722588216 -3.1883049933231495 SE 55.94576012678724 -3.1880928612887938 395.13551139831543 474.8944911956787
55.94576012678724 -3.1880928612887938 NNW 55.946037290647 -3.1882076663185033 395.13551139831543 473.6444911956787
55.946037290647 -3.1882076663185033 SSE 55.94576012678724 -3.1880928612887938 395.13551139831543 472.3944911956787
55.94576012678724 -3.1880928612887938 NW 55.9459722588216 -3.1883049933231495 395.13551139831543 471.1444911956787
55.9459722588216 -3.1883049933231495 ESE 55.94585745379189 -3.188027829463396 395.13551139831543 469.8944911956787
55.94585745379189 -3.188027829463396 WNW 55.9459722588216 -3.1883049933231495 395.13551139831543 468.6444911956787
55.9459722588216 -3.1883049933231495 ESE 55.94585745379189 -3.188027829463396 395.13551139831543 467.3944911956787
55.94585745379189 -3.188027829463396 WNW 55.9459722588216 -3.1883049933231495 395.13551139831543 466.1444911956787
55.9459722588216 -3.1883049933231495 WSW 55.94585745379189 -3.188582157182903 395.13551139831543 464.8944911956787
55.94585745379189 -3.188582157182903 NE 55.946069585826244 -3.188370025148547 395.13551139831543 463.6444911956787
55.946069585826244 -3.188370025148547 SSW 55.94579242196649 -3.1884848301782567 395.13551139831543 462.3944911956787
55.94579242196649 -3.1884848301782567 NNE 55.946069585826244 -3.188370025148547 395.13551139831543 461.1444911956787
55.946069585826244 -3.188370025148547 W 55.946069585826244 -3.1886700251485474 518.4154109954834 471.64652919769287
55.946069585826244 -3.1886700251485474 E 55.946069585826244 -3.188370025148547 518.4154109954834 470.39652919769287
55.946069585826244 -3.188370025148547 S 55.94576958582624 -3.188370025148547 518.4154109954834 469.14652919769287
55.94576958582624 -3.188370025148547 N 55.946069585826244 -3.188370025148547 518.4154109954834 467.89652919769287
55.946069585826244 -3.188370025148547 WNW 55.946184390855954 -3.1886471890083006 563.8740100860596 511.51377391815186
55.946184390855954 -3.1886471890083006 ESE 55.946069585826244 -3.188370025148547 563.8740100860596 510.26377391815186
55.946069585826244 -3.188370025148547 SSW 55.94579242196649 -3.1884848301782567 563.8740100860596 509.01377391815186
55.94579242196649 -3.1884848301782567 NNE 55.946069585826244 -3.188370025148547 563.8740100860596 507.76377391815186
55.946069585826244 -3.188370025148547 WNW 55.946184390855954 -3.1886471890083006 563.8740100860596 506.51377391815186
55.946184390855954 -3.1886471890083006 ESE 55.946069585826244 -3.188370025148547 563.8740100860596 505.26377391815186
55.946069585826244 -3.188370025148547 WNW 55.946184390855954 -3.1886471890083006 563.8740100860596 504.01377391815186
55.946184390855954 -3.1886471890083006 SE 55.9459722588216 -3.188435056973945 563.8740100860596 502.76377391815186
55.9459722588216 -3.188435056973945 SW 55.94576012678724 -3.1886471890083006 563.8740100860596 501.51377391815186
55.94576012678724 -3.1886471890083006 NE 55.9459722588216 -3.188435056973945 563.8740100860596 500.26377391815186
55.9459722588216 -3.188435056973945 SW 55.94576012678724 -3.1886471890083006 563.8740100860596 499.01377391815186
55.94576012678724 -3.1886471890083006 NNW 55.946037290647 -3.18876199403801 563.8740100860596 497.76377391815186
55.946037290647 -3.18876199403801 ESE 55.94592248561729 -3.1884848301782567 563.8740100860596 496.51377391815186
55.94592248561729 -3.1884848301782567 WNW 55.946037290647 -3.18876199403801 563.8740100860596 495.26377391815186
55.946037290647 -3.18876199403801 SE 55.94582515861264 -3.1885498620036543 563.8740100860596 494.01377391815186
55.94582515861264 -3.1885498620036543 NW 55.946037290647 -3.18876199403801 563.8740100860596 492.76377391815186
55.946037290647 -3.18876199403801 E 55.946037290647 -3.18846199403801 563.8740100860596 491.51377391815186
55.946037290647 -3.18846199403801 WNW 55.94615209567671 -3.1887391578977633 563.8740100860596 490.26377391815186
55.94615209567671 -3.1887391578977633 E 55.94615209567671 -3.188439157897763 563.8740100860596 489.01377391815186
55.94615209567671 -3.188439157897763 W 55.94615209567671 -3.1887391578977633 563.8740100860596 487.76377391815186
55.94615209567671 -3.1887391578977633 E 55.94615209567671 -3.188439157897763 563.8740100860596 486.51377391815186
55.94615209567671 -3.188439157897763 W 55.94615209567671 -3.1887391578977633 563.8740100860596 485.26377391815186
55.94615209567671 -3.1887391578977633 E 55.94615209567671 -3.188439157897763 563.8740100860596 484.01377391815186
55.94615209567671 -3.188439157897763 W 55.94615209567671 -3.1887391578977633 563.8740100860596 482.76377391815186
55.94615209567671 -3.1887391578977633 E 55.94615209567671 -3.188439157897763 563.8740100860596 481.51377391815186
55.94615209567671 -3.188439157897763 W 55.94615209567671 -3.1887391578977633 563.8740100860596 480.26377391815186
55.94615209567671 -3.1887391578977633 SSE 55.94587493181695 -3.188624352868054 563.8740100860596 479.01377391815186
55.94587493181695 -3.188624352868054 NNW 55.94615209567671 -3.1887391578977633 563.8740100860596 477.76377391815186
