55.944425 -3.188396 NNE 55.94470216385976 -3.1882811949702905 0.0 248.75
55.94470216385976 -3.1882811949702905 S 55.944402163859756 -3.1882811949702905 0.0 247.5
55.944402163859756 -3.1882811949702905 WSW 55.944287358830046 -3.188558358830044 0.0 246.25
55.944287358830046 -3.188558358830044 ENE 55.944402163859756 -3.1882811949702905 0.0 245.0
55.944402163859756 -3.1882811949702905 SW 55.9441900318254 -3.1884933270046463 0.0 243.75
55.9441900318254 -3.1884933270046463 ENE 55.94430483685511 -3.188216163144893 0.0 242.5
55.94430483685511 -3.188216163144893 WSW 55.9441900318254 -3.1884933270046463 0.0 241.25
55.9441900318254 -3.1884933270046463 W 55.9441900318254 -3.1887933270046465 0.0 240.0
55.9441900318254 -3.1887933270046465 E 55.9441900318254 -3.1884933270046463 0.0 238.75
55.9441900318254 -3.1884933270046463 W 55.9441900318254 -3.1887933270046465 0.0 237.5
55.9441900318254 -3.1887933270046465 E 55.9441900318254 -3.1884933270046463 0.0 236.25
55.9441900318254 -3.1884933270046463 SE 55.943977899791044 -3.1882811949702905 0.0 235.0
55.943977899791044 -3.1882811949702905 NW 55.9441900318254 -3.1884933270046463 0.0 233.75
55.9441900318254 -3.1884933270046463 SSE 55.94391286796564 -3.1883785219749368 0.0 232.5
55.94391286796564 -3.1883785219749368 NNW 55.9441900318254 -3.1884933270046463 0.0 231.25
55.9441900318254 -3.1884933270046463 SSE 55.94391286796564 -3.1883785219749368 0.0 230.0
55.94391286796564 -3.1883785219749368 NNW 55.9441900318254 -3.1884933270046463 0.0 228.75
55.9441900318254 -3.1884933270046463 S 55.9438900318254 -3.1884933270046463 0.0 227.5
55.9438900318254 -3.1884933270046463 N 55.9441900318254 -3.1884933270046463 0.0 226.25
55.9441900318254 -3.1884933270046463 S 55.9438900318254 -3.1884933270046463 0.0 225.0
55.9438900318254 -3.1884933270046463 NNW 55.944167195685154 -3.188608132034356 0.0 223.75
55.944167195685154 -3.188608132034356 SSE 55.9438900318254 -3.1884933270046463 0.0 222.5
55.9438900318254 -3.1884933270046463 NNW 55.944167195685154 -3.188608132034356 0.0 221.25
55.944167195685154 -3.188608132034356 SSE 55.9438900318254 -3.1884933270046463 0.0 220.0
55.9438900318254 -3.1884933270046463 WNW 55.94400483685511 -3.1887704908643997 0.0 218.75
55.94400483685511 -3.1887704908643997 ESE 55.9438900318254 -3.1884933270046463 0.0 217.5
55.9438900318254 -3.1884933270046463 WNW 55.94400483685511 -3.1887704908643997 0.0 216.25
55.94400483685511 -3.1887704908643997 SSE 55.94372767299535 -3.18865568583469 0.0 215.0
55.94372767299535 -3.18865568583469 NNW 55.94400483685511 -3.1887704908643997 0.0 213.75
55.94400483685511 -3.1887704908643997 SSE 55.94372767299535 -3.18865568583469 0.0 212.5
55.94372767299535 -3.18865568583469 WNW 55.94384247802506 -3.1889328496944436 0.0 211.25
55.94384247802506 -3.1889328496944436 ESE 55.94372767299535 -3.18865568583469 0.0 210.0
55.94372767299535 -3.18865568583469 WNW 55.94384247802506 -3.1889328496944436 0.0 208.75
55.94384247802506 -3.1889328496944436 ESE 55.94372767299535 -3.18865568583469 0.0 207.5
55.94372767299535 -3.18865568583469 S 55.94342767299535 -3.18865568583469 0.0 206.25
55.94342767299535 -3.18865568583469 N 55.94372767299535 -3.18865568583469 0.0 205.0
55.94372767299535 -3.18865568583469 S 55.94342767299535 -3.18865568583469 0.0 203.75
55.94342767299535 -3.18865568583469 N 55.94372767299535 -3.18865568583469 0.0 202.5
55.94372767299535 -3.18865568583469 SSE 55.943450509135594 -3.1885408808049807 0.0 201.25
55.943450509135594 -3.1885408808049807 NNW 55.94372767299535 -3.18865568583469 0.0 200.0
55.94372767299535 -3.18865568583469 ESE 55.94361286796564 -3.1883785219749368 0.0 198.75
55.94361286796564 -3.1883785219749368 WNW 55.94372767299535 -3.18865568583469 0.0 197.5
55.94372767299535 -3.18865568583469 ESE 55.94361286796564 -3.1883785219749368 0.0 196.25
55.94361286796564 -3.1883785219749368 ESE 55.94349806293593 -3.1881013581151834 0.0 195.0
55.94349806293593 -3.1881013581151834 WNW 55.94361286796564 -3.1883785219749368 0.0 193.75
55.94361286796564 -3.1883785219749368 NW 55.943825 -3.1885906540092925 0.0 192.5
55.943825 -3.1885906540092925 SE 55.94361286796564 -3.1883785219749368 0.0 191.25
55.94361286796564 -3.1883785219749368 SW 55.943400735931284 -3.1885906540092925 0.0 190.0
55.943400735931284 -3.1885906540092925 NE 55.94361286796564 -3.1883785219749368 0.0 188.75
55.94361286796564 -3.1883785219749368 SW 55.943400735931284 -3.1885906540092925 0.0 187.5
55.943400735931284 -3.1885906540092925 ENE 55.943515540960995 -3.188313490149539 0.0 186.25
55.943515540960995 -3.188313490149539 WSW 55.943400735931284 -3.1885906540092925 0.0 185.0
55.943400735931284 -3.1885906540092925 SSE 55.94312357207153 -3.188475848979583 41.96174621582031 233.10558700561523
55.94312357207153 -3.188475848979583 NNW 55.943400735931284 -3.1885906540092925 41.96174621582031 231.85558700561523
55.943400735931284 -3.1885906540092925 WSW 55.943285930901574 -3.188867817869046 41.96174621582031 230.60558700561523
55.943285930901574 -3.188867817869046 ENE 55.943400735931284 -3.1885906540092925 41.96174621582031 229.35558700561523
55.943400735931284 -3.1885906540092925 SW 55.94318860389693 -3.1888027860436483 41.96174621582031 228.10558700561523
55.94318860389693 -3.1888027860436483 NE 55.943400735931284 -3.1885906540092925 41.96174621582031 226.85558700561523
55.943400735931284 -3.1885906540092925 SE 55.94318860389693 -3.1883785219749368 41.96174621582031 225.60558700561523
55.94318860389693 -3.1883785219749368 NW 55.943400735931284 -3.1885906540092925 41.96174621582031 224.35558700561523
55.943400735931284 -3.1885906540092925 NE 55.94361286796564 -3.1883785219749368 41.96174621582031 223.10558700561523
55.94361286796564 -3.1883785219749368 SW 55.943400735931284 -3.1885906540092925 41.96174621582031 221.85558700561523
55.943400735931284 -3.1885906540092925 W 55.943400735931284 -3.1888906540092927 41.96174621582031 220.60558700561523
55.943400735931284 -3.1888906540092927 E 55.943400735931284 -3.1885906540092925 41.96174621582031 219.35558700561523
55.943400735931284 -3.1885906540092925 W 55.943400735931284 -3.1888906540092927 41.96174621582031 218.10558700561523
55.943400735931284 -3.1888906540092927 E 55.943400735931284 -3.1885906540092925 41.96174621582031 216.85558700561523
55.943400735931284 -3.1885906540092925 W 55.943400735931284 -3.1888906540092927 41.96174621582031 215.60558700561523
55.943400735931284 -3.1888906540092927 SE 55.94318860389693 -3.188678521974937 41.96174621582031 214.35558700561523
55.94318860389693 -3.188678521974937 NW 55.943400735931284 -3.1888906540092927 41.96174621582031 213.10558700561523
55.943400735931284 -3.1888906540092927 E 55.943400735931284 -3.1885906540092925 41.96174621582031 211.85558700561523
55.943400735931284 -3.1885906540092925 W 55.943400735931284 -3.1888906540092927 41.96174621582031 210.60558700561523
55.943400735931284 -3.1888906540092927 W 55.943400735931284 -3.189190654009293 41.96174621582031 209.35558700561523
55.943400735931284 -3.189190654009293 E 55.943400735931284 -3.1888906540092927 41.96174621582031 208.10558700561523
55.943400735931284 -3.1888906540092927 NW 55.94361286796564 -3.1891027860436485 41.96174621582031 206.85558700561523
55.94361286796564 -3.1891027860436485 SE 55.943400735931284 -3.1888906540092927 41.96174621582031 205.60558700561523
55.943400735931284 -3.1888906540092927 NW 55.94361286796564 -3.1891027860436485 41.96174621582031 204.35558700561523
55.94361286796564 -3.1891027860436485 SE 55.943400735931284 -3.1888906540092927 41.96174621582031 203.10558700561523
55.943400735931284 -3.1888906540092927 NW 55.94361286796564 -3.1891027860436485 41.96174621582031 201.85558700561523
55.94361286796564 -3.1891027860436485 SE 55.943400735931284 -3.1888906540092927 41.96174621582031 200.60558700561523
55.943400735931284 -3.1888906540092927 NW 55.94361286796564 -3.1891027860436485 41.96174621582031 199.35558700561523
55.94361286796564 -3.1891027860436485 SE 55.943400735931284 -3.1888906540092927 41.96174621582031 198.10558700561523
55.943400735931284 -3.1888906540092927 NNE 55.94367789979104 -3.188775848979583 41.96174621582031 196.85558700561523
55.94367789979104 -3.188775848979583 SSW 55.943400735931284 -3.1888906540092927 41.96174621582031 195.60558700561523
55.943400735931284 -3.1888906540092927 NNE 55.94367789979104 -3.188775848979583 41.96174621582031 194.35558700561523
55.94367789979104 -3.188775848979583 SSW 55.943400735931284 -3.1888906540092927 41.96174621582031 193.10558700561523
55.943400735931284 -3.1888906540092927 NE 55.94361286796564 -3.188678521974937 41.96174621582031 191.85558700561523
55.94361286796564 -3.188678521974937 SW 55.943400735931284 -3.1888906540092927 41.96174621582031 190.60558700561523
55.943400735931284 -3.1888906540092927 NE 55.94361286796564 -3.188678521974937 41.96174621582031 189.35558700561523
55.94361286796564 -3.188678521974937 W 55.94361286796564 -3.188978521974937 41.96174621582031 188.10558700561523
55.94361286796564 -3.188978521974937 ESE 55.94349806293593 -3.1887013581151837 41.96174621582031 186.85558700561523
55.94349806293593 -3.1887013581151837 NNW 55.94377522679569 -3.1888161631448932 41.96174621582031 185.60558700561523
55.94377522679569 -3.1888161631448932 S 55.943475226795684 -3.1888161631448932 41.96174621582031 184.35558700561523
55.943475226795684 -3.1888161631448932 NNE 55.94375239065544 -3.1887013581151837 41.96174621582031 183.10558700561523
55.94375239065544 -3.1887013581151837 S 55.94345239065544 -3.1887013581151837 41.96174621582031 181.85558700561523
55.94345239065544 -3.1887013581151837 NNW 55.943729554515194 -3.1888161631448932 41.96174621582031 180.60558700561523
55.943729554515194 -3.1888161631448932 NE 55.94394168654955 -3.1886040311105375 41.96174621582031 179.35558700561523
55.94394168654955 -3.1886040311105375 SW 55.943729554515194 -3.1888161631448932 41.96174621582031 178.10558700561523
55.943729554515194 -3.1888161631448932 NE 55.94394168654955 -3.1886040311105375 41.96174621582031 176.85558700561523
55.94394168654955 -3.1886040311105375 WSW 55.94382688151984 -3.188881194970291 41.96174621582031 175.60558700561523
55.94382688151984 -3.188881194970291 NE 55.944039013554196 -3.188669062935935 41.96174621582031 174.35558700561523
55.944039013554196 -3.188669062935935 WSW 55.943924208524486 -3.1889462267956885 41.96174621582031 173.10558700561523
55.943924208524486 -3.1889462267956885 ENE 55.944039013554196 -3.188669062935935 41.96174621582031 171.85558700561523
55.944039013554196 -3.188669062935935 W 55.944039013554196 -3.1889690629359353 41.96174621582031 170.60558700561523
55.944039013554196 -3.1889690629359353 E 55.944039013554196 -3.188669062935935 41.96174621582031 169.35558700561523
55.944039013554196 -3.188669062935935 E 55.944039013554196 -3.188369062935935 41.96174621582031 168.10558700561523
55.944039013554196 -3.188369062935935 W 55.944039013554196 -3.188669062935935 41.96174621582031 166.85558700561523
55.944039013554196 -3.188669062935935 SE 55.94382688151984 -3.1884569309015793 41.96174621582031 165.60558700561523
55.94382688151984 -3.1884569309015793 NW 55.944039013554196 -3.188669062935935 41.96174621582031 164.35558700561523
55.944039013554196 -3.188669062935935 NE 55.94425114558855 -3.1884569309015793 41.96174621582031 163.10558700561523
55.94425114558855 -3.1884569309015793 WSW 55.94413634055884 -3.1887340947613327 41.96174621582031 161.85558700561523
55.94413634055884 -3.1887340947613327 ENE 55.94425114558855 -3.1884569309015793 41.96174621582031 160.60558700561523
55.94425114558855 -3.1884569309015793 WSW 55.94413634055884 -3.1887340947613327 41.96174621582031 159.35558700561523
55.94413634055884 -3.1887340947613327 ENE 55.94425114558855 -3.1884569309015793 41.96174621582031 158.10558700561523
55.94425114558855 -3.1884569309015793 W 55.94425114558855 -3.1887569309015795 41.96174621582031 156.85558700561523
55.94425114558855 -3.1887569309015795 E 55.94425114558855 -3.1884569309015793 41.96174621582031 155.60558700561523
55.94425114558855 -3.1884569309015793 W 55.94425114558855 -3.1887569309015795 41.96174621582031 154.35558700561523
55.94425114558855 -3.1887569309015795 ENE 55.94436595061826 -3.188479767041826 41.96174621582031 153.10558700561523
55.94436595061826 -3.188479767041826 SW 55.94415381858391 -3.188691899076182 41.96174621582031 151.85558700561523
55.94415381858391 -3.188691899076182 NE 55.94436595061826 -3.188479767041826 41.96174621582031 150.60558700561523
55.94436595061826 -3.188479767041826 W 55.94436595061826 -3.1887797670418263 41.96174621582031 149.35558700561523
55.94436595061826 -3.1887797670418263 E 55.94436595061826 -3.188479767041826 41.96174621582031 148.10558700561523
55.94436595061826 -3.188479767041826 ESE 55.94425114558855 -3.1882026031820727 41.96174621582031 146.85558700561523
55.94425114558855 -3.1882026031820727 WNW 55.94436595061826 -3.188479767041826 41.96174621582031 145.60558700561523
55.94436595061826 -3.188479767041826 ESE 55.94425114558855 -3.1882026031820727 41.96174621582031 144.35558700561523
55.94425114558855 -3.1882026031820727 WNW 55.94436595061826 -3.188479767041826 41.96174621582031 143.10558700561523
55.94436595061826 -3.188479767041826 ESE 55.94425114558855 -3.1882026031820727 41.96174621582031 141.85558700561523
55.94425114558855 -3.1882026031820727 SE 55.944039013554196 -3.187990471147717 41.96174621582031 140.60558700561523
55.944039013554196 -3.187990471147717 NW 55.94425114558855 -3.1882026031820727 41.96174621582031 139.35558700561523
55.94425114558855 -3.1882026031820727 E 55.94425114558855 -3.1879026031820725 41.96174621582031 138.10558700561523
55.94425114558855 -3.1879026031820725 W 55.94425114558855 -3.1882026031820727 41.96174621582031 136.85558700561523
55.94425114558855 -3.1882026031820727 WSW 55.94413634055884 -3.188479767041826 41.96174621582031 135.60558700561523
55.94413634055884 -3.188479767041826 ENE 55.94425114558855 -3.1882026031820727 41.96174621582031 134.35558700561523
55.94425114558855 -3.1882026031820727 SE 55.944039013554196 -3.187990471147717 41.96174621582031 133.10558700561523
55.944039013554196 -3.187990471147717 NW 55.94425114558855 -3.1882026031820727 41.96174621582031 131.85558700561523
55.94425114558855 -3.1882026031820727 SE 55.944039013554196 -3.187990471147717 41.96174621582031 130.60558700561523
55.944039013554196 -3.187990471147717 NW 55.94425114558855 -3.1882026031820727 41.96174621582031 129.35558700561523
55.94425114558855 -3.1882026031820727 SSW 55.943973981728796 -3.1883174082117822 41.96174621582031 128.10558700561523
55.943973981728796 -3.1883174082117822 ENE 55.944088786758506 -3.188040244352029 41.96174621582031 126.85558700561523
55.944088786758506 -3.188040244352029 WSW 55.943973981728796 -3.1883174082117822 41.96174621582031 125.60558700561523
55.943973981728796 -3.1883174082117822 NNE 55.94425114558855 -3.1882026031820727 41.96174621582031 124.35558700561523
55.94425114558855 -3.1882026031820727 SW 55.944039013554196 -3.1884147352164285 41.96174621582031 123.10558700561523
55.944039013554196 -3.1884147352164285 NE 55.94425114558855 -3.1882026031820727 41.96174621582031 121.85558700561523
55.94425114558855 -3.1882026031820727 WSW 55.94413634055884 -3.188479767041826 41.96174621582031 120.60558700561523
55.94413634055884 -3.188479767041826 ENE 55.94425114558855 -3.1882026031820727 41.96174621582031 119.35558700561523
55.94425114558855 -3.1882026031820727 SW 55.944039013554196 -3.1884147352164285 41.96174621582031 118.10558700561523
55.944039013554196 -3.1884147352164285 NNE 55.94431617741395 -3.188299930186719 41.96174621582031 116.85558700561523
55.94431617741395 -3.188299930186719 SSW 55.944039013554196 -3.1884147352164285 41.96174621582031 115.60558700561523
55.944039013554196 -3.1884147352164285 N 55.9443390135542 -3.1884147352164285 41.96174621582031 114.35558700561523
55.9443390135542 -3.1884147352164285 S 55.944039013554196 -3.1884147352164285 41.96174621582031 113.10558700561523
55.944039013554196 -3.1884147352164285 NE 55.94425114558855 -3.1882026031820727 41.96174621582031 111.85558700561523
55.94425114558855 -3.1882026031820727 SW 55.944039013554196 -3.1884147352164285 41.96174621582031 110.60558700561523
55.944039013554196 -3.1884147352164285 E 55.944039013554196 -3.1881147352164283 41.96174621582031 109.35558700561523
55.944039013554196 -3.1881147352164283 WSW 55.943924208524486 -3.1883918990761817 41.96174621582031 108.10558700561523
55.943924208524486 -3.1883918990761817 NE 55.94413634055884 -3.188179767041826 41.96174621582031 106.85558700561523
55.94413634055884 -3.188179767041826 SW 55.943924208524486 -3.1883918990761817 41.96174621582031 105.60558700561523
55.943924208524486 -3.1883918990761817 SSW 55.94364704466473 -3.188506704105891 41.96174621582031 104.35558700561523
55.94364704466473 -3.188506704105891 NNE 55.943924208524486 -3.1883918990761817 41.96174621582031 103.10558700561523
55.943924208524486 -3.1883918990761817 W 55.943924208524486 -3.188691899076182 41.96174621582031 101.85558700561523
55.943924208524486 -3.188691899076182 E 55.943924208524486 -3.1883918990761817 41.96174621582031 100.60558700561523
55.943924208524486 -3.1883918990761817 S 55.94362420852448 -3.1883918990761817 41.96174621582031 99.35558700561523
55.94362420852448 -3.1883918990761817 N 55.943924208524486 -3.1883918990761817 41.96174621582031 98.10558700561523
55.943924208524486 -3.1883918990761817 ESE 55.943809403494775 -3.1881147352164283 41.96174621582031 96.85558700561523
55.943809403494775 -3.1881147352164283 WNW 55.943924208524486 -3.1883918990761817 41.96174621582031 95.60558700561523
55.943924208524486 -3.1883918990761817 ESE 55.943809403494775 -3.1881147352164283 41.96174621582031 94.35558700561523
55.943809403494775 -3.1881147352164283 WNW 55.943924208524486 -3.1883918990761817 41.96174621582031 93.10558700561523
55.943924208524486 -3.1883918990761817 ESE 55.943809403494775 -3.1881147352164283 41.96174621582031 91.85558700561523
55.943809403494775 -3.1881147352164283 W 55.943809403494775 -3.1884147352164285 41.96174621582031 90.60558700561523
55.943809403494775 -3.1884147352164285 E 55.943809403494775 -3.1881147352164283 41.96174621582031 89.35558700561523
55.943809403494775 -3.1881147352164283 WSW 55.943694598465065 -3.1883918990761817 47.71406412124634 94.89330959320068
55.943694598465065 -3.1883918990761817 E 55.943694598465065 -3.1880918990761815 47.71406412124634 93.64330959320068
55.943694598465065 -3.1880918990761815 W 55.943694598465065 -3.1883918990761817 47.71406412124634 92.39330959320068
55.943694598465065 -3.1883918990761817 E 55.943694598465065 -3.1880918990761815 47.71406412124634 91.14330959320068
55.943694598465065 -3.1880918990761815 W 55.943694598465065 -3.1883918990761817 47.71406412124634 89.89330959320068
55.943694598465065 -3.1883918990761817 E 55.943694598465065 -3.1880918990761815 47.71406412124634 88.64330959320068
55.943694598465065 -3.1880918990761815 WSW 55.943579793435354 -3.188369062935935 47.71406412124634 87.39330959320068
55.943579793435354 -3.188369062935935 ENE 55.943694598465065 -3.1880918990761815 47.71406412124634 86.14330959320068
55.943694598465065 -3.1880918990761815 SSE 55.94341743460531 -3.187977094046472 131.94748544692993 144.07827281951904
55.94341743460531 -3.187977094046472 NNW 55.943694598465065 -3.1880918990761815 131.94748544692993 142.82827281951904
55.943694598465065 -3.1880918990761815 ESE 55.943579793435354 -3.187814735216428 135.47173142433167 187.16883373260498
55.943579793435354 -3.187814735216428 WNW 55.943694598465065 -3.1880918990761815 135.47173142433167 185.91883373260498
55.943694598465065 -3.1880918990761815 ESE 55.943579793435354 -3.187814735216428 135.47173142433167 184.66883373260498
55.943579793435354 -3.187814735216428 WNW 55.943694598465065 -3.1880918990761815 135.47173142433167 183.41883373260498
55.943694598465065 -3.1880918990761815 E 55.943694598465065 -3.1877918990761813 135.47173142433167 182.16883373260498
55.943694598465065 -3.1877918990761813 W 55.943694598465065 -3.1880918990761815 135.47173142433167 180.91883373260498
55.943694598465065 -3.1880918990761815 NNE 55.94397176232482 -3.187977094046472 135.47173142433167 179.66883373260498
55.94397176232482 -3.187977094046472 WSW 55.94385695729511 -3.1882542579062254 168.5315878391266 268.1643018722534
55.94385695729511 -3.1882542579062254 ENE 55.94397176232482 -3.187977094046472 168.5315878391266 266.9143018722534
55.94397176232482 -3.187977094046472 WSW 55.94385695729511 -3.1882542579062254 168.5315878391266 265.6643018722534
55.94385695729511 -3.1882542579062254 ENE 55.94397176232482 -3.187977094046472 168.5315878391266 264.4143018722534
55.94397176232482 -3.187977094046472 W 55.94397176232482 -3.188277094046472 168.5315878391266 263.1643018722534
55.94397176232482 -3.188277094046472 E 55.94397176232482 -3.187977094046472 168.5315878391266 261.9143018722534
55.94397176232482 -3.187977094046472 WSW 55.94385695729511 -3.1882542579062254 168.5315878391266 260.6643018722534
55.94385695729511 -3.1882542579062254 NE 55.94406908932947 -3.1880421258718696 168.5315878391266 259.4143018722534
55.94406908932947 -3.1880421258718696 WSW 55.94395428429976 -3.188319289731623 192.11908745765686 288.78788661956787
55.94395428429976 -3.188319289731623 ENE 55.94406908932947 -3.1880421258718696 192.11908745765686 287.53788661956787
55.94406908932947 -3.1880421258718696 WNW 55.94418389435918 -3.188319289731623 192.11908745765686 286.28788661956787
55.94418389435918 -3.188319289731623 ESE 55.94406908932947 -3.1880421258718696 192.11908745765686 285.03788661956787
55.94406908932947 -3.1880421258718696 SW 55.94385695729511 -3.1882542579062254 192.11908745765686 283.78788661956787
55.94385695729511 -3.1882542579062254 NE 55.94406908932947 -3.1880421258718696 192.11908745765686 282.53788661956787
55.94406908932947 -3.1880421258718696 SW 55.94385695729511 -3.1882542579062254 192.11908745765686 281.28788661956787
55.94385695729511 -3.1882542579062254 NE 55.94406908932947 -3.1880421258718696 192.11908745765686 280.03788661956787
55.94406908932947 -3.1880421258718696 NNE 55.944346253189224 -3.18792732084216 192.11908745765686 278.78788661956787
55.944346253189224 -3.18792732084216 SSW 55.94406908932947 -3.1880421258718696 192.11908745765686 277.53788661956787
55.94406908932947 -3.1880421258718696 E 55.94406908932947 -3.1877421258718694 192.11908745765686 276.28788661956787
55.94406908932947 -3.1877421258718694 W 55.94406908932947 -3.1880421258718696 192.11908745765686 275.03788661956787
55.94406908932947 -3.1880421258718696 N 55.94436908932947 -3.1880421258718696 192.11908745765686 273.78788661956787
55.94436908932947 -3.1880421258718696 SSW 55.94409192546971 -3.188156930901579 192.11908745765686 272.53788661956787
55.94409192546971 -3.188156930901579 NNE 55.94436908932947 -3.1880421258718696 192.11908745765686 271.28788661956787
55.94436908932947 -3.1880421258718696 SSW 55.94409192546971 -3.188156930901579 192.11908745765686 270.03788661956787
55.94409192546971 -3.188156930901579 NNE 55.94436908932947 -3.1880421258718696 192.11908745765686 268.78788661956787
55.94436908932947 -3.1880421258718696 W 55.94436908932947 -3.18834212587187 267.53498101234436 310.48768520355225
55.94436908932947 -3.18834212587187 E 55.94436908932947 -3.1880421258718696 267.53498101234436 309.23768520355225
55.94436908932947 -3.1880421258718696 WNW 55.94448389435918 -3.188319289731623 267.53498101234436 307.98768520355225
55.94448389435918 -3.188319289731623 SE 55.944271762324824 -3.1881071576972673 374.2890627384186 353.08220958709717
55.944271762324824 -3.1881071576972673 NW 55.94448389435918 -3.188319289731623 374.2890627384186 351.83220958709717
55.94448389435918 -3.188319289731623 ESE 55.94436908932947 -3.1880421258718696 374.2890627384186 350.58220958709717
55.94436908932947 -3.1880421258718696 WNW 55.94448389435918 -3.188319289731623 374.2890627384186 349.33220958709717
55.94448389435918 -3.188319289731623 E 55.94448389435918 -3.188019289731623 374.2890627384186 348.08220958709717
55.94448389435918 -3.188019289731623 WNW 55.94459869938889 -3.1882964535913763 374.2890627384186 346.83220958709717
55.94459869938889 -3.1882964535913763 E 55.94459869938889 -3.187996453591376 374.2890627384186 345.58220958709717
55.94459869938889 -3.187996453591376 W 55.94459869938889 -3.1882964535913763 374.2890627384186 344.33220958709717
55.94459869938889 -3.1882964535913763 NE 55.94481083142325 -3.1880843215570205 374.2890627384186 343.08220958709717
55.94481083142325 -3.1880843215570205 SW 55.94459869938889 -3.1882964535913763 374.2890627384186 341.83220958709717
55.94459869938889 -3.1882964535913763 SW 55.944386567354535 -3.188508585625732 374.2890627384186 340.58220958709717
55.944386567354535 -3.188508585625732 NE 55.94459869938889 -3.1882964535913763 374.2890627384186 339.33220958709717
55.94459869938889 -3.1882964535913763 WNW 55.9447135044186 -3.1885736174511297 374.2890627384186 338.08220958709717
55.9447135044186 -3.1885736174511297 E 55.9447135044186 -3.1882736174511295 374.2890627384186 336.83220958709717
55.9447135044186 -3.1882736174511295 WNW 55.94482830944831 -3.188550781310883 374.2890627384186 335.58220958709717
55.94482830944831 -3.188550781310883 E 55.94482830944831 -3.1882507813108827 374.2890627384186 334.33220958709717
55.94482830944831 -3.1882507813108827 W 55.94482830944831 -3.188550781310883 374.2890627384186 333.08220958709717
55.94482830944831 -3.188550781310883 E 55.94482830944831 -3.1882507813108827 374.2890627384186 331.83220958709717
55.94482830944831 -3.1882507813108827 WNW 55.94494311447802 -3.188527945170636 374.2890627384186 330.58220958709717
55.94494311447802 -3.188527945170636 ESE 55.94482830944831 -3.1882507813108827 374.2890627384186 329.33220958709717
55.94482830944831 -3.1882507813108827 WNW 55.94494311447802 -3.188527945170636 374.2890627384186 328.08220958709717
55.94494311447802 -3.188527945170636 ESE 55.94482830944831 -3.1882507813108827 374.2890627384186 326.83220958709717
55.94482830944831 -3.1882507813108827 NW 55.94504044148267 -3.1884629133452385 374.2890627384186 325.58220958709717
55.94504044148267 -3.1884629133452385 SE 55.94482830944831 -3.1882507813108827 374.2890627384186 324.33220958709717
55.94482830944831 -3.1882507813108827 NW 55.94504044148267 -3.1884629133452385 374.2890627384186 323.08220958709717
55.94504044148267 -3.1884629133452385 E 55.94504044148267 -3.1881629133452383 374.2890627384186 321.83220958709717
55.94504044148267 -3.1881629133452383 W 55.94504044148267 -3.1884629133452385 374.2890627384186 320.58220958709717
55.94504044148267 -3.1884629133452385 E 55.94504044148267 -3.1881629133452383 374.2890627384186 319.33220958709717
55.94504044148267 -3.1881629133452383 W 55.94504044148267 -3.1884629133452385 374.2890627384186 318.08220958709717
55.94504044148267 -3.1884629133452385 ENE 55.94515524651238 -3.188185749485485 374.2890627384186 316.83220958709717
55.94515524651238 -3.188185749485485 WSW 55.94504044148267 -3.1884629133452385 374.2890627384186 315.58220958709717
55.94504044148267 -3.1884629133452385 S 55.944740441482665 -3.1884629133452385 374.2890627384186 314.33220958709717
55.944740441482665 -3.1884629133452385 N 55.94504044148267 -3.1884629133452385 374.2890627384186 313.08220958709717
55.94504044148267 -3.1884629133452385 SW 55.94482830944831 -3.1886750453795942 374.2890627384186 311.83220958709717
55.94482830944831 -3.1886750453795942 NNE 55.94510547330807 -3.1885602403498847 374.2890627384186 310.58220958709717
55.94510547330807 -3.1885602403498847 SSW 55.94482830944831 -3.1886750453795942 374.2890627384186 309.33220958709717
55.94482830944831 -3.1886750453795942 NNW 55.94510547330807 -3.1887898504093037 374.2890627384186 308.08220958709717
