55.944425 -3.188396 NNE 55.94470216385976 -3.1882811949702905 0.0 248.75
55.94470216385976 -3.1882811949702905 S 55.944402163859756 -3.1882811949702905 0.0 247.5
55.944402163859756 -3.1882811949702905 WSW 55.944287358830046 -3.188558358830044 0.0 246.25
55.944287358830046 -3.188558358830044 ENE 55.944402163859756 -3.1882811949702905 0.0 245.0
55.944402163859756 -3.1882811949702905 SW 55.9441900318254 -3.1884933270046463 0.0 243.75
55.9441900318254 -3.1884933270046463 ENE 55.94430483685511 -3.188216163144893 0.0 242.5
55.94430483685511 -3.188216163144893 WSW 55.9441900318254 -3.1884933270046463 0.0 241.25
55.9441900318254 -3.1884933270046463 NW 55.944402163859756 -3.188705459039002 0.0 240.0
55.944402163859756 -3.188705459039002 SE 55.9441900318254 -3.1884933270046463 0.0 238.75
55.9441900318254 -3.1884933270046463 NNE 55.94446719568516 -3.1883785219749368 0.0 237.5
55.94446719568516 -3.1883785219749368 SSW 55.9441900318254 -3.1884933270046463 0.0 236.25
55.9441900318254 -3.1884933270046463 SE 55.943977899791044 -3.1882811949702905 0.0 235.0
55.943977899791044 -3.1882811949702905 NW 55.9441900318254 -3.1884933270046463 0.0 233.75
55.9441900318254 -3.1884933270046463 SSE 55.94391286796564 -3.1883785219749368 0.0 232.5
55.94391286796564 -3.1883785219749368 NNW 55.9441900318254 -3.1884933270046463 0.0 231.25
55.9441900318254 -3.1884933270046463 SSE 55.94391286796564 -3.1883785219749368 0.0 230.0
55.94391286796564 -3.1883785219749368 NNW 55.9441900318254 -3.1884933270046463 0.0 228.75
55.9441900318254 -3.1884933270046463 S 55.9438900318254 -3.1884933270046463 0.0 227.5
55.9438900318254 -3.1884933270046463 N 55.9441900318254 -3.1884933270046463 0.0 226.25
55.9441900318254 -3.1884933270046463 S 55.9438900318254 -3.1884933270046463 0.0 225.0
55.9438900318254 -3.1884933270046463 NNW 55.944167195685154 -3.188608132034356 0.0 223.75
55.944167195685154 -3.188608132034356 SSE 55.9438900318254 -3.1884933270046463 0.0 222.5
55.9438900318254 -3.1884933270046463 NNE 55.944167195685154 -3.1883785219749368 0.0 221.25
55.944167195685154 -3.1883785219749368 SSW 55.9438900318254 -3.1884933270046463 0.0 220.0
55.9438900318254 -3.1884933270046463 ENE 55.94400483685511 -3.188216163144893 0.0 218.75
55.94400483685511 -3.188216163144893 SW 55.94379270482075 -3.1884282951792486 0.0 217.5
55.94379270482075 -3.1884282951792486 NE 55.94400483685511 -3.188216163144893 0.0 216.25
55.94400483685511 -3.188216163144893 SW 55.94379270482075 -3.1884282951792486 0.0 215.0
55.94379270482075 -3.1884282951792486 NE 55.94400483685511 -3.188216163144893 0.0 213.75
55.94400483685511 -3.188216163144893 SW 55.94379270482075 -3.1884282951792486 0.0 212.5
55.94379270482075 -3.1884282951792486 ENE 55.94390750985046 -3.1881511313194952 0.0 211.25
55.94390750985046 -3.1881511313194952 WSW 55.94379270482075 -3.1884282951792486 0.0 210.0
55.94379270482075 -3.1884282951792486 ENE 55.94390750985046 -3.1881511313194952 0.0 208.75
55.94390750985046 -3.1881511313194952 WSW 55.94379270482075 -3.1884282951792486 0.0 207.5
55.94379270482075 -3.1884282951792486 E 55.94379270482075 -3.1881282951792485 0.0 206.25
55.94379270482075 -3.1881282951792485 WSW 55.94367789979104 -3.188405459039002 0.0 205.0
55.94367789979104 -3.188405459039002 ENE 55.94379270482075 -3.1881282951792485 0.0 203.75
55.94379270482075 -3.1881282951792485 SW 55.943580572786395 -3.1883404272136042 0.0 202.5
55.943580572786395 -3.1883404272136042 NE 55.94379270482075 -3.1881282951792485 0.0 201.25
55.94379270482075 -3.1881282951792485 SW 55.943580572786395 -3.1883404272136042 0.0 200.0
55.943580572786395 -3.1883404272136042 NE 55.94379270482075 -3.1881282951792485 0.0 198.75
55.94379270482075 -3.1881282951792485 SSW 55.943515540960995 -3.188243100208958 0.0 197.5
55.943515540960995 -3.188243100208958 NNE 55.94379270482075 -3.1881282951792485 0.0 196.25
55.94379270482075 -3.1881282951792485 SSW 55.943515540960995 -3.188243100208958 0.0 195.0
55.943515540960995 -3.188243100208958 NE 55.94372767299535 -3.188030968174602 0.0 193.75
55.94372767299535 -3.188030968174602 S 55.94342767299535 -3.188030968174602 0.0 192.5
55.94342767299535 -3.188030968174602 N 55.94372767299535 -3.188030968174602 0.0 191.25
55.94372767299535 -3.188030968174602 S 55.94342767299535 -3.188030968174602 0.0 190.0
55.94342767299535 -3.188030968174602 N 55.94372767299535 -3.188030968174602 0.0 188.75
55.94372767299535 -3.188030968174602 SSE 55.943450509135594 -3.1879161631448927 0.0 187.5
55.943450509135594 -3.1879161631448927 NNW 55.94372767299535 -3.188030968174602 0.0 186.25
55.94372767299535 -3.188030968174602 NNE 55.94400483685511 -3.1879161631448927 0.0 185.0
55.94400483685511 -3.1879161631448927 SSW 55.94372767299535 -3.188030968174602 0.0 183.75
55.94372767299535 -3.188030968174602 ESE 55.94361286796564 -3.187753804314849 0.0 182.5
55.94361286796564 -3.187753804314849 WNW 55.94372767299535 -3.188030968174602 0.0 181.25
55.94372767299535 -3.188030968174602 NNW 55.94400483685511 -3.1881457732043117 0.0 180.0
55.94400483685511 -3.1881457732043117 SSE 55.94372767299535 -3.188030968174602 0.0 178.75
55.94372767299535 -3.188030968174602 NW 55.94393980502971 -3.188243100208958 0.0 177.5
55.94393980502971 -3.188243100208958 SE 55.94372767299535 -3.188030968174602 0.0 176.25
55.94372767299535 -3.188030968174602 NNW 55.94400483685511 -3.1881457732043117 0.0 175.0
55.94400483685511 -3.1881457732043117 SSE 55.94372767299535 -3.188030968174602 0.0 173.75
55.94372767299535 -3.188030968174602 NNW 55.94400483685511 -3.1881457732043117 0.0 172.5
55.94400483685511 -3.1881457732043117 SSE 55.94372767299535 -3.188030968174602 0.0 171.25
55.94372767299535 -3.188030968174602 NNW 55.94400483685511 -3.1881457732043117 0.0 170.0
55.94400483685511 -3.1881457732043117 SW 55.94379270482075 -3.1883579052386675 0.0 168.75
55.94379270482075 -3.1883579052386675 ENE 55.94390750985046 -3.188080741378914 0.0 167.5
55.94390750985046 -3.188080741378914 NW 55.94411964188482 -3.18829287341327 0.0 166.25
55.94411964188482 -3.18829287341327 SE 55.94390750985046 -3.188080741378914 0.0 165.0
55.94390750985046 -3.188080741378914 NNW 55.94418467371022 -3.1881955464086236 0.0 163.75
55.94418467371022 -3.1881955464086236 SSE 55.94390750985046 -3.188080741378914 0.0 162.5
55.94390750985046 -3.188080741378914 NNW 55.94418467371022 -3.1881955464086236 0.0 161.25
55.94418467371022 -3.1881955464086236 SSE 55.94390750985046 -3.188080741378914 0.0 160.0
55.94390750985046 -3.188080741378914 NNW 55.94418467371022 -3.1881955464086236 0.0 158.75
55.94418467371022 -3.1881955464086236 WSW 55.94406986868051 -3.188472710268377 0.0 157.5
55.94406986868051 -3.188472710268377 ENE 55.94418467371022 -3.1881955464086236 0.0 156.25
55.94418467371022 -3.1881955464086236 WNW 55.94429947873993 -3.188472710268377 0.0 155.0
55.94429947873993 -3.188472710268377 ESE 55.94418467371022 -3.1881955464086236 0.0 153.75
55.94418467371022 -3.1881955464086236 SE 55.94397254167586 -3.187983414374268 0.0 152.5
55.94397254167586 -3.187983414374268 NW 55.94418467371022 -3.1881955464086236 0.0 151.25
55.94418467371022 -3.1881955464086236 NE 55.944396805744574 -3.187983414374268 0.0 150.0
55.944396805744574 -3.187983414374268 SW 55.94418467371022 -3.1881955464086236 0.0 148.75
55.94418467371022 -3.1881955464086236 NNW 55.944461837569975 -3.188310351438333 0.0 147.5
55.944461837569975 -3.188310351438333 SSE 55.94418467371022 -3.1881955464086236 0.0 146.25
55.94418467371022 -3.1881955464086236 N 55.94448467371022 -3.1881955464086236 0.0 145.0
55.94448467371022 -3.1881955464086236 S 55.94418467371022 -3.1881955464086236 0.0 143.75
55.94418467371022 -3.1881955464086236 NNW 55.944461837569975 -3.188310351438333 0.0 142.5
55.944461837569975 -3.188310351438333 SSE 55.94418467371022 -3.1881955464086236 0.0 141.25
55.94418467371022 -3.1881955464086236 NW 55.944396805744574 -3.1884076784429793 0.0 140.0
55.944396805744574 -3.1884076784429793 SE 55.94418467371022 -3.1881955464086236 0.0 138.75
55.94418467371022 -3.1881955464086236 NNW 55.944461837569975 -3.188310351438333 0.0 137.5
55.944461837569975 -3.188310351438333 S 55.94416183756997 -3.188310351438333 0.0 136.25
55.94416183756997 -3.188310351438333 N 55.944461837569975 -3.188310351438333 0.0 135.0
55.944461837569975 -3.188310351438333 SSW 55.94418467371022 -3.1884251564680426 0.0 133.75
55.94418467371022 -3.1884251564680426 NNE 55.944461837569975 -3.188310351438333 0.0 132.5
55.944461837569975 -3.188310351438333 ESE 55.944347032540264 -3.1880331875785797 0.0 131.25
55.944347032540264 -3.1880331875785797 WNW 55.944461837569975 -3.188310351438333 0.0 130.0
55.944461837569975 -3.188310351438333 ENE 55.944576642599685 -3.1880331875785797 0.0 128.75
55.944576642599685 -3.1880331875785797 WSW 55.944461837569975 -3.188310351438333 0.0 127.5
55.944461837569975 -3.188310351438333 E 55.944461837569975 -3.188010351438333 0.0 126.25
55.944461837569975 -3.188010351438333 W 55.944461837569975 -3.188310351438333 0.0 125.0
55.944461837569975 -3.188310351438333 ESE 55.944347032540264 -3.1880331875785797 0.0 123.75
55.944347032540264 -3.1880331875785797 WNW 55.944461837569975 -3.188310351438333 0.0 122.5
55.944461837569975 -3.188310351438333 ESE 55.944347032540264 -3.1880331875785797 0.0 121.25
55.944347032540264 -3.1880331875785797 WNW 55.944461837569975 -3.188310351438333 0.0 120.0
55.944461837569975 -3.188310351438333 ESE 55.944347032540264 -3.1880331875785797 0.0 118.75
55.944347032540264 -3.1880331875785797 SW 55.94413490050591 -3.1882453196129354 0.0 117.5
55.94413490050591 -3.1882453196129354 NE 55.944347032540264 -3.1880331875785797 0.0 116.25
55.944347032540264 -3.1880331875785797 SW 55.94413490050591 -3.1882453196129354 0.0 115.0
55.94413490050591 -3.1882453196129354 ENE 55.94424970553562 -3.187968155753182 0.0 113.75
55.94424970553562 -3.187968155753182 N 55.94454970553562 -3.187968155753182 0.0 112.5
55.94454970553562 -3.187968155753182 S 55.94424970553562 -3.187968155753182 0.0 111.25
55.94424970553562 -3.187968155753182 E 55.94424970553562 -3.187668155753182 0.0 110.0
55.94424970553562 -3.187668155753182 W 55.94424970553562 -3.187968155753182 0.0 108.75
55.94424970553562 -3.187968155753182 SW 55.94403757350126 -3.188180287787538 0.0 107.5
55.94403757350126 -3.188180287787538 NE 55.94424970553562 -3.187968155753182 0.0 106.25
55.94424970553562 -3.187968155753182 NNE 55.944526869395375 -3.1878533507234725 0.0 105.0
55.944526869395375 -3.1878533507234725 SSW 55.94424970553562 -3.187968155753182 0.0 103.75
55.94424970553562 -3.187968155753182 N 55.94454970553562 -3.187968155753182 0.0 102.5
55.94454970553562 -3.187968155753182 S 55.94424970553562 -3.187968155753182 0.0 101.25
55.94424970553562 -3.187968155753182 N 55.94454970553562 -3.187968155753182 0.0 100.0
55.94454970553562 -3.187968155753182 SSW 55.944272541675865 -3.1880829607828916 0.0 98.75
55.944272541675865 -3.1880829607828916 NNE 55.94454970553562 -3.187968155753182 0.0 97.5
55.94454970553562 -3.187968155753182 SW 55.944337573501265 -3.188180287787538 0.0 96.25
55.944337573501265 -3.188180287787538 NE 55.94454970553562 -3.187968155753182 0.0 95.0
55.94454970553562 -3.187968155753182 SW 55.944337573501265 -3.188180287787538 0.0 93.75
55.944337573501265 -3.188180287787538 NE 55.94454970553562 -3.187968155753182 0.0 92.5
55.94454970553562 -3.187968155753182 WSW 55.94443490050591 -3.1882453196129354 0.0 91.25
55.94443490050591 -3.1882453196129354 ENE 55.94454970553562 -3.187968155753182 0.0 90.0
55.94454970553562 -3.187968155753182 SSW 55.944272541675865 -3.1880829607828916 0.0 88.75
55.944272541675865 -3.1880829607828916 NNE 55.94454970553562 -3.187968155753182 0.0 87.5
55.94454970553562 -3.187968155753182 SSE 55.944272541675865 -3.1878533507234725 0.0 86.25
55.944272541675865 -3.1878533507234725 N 55.94457254167587 -3.1878533507234725 0.0 85.0
55.94457254167587 -3.1878533507234725 S 55.944272541675865 -3.1878533507234725 0.0 83.75
55.944272541675865 -3.1878533507234725 NNE 55.94454970553562 -3.187738545693763 0.0 82.5
55.94454970553562 -3.187738545693763 SSW 55.944272541675865 -3.1878533507234725 0.0 81.25
55.944272541675865 -3.1878533507234725 ENE 55.944387346705575 -3.187576186863719 0.0 80.0
55.944387346705575 -3.187576186863719 SW 55.94417521467122 -3.187788318898075 0.0 78.75
55.94417521467122 -3.187788318898075 NE 55.944387346705575 -3.187576186863719 0.0 77.5
55.944387346705575 -3.187576186863719 SSW 55.94411018284582 -3.1876909918934286 0.0 76.25
55.94411018284582 -3.1876909918934286 NNE 55.944387346705575 -3.187576186863719 0.0 75.0
55.944387346705575 -3.187576186863719 SSE 55.94411018284582 -3.1874613818340096 0.0 73.75
55.94411018284582 -3.1874613818340096 NNW 55.944387346705575 -3.187576186863719 0.0 72.5
55.944387346705575 -3.187576186863719 ESE 55.944272541675865 -3.1872990230039657 0.0 71.25
55.944272541675865 -3.1872990230039657 WNW 55.944387346705575 -3.187576186863719 0.0 70.0
55.944387346705575 -3.187576186863719 ESE 55.944272541675865 -3.1872990230039657 0.0 68.75
55.944272541675865 -3.1872990230039657 SE 55.94406040964151 -3.18708689096961 0.0 67.5
55.94406040964151 -3.18708689096961 NW 55.944272541675865 -3.1872990230039657 0.0 66.25
55.944272541675865 -3.1872990230039657 W 55.944272541675865 -3.187599023003966 0.0 65.0
55.944272541675865 -3.187599023003966 E 55.944272541675865 -3.1872990230039657 0.0 63.75
55.944272541675865 -3.1872990230039657 SE 55.94406040964151 -3.18708689096961 0.0 62.5
55.94406040964151 -3.18708689096961 NW 55.944272541675865 -3.1872990230039657 0.0 61.25
55.944272541675865 -3.1872990230039657 WSW 55.944157736646154 -3.187576186863719 0.0 60.0
55.944157736646154 -3.187576186863719 ENE 55.944272541675865 -3.1872990230039657 0.0 58.75
55.944272541675865 -3.1872990230039657 WSW 55.944157736646154 -3.187576186863719 0.0 57.5
55.944157736646154 -3.187576186863719 ENE 55.944272541675865 -3.1872990230039657 0.0 56.25
55.944272541675865 -3.1872990230039657 WSW 55.944157736646154 -3.187576186863719 0.0 55.0
55.944157736646154 -3.187576186863719 ENE 55.944272541675865 -3.1872990230039657 0.0 53.75
55.944272541675865 -3.1872990230039657 WSW 55.944157736646154 -3.187576186863719 0.0 52.5
55.944157736646154 -3.187576186863719 E 55.944157736646154 -3.187276186863719 0.0 51.25
55.944157736646154 -3.187276186863719 W 55.944157736646154 -3.187576186863719 0.0 50.0
55.944157736646154 -3.187576186863719 E 55.944157736646154 -3.187276186863719 0.0 48.75
55.944157736646154 -3.187276186863719 WSW 55.944042931616444 -3.1875533507234723 0.0 47.5
55.944042931616444 -3.1875533507234723 ENE 55.944157736646154 -3.187276186863719 0.0 46.25
55.944157736646154 -3.187276186863719 SSW 55.9438805727864 -3.1873909918934284 0.0 45.0
55.9438805727864 -3.1873909918934284 NNE 55.944157736646154 -3.187276186863719 0.0 43.75
55.944157736646154 -3.187276186863719 W 55.944157736646154 -3.187576186863719 0.0 42.5
55.944157736646154 -3.187576186863719 E 55.944157736646154 -3.187276186863719 0.0 41.25
55.944157736646154 -3.187276186863719 SSE 55.9438805727864 -3.1871613818340094 0.0 40.0
55.9438805727864 -3.1871613818340094 NNW 55.944157736646154 -3.187276186863719 0.0 38.75
55.944157736646154 -3.187276186863719 E 55.944157736646154 -3.1869761868637188 0.0 37.5
55.944157736646154 -3.1869761868637188 W 55.944157736646154 -3.187276186863719 0.0 36.25
55.944157736646154 -3.187276186863719 ENE 55.944272541675865 -3.1869990230039655 0.0 35.0
55.944272541675865 -3.1869990230039655 SW 55.94406040964151 -3.1872111550383213 0.0 33.75
55.94406040964151 -3.1872111550383213 NE 55.944272541675865 -3.1869990230039655 0.0 32.5
55.944272541675865 -3.1869990230039655 SW 55.94406040964151 -3.1872111550383213 0.0 31.25
55.94406040964151 -3.1872111550383213 ENE 55.94417521467122 -3.186933991178568 0.0 30.0
55.94417521467122 -3.186933991178568 WSW 55.94406040964151 -3.1872111550383213 0.0 28.75
55.94406040964151 -3.1872111550383213 E 55.94406040964151 -3.186911155038321 0.0 27.5
55.94406040964151 -3.186911155038321 W 55.94406040964151 -3.1872111550383213 0.0 26.25
55.94406040964151 -3.1872111550383213 ESE 55.9439456046118 -3.186933991178568 0.0 25.0
55.9439456046118 -3.186933991178568 WNW 55.94406040964151 -3.1872111550383213 0.0 23.75
55.94406040964151 -3.1872111550383213 ESE 55.9439456046118 -3.186933991178568 0.0 22.5
55.9439456046118 -3.186933991178568 ENE 55.94406040964151 -3.1866568273188145 46.420989990234375 98.96118927001953
55.94406040964151 -3.1866568273188145 WSW 55.9439456046118 -3.186933991178568 46.420989990234375 97.71118927001953
55.9439456046118 -3.186933991178568 WNW 55.94406040964151 -3.1872111550383213 46.420989990234375 96.46118927001953
55.94406040964151 -3.1872111550383213 E 55.94406040964151 -3.186911155038321 46.420989990234375 95.21118927001953
55.94406040964151 -3.186911155038321 S 55.943760409641506 -3.186911155038321 46.420989990234375 93.96118927001953
55.943760409641506 -3.186911155038321 N 55.94406040964151 -3.186911155038321 46.420989990234375 92.71118927001953
55.94406040964151 -3.186911155038321 SE 55.94384827760715 -3.1866990230039653 46.420989990234375 91.46118927001953
55.94384827760715 -3.1866990230039653 NW 55.94406040964151 -3.186911155038321 46.420989990234375 90.21118927001953
55.94406040964151 -3.186911155038321 W 55.94406040964151 -3.1872111550383213 46.420989990234375 88.96118927001953
55.94406040964151 -3.1872111550383213 NE 55.944272541675865 -3.1869990230039655 46.420989990234375 87.71118927001953
55.944272541675865 -3.1869990230039655 SW 55.94406040964151 -3.1872111550383213 46.420989990234375 86.46118927001953
55.94406040964151 -3.1872111550383213 NE 55.944272541675865 -3.1869990230039655 46.420989990234375 85.21118927001953
55.944272541675865 -3.1869990230039655 SSE 55.94399537781611 -3.186884217974256 46.420989990234375 83.96118927001953
55.94399537781611 -3.186884217974256 N 55.94429537781611 -3.186884217974256 46.420989990234375 82.71118927001953
55.94429537781611 -3.186884217974256 S 55.94399537781611 -3.186884217974256 46.420989990234375 81.46118927001953
55.94399537781611 -3.186884217974256 N 55.94429537781611 -3.186884217974256 46.420989990234375 80.21118927001953
55.94429537781611 -3.186884217974256 SSE 55.944018213956355 -3.1867694129445465 46.420989990234375 78.96118927001953
55.944018213956355 -3.1867694129445465 NNW 55.94429537781611 -3.186884217974256 46.420989990234375 77.71118927001953
55.94429537781611 -3.186884217974256 SSE 55.944018213956355 -3.1867694129445465 46.420989990234375 76.46118927001953
55.944018213956355 -3.1867694129445465 NNW 55.94429537781611 -3.186884217974256 46.420989990234375 75.21118927001953
55.94429537781611 -3.186884217974256 SSE 55.944018213956355 -3.1867694129445465 46.420989990234375 73.96118927001953
55.944018213956355 -3.1867694129445465 NNW 55.94429537781611 -3.186884217974256 46.420989990234375 72.71118927001953
55.94429537781611 -3.186884217974256 SSE 55.944018213956355 -3.1867694129445465 46.420989990234375 71.46118927001953
55.944018213956355 -3.1867694129445465 NNW 55.94429537781611 -3.186884217974256 46.420989990234375 70.21118927001953
55.94429537781611 -3.186884217974256 SSE 55.944018213956355 -3.1867694129445465 46.420989990234375 68.96118927001953
55.944018213956355 -3.1867694129445465 NW 55.94423034599071 -3.1869815449789023 46.420989990234375 67.71118927001953
55.94423034599071 -3.1869815449789023 SE 55.944018213956355 -3.1867694129445465 46.420989990234375 66.46118927001953
55.944018213956355 -3.1867694129445465 W 55.944018213956355 -3.1870694129445467 46.420989990234375 65.21118927001953
55.944018213956355 -3.1870694129445467 E 55.944018213956355 -3.1867694129445465 46.420989990234375 63.96118927001953
55.944018213956355 -3.1867694129445465 W 55.944018213956355 -3.1870694129445467 46.420989990234375 62.71118927001953
55.944018213956355 -3.1870694129445467 E 55.944018213956355 -3.1867694129445465 46.420989990234375 61.46118927001953
55.944018213956355 -3.1867694129445465 S 55.94371821395635 -3.1867694129445465 46.420989990234375 60.21118927001953
55.94371821395635 -3.1867694129445465 N 55.944018213956355 -3.1867694129445465 46.420989990234375 58.96118927001953
55.944018213956355 -3.1867694129445465 SSE 55.9437410500966 -3.186654607914837 46.420989990234375 57.71118927001953
55.9437410500966 -3.186654607914837 NNW 55.944018213956355 -3.1867694129445465 46.420989990234375 56.46118927001953
55.944018213956355 -3.1867694129445465 SSE 55.9437410500966 -3.186654607914837 46.420989990234375 55.21118927001953
55.9437410500966 -3.186654607914837 WNW 55.94385585512631 -3.1869317717745904 46.420989990234375 53.96118927001953
55.94385585512631 -3.1869317717745904 E 55.94385585512631 -3.1866317717745902 46.420989990234375 52.71118927001953
55.94385585512631 -3.1866317717745902 W 55.94385585512631 -3.1869317717745904 46.420989990234375 51.46118927001953
55.94385585512631 -3.1869317717745904 ESE 55.9437410500966 -3.186654607914837 46.420989990234375 50.21118927001953
55.9437410500966 -3.186654607914837 WNW 55.94385585512631 -3.1869317717745904 46.420989990234375 48.96118927001953
55.94385585512631 -3.1869317717745904 ESE 55.9437410500966 -3.186654607914837 46.420989990234375 47.71118927001953
55.9437410500966 -3.186654607914837 W 55.9437410500966 -3.186954607914837 46.420989990234375 46.46118927001953
55.9437410500966 -3.186954607914837 ENE 55.94385585512631 -3.186677444055084 46.420989990234375 45.21118927001953
55.94385585512631 -3.186677444055084 SW 55.94364372309195 -3.1868895760894396 46.420989990234375 43.96118927001953
55.94364372309195 -3.1868895760894396 E 55.94364372309195 -3.1865895760894394 46.420989990234375 42.71118927001953
55.94364372309195 -3.1865895760894394 W 55.94364372309195 -3.1868895760894396 46.420989990234375 41.46118927001953
55.94364372309195 -3.1868895760894396 NNE 55.94392088695171 -3.18677477105973 46.420989990234375 40.21118927001953
55.94392088695171 -3.18677477105973 SSW 55.94364372309195 -3.1868895760894396 46.420989990234375 38.96118927001953
55.94364372309195 -3.1868895760894396 E 55.94364372309195 -3.1865895760894394 46.420989990234375 37.71118927001953
55.94364372309195 -3.1865895760894394 W 55.94364372309195 -3.1868895760894396 46.420989990234375 36.46118927001953
55.94364372309195 -3.1868895760894396 NNE 55.94392088695171 -3.18677477105973 46.420989990234375 35.21118927001953
55.94392088695171 -3.18677477105973 SW 55.94370875491735 -3.186986903094086 46.420989990234375 33.96118927001953
55.94370875491735 -3.186986903094086 NE 55.94392088695171 -3.18677477105973 46.420989990234375 32.71118927001953
55.94392088695171 -3.18677477105973 SW 55.94370875491735 -3.186986903094086 46.420989990234375 31.46118927001953
55.94370875491735 -3.186986903094086 NNE 55.94398591877711 -3.1868720980643763 46.420989990234375 30.21118927001953
55.94398591877711 -3.1868720980643763 SSW 55.94370875491735 -3.186986903094086 46.420989990234375 28.96118927001953
55.94370875491735 -3.186986903094086 NNE 55.94398591877711 -3.1868720980643763 46.420989990234375 27.71118927001953
55.94398591877711 -3.1868720980643763 SW 55.94377378674275 -3.187084230098732 46.420989990234375 26.46118927001953
55.94377378674275 -3.187084230098732 NE 55.94398591877711 -3.1868720980643763 46.420989990234375 25.21118927001953
55.94398591877711 -3.1868720980643763 SSW 55.94370875491735 -3.186986903094086 46.420989990234375 23.96118927001953
55.94370875491735 -3.186986903094086 W 55.94370875491735 -3.187286903094086 46.420989990234375 22.71118927001953
55.94370875491735 -3.187286903094086 E 55.94370875491735 -3.186986903094086 46.420989990234375 21.46118927001953
55.94370875491735 -3.186986903094086 W 55.94370875491735 -3.187286903094086 46.420989990234375 20.21118927001953
55.94370875491735 -3.187286903094086 SE 55.943496622882996 -3.1870747710597302 46.420989990234375 18.96118927001953
55.943496622882996 -3.1870747710597302 NW 55.94370875491735 -3.187286903094086 46.420989990234375 17.71118927001953
55.94370875491735 -3.187286903094086 E 55.94370875491735 -3.186986903094086 46.420989990234375 16.46118927001953
55.94370875491735 -3.186986903094086 W 55.94370875491735 -3.187286903094086 46.420989990234375 15.211189270019531
