55.944425 -3.188396 ESE 55.94431019497029 -3.1881188361402466 0.0 248.75
55.94431019497029 -3.1881188361402466 ESE 55.94419538994058 -3.187841672280493 0.0 247.5
55.94419538994058 -3.187841672280493 ESE 55.94408058491087 -3.18756450842074 0.0 246.25
55.94408058491087 -3.18756450842074 SE 55.943868452876515 -3.187352376386384 0.0 245.0
55.943868452876515 -3.187352376386384 ESE 55.943753647846805 -3.1870752125266306 0.0 243.75
55.943753647846805 -3.1870752125266306 ESE 55.943638842817094 -3.186798048666877 0.0 242.5
55.943638842817094 -3.186798048666877 ESE 55.943524037787384 -3.186520884807124 0.0 241.25
55.943524037787384 -3.186520884807124 ESE 55.94340923275767 -3.1862437209473704 0.0 240.0
55.94340923275767 -3.1862437209473704 ESE 55.94329442772796 -3.185966557087617 79.9560317993164 359.76062774658203
55.94329442772796 -3.185966557087617 ESE 55.94317962269825 -3.1856893932278636 79.9560317993164 358.51062774658203
55.94317962269825 -3.1856893932278636 ESE 55.94306481766854 -3.18541222936811 79.9560317993164 357.26062774658203
55.94306481766854 -3.18541222936811 SE 55.942852685634186 -3.1852000973337544 161.8030014038086 356.66098415851593
55.942852685634186 -3.1852000973337544 NE 55.94306481766854 -3.1849879652993986 256.91943359375 403.70500576496124
55.94306481766854 -3.1849879652993986 N 55.943364817668545 -3.1849879652993986 378.1450958251953 432.5245877504349
55.943364817668545 -3.1849879652993986 NW 55.9435769497029 -3.1852000973337544 378.1450958251953 431.2745877504349
55.9435769497029 -3.1852000973337544 NE 55.94378908173726 -3.1849879652993986 431.5761528015137 460.4547463655472
55.94378908173726 -3.1849879652993986 NE 55.944001213771614 -3.184775833265043 468.1617240905762 556.7533074617386
55.944001213771614 -3.184775833265043 WNW 55.944116018801324 -3.1850529971247963 468.1617240905762 555.5033074617386
55.944116018801324 -3.1850529971247963 NW 55.94432815083568 -3.185265129159152 468.1617240905762 554.2533074617386
55.94432815083568 -3.185265129159152 WNW 55.94444295586539 -3.1855422930189055 468.1617240905762 553.0033074617386
55.94444295586539 -3.1855422930189055 NW 55.94465508789975 -3.1857544250532612 468.1617240905762 551.7533074617386
55.94465508789975 -3.1857544250532612 NW 55.9448672199341 -3.185966557087617 534.5547370910645 607.878170132637
55.9448672199341 -3.185966557087617 NW 55.94507935196846 -3.1861786891219728 601.0125389099121 618.0820065736771
55.94507935196846 -3.1861786891219728 WSW 55.94496454693875 -3.186455852981726 680.7738380432129 705.9363614320755
55.94496454693875 -3.186455852981726 SSW 55.94468738307899 -3.1865706580114357 680.7738380432129 704.6863614320755
55.94468738307899 -3.1865706580114357 SSW 55.944410219219236 -3.186685463041145 726.0185737609863 710.7091156244278
55.944410219219236 -3.186685463041145 WSW 55.944295414189526 -3.1869626269008986 726.0185737609863 709.4591156244278
55.944295414189526 -3.1869626269008986 W 55.944295414189526 -3.187262626900899 726.0185737609863 708.2091156244278
55.944295414189526 -3.187262626900899 WNW 55.944410219219236 -3.187539790760652 726.0185737609863 706.9591156244278
55.944410219219236 -3.187539790760652 WNW 55.94452502424895 -3.1878169546204056 734.1662969589233 742.4369827508926
55.94452502424895 -3.1878169546204056 WNW 55.94463982927866 -3.188094118480159 798.5977621078491 860.3350464105606
55.94463982927866 -3.188094118480159 SSW 55.9443626654189 -3.1882089235098685 798.5977621078491 859.0850464105606
55.9443626654189 -3.1882089235098685 SSW 55.944085501559144 -3.188323728539578 798.5977621078491 857.8350464105606
55.944085501559144 -3.188323728539578 SSW 55.94380833769939 -3.1884385335692875 911.8531484603882 897.3621422052383
55.94380833769939 -3.1884385335692875 W 55.94380833769939 -3.1887385335692877 1033.3687734603882 968.5201698541641
55.94380833769939 -3.1887385335692877 SSW 55.94353117383963 -3.1888533385989972 1084.084677696228 1055.3536812067032
55.94353117383963 -3.1888533385989972 NNE 55.94380833769939 -3.1887385335692877 1084.084677696228 1054.1036812067032
55.94380833769939 -3.1887385335692877 W 55.94380833769939 -3.189038533569288 1084.084677696228 1052.8536812067032
55.94380833769939 -3.189038533569288 NNW 55.944085501559144 -3.1891533385989974 1084.084677696228 1051.6036812067032
55.944085501559144 -3.1891533385989974 N 55.94438550155915 -3.1891533385989974 1174.2269277572632 1085.4051185846329
55.94438550155915 -3.1891533385989974 W 55.94438550155915 -3.1894533385989976 1283.2988729476929 1110.6807228326797
55.94438550155915 -3.1894533385989976 WSW 55.944270696529436 -3.189730502458751 1283.2988729476929 1109.4307228326797
55.944270696529436 -3.189730502458751 W 55.944270696529436 -3.190030502458751 1283.2988729476929 1108.1807228326797
55.944270696529436 -3.190030502458751 WNW 55.94438550155915 -3.1903076663185046 1339.0870428085327 1155.234624505043
55.94438550155915 -3.1903076663185046 SE 55.94417336952479 -3.190095534284149 1339.0870428085327 1153.984624505043
55.94417336952479 -3.190095534284149 SSE 55.943896205665034 -3.1899807292544393 1437.0317525863647 1209.3480392694473
55.943896205665034 -3.1899807292544393 S 55.94359620566503 -3.1899807292544393 1437.0317525863647 1208.0980392694473
55.94359620566503 -3.1899807292544393 SE 55.943384073630675 -3.1897685972200835 1520.1113653182983 1269.9830642938614
55.943384073630675 -3.1897685972200835 SSW 55.94310690977092 -3.189883402249793 1520.1113653182983 1268.7330642938614
55.94310690977092 -3.189883402249793 SSW 55.94282974591116 -3.1899982072795026 1547.9056940078735 1286.500327706337
55.94282974591116 -3.1899982072795026 NNW 55.94310690977092 -3.190113012309212 1547.9056940078735 1285.250327706337
55.94310690977092 -3.190113012309212 NNW 55.943384073630675 -3.1902278173389216 1547.9056940078735 1284.000327706337
55.943384073630675 -3.1902278173389216 W 55.943384073630675 -3.1905278173389218 1584.8340845108032 1326.50015604496
55.943384073630675 -3.1905278173389218 WNW 55.943498878660385 -3.190804981198675 1620.4357271194458 1395.3574863672256
55.943498878660385 -3.190804981198675 WSW 55.943384073630675 -3.1910821450584286 1717.8092851638794 1509.928134560585
55.943384073630675 -3.1910821450584286 WNW 55.943498878660385 -3.191359308918182 1717.8092851638794 1508.678134560585
55.943498878660385 -3.191359308918182 WNW 55.943613683690096 -3.1916364727779354 1717.8092851638794 1507.428134560585
55.943613683690096 -3.1916364727779354 WNW 55.943728488719806 -3.191913636637689 1787.876919746399 1524.4130951166153
55.943728488719806 -3.191913636637689 NNE 55.94400565257956 -3.1917988316079793 1847.9680337905884 1576.1192795038223
55.94400565257956 -3.1917988316079793 ENE 55.94412045760927 -3.191521667748226 1847.9680337905884 1574.8692795038223
55.94412045760927 -3.191521667748226 ENE 55.94423526263898 -3.1912445038884725 1888.221459388733 1669.5697494745255
55.94423526263898 -3.1912445038884725 NNE 55.94451242649874 -3.191129698858763 1888.221459388733 1668.3197494745255
55.94451242649874 -3.191129698858763 NNE 55.944789590358496 -3.1910148938290535 1888.221459388733 1667.0697494745255
55.944789590358496 -3.1910148938290535 NNE 55.94506675421825 -3.190900088799344 1986.0494546890259 1674.3811346292496
55.94506675421825 -3.190900088799344 NE 55.94527888625261 -3.190687956764988 1986.0494546890259 1673.1311346292496
55.94527888625261 -3.190687956764988 NE 55.945491018286965 -3.1904758247306324 1986.0494546890259 1671.8811346292496
55.945491018286965 -3.1904758247306324 NE 55.94570315032132 -3.1902636926962766 1986.0494546890259 1670.6311346292496
55.94570315032132 -3.1902636926962766 ENE 55.94581795535103 -3.1899865288365232 1992.490990638733 1784.842064499855
55.94581795535103 -3.1899865288365232 WNW 55.94593276038074 -3.1902636926962766 2111.1964960098267 1893.6490560770035
55.94593276038074 -3.1902636926962766 SW 55.945720628346386 -3.1904758247306324 2111.1964960098267 1892.3990560770035
55.945720628346386 -3.1904758247306324 SW 55.94550849631203 -3.190687956764988 2111.1964960098267 1891.1490560770035
55.94550849631203 -3.190687956764988 SW 55.945296364277674 -3.190900088799344 2111.1964960098267 1889.8990560770035
55.945296364277674 -3.190900088799344 W 55.945296364277674 -3.191200088799344 2111.1964960098267 1888.6490560770035
55.945296364277674 -3.191200088799344 WSW 55.94518155924796 -3.1914772526590975 2111.1964960098267 1887.3990560770035
55.94518155924796 -3.1914772526590975 W 55.94518155924796 -3.1917772526590977 2157.3637704849243 1913.1927534341812
55.94518155924796 -3.1917772526590977 NNW 55.94545872310772 -3.1918920576888072 2157.3637704849243 1911.9427534341812
55.94545872310772 -3.1918920576888072 NNW 55.945735886967476 -3.1920068627185167 2157.3637704849243 1910.6927534341812
55.945735886967476 -3.1920068627185167 NNW 55.94601305082723 -3.1921216677482263 2279.5021142959595 1992.4607206583023
55.94601305082723 -3.1921216677482263 ESE 55.94589824579752 -3.191844503888473 2279.5021142959595 1991.2107206583023
55.94589824579752 -3.191844503888473 NW 55.94611037783188 -3.1920566359228286 2279.5021142959595 1989.9607206583023
55.94611037783188 -3.1920566359228286 WNW 55.94622518286159 -3.192333799782582 2279.5021142959595 1988.7107206583023
55.94622518286159 -3.192333799782582 S 55.945925182861586 -3.192333799782582 2279.5021142959595 1987.4607206583023
55.945925182861586 -3.192333799782582 SSW 55.94564801900183 -3.1924486048122915 2279.5021142959595 1986.2107206583023
55.94564801900183 -3.1924486048122915 E 55.94564801900183 -3.1921486048122913 2279.5021142959595 1984.9607206583023
55.94564801900183 -3.1921486048122913 ESE 55.94553321397212 -3.191871440952538 2279.5021142959595 1983.7107206583023
55.94553321397212 -3.191871440952538 NE 55.945745346006476 -3.191659308918182 2279.5021142959595 1982.4607206583023
55.945745346006476 -3.191659308918182 SW 55.94553321397212 -3.191871440952538 2279.5021142959595 1981.2107206583023
55.94553321397212 -3.191871440952538 NW 55.945745346006476 -3.1920835729868937 2279.5021142959595 1979.9607206583023
55.945745346006476 -3.1920835729868937 NNE 55.94602250986623 -3.191968767957184 2279.5021142959595 1978.7107206583023
55.94602250986623 -3.191968767957184 WSW 55.94590770483652 -3.1922459318169376 2279.5021142959595 1977.4607206583023
55.94590770483652 -3.1922459318169376 NNW 55.94618486869628 -3.192360736846647 2279.5021142959595 1976.2107206583023
55.94618486869628 -3.192360736846647 S 55.945884868696275 -3.192360736846647 2279.5021142959595 1974.9607206583023
55.945884868696275 -3.192360736846647 SE 55.94567273666192 -3.1921486048122913 2279.5021142959595 1973.7107206583023
55.94567273666192 -3.1921486048122913 SW 55.94546060462756 -3.192360736846647 2279.5021142959595 1972.4607206583023
55.94546060462756 -3.192360736846647 SSE 55.945183440767806 -3.1922459318169376 2279.5021142959595 1971.2107206583023
55.945183440767806 -3.1922459318169376 NE 55.94539557280216 -3.192033799782582 2279.5021142959595 1969.9607206583023
55.94539557280216 -3.192033799782582 NNE 55.94567273666192 -3.1919189947528723 2279.5021142959595 1968.7107206583023
55.94567273666192 -3.1919189947528723 S 55.945372736661916 -3.1919189947528723 2279.5021142959595 1967.4607206583023
55.945372736661916 -3.1919189947528723 NNE 55.94564990052167 -3.191804189723163 2279.5021142959595 1966.2107206583023
55.94564990052167 -3.191804189723163 NW 55.94586203255603 -3.1920163217575186 2279.5021142959595 1964.9607206583023
55.94586203255603 -3.1920163217575186 NNW 55.946139196415785 -3.192131126787228 2279.5021142959595 1963.7107206583023
55.946139196415785 -3.192131126787228 WSW 55.946024391386075 -3.1924082906469815 2279.5021142959595 1962.4607206583023
55.946024391386075 -3.1924082906469815 E 55.946024391386075 -3.1921082906469813 2279.5021142959595 1961.2107206583023
55.946024391386075 -3.1921082906469813 WNW 55.946139196415785 -3.1923854545067347 2279.5021142959595 1959.9607206583023
55.946139196415785 -3.1923854545067347 S 55.94583919641578 -3.1923854545067347 2279.5021142959595 1958.7107206583023
55.94583919641578 -3.1923854545067347 E 55.94583919641578 -3.1920854545067345 2279.5021142959595 1957.4607206583023
55.94583919641578 -3.1920854545067345 S 55.94553919641578 -3.1920854545067345 2279.5021142959595 1956.2107206583023
55.94553919641578 -3.1920854545067345 WNW 55.94565400144549 -3.192362618366488 2279.5021142959595 1954.9607206583023
55.94565400144549 -3.192362618366488 NE 55.945866133479846 -3.192150486332132 2279.5021142959595 1953.7107206583023
55.945866133479846 -3.192150486332132 E 55.945866133479846 -3.191850486332132 2279.5021142959595 1952.4607206583023
55.945866133479846 -3.191850486332132 W 55.945866133479846 -3.192150486332132 2279.5021142959595 1951.2107206583023
55.945866133479846 -3.192150486332132 ESE 55.945751328450136 -3.1918733224723788 2279.5021142959595 1949.9607206583023
55.945751328450136 -3.1918733224723788 NW 55.94596346048449 -3.1920854545067345 2279.5021142959595 1948.7107206583023
55.94596346048449 -3.1920854545067345 E 55.94596346048449 -3.1917854545067343 2279.5021142959595 1947.4607206583023
55.94596346048449 -3.1917854545067343 W 55.94596346048449 -3.1920854545067345 2279.5021142959595 1946.2107206583023
55.94596346048449 -3.1920854545067345 SSE 55.945686296624736 -3.191970649477025 2279.5021142959595 1944.9607206583023
55.945686296624736 -3.191970649477025 S 55.94538629662473 -3.191970649477025 2279.5021142959595 1943.7107206583023
55.94538629662473 -3.191970649477025 NW 55.94559842865909 -3.192182781511381 2279.5021142959595 1942.4607206583023
55.94559842865909 -3.192182781511381 NNE 55.945875592518846 -3.1920679764816713 2279.5021142959595 1941.2107206583023
55.945875592518846 -3.1920679764816713 SE 55.94566346048449 -3.1918558444473155 2279.5021142959595 1939.9607206583023
55.94566346048449 -3.1918558444473155 N 55.94596346048449 -3.1918558444473155 2279.5021142959595 1938.7107206583023
55.94596346048449 -3.1918558444473155 NE 55.94617559251885 -3.1916437124129597 2279.5021142959595 1937.4607206583023
55.94617559251885 -3.1916437124129597 W 55.94617559251885 -3.19194371241296 2279.5021142959595 1936.2107206583023
55.94617559251885 -3.19194371241296 S 55.945875592518846 -3.19194371241296 2279.5021142959595 1934.9607206583023
55.945875592518846 -3.19194371241296 N 55.94617559251885 -3.19194371241296 2279.5021142959595 1933.7107206583023
55.94617559251885 -3.19194371241296 SSE 55.94589842865909 -3.1918289073832504 2279.5021142959595 1932.4607206583023
55.94589842865909 -3.1918289073832504 N 55.946198428659095 -3.1918289073832504 2279.5021142959595 1931.2107206583023
55.946198428659095 -3.1918289073832504 WSW 55.946083623629384 -3.192106071243004 2279.5021142959595 1929.9607206583023
55.946083623629384 -3.192106071243004 ENE 55.946198428659095 -3.1918289073832504 2279.5021142959595 1928.7107206583023
55.946198428659095 -3.1918289073832504 ESE 55.946083623629384 -3.191551743523497 2279.5021142959595 1927.4607206583023
55.946083623629384 -3.191551743523497 ESE 55.945968818599674 -3.1912745796637436 2279.5021142959595 1926.2107206583023
55.945968818599674 -3.1912745796637436 SW 55.94575668656532 -3.1914867116980994 2279.5021142959595 1924.9607206583023
55.94575668656532 -3.1914867116980994 ESE 55.94564188153561 -3.191209547838346 2279.5021142959595 1923.7107206583023
55.94564188153561 -3.191209547838346 ESE 55.9455270765059 -3.1909323839785926 2279.5021142959595 1922.4607206583023
55.9455270765059 -3.1909323839785926 N 55.9458270765059 -3.1909323839785926 2279.5021142959595 1921.2107206583023
55.9458270765059 -3.1909323839785926 S 55.9455270765059 -3.1909323839785926 2279.5021142959595 1919.9607206583023
55.9455270765059 -3.1909323839785926 ESE 55.94541227147619 -3.190655220118839 2279.5021142959595 1918.7107206583023
55.94541227147619 -3.190655220118839 W 55.94541227147619 -3.1909552201188394 2279.5021142959595 1917.4607206583023
55.94541227147619 -3.1909552201188394 WSW 55.945297466446476 -3.1912323839785928 2279.5021142959595 1916.2107206583023
55.945297466446476 -3.1912323839785928 SSW 55.94502030258672 -3.1913471890083023 2279.5021142959595 1914.9607206583023
55.94502030258672 -3.1913471890083023 NW 55.945232434621076 -3.191559321042658 2279.5021142959595 1913.7107206583023
55.945232434621076 -3.191559321042658 N 55.94553243462108 -3.191559321042658 2279.5021142959595 1912.4607206583023
55.94553243462108 -3.191559321042658 ENE 55.94564723965079 -3.1912821571829046 2279.5021142959595 1911.2107206583023
55.94564723965079 -3.1912821571829046 NNW 55.945924403510546 -3.191396962212614 2279.5021142959595 1909.9607206583023
55.945924403510546 -3.191396962212614 NNE 55.9462015673703 -3.1912821571829046 2279.5021142959595 1908.7107206583023
55.9462015673703 -3.1912821571829046 SSW 55.945924403510546 -3.191396962212614 2279.5021142959595 1907.4607206583023
55.945924403510546 -3.191396962212614 NW 55.9461365355449 -3.19160909424697 2279.5021142959595 1906.2107206583023
55.9461365355449 -3.19160909424697 WSW 55.94602173051519 -3.1918862581067233 2279.5021142959595 1904.9607206583023
55.94602173051519 -3.1918862581067233 ESE 55.94590692548548 -3.19160909424697 2279.5021142959595 1903.7107206583023
55.94590692548548 -3.19160909424697 ESE 55.94579212045577 -3.1913319303872165 2279.5021142959595 1902.4607206583023
55.94579212045577 -3.1913319303872165 NW 55.94600425249013 -3.1915440624215723 2279.5021142959595 1901.2107206583023
55.94600425249013 -3.1915440624215723 WSW 55.94588944746042 -3.1918212262813257 2279.5021142959595 1899.9607206583023
55.94588944746042 -3.1918212262813257 SSW 55.94561228360066 -3.191936031311035 2279.5021142959595 1898.7107206583023
55.94561228360066 -3.191936031311035 N 55.94591228360066 -3.191936031311035 2279.5021142959595 1897.4607206583023
55.94591228360066 -3.191936031311035 SSW 55.945635119740906 -3.1920508363407447 2279.5021142959595 1896.2107206583023
55.945635119740906 -3.1920508363407447 W 55.945635119740906 -3.192350836340745 2279.5021142959595 1894.9607206583023
55.945635119740906 -3.192350836340745 SE 55.94542298770655 -3.192138704306389 2279.5021142959595 1893.7107206583023
55.94542298770655 -3.192138704306389 SW 55.945210855672194 -3.192350836340745 2279.5021142959595 1892.4607206583023
55.945210855672194 -3.192350836340745 N 55.9455108556722 -3.192350836340745 2279.5021142959595 1891.2107206583023
55.9455108556722 -3.192350836340745 SSE 55.94523369181244 -3.1922360313110354 2279.5021142959595 1889.9607206583023
55.94523369181244 -3.1922360313110354 N 55.94553369181244 -3.1922360313110354 2279.5021142959595 1888.7107206583023
55.94553369181244 -3.1922360313110354 NNW 55.9458108556722 -3.192350836340745 2279.5021142959595 1887.4607206583023
55.9458108556722 -3.192350836340745 NNE 55.946088019531956 -3.1922360313110354 2279.5021142959595 1886.2107206583023
55.946088019531956 -3.1922360313110354 SSE 55.9458108556722 -3.192121226281326 2279.5021142959595 1884.9607206583023
55.9458108556722 -3.192121226281326 WNW 55.94592566070191 -3.1923983901410793 2279.5021142959595 1883.7107206583023
55.94592566070191 -3.1923983901410793 S 55.94562566070191 -3.1923983901410793 2279.5021142959595 1882.4607206583023
55.94562566070191 -3.1923983901410793 SE 55.94541352866755 -3.1921862581067235 2279.5021142959595 1881.2107206583023
55.94541352866755 -3.1921862581067235 E 55.94541352866755 -3.1918862581067233 2279.5021142959595 1879.9607206583023
55.94541352866755 -3.1918862581067233 SE 55.945201396633195 -3.1916741260723676 2279.5021142959595 1878.7107206583023
55.945201396633195 -3.1916741260723676 SE 55.94498926459884 -3.191461994038012 2279.5021142959595 1877.4607206583023
55.94498926459884 -3.191461994038012 WSW 55.94487445956913 -3.191739157897765 2279.5021142959595 1876.2107206583023
55.94487445956913 -3.191739157897765 WNW 55.94498926459884 -3.1920163217575186 2279.5021142959595 1874.9607206583023
55.94498926459884 -3.1920163217575186 W 55.94498926459884 -3.192316321757519 2279.5021142959595 1873.7107206583023
55.94498926459884 -3.192316321757519 N 55.94528926459884 -3.192316321757519 2279.5021142959595 1872.4607206583023
55.94528926459884 -3.192316321757519 E 55.94528926459884 -3.1920163217575186 2279.5021142959595 1871.2107206583023
55.94528926459884 -3.1920163217575186 NNW 55.9455664284586 -3.192131126787228 2279.5021142959595 1869.9607206583023
55.9455664284586 -3.192131126787228 WNW 55.94568123348831 -3.1924082906469815 2279.5021142959595 1868.7107206583023
55.94568123348831 -3.1924082906469815 N 55.94598123348831 -3.1924082906469815 2279.5021142959595 1867.4607206583023
55.94598123348831 -3.1924082906469815 NE 55.94619336552267 -3.1921961586126257 2279.5021142959595 1866.2107206583023
55.94619336552267 -3.1921961586126257 S 55.945893365522664 -3.1921961586126257 2279.5021142959595 1864.9607206583023
55.945893365522664 -3.1921961586126257 ESE 55.945778560492954 -3.1919189947528723 2279.5021142959595 1863.7107206583023
55.945778560492954 -3.1919189947528723 W 55.945778560492954 -3.1922189947528725 2279.5021142959595 1862.4607206583023
55.945778560492954 -3.1922189947528725 NNW 55.94605572435271 -3.192333799782582 2279.5021142959595 1861.2107206583023
55.94605572435271 -3.192333799782582 S 55.94575572435271 -3.192333799782582 2279.5021142959595 1859.9607206583023
55.94575572435271 -3.192333799782582 NE 55.945967856387064 -3.1921216677482263 2279.5021142959595 1858.7107206583023
55.945967856387064 -3.1921216677482263 SE 55.94575572435271 -3.1919095357138705 2279.5021142959595 1857.4607206583023
55.94575572435271 -3.1919095357138705 SW 55.94554359231835 -3.1921216677482263 2279.5021142959595 1856.2107206583023
55.94554359231835 -3.1921216677482263 ENE 55.94565839734806 -3.191844503888473 2279.5021142959595 1854.9607206583023
55.94565839734806 -3.191844503888473 W 55.94565839734806 -3.192144503888473 2279.5021142959595 1853.7107206583023
55.94565839734806 -3.192144503888473 NNW 55.94593556120782 -3.1922593089181825 2279.5021142959595 1852.4607206583023
55.94593556120782 -3.1922593089181825 NNW 55.946212725067575 -3.192374113947892 2279.5021142959595 1851.2107206583023
55.946212725067575 -3.192374113947892 SSE 55.94593556120782 -3.1922593089181825 2279.5021142959595 1849.9607206583023
55.94593556120782 -3.1922593089181825 SE 55.94572342917346 -3.1920471768838268 2279.5021142959595 1848.7107206583023
55.94572342917346 -3.1920471768838268 NE 55.94593556120782 -3.191835044849471 2279.5021142959595 1847.4607206583023
55.94593556120782 -3.191835044849471 E 55.94593556120782 -3.191535044849471 2279.5021142959595 1846.2107206583023
55.94593556120782 -3.191535044849471 SE 55.94572342917346 -3.191322912815115 2279.5021142959595 1844.9607206583023
55.94572342917346 -3.191322912815115 E 55.94572342917346 -3.191022912815115 2279.5021142959595 1843.7107206583023
55.94572342917346 -3.191022912815115 WNW 55.94583823420317 -3.1913000766748683 2279.5021142959595 1842.4607206583023
55.94583823420317 -3.1913000766748683 E 55.94583823420317 -3.191000076674868 2279.5021142959595 1841.2107206583023
55.94583823420317 -3.191000076674868 SSE 55.945561070343416 -3.1908852716451586 2279.5021142959595 1839.9607206583023
55.945561070343416 -3.1908852716451586 SSW 55.94528390648366 -3.191000076674868 2279.5021142959595 1838.7107206583023
55.94528390648366 -3.191000076674868 SSE 55.9450067426239 -3.1908852716451586 2279.5021142959595 1837.4607206583023
55.9450067426239 -3.1908852716451586 SSW 55.94472957876415 -3.191000076674868 2279.5021142959595 1836.2107206583023
55.94472957876415 -3.191000076674868 SW 55.94451744672979 -3.191212208709224 2279.5021142959595 1834.9607206583023
55.94451744672979 -3.191212208709224 SE 55.944305314695434 -3.191000076674868 2279.5021142959595 1833.7107206583023
55.944305314695434 -3.191000076674868 SE 55.94409318266108 -3.1907879446405123 2279.5021142959595 1832.4607206583023
55.94409318266108 -3.1907879446405123 SSW 55.94381601880132 -3.190902749670222 2279.5021142959595 1831.2107206583023
55.94381601880132 -3.190902749670222 NW 55.94402815083568 -3.1911148817045776 2279.5021142959595 1829.9607206583023
55.94402815083568 -3.1911148817045776 SE 55.94381601880132 -3.190902749670222 2279.5021142959595 1828.7107206583023
55.94381601880132 -3.190902749670222 WNW 55.94393082383103 -3.191179913529975 2279.5021142959595 1827.4607206583023
55.94393082383103 -3.191179913529975 S 55.94363082383103 -3.191179913529975 2279.5021142959595 1826.2107206583023
55.94363082383103 -3.191179913529975 E 55.94363082383103 -3.190879913529975 2279.5021142959595 1824.9607206583023
55.94363082383103 -3.190879913529975 ESE 55.94351601880132 -3.1906027496702216 2279.5021142959595 1823.7107206583023
55.94351601880132 -3.1906027496702216 ESE 55.94340121377161 -3.190325585810468 2279.5021142959595 1822.4607206583023
55.94340121377161 -3.190325585810468 WSW 55.9432864087419 -3.1906027496702216 2279.5021142959595 1821.2107206583023
55.9432864087419 -3.1906027496702216 ENE 55.94340121377161 -3.190325585810468 2279.5021142959595 1819.9607206583023
55.94340121377161 -3.190325585810468 NNE 55.943678377631365 -3.1902107807807587 2279.5021142959595 1818.7107206583023
55.943678377631365 -3.1902107807807587 N 55.94397837763137 -3.1902107807807587 2279.5021142959595 1817.4607206583023
55.94397837763137 -3.1902107807807587 SSE 55.94370121377161 -3.190095975751049 2279.5021142959595 1816.2107206583023
55.94370121377161 -3.190095975751049 NNE 55.94397837763137 -3.1899811707213397 2279.5021142959595 1814.9607206583023
55.94397837763137 -3.1899811707213397 ENE 55.94409318266108 -3.1897040068615863 2279.5021142959595 1813.7107206583023
55.94409318266108 -3.1897040068615863 W 55.94409318266108 -3.1900040068615865 2279.5021142959595 1812.4607206583023
55.94409318266108 -3.1900040068615865 SW 55.94388105062672 -3.1902161388959422 2279.5021142959595 1811.2107206583023
55.94388105062672 -3.1902161388959422 NE 55.94409318266108 -3.1900040068615865 2279.5021142959595 1809.9607206583023
55.94409318266108 -3.1900040068615865 SSE 55.94381601880132 -3.189889201831877 2279.5021142959595 1808.7107206583023
55.94381601880132 -3.189889201831877 S 55.94351601880132 -3.189889201831877 2279.5021142959595 1807.4607206583023
55.94351601880132 -3.189889201831877 ESE 55.94340121377161 -3.1896120379721236 2279.5021142959595 1806.2107206583023
55.94340121377161 -3.1896120379721236 ENE 55.94351601880132 -3.18933487411237 2279.5021142959595 1804.9607206583023
55.94351601880132 -3.18933487411237 ESE 55.94340121377161 -3.1890577102526168 2279.5021142959595 1803.7107206583023
55.94340121377161 -3.1890577102526168 WNW 55.94351601880132 -3.18933487411237 2279.5021142959595 1802.4607206583023
55.94351601880132 -3.18933487411237 S 55.943216018801316 -3.18933487411237 2279.5021142959595 1801.2107206583023
55.943216018801316 -3.18933487411237 SW 55.94300388676696 -3.189547006146726 2279.5021142959595 1799.9607206583023
55.94300388676696 -3.189547006146726 NW 55.943216018801316 -3.1897591381810817 2279.5021142959595 1798.7107206583023
55.943216018801316 -3.1897591381810817 NW 55.94342815083567 -3.1899712702154375 2279.5021142959595 1797.4607206583023
55.94342815083567 -3.1899712702154375 WNW 55.94354295586538 -3.190248434075191 2279.5021142959595 1796.2107206583023
55.94354295586538 -3.190248434075191 W 55.94354295586538 -3.190548434075191 2279.5021142959595 1794.9607206583023
55.94354295586538 -3.190548434075191 ENE 55.94365776089509 -3.1902712702154377 2279.5021142959595 1793.7107206583023
55.94365776089509 -3.1902712702154377 E 55.94365776089509 -3.1899712702154375 2279.5021142959595 1792.4607206583023
55.94365776089509 -3.1899712702154375 S 55.94335776089509 -3.1899712702154375 2279.5021142959595 1791.2107206583023
55.94335776089509 -3.1899712702154375 SE 55.943145628860734 -3.1897591381810817 2279.5021142959595 1789.9607206583023
55.943145628860734 -3.1897591381810817 SSE 55.94286846500098 -3.189644333151372 2279.5021142959595 1788.7107206583023
55.94286846500098 -3.189644333151372 NE 55.94308059703533 -3.1894322011170164 2279.5021142959595 1787.4607206583023
55.94308059703533 -3.1894322011170164 WNW 55.943195402065044 -3.18970936497677 2279.5021142959595 1786.2107206583023
55.943195402065044 -3.18970936497677 N 55.94349540206505 -3.18970936497677 2279.5021142959595 1784.9607206583023
55.94349540206505 -3.18970936497677 SSW 55.94321823820529 -3.1898241700064793 2279.5021142959595 1783.7107206583023
55.94321823820529 -3.1898241700064793 SSW 55.94294107434553 -3.189938975036189 2279.5021142959595 1782.4607206583023
55.94294107434553 -3.189938975036189 NW 55.94315320637989 -3.1901511070705446 2279.5021142959595 1781.2107206583023
55.94315320637989 -3.1901511070705446 NE 55.943365338414246 -3.189938975036189 2279.5021142959595 1779.9607206583023
55.943365338414246 -3.189938975036189 S 55.94306533841424 -3.189938975036189 2279.5021142959595 1778.7107206583023
55.94306533841424 -3.189938975036189 WNW 55.94318014344395 -3.1902161388959422 2279.5021142959595 1777.4607206583023
