55.944425 -3.188396 NNE 55.94470216385976 -3.1882811949702905 0.0 248.75
55.94470216385976 -3.1882811949702905 S 55.944402163859756 -3.1882811949702905 0.0 247.5
55.944402163859756 -3.1882811949702905 WSW 55.944287358830046 -3.188558358830044 0.0 246.25
55.944287358830046 -3.188558358830044 ENE 55.944402163859756 -3.1882811949702905 0.0 245.0
55.944402163859756 -3.1882811949702905 SW 55.9441900318254 -3.1884933270046463 0.0 243.75
55.9441900318254 -3.1884933270046463 ENE 55.94430483685511 -3.188216163144893 0.0 242.5
55.94430483685511 -3.188216163144893 WSW 55.9441900318254 -3.1884933270046463 0.0 241.25
55.9441900318254 -3.1884933270046463 SSW 55.94391286796564 -3.188608132034356 0.0 240.0
55.94391286796564 -3.188608132034356 NNE 55.9441900318254 -3.1884933270046463 0.0 238.75
55.9441900318254 -3.1884933270046463 SSW 55.94391286796564 -3.188608132034356 0.0 237.5
55.94391286796564 -3.188608132034356 NNE 55.9441900318254 -3.1884933270046463 0.0 236.25
55.9441900318254 -3.1884933270046463 SE 55.943977899791044 -3.1882811949702905 0.0 235.0
55.943977899791044 -3.1882811949702905 NW 55.9441900318254 -3.1884933270046463 0.0 233.75
55.9441900318254 -3.1884933270046463 SSE 55.94391286796564 -3.1883785219749368 0.0 232.5
55.94391286796564 -3.1883785219749368 NNW 55.9441900318254 -3.1884933270046463 0.0 231.25
55.9441900318254 -3.1884933270046463 SSE 55.94391286796564 -3.1883785219749368 0.0 230.0
55.94391286796564 -3.1883785219749368 NNW 55.9441900318254 -3.1884933270046463 0.0 228.75
55.9441900318254 -3.1884933270046463 S 55.9438900318254 -3.1884933270046463 0.0 227.5
55.9438900318254 -3.1884933270046463 N 55.9441900318254 -3.1884933270046463 0.0 226.25
55.9441900318254 -3.1884933270046463 S 55.9438900318254 -3.1884933270046463 0.0 225.0
55.9438900318254 -3.1884933270046463 NNW 55.944167195685154 -3.188608132034356 0.0 223.75
55.944167195685154 -3.188608132034356 SSE 55.9438900318254 -3.1884933270046463 0.0 222.5
55.9438900318254 -3.1884933270046463 NW 55.94410216385975 -3.188705459039002 0.0 221.25
55.94410216385975 -3.188705459039002 SE 55.9438900318254 -3.1884933270046463 0.0 220.0
55.9438900318254 -3.1884933270046463 WNW 55.94400483685511 -3.1887704908643997 0.0 218.75
55.94400483685511 -3.1887704908643997 ESE 55.9438900318254 -3.1884933270046463 0.0 217.5
55.9438900318254 -3.1884933270046463 WNW 55.94400483685511 -3.1887704908643997 0.0 216.25
55.94400483685511 -3.1887704908643997 SSE 55.94372767299535 -3.18865568583469 0.0 215.0
55.94372767299535 -3.18865568583469 NNW 55.94400483685511 -3.1887704908643997 0.0 213.75
55.94400483685511 -3.1887704908643997 SSE 55.94372767299535 -3.18865568583469 0.0 212.5
55.94372767299535 -3.18865568583469 WNW 55.94384247802506 -3.1889328496944436 0.0 211.25
55.94384247802506 -3.1889328496944436 ESE 55.94372767299535 -3.18865568583469 0.0 210.0
55.94372767299535 -3.18865568583469 WNW 55.94384247802506 -3.1889328496944436 0.0 208.75
55.94384247802506 -3.1889328496944436 ESE 55.94372767299535 -3.18865568583469 0.0 207.5
55.94372767299535 -3.18865568583469 N 55.944027672995354 -3.18865568583469 0.0 206.25
55.944027672995354 -3.18865568583469 S 55.94372767299535 -3.18865568583469 0.0 205.0
55.94372767299535 -3.18865568583469 S 55.94342767299535 -3.18865568583469 0.0 203.75
55.94342767299535 -3.18865568583469 N 55.94372767299535 -3.18865568583469 0.0 202.5
55.94372767299535 -3.18865568583469 SSE 55.943450509135594 -3.1885408808049807 0.0 201.25
55.943450509135594 -3.1885408808049807 NNW 55.94372767299535 -3.18865568583469 0.0 200.0
55.94372767299535 -3.18865568583469 ESE 55.94361286796564 -3.1883785219749368 0.0 198.75
55.94361286796564 -3.1883785219749368 WNW 55.94372767299535 -3.18865568583469 0.0 197.5
55.94372767299535 -3.18865568583469 ESE 55.94361286796564 -3.1883785219749368 0.0 196.25
55.94361286796564 -3.1883785219749368 W 55.94361286796564 -3.188678521974937 0.0 195.0
55.94361286796564 -3.188678521974937 E 55.94361286796564 -3.1883785219749368 0.0 193.75
55.94361286796564 -3.1883785219749368 NW 55.943825 -3.1885906540092925 0.0 192.5
55.943825 -3.1885906540092925 SE 55.94361286796564 -3.1883785219749368 0.0 191.25
55.94361286796564 -3.1883785219749368 SW 55.943400735931284 -3.1885906540092925 0.0 190.0
55.943400735931284 -3.1885906540092925 NE 55.94361286796564 -3.1883785219749368 0.0 188.75
55.94361286796564 -3.1883785219749368 SW 55.943400735931284 -3.1885906540092925 0.0 187.5
55.943400735931284 -3.1885906540092925 ENE 55.943515540960995 -3.188313490149539 0.0 186.25
55.943515540960995 -3.188313490149539 WSW 55.943400735931284 -3.1885906540092925 0.0 185.0
55.943400735931284 -3.1885906540092925 S 55.94310073593128 -3.1885906540092925 0.0 183.75
55.94310073593128 -3.1885906540092925 N 55.943400735931284 -3.1885906540092925 0.0 182.5
55.943400735931284 -3.1885906540092925 WSW 55.943285930901574 -3.188867817869046 0.0 181.25
55.943285930901574 -3.188867817869046 ENE 55.943400735931284 -3.1885906540092925 0.0 180.0
55.943400735931284 -3.1885906540092925 E 55.943400735931284 -3.1882906540092923 0.0 178.75
55.943400735931284 -3.1882906540092923 W 55.943400735931284 -3.1885906540092925 0.0 177.5
55.943400735931284 -3.1885906540092925 ESE 55.943285930901574 -3.188313490149539 0.0 176.25
55.943285930901574 -3.188313490149539 WNW 55.943400735931284 -3.1885906540092925 0.0 175.0
55.943400735931284 -3.1885906540092925 E 55.943400735931284 -3.1882906540092923 0.0 173.75
55.943400735931284 -3.1882906540092923 W 55.943400735931284 -3.1885906540092925 0.0 172.5
55.943400735931284 -3.1885906540092925 W 55.943400735931284 -3.1888906540092927 0.0 171.25
55.943400735931284 -3.1888906540092927 E 55.943400735931284 -3.1885906540092925 0.0 170.0
55.943400735931284 -3.1885906540092925 W 55.943400735931284 -3.1888906540092927 0.0 168.75
55.943400735931284 -3.1888906540092927 E 55.943400735931284 -3.1885906540092925 0.0 167.5
55.943400735931284 -3.1885906540092925 W 55.943400735931284 -3.1888906540092927 0.0 166.25
55.943400735931284 -3.1888906540092927 SE 55.94318860389693 -3.188678521974937 0.0 165.0
55.94318860389693 -3.188678521974937 NW 55.943400735931284 -3.1888906540092927 0.0 163.75
55.943400735931284 -3.1888906540092927 SE 55.94318860389693 -3.188678521974937 0.0 162.5
55.94318860389693 -3.188678521974937 NW 55.943400735931284 -3.1888906540092927 0.0 161.25
55.943400735931284 -3.1888906540092927 NW 55.94361286796564 -3.1891027860436485 0.0 160.0
55.94361286796564 -3.1891027860436485 SE 55.943400735931284 -3.1888906540092927 0.0 158.75
55.943400735931284 -3.1888906540092927 NW 55.94361286796564 -3.1891027860436485 0.0 157.5
55.94361286796564 -3.1891027860436485 SE 55.943400735931284 -3.1888906540092927 0.0 156.25
55.943400735931284 -3.1888906540092927 NW 55.94361286796564 -3.1891027860436485 0.0 155.0
55.94361286796564 -3.1891027860436485 SE 55.943400735931284 -3.1888906540092927 0.0 153.75
55.943400735931284 -3.1888906540092927 NW 55.94361286796564 -3.1891027860436485 0.0 152.5
55.94361286796564 -3.1891027860436485 SE 55.943400735931284 -3.1888906540092927 0.0 151.25
55.943400735931284 -3.1888906540092927 NW 55.94361286796564 -3.1891027860436485 0.0 150.0
55.94361286796564 -3.1891027860436485 SE 55.943400735931284 -3.1888906540092927 0.0 148.75
55.943400735931284 -3.1888906540092927 NNE 55.94367789979104 -3.188775848979583 0.0 147.5
55.94367789979104 -3.188775848979583 SSW 55.943400735931284 -3.1888906540092927 0.0 146.25
55.943400735931284 -3.1888906540092927 NNE 55.94367789979104 -3.188775848979583 0.0 145.0
55.94367789979104 -3.188775848979583 SSW 55.943400735931284 -3.1888906540092927 0.0 143.75
55.943400735931284 -3.1888906540092927 NE 55.94361286796564 -3.188678521974937 0.0 142.5
55.94361286796564 -3.188678521974937 SW 55.943400735931284 -3.1888906540092927 0.0 141.25
55.943400735931284 -3.1888906540092927 NE 55.94361286796564 -3.188678521974937 0.0 140.0
55.94361286796564 -3.188678521974937 W 55.94361286796564 -3.188978521974937 0.0 138.75
55.94361286796564 -3.188978521974937 ESE 55.94349806293593 -3.1887013581151837 0.0 137.5
55.94349806293593 -3.1887013581151837 NNW 55.94377522679569 -3.1888161631448932 0.0 136.25
55.94377522679569 -3.1888161631448932 S 55.943475226795684 -3.1888161631448932 0.0 135.0
55.943475226795684 -3.1888161631448932 NNE 55.94375239065544 -3.1887013581151837 0.0 133.75
55.94375239065544 -3.1887013581151837 S 55.94345239065544 -3.1887013581151837 0.0 132.5
55.94345239065544 -3.1887013581151837 NNW 55.943729554515194 -3.1888161631448932 12.4021577835083 159.32351112365723
55.943729554515194 -3.1888161631448932 SSE 55.94345239065544 -3.1887013581151837 12.4021577835083 158.07351112365723
55.94345239065544 -3.1887013581151837 NNW 55.943729554515194 -3.1888161631448932 12.4021577835083 156.82351112365723
55.943729554515194 -3.1888161631448932 W 55.943729554515194 -3.1891161631448934 12.4021577835083 155.57351112365723
55.943729554515194 -3.1891161631448934 ENE 55.943844359544904 -3.18883899928514 12.4021577835083 154.32351112365723
55.943844359544904 -3.18883899928514 NE 55.94405649157926 -3.1886268672507843 12.4021577835083 153.07351112365723
55.94405649157926 -3.1886268672507843 SW 55.943844359544904 -3.18883899928514 12.4021577835083 151.82351112365723
55.943844359544904 -3.18883899928514 SE 55.94363222751055 -3.1886268672507843 12.4021577835083 150.57351112365723
55.94363222751055 -3.1886268672507843 NW 55.943844359544904 -3.18883899928514 12.4021577835083 149.32351112365723
55.943844359544904 -3.18883899928514 ENE 55.943959164574615 -3.1885618354253866 12.4021577835083 148.07351112365723
55.943959164574615 -3.1885618354253866 WSW 55.943844359544904 -3.18883899928514 12.4021577835083 146.82351112365723
55.943844359544904 -3.18883899928514 NE 55.94405649157926 -3.1886268672507843 12.4021577835083 145.57351112365723
55.94405649157926 -3.1886268672507843 WSW 55.94394168654955 -3.1889040311105377 12.4021577835083 144.32351112365723
55.94394168654955 -3.1889040311105377 ENE 55.94405649157926 -3.1886268672507843 12.4021577835083 143.07351112365723
55.94405649157926 -3.1886268672507843 WSW 55.94394168654955 -3.1889040311105377 12.4021577835083 141.82351112365723
55.94394168654955 -3.1889040311105377 NE 55.94415381858391 -3.188691899076182 12.4021577835083 140.57351112365723
55.94415381858391 -3.188691899076182 S 55.943853818583904 -3.188691899076182 12.4021577835083 139.32351112365723
55.943853818583904 -3.188691899076182 N 55.94415381858391 -3.188691899076182 12.4021577835083 138.07351112365723
55.94415381858391 -3.188691899076182 SE 55.94394168654955 -3.188479767041826 100.86625385284424 197.66070365905762
55.94394168654955 -3.188479767041826 NW 55.94415381858391 -3.188691899076182 100.86625385284424 196.41070365905762
55.94415381858391 -3.188691899076182 ENE 55.94426862361362 -3.1884147352164285 100.86625385284424 195.16070365905762
55.94426862361362 -3.1884147352164285 WSW 55.94415381858391 -3.188691899076182 100.86625385284424 193.91070365905762
55.94415381858391 -3.188691899076182 ENE 55.94426862361362 -3.1884147352164285 100.86625385284424 192.66070365905762
55.94426862361362 -3.1884147352164285 WSW 55.94415381858391 -3.188691899076182 100.86625385284424 191.41070365905762
55.94415381858391 -3.188691899076182 NE 55.94436595061826 -3.188479767041826 100.86625385284424 190.16070365905762
55.94436595061826 -3.188479767041826 SW 55.94415381858391 -3.188691899076182 100.86625385284424 188.91070365905762
55.94415381858391 -3.188691899076182 NE 55.94436595061826 -3.188479767041826 100.86625385284424 187.66070365905762
55.94436595061826 -3.188479767041826 SW 55.94415381858391 -3.188691899076182 100.86625385284424 186.41070365905762
55.94415381858391 -3.188691899076182 NE 55.94436595061826 -3.188479767041826 100.86625385284424 185.16070365905762
55.94436595061826 -3.188479767041826 SW 55.94415381858391 -3.188691899076182 100.86625385284424 183.91070365905762
55.94415381858391 -3.188691899076182 NE 55.94436595061826 -3.188479767041826 100.86625385284424 182.66070365905762
55.94436595061826 -3.188479767041826 ESE 55.94425114558855 -3.1882026031820727 100.86625385284424 181.41070365905762
55.94425114558855 -3.1882026031820727 WNW 55.94436595061826 -3.188479767041826 100.86625385284424 180.16070365905762
55.94436595061826 -3.188479767041826 ESE 55.94425114558855 -3.1882026031820727 100.86625385284424 178.91070365905762
55.94425114558855 -3.1882026031820727 WNW 55.94436595061826 -3.188479767041826 100.86625385284424 177.66070365905762
55.94436595061826 -3.188479767041826 ESE 55.94425114558855 -3.1882026031820727 100.86625385284424 176.41070365905762
55.94425114558855 -3.1882026031820727 E 55.94425114558855 -3.1879026031820725 100.86625385284424 175.16070365905762
55.94425114558855 -3.1879026031820725 W 55.94425114558855 -3.1882026031820727 100.86625385284424 173.91070365905762
55.94425114558855 -3.1882026031820727 SSW 55.943973981728796 -3.1883174082117822 100.86625385284424 172.66070365905762
55.943973981728796 -3.1883174082117822 NNE 55.94425114558855 -3.1882026031820727 100.86625385284424 171.41070365905762
55.94425114558855 -3.1882026031820727 ENE 55.94436595061826 -3.1879254393223193 100.86625385284424 170.16070365905762
55.94436595061826 -3.1879254393223193 WSW 55.94425114558855 -3.1882026031820727 100.86625385284424 168.91070365905762
55.94425114558855 -3.1882026031820727 SE 55.944039013554196 -3.187990471147717 100.86625385284424 167.66070365905762
55.944039013554196 -3.187990471147717 NW 55.94425114558855 -3.1882026031820727 100.86625385284424 166.41070365905762
55.94425114558855 -3.1882026031820727 SE 55.944039013554196 -3.187990471147717 100.86625385284424 165.16070365905762
55.944039013554196 -3.187990471147717 NW 55.94425114558855 -3.1882026031820727 100.86625385284424 163.91070365905762
55.94425114558855 -3.1882026031820727 SSW 55.943973981728796 -3.1883174082117822 100.86625385284424 162.66070365905762
55.943973981728796 -3.1883174082117822 ENE 55.944088786758506 -3.188040244352029 100.86625385284424 161.41070365905762
55.944088786758506 -3.188040244352029 WSW 55.943973981728796 -3.1883174082117822 100.86625385284424 160.16070365905762
55.943973981728796 -3.1883174082117822 NNE 55.94425114558855 -3.1882026031820727 100.86625385284424 158.91070365905762
55.94425114558855 -3.1882026031820727 SW 55.944039013554196 -3.1884147352164285 100.86625385284424 157.66070365905762
55.944039013554196 -3.1884147352164285 NE 55.94425114558855 -3.1882026031820727 100.86625385284424 156.41070365905762
55.94425114558855 -3.1882026031820727 WSW 55.94413634055884 -3.188479767041826 100.86625385284424 155.16070365905762
55.94413634055884 -3.188479767041826 ENE 55.94425114558855 -3.1882026031820727 100.86625385284424 153.91070365905762
55.94425114558855 -3.1882026031820727 SW 55.944039013554196 -3.1884147352164285 100.86625385284424 152.66070365905762
55.944039013554196 -3.1884147352164285 NNE 55.94431617741395 -3.188299930186719 100.86625385284424 151.41070365905762
55.94431617741395 -3.188299930186719 SSW 55.944039013554196 -3.1884147352164285 100.86625385284424 150.16070365905762
55.944039013554196 -3.1884147352164285 N 55.9443390135542 -3.1884147352164285 100.86625385284424 148.91070365905762
55.9443390135542 -3.1884147352164285 S 55.944039013554196 -3.1884147352164285 100.86625385284424 147.66070365905762
55.944039013554196 -3.1884147352164285 N 55.9443390135542 -3.1884147352164285 100.86625385284424 146.41070365905762
55.9443390135542 -3.1884147352164285 S 55.944039013554196 -3.1884147352164285 100.86625385284424 145.16070365905762
55.944039013554196 -3.1884147352164285 E 55.944039013554196 -3.1881147352164283 100.86625385284424 143.91070365905762
55.944039013554196 -3.1881147352164283 WSW 55.943924208524486 -3.1883918990761817 100.86625385284424 142.66070365905762
55.943924208524486 -3.1883918990761817 NE 55.94413634055884 -3.188179767041826 100.86625385284424 141.41070365905762
55.94413634055884 -3.188179767041826 SW 55.943924208524486 -3.1883918990761817 100.86625385284424 140.16070365905762
55.943924208524486 -3.1883918990761817 E 55.943924208524486 -3.1880918990761815 100.86625385284424 138.91070365905762
55.943924208524486 -3.1880918990761815 W 55.943924208524486 -3.1883918990761817 100.86625385284424 137.66070365905762
55.943924208524486 -3.1883918990761817 S 55.94362420852448 -3.1883918990761817 100.86625385284424 136.41070365905762
55.94362420852448 -3.1883918990761817 N 55.943924208524486 -3.1883918990761817 100.86625385284424 135.16070365905762
55.943924208524486 -3.1883918990761817 S 55.94362420852448 -3.1883918990761817 100.86625385284424 133.91070365905762
55.94362420852448 -3.1883918990761817 N 55.943924208524486 -3.1883918990761817 100.86625385284424 132.66070365905762
55.943924208524486 -3.1883918990761817 ESE 55.943809403494775 -3.1881147352164283 100.86625385284424 131.41070365905762
55.943809403494775 -3.1881147352164283 WNW 55.943924208524486 -3.1883918990761817 100.86625385284424 130.16070365905762
55.943924208524486 -3.1883918990761817 ESE 55.943809403494775 -3.1881147352164283 100.86625385284424 128.91070365905762
55.943809403494775 -3.1881147352164283 WNW 55.943924208524486 -3.1883918990761817 100.86625385284424 127.66070365905762
55.943924208524486 -3.1883918990761817 ESE 55.943809403494775 -3.1881147352164283 100.86625385284424 126.41070365905762
55.943809403494775 -3.1881147352164283 W 55.943809403494775 -3.1884147352164285 100.86625385284424 125.16070365905762
55.943809403494775 -3.1884147352164285 E 55.943809403494775 -3.1881147352164283 100.86625385284424 123.91070365905762
55.943809403494775 -3.1881147352164283 WSW 55.943694598465065 -3.1883918990761817 100.86625385284424 122.66070365905762
55.943694598465065 -3.1883918990761817 E 55.943694598465065 -3.1880918990761815 100.86625385284424 121.41070365905762
55.943694598465065 -3.1880918990761815 W 55.943694598465065 -3.1883918990761817 100.86625385284424 120.16070365905762
55.943694598465065 -3.1883918990761817 E 55.943694598465065 -3.1880918990761815 100.86625385284424 118.91070365905762
55.943694598465065 -3.1880918990761815 W 55.943694598465065 -3.1883918990761817 100.86625385284424 117.66070365905762
55.943694598465065 -3.1883918990761817 E 55.943694598465065 -3.1880918990761815 100.86625385284424 116.41070365905762
55.943694598465065 -3.1880918990761815 WSW 55.943579793435354 -3.188369062935935 100.86625385284424 115.16070365905762
55.943579793435354 -3.188369062935935 ENE 55.943694598465065 -3.1880918990761815 100.86625385284424 113.91070365905762
55.943694598465065 -3.1880918990761815 SSE 55.94341743460531 -3.187977094046472 100.86625385284424 112.66070365905762
55.94341743460531 -3.187977094046472 NNW 55.943694598465065 -3.1880918990761815 100.86625385284424 111.41070365905762
55.943694598465065 -3.1880918990761815 ESE 55.943579793435354 -3.187814735216428 100.86625385284424 110.16070365905762
55.943579793435354 -3.187814735216428 WNW 55.943694598465065 -3.1880918990761815 100.86625385284424 108.91070365905762
55.943694598465065 -3.1880918990761815 ESE 55.943579793435354 -3.187814735216428 100.86625385284424 107.66070365905762
55.943579793435354 -3.187814735216428 WNW 55.943694598465065 -3.1880918990761815 100.86625385284424 106.41070365905762
55.943694598465065 -3.1880918990761815 E 55.943694598465065 -3.1877918990761813 100.86625385284424 105.16070365905762
55.943694598465065 -3.1877918990761813 W 55.943694598465065 -3.1880918990761815 100.86625385284424 103.91070365905762
55.943694598465065 -3.1880918990761815 NNE 55.94397176232482 -3.187977094046472 100.86625385284424 102.66070365905762
55.94397176232482 -3.187977094046472 WSW 55.94385695729511 -3.1882542579062254 100.86625385284424 101.41070365905762
55.94385695729511 -3.1882542579062254 ENE 55.94397176232482 -3.187977094046472 100.86625385284424 100.16070365905762
55.94397176232482 -3.187977094046472 WSW 55.94385695729511 -3.1882542579062254 100.86625385284424 98.91070365905762
55.94385695729511 -3.1882542579062254 ENE 55.94397176232482 -3.187977094046472 100.86625385284424 97.66070365905762
55.94397176232482 -3.187977094046472 W 55.94397176232482 -3.188277094046472 100.86625385284424 96.41070365905762
55.94397176232482 -3.188277094046472 E 55.94397176232482 -3.187977094046472 100.86625385284424 95.16070365905762
55.94397176232482 -3.187977094046472 WSW 55.94385695729511 -3.1882542579062254 100.86625385284424 93.91070365905762
55.94385695729511 -3.1882542579062254 NE 55.94406908932947 -3.1880421258718696 100.86625385284424 92.66070365905762
55.94406908932947 -3.1880421258718696 WSW 55.94395428429976 -3.188319289731623 100.86625385284424 91.41070365905762
55.94395428429976 -3.188319289731623 ENE 55.94406908932947 -3.1880421258718696 100.86625385284424 90.16070365905762
55.94406908932947 -3.1880421258718696 WSW 55.94395428429976 -3.188319289731623 100.86625385284424 88.91070365905762
55.94395428429976 -3.188319289731623 ENE 55.94406908932947 -3.1880421258718696 100.86625385284424 87.66070365905762
55.94406908932947 -3.1880421258718696 NNE 55.944346253189224 -3.18792732084216 100.86625385284424 86.41070365905762
55.944346253189224 -3.18792732084216 SSW 55.94406908932947 -3.1880421258718696 100.86625385284424 85.16070365905762
55.94406908932947 -3.1880421258718696 WNW 55.94418389435918 -3.188319289731623 100.86625385284424 83.91070365905762
55.94418389435918 -3.188319289731623 ESE 55.94406908932947 -3.1880421258718696 100.86625385284424 82.66070365905762
55.94406908932947 -3.1880421258718696 ESE 55.94395428429976 -3.1877649620121162 100.86625385284424 81.41070365905762
55.94395428429976 -3.1877649620121162 WNW 55.94406908932947 -3.1880421258718696 100.86625385284424 80.16070365905762
55.94406908932947 -3.1880421258718696 E 55.94406908932947 -3.1877421258718694 100.86625385284424 78.91070365905762
55.94406908932947 -3.1877421258718694 W 55.94406908932947 -3.1880421258718696 100.86625385284424 77.66070365905762
55.94406908932947 -3.1880421258718696 N 55.94436908932947 -3.1880421258718696 100.86625385284424 76.41070365905762
55.94436908932947 -3.1880421258718696 SSW 55.94409192546971 -3.188156930901579 100.86625385284424 75.16070365905762
55.94409192546971 -3.188156930901579 NNE 55.94436908932947 -3.1880421258718696 100.86625385284424 73.91070365905762
55.94436908932947 -3.1880421258718696 SSW 55.94409192546971 -3.188156930901579 100.86625385284424 72.66070365905762
55.94409192546971 -3.188156930901579 NNE 55.94436908932947 -3.1880421258718696 100.86625385284424 71.41070365905762
55.94436908932947 -3.1880421258718696 W 55.94436908932947 -3.18834212587187 100.86625385284424 70.16070365905762
55.94436908932947 -3.18834212587187 E 55.94436908932947 -3.1880421258718696 100.86625385284424 68.91070365905762
55.94436908932947 -3.1880421258718696 WNW 55.94448389435918 -3.188319289731623 100.86625385284424 67.66070365905762
55.94448389435918 -3.188319289731623 SE 55.944271762324824 -3.1881071576972673 100.86625385284424 66.41070365905762
55.944271762324824 -3.1881071576972673 NW 55.94448389435918 -3.188319289731623 100.86625385284424 65.16070365905762
55.94448389435918 -3.188319289731623 ESE 55.94436908932947 -3.1880421258718696 100.86625385284424 63.91070365905762
55.94436908932947 -3.1880421258718696 WNW 55.94448389435918 -3.188319289731623 100.86625385284424 62.66070365905762
55.94448389435918 -3.188319289731623 E 55.94448389435918 -3.188019289731623 100.86625385284424 61.41070365905762
55.94448389435918 -3.188019289731623 WNW 55.94459869938889 -3.1882964535913763 100.86625385284424 60.16070365905762
55.94459869938889 -3.1882964535913763 E 55.94459869938889 -3.187996453591376 100.86625385284424 58.91070365905762
55.94459869938889 -3.187996453591376 W 55.94459869938889 -3.1882964535913763 100.86625385284424 57.66070365905762
55.94459869938889 -3.1882964535913763 NE 55.94481083142325 -3.1880843215570205 100.86625385284424 56.41070365905762
55.94481083142325 -3.1880843215570205 SW 55.94459869938889 -3.1882964535913763 100.86625385284424 55.16070365905762
55.94459869938889 -3.1882964535913763 N 55.944898699388894 -3.1882964535913763 100.86625385284424 53.91070365905762
55.944898699388894 -3.1882964535913763 S 55.94459869938889 -3.1882964535913763 100.86625385284424 52.66070365905762
55.94459869938889 -3.1882964535913763 WNW 55.9447135044186 -3.1885736174511297 100.86625385284424 51.41070365905762
55.9447135044186 -3.1885736174511297 E 55.9447135044186 -3.1882736174511295 100.86625385284424 50.16070365905762
55.9447135044186 -3.1882736174511295 WNW 55.94482830944831 -3.188550781310883 100.86625385284424 48.91070365905762
55.94482830944831 -3.188550781310883 E 55.94482830944831 -3.1882507813108827 100.86625385284424 47.66070365905762
55.94482830944831 -3.1882507813108827 W 55.94482830944831 -3.188550781310883 100.86625385284424 46.41070365905762
55.94482830944831 -3.188550781310883 E 55.94482830944831 -3.1882507813108827 100.86625385284424 45.16070365905762
55.94482830944831 -3.1882507813108827 WNW 55.94494311447802 -3.188527945170636 100.86625385284424 43.91070365905762
55.94494311447802 -3.188527945170636 ESE 55.94482830944831 -3.1882507813108827 100.86625385284424 42.66070365905762
55.94482830944831 -3.1882507813108827 WNW 55.94494311447802 -3.188527945170636 100.86625385284424 41.41070365905762
55.94494311447802 -3.188527945170636 ESE 55.94482830944831 -3.1882507813108827 100.86625385284424 40.16070365905762
55.94482830944831 -3.1882507813108827 NW 55.94504044148267 -3.1884629133452385 100.86625385284424 38.91070365905762
55.94504044148267 -3.1884629133452385 SE 55.94482830944831 -3.1882507813108827 100.86625385284424 37.66070365905762
55.94482830944831 -3.1882507813108827 NW 55.94504044148267 -3.1884629133452385 100.86625385284424 36.41070365905762
55.94504044148267 -3.1884629133452385 E 55.94504044148267 -3.1881629133452383 100.86625385284424 35.16070365905762
55.94504044148267 -3.1881629133452383 W 55.94504044148267 -3.1884629133452385 100.86625385284424 33.91070365905762
55.94504044148267 -3.1884629133452385 E 55.94504044148267 -3.1881629133452383 100.86625385284424 32.66070365905762
55.94504044148267 -3.1881629133452383 W 55.94504044148267 -3.1884629133452385 100.86625385284424 31.410703659057617
55.94504044148267 -3.1884629133452385 ENE 55.94515524651238 -3.188185749485485 100.86625385284424 30.160703659057617
55.94515524651238 -3.188185749485485 WSW 55.94504044148267 -3.1884629133452385 100.86625385284424 28.910703659057617
55.94504044148267 -3.1884629133452385 N 55.94534044148267 -3.1884629133452385 100.86625385284424 27.660703659057617
55.94534044148267 -3.1884629133452385 S 55.94504044148267 -3.1884629133452385 100.86625385284424 26.410703659057617
