55.944425 -3.188396 E 55.944425 -3.188096 0.0 248.75
55.944425 -3.188096 WNW 55.94453980502971 -3.1883731638597532 0.0 247.5
55.94453980502971 -3.1883731638597532 SE 55.94432767299536 -3.1881610318253975 0.0 246.25
55.94432767299536 -3.1881610318253975 NW 55.94453980502971 -3.1883731638597532 0.0 245.0
55.94453980502971 -3.1883731638597532 SSE 55.944262641169956 -3.1882583588300437 0.0 243.75
55.944262641169956 -3.1882583588300437 NNW 55.94453980502971 -3.1883731638597532 0.0 242.5
55.94453980502971 -3.1883731638597532 SSE 55.944262641169956 -3.1882583588300437 0.0 241.25
55.944262641169956 -3.1882583588300437 NNW 55.94453980502971 -3.1883731638597532 0.0 240.0
55.94453980502971 -3.1883731638597532 ESE 55.944425 -3.188096 0.0 238.75
55.944425 -3.188096 WNW 55.94453980502971 -3.1883731638597532 0.0 237.5
55.94453980502971 -3.1883731638597532 ESE 55.944425 -3.188096 0.0 236.25
55.944425 -3.188096 NW 55.94463713203436 -3.1883081320343556 0.0 235.0
55.94463713203436 -3.1883081320343556 E 55.94463713203436 -3.1880081320343554 0.0 233.75
55.94463713203436 -3.1880081320343554 W 55.94463713203436 -3.1883081320343556 0.0 232.5
55.94463713203436 -3.1883081320343556 WSW 55.94452232700465 -3.188585295894109 0.0 231.25
55.94452232700465 -3.188585295894109 ENE 55.94463713203436 -3.1883081320343556 0.0 230.0
55.94463713203436 -3.1883081320343556 WSW 55.94452232700465 -3.188585295894109 0.0 228.75
55.94452232700465 -3.188585295894109 ENE 55.94463713203436 -3.1883081320343556 0.0 227.5
55.94463713203436 -3.1883081320343556 NNW 55.944914295894115 -3.188422937064065 0.0 226.25
55.944914295894115 -3.188422937064065 S 55.94461429589411 -3.188422937064065 0.0 225.0
55.94461429589411 -3.188422937064065 N 55.944914295894115 -3.188422937064065 0.0 223.75
55.944914295894115 -3.188422937064065 S 55.94461429589411 -3.188422937064065 0.0 222.5
55.94461429589411 -3.188422937064065 N 55.944914295894115 -3.188422937064065 0.0 221.25
55.944914295894115 -3.188422937064065 SSE 55.94463713203436 -3.1883081320343556 0.0 220.0
55.94463713203436 -3.1883081320343556 N 55.94493713203436 -3.1883081320343556 0.0 218.75
55.94493713203436 -3.1883081320343556 E 55.94493713203436 -3.1880081320343554 0.0 217.5
55.94493713203436 -3.1880081320343554 W 55.94493713203436 -3.1883081320343556 0.0 216.25
55.94493713203436 -3.1883081320343556 SE 55.944725000000005 -3.188096 0.0 215.0
55.944725000000005 -3.188096 WNW 55.944839805029716 -3.1883731638597532 0.0 213.75
55.944839805029716 -3.1883731638597532 E 55.944839805029716 -3.188073163859753 0.0 212.5
55.944839805029716 -3.188073163859753 W 55.944839805029716 -3.1883731638597532 0.0 211.25
55.944839805029716 -3.1883731638597532 E 55.944839805029716 -3.188073163859753 0.0 210.0
55.944839805029716 -3.188073163859753 N 55.94513980502972 -3.188073163859753 0.0 208.75
55.94513980502972 -3.188073163859753 SSE 55.94486264116996 -3.1879583588300435 0.0 207.5
55.94486264116996 -3.1879583588300435 NW 55.94507477320432 -3.1881704908643993 0.0 206.25
55.94507477320432 -3.1881704908643993 SE 55.94486264116996 -3.1879583588300435 0.0 205.0
55.94486264116996 -3.1879583588300435 SSW 55.944585477310206 -3.188073163859753 0.0 203.75
55.944585477310206 -3.188073163859753 NNE 55.94486264116996 -3.1879583588300435 0.0 202.5
55.94486264116996 -3.1879583588300435 SSW 55.944585477310206 -3.188073163859753 0.0 201.25
55.944585477310206 -3.188073163859753 NNE 55.94486264116996 -3.1879583588300435 0.0 200.0
55.94486264116996 -3.1879583588300435 SSW 55.944585477310206 -3.188073163859753 0.0 198.75
55.944585477310206 -3.188073163859753 N 55.94488547731021 -3.188073163859753 0.0 197.5
55.94488547731021 -3.188073163859753 S 55.944585477310206 -3.188073163859753 0.0 196.25
55.944585477310206 -3.188073163859753 NNE 55.94486264116996 -3.1879583588300435 0.0 195.0
55.94486264116996 -3.1879583588300435 S 55.94456264116996 -3.1879583588300435 0.0 193.75
55.94456264116996 -3.1879583588300435 N 55.94486264116996 -3.1879583588300435 0.0 192.5
55.94486264116996 -3.1879583588300435 S 55.94456264116996 -3.1879583588300435 0.0 191.25
55.94456264116996 -3.1879583588300435 SE 55.9443505091356 -3.1877462267956878 0.0 190.0
55.9443505091356 -3.1877462267956878 NW 55.94456264116996 -3.1879583588300435 0.0 188.75
55.94456264116996 -3.1879583588300435 NNW 55.944839805029716 -3.188073163859753 0.0 187.5
55.944839805029716 -3.188073163859753 SSE 55.94456264116996 -3.1879583588300435 0.0 186.25
55.94456264116996 -3.1879583588300435 ENE 55.94467744619967 -3.18768119497029 0.0 185.0
55.94467744619967 -3.18768119497029 WSW 55.94456264116996 -3.1879583588300435 0.0 183.75
55.94456264116996 -3.1879583588300435 ESE 55.94444783614025 -3.18768119497029 0.0 182.5
55.94444783614025 -3.18768119497029 NW 55.944659968174605 -3.187893327004646 0.0 181.25
55.944659968174605 -3.187893327004646 SSE 55.94438280431485 -3.1877785219749364 0.0 180.0
55.94438280431485 -3.1877785219749364 NNW 55.944659968174605 -3.187893327004646 0.0 178.75
55.944659968174605 -3.187893327004646 SE 55.94444783614025 -3.18768119497029 0.0 177.5
55.94444783614025 -3.18768119497029 NW 55.944659968174605 -3.187893327004646 0.0 176.25
55.944659968174605 -3.187893327004646 SE 55.94444783614025 -3.18768119497029 0.0 175.0
55.94444783614025 -3.18768119497029 NNE 55.944725000000005 -3.1875663899405806 49.046669006347656 183.40345287322998
55.944725000000005 -3.1875663899405806 SSW 55.94444783614025 -3.18768119497029 49.046669006347656 182.15345287322998
55.94444783614025 -3.18768119497029 SSW 55.94417067228049 -3.1877959999999996 49.046669006347656 180.90345287322998
55.94417067228049 -3.1877959999999996 NNE 55.94444783614025 -3.18768119497029 49.046669006347656 179.65345287322998
55.94444783614025 -3.18768119497029 SSW 55.94417067228049 -3.1877959999999996 49.046669006347656 178.40345287322998
55.94417067228049 -3.1877959999999996 NE 55.94438280431485 -3.187583867965644 49.046669006347656 177.15345287322998
55.94438280431485 -3.187583867965644 S 55.944082804314846 -3.187583867965644 49.046669006347656 175.90345287322998
55.944082804314846 -3.187583867965644 NNW 55.9443599681746 -3.1876986729953534 49.046669006347656 174.65345287322998
55.9443599681746 -3.1876986729953534 SSE 55.944082804314846 -3.187583867965644 49.046669006347656 173.40345287322998
55.944082804314846 -3.187583867965644 ENE 55.944197609344556 -3.1873067041058905 49.046669006347656 172.15345287322998
55.944197609344556 -3.1873067041058905 W 55.944197609344556 -3.1876067041058906 49.046669006347656 170.90345287322998
55.944197609344556 -3.1876067041058906 ENE 55.94431241437427 -3.1873295402461372 49.046669006347656 169.65345287322998
55.94431241437427 -3.1873295402461372 WSW 55.944197609344556 -3.1876067041058906 49.046669006347656 168.40345287322998
55.944197609344556 -3.1876067041058906 NE 55.94440974137891 -3.187394572071535 49.046669006347656 167.15345287322998
55.94440974137891 -3.187394572071535 SSE 55.944132577519156 -3.1872797670418254 49.046669006347656 165.90345287322998
55.944132577519156 -3.1872797670418254 NNW 55.94440974137891 -3.187394572071535 49.046669006347656 164.65345287322998
55.94440974137891 -3.187394572071535 S 55.94410974137891 -3.187394572071535 49.046669006347656 163.40345287322998
55.94410974137891 -3.187394572071535 N 55.94440974137891 -3.187394572071535 49.046669006347656 162.15345287322998
55.94440974137891 -3.187394572071535 S 55.94410974137891 -3.187394572071535 49.046669006347656 160.90345287322998
55.94410974137891 -3.187394572071535 NNE 55.944386905238666 -3.1872797670418254 75.01094818115234 282.6633176803589
55.944386905238666 -3.1872797670418254 SSW 55.94410974137891 -3.187394572071535 75.01094818115234 281.4133176803589
55.94410974137891 -3.187394572071535 ESE 55.9439949363492 -3.1871174082117815 75.01094818115234 280.1633176803589
55.9439949363492 -3.1871174082117815 NW 55.944207068383555 -3.1873295402461372 75.01094818115234 278.9133176803589
55.944207068383555 -3.1873295402461372 SE 55.9439949363492 -3.1871174082117815 75.01094818115234 277.6633176803589
55.9439949363492 -3.1871174082117815 NW 55.944207068383555 -3.1873295402461372 75.01094818115234 276.4133176803589
55.944207068383555 -3.1873295402461372 SE 55.9439949363492 -3.1871174082117815 75.01094818115234 275.1633176803589
55.9439949363492 -3.1871174082117815 W 55.9439949363492 -3.1874174082117817 75.01094818115234 273.9133176803589
55.9439949363492 -3.1874174082117817 E 55.9439949363492 -3.1871174082117815 75.01094818115234 272.6633176803589
55.9439949363492 -3.1871174082117815 W 55.9439949363492 -3.1874174082117817 75.01094818115234 271.4133176803589
55.9439949363492 -3.1874174082117817 E 55.9439949363492 -3.1871174082117815 75.01094818115234 270.1633176803589
55.9439949363492 -3.1871174082117815 SW 55.94378280431484 -3.1873295402461372 75.01094818115234 268.9133176803589
55.94378280431484 -3.1873295402461372 NE 55.9439949363492 -3.1871174082117815 75.01094818115234 267.6633176803589
55.9439949363492 -3.1871174082117815 SSW 55.94371777248944 -3.187232213241491 75.01094818115234 266.4133176803589
55.94371777248944 -3.187232213241491 NNE 55.9439949363492 -3.1871174082117815 75.01094818115234 265.1633176803589
55.9439949363492 -3.1871174082117815 S 55.943694936349196 -3.1871174082117815 75.01094818115234 263.9133176803589
55.943694936349196 -3.1871174082117815 N 55.9439949363492 -3.1871174082117815 75.01094818115234 262.6633176803589
55.9439949363492 -3.1871174082117815 S 55.943694936349196 -3.1871174082117815 75.01094818115234 261.4133176803589
55.943694936349196 -3.1871174082117815 E 55.943694936349196 -3.1868174082117813 75.01094818115234 260.1633176803589
55.943694936349196 -3.1868174082117813 W 55.943694936349196 -3.1871174082117815 75.01094818115234 258.9133176803589
55.943694936349196 -3.1871174082117815 SW 55.94348280431484 -3.1873295402461372 75.01094818115234 257.6633176803589
55.94348280431484 -3.1873295402461372 NE 55.943694936349196 -3.1871174082117815 75.01094818115234 256.4133176803589
55.943694936349196 -3.1871174082117815 SW 55.94348280431484 -3.1873295402461372 75.01094818115234 255.1633176803589
55.94348280431484 -3.1873295402461372 NE 55.943694936349196 -3.1871174082117815 75.01094818115234 253.9133176803589
55.943694936349196 -3.1871174082117815 SW 55.94348280431484 -3.1873295402461372 75.01094818115234 252.6633176803589
55.94348280431484 -3.1873295402461372 NNE 55.9437599681746 -3.1872147352164277 75.01094818115234 251.4133176803589
55.9437599681746 -3.1872147352164277 SW 55.94354783614024 -3.1874268672507835 75.01094818115234 250.1633176803589
55.94354783614024 -3.1874268672507835 NNE 55.943825 -3.187312062221074 75.01094818115234 248.9133176803589
55.943825 -3.187312062221074 SSW 55.94354783614024 -3.1874268672507835 75.01094818115234 247.6633176803589
55.94354783614024 -3.1874268672507835 NNW 55.943825 -3.187541672280493 75.01094818115234 246.4133176803589
55.943825 -3.187541672280493 S 55.943524999999994 -3.187541672280493 75.01094818115234 245.1633176803589
55.943524999999994 -3.187541672280493 ESE 55.943410194970284 -3.1872645084207396 75.01094818115234 243.9133176803589
55.943410194970284 -3.1872645084207396 WNW 55.943524999999994 -3.187541672280493 75.01094818115234 242.6633176803589
55.943524999999994 -3.187541672280493 ENE 55.943639805029704 -3.1872645084207396 130.59796524047852 339.0447111129761
55.943639805029704 -3.1872645084207396 WSW 55.943524999999994 -3.187541672280493 130.59796524047852 337.7947111129761
55.943524999999994 -3.187541672280493 E 55.943524999999994 -3.187241672280493 130.59796524047852 336.5447111129761
55.943524999999994 -3.187241672280493 W 55.943524999999994 -3.187541672280493 130.59796524047852 335.2947111129761
55.943524999999994 -3.187541672280493 ESE 55.943410194970284 -3.1872645084207396 130.59796524047852 334.0447111129761
55.943410194970284 -3.1872645084207396 WNW 55.943524999999994 -3.187541672280493 130.59796524047852 332.7947111129761
55.943524999999994 -3.187541672280493 SSE 55.94324783614024 -3.1874268672507835 162.33615684509277 399.0605421066284
55.94324783614024 -3.1874268672507835 NNW 55.943524999999994 -3.187541672280493 162.33615684509277 397.8105421066284
55.943524999999994 -3.187541672280493 S 55.94322499999999 -3.187541672280493 162.33615684509277 396.5605421066284
55.94322499999999 -3.187541672280493 N 55.943524999999994 -3.187541672280493 162.33615684509277 395.3105421066284
55.943524999999994 -3.187541672280493 S 55.94322499999999 -3.187541672280493 162.33615684509277 394.0605421066284
55.94322499999999 -3.187541672280493 NNW 55.94350216385975 -3.1876564773102025 162.33615684509277 392.8105421066284
55.94350216385975 -3.1876564773102025 SSE 55.94322499999999 -3.187541672280493 162.33615684509277 391.5605421066284
55.94322499999999 -3.187541672280493 E 55.94322499999999 -3.187241672280493 162.33615684509277 390.3105421066284
55.94322499999999 -3.187241672280493 W 55.94322499999999 -3.187541672280493 162.33615684509277 389.0605421066284
55.94322499999999 -3.187541672280493 ENE 55.9433398050297 -3.1872645084207396 162.33615684509277 387.8105421066284
55.9433398050297 -3.1872645084207396 WSW 55.94322499999999 -3.187541672280493 162.33615684509277 386.5605421066284
55.94322499999999 -3.187541672280493 SSW 55.942947836140235 -3.1876564773102025 196.71339988708496 486.39077281951904
55.942947836140235 -3.1876564773102025 NE 55.94315996817459 -3.1874443452758467 196.71339988708496 485.14077281951904
55.94315996817459 -3.1874443452758467 SW 55.942947836140235 -3.1876564773102025 196.71339988708496 483.89077281951904
55.942947836140235 -3.1876564773102025 NE 55.94315996817459 -3.1874443452758467 196.71339988708496 482.64077281951904
55.94315996817459 -3.1874443452758467 SE 55.942947836140235 -3.187232213241491 196.71339988708496 481.39077281951904
55.942947836140235 -3.187232213241491 NW 55.94315996817459 -3.1874443452758467 196.71339988708496 480.14077281951904
55.94315996817459 -3.1874443452758467 SSW 55.942882804314834 -3.1875591503055563 196.71339988708496 478.89077281951904
55.942882804314834 -3.1875591503055563 NNE 55.94315996817459 -3.1874443452758467 196.71339988708496 477.64077281951904
55.94315996817459 -3.1874443452758467 SSW 55.942882804314834 -3.1875591503055563 196.71339988708496 476.39077281951904
55.942882804314834 -3.1875591503055563 ENE 55.942997609344545 -3.187281986445803 196.71339988708496 475.14077281951904
55.942997609344545 -3.187281986445803 W 55.942997609344545 -3.187581986445803 196.71339988708496 473.89077281951904
55.942997609344545 -3.187581986445803 E 55.942997609344545 -3.187281986445803 196.71339988708496 472.64077281951904
55.942997609344545 -3.187281986445803 WNW 55.943112414374255 -3.1875591503055563 196.71339988708496 471.39077281951904
55.943112414374255 -3.1875591503055563 ESE 55.942997609344545 -3.187281986445803 196.71339988708496 470.14077281951904
55.942997609344545 -3.187281986445803 NNW 55.9432747732043 -3.1873967914755124 196.71339988708496 468.89077281951904
55.9432747732043 -3.1873967914755124 SE 55.943062641169945 -3.1871846594411566 196.71339988708496 467.64077281951904
55.943062641169945 -3.1871846594411566 NW 55.9432747732043 -3.1873967914755124 196.71339988708496 466.39077281951904
55.9432747732043 -3.1873967914755124 SE 55.943062641169945 -3.1871846594411566 196.71339988708496 465.14077281951904
55.943062641169945 -3.1871846594411566 NW 55.9432747732043 -3.1873967914755124 196.71339988708496 463.89077281951904
55.9432747732043 -3.1873967914755124 NNE 55.94355193706406 -3.187281986445803 196.71339988708496 462.64077281951904
55.94355193706406 -3.187281986445803 SSW 55.9432747732043 -3.1873967914755124 196.71339988708496 461.39077281951904
55.9432747732043 -3.1873967914755124 WNW 55.94338957823401 -3.1876739553352658 196.71339988708496 460.14077281951904
55.94338957823401 -3.1876739553352658 ESE 55.9432747732043 -3.1873967914755124 196.71339988708496 458.89077281951904
55.9432747732043 -3.1873967914755124 NNW 55.94355193706406 -3.187511596505222 196.71339988708496 457.64077281951904
55.94355193706406 -3.187511596505222 SSE 55.9432747732043 -3.1873967914755124 196.71339988708496 456.39077281951904
55.9432747732043 -3.1873967914755124 ENE 55.94338957823401 -3.187119627615759 196.71339988708496 455.14077281951904
55.94338957823401 -3.187119627615759 W 55.94338957823401 -3.187419627615759 196.71339988708496 453.89077281951904
55.94338957823401 -3.187419627615759 E 55.94338957823401 -3.187119627615759 196.71339988708496 452.64077281951904
55.94338957823401 -3.187119627615759 WSW 55.9432747732043 -3.1873967914755124 196.71339988708496 451.39077281951904
55.9432747732043 -3.1873967914755124 ENE 55.94338957823401 -3.187119627615759 196.71339988708496 450.14077281951904
55.94338957823401 -3.187119627615759 WSW 55.9432747732043 -3.1873967914755124 196.71339988708496 448.89077281951904
55.9432747732043 -3.1873967914755124 E 55.9432747732043 -3.187096791475512 196.71339988708496 447.64077281951904
55.9432747732043 -3.187096791475512 W 55.9432747732043 -3.1873967914755124 196.71339988708496 446.39077281951904
55.9432747732043 -3.1873967914755124 E 55.9432747732043 -3.187096791475512 196.71339988708496 445.14077281951904
55.9432747732043 -3.187096791475512 S 55.9429747732043 -3.187096791475512 196.71339988708496 443.89077281951904
55.9429747732043 -3.187096791475512 N 55.9432747732043 -3.187096791475512 196.71339988708496 442.64077281951904
55.9432747732043 -3.187096791475512 NNW 55.94355193706406 -3.1872115965052217 196.71339988708496 441.39077281951904
55.94355193706406 -3.1872115965052217 SSE 55.9432747732043 -3.187096791475512 196.71339988708496 440.14077281951904
55.9432747732043 -3.187096791475512 NNW 55.94355193706406 -3.1872115965052217 196.71339988708496 438.89077281951904
55.94355193706406 -3.1872115965052217 SE 55.9433398050297 -3.186999464470866 196.71339988708496 437.64077281951904
55.9433398050297 -3.186999464470866 NW 55.94355193706406 -3.1872115965052217 196.71339988708496 436.39077281951904
55.94355193706406 -3.1872115965052217 SE 55.9433398050297 -3.186999464470866 196.71339988708496 435.14077281951904
55.9433398050297 -3.186999464470866 NW 55.94355193706406 -3.1872115965052217 196.71339988708496 433.89077281951904
55.94355193706406 -3.1872115965052217 E 55.94355193706406 -3.1869115965052215 285.6284236907959 539.9834775924683
55.94355193706406 -3.1869115965052215 SSW 55.9432747732043 -3.187026401534931 285.6284236907959 538.7334775924683
55.9432747732043 -3.187026401534931 NNE 55.94355193706406 -3.1869115965052215 285.6284236907959 537.4834775924683
55.94355193706406 -3.1869115965052215 S 55.943251937064055 -3.1869115965052215 285.6284236907959 536.2334775924683
55.943251937064055 -3.1869115965052215 N 55.94355193706406 -3.1869115965052215 285.6284236907959 534.9834775924683
55.94355193706406 -3.1869115965052215 NNE 55.943829100923814 -3.186796791475512 300.1359529495239 575.1873426437378
55.943829100923814 -3.186796791475512 SSW 55.94355193706406 -3.1869115965052215 300.1359529495239 573.9373426437378
55.94355193706406 -3.1869115965052215 NNE 55.943829100923814 -3.186796791475512 300.1359529495239 572.6873426437378
55.943829100923814 -3.186796791475512 SSW 55.94355193706406 -3.1869115965052215 300.1359529495239 571.4373426437378
55.94355193706406 -3.1869115965052215 NNE 55.943829100923814 -3.186796791475512 300.1359529495239 570.1873426437378
55.943829100923814 -3.186796791475512 ESE 55.943714295894104 -3.1865196276157586 329.3901662826538 595.5107927322388
55.943714295894104 -3.1865196276157586 WNW 55.943829100923814 -3.186796791475512 329.3901662826538 594.2607927322388
55.943829100923814 -3.186796791475512 ENE 55.943943905953525 -3.1865196276157586 428.5375814437866 604.3531179428101
55.943943905953525 -3.1865196276157586 WSW 55.943829100923814 -3.186796791475512 428.5375814437866 603.1031179428101
55.943829100923814 -3.186796791475512 S 55.94352910092381 -3.186796791475512 428.5375814437866 601.8531179428101
55.94352910092381 -3.186796791475512 N 55.943829100923814 -3.186796791475512 428.5375814437866 600.6031179428101
55.943829100923814 -3.186796791475512 ESE 55.943714295894104 -3.1865196276157586 428.5375814437866 599.3531179428101
55.943714295894104 -3.1865196276157586 WNW 55.943829100923814 -3.186796791475512 428.5375814437866 598.1031179428101
55.943829100923814 -3.186796791475512 ENE 55.943943905953525 -3.1865196276157586 428.5375814437866 596.8531179428101
55.943943905953525 -3.1865196276157586 WSW 55.943829100923814 -3.186796791475512 428.5375814437866 595.6031179428101
55.943829100923814 -3.186796791475512 ENE 55.943943905953525 -3.1865196276157586 428.5375814437866 594.3531179428101
55.943943905953525 -3.1865196276157586 W 55.943943905953525 -3.1868196276157588 445.2173948287964 608.1914520263672
55.943943905953525 -3.1868196276157588 S 55.94364390595352 -3.1868196276157588 445.2173948287964 606.9414520263672
55.94364390595352 -3.1868196276157588 N 55.943943905953525 -3.1868196276157588 445.2173948287964 605.6914520263672
55.943943905953525 -3.1868196276157588 SE 55.94373177391917 -3.186607495581403 523.1261930465698 606.4977967739105
55.94373177391917 -3.186607495581403 WNW 55.94384657894888 -3.1868846594411564 523.1261930465698 605.2477967739105
55.94384657894888 -3.1868846594411564 NW 55.944058710983235 -3.187096791475512 549.1695852279663 623.6130540370941
55.944058710983235 -3.187096791475512 ESE 55.943943905953525 -3.1868196276157588 549.1695852279663 622.3630540370941
55.943943905953525 -3.1868196276157588 WNW 55.944058710983235 -3.187096791475512 549.1695852279663 621.1130540370941
55.944058710983235 -3.187096791475512 ESE 55.943943905953525 -3.1868196276157588 549.1695852279663 619.8630540370941
55.943943905953525 -3.1868196276157588 WNW 55.944058710983235 -3.187096791475512 549.1695852279663 618.6130540370941
55.944058710983235 -3.187096791475512 E 55.944058710983235 -3.186796791475512 549.1695852279663 617.3630540370941
55.944058710983235 -3.186796791475512 W 55.944058710983235 -3.187096791475512 549.1695852279663 616.1130540370941
55.944058710983235 -3.187096791475512 ENE 55.944173516012945 -3.1868196276157588 549.1695852279663 614.8630540370941
55.944173516012945 -3.1868196276157588 W 55.944173516012945 -3.187119627615759 549.1695852279663 613.6130540370941
55.944173516012945 -3.187119627615759 N 55.94447351601295 -3.187119627615759 629.6453237533569 702.5803391933441
55.94447351601295 -3.187119627615759 S 55.944173516012945 -3.187119627615759 629.6453237533569 701.3303391933441
55.944173516012945 -3.187119627615759 SSE 55.94389635215319 -3.1870048225860494 629.6453237533569 700.0803391933441
55.94389635215319 -3.1870048225860494 NNW 55.944173516012945 -3.187119627615759 629.6453237533569 698.8303391933441
55.944173516012945 -3.187119627615759 SSE 55.94389635215319 -3.1870048225860494 629.6453237533569 697.5803391933441
55.94389635215319 -3.1870048225860494 NNW 55.944173516012945 -3.187119627615759 629.6453237533569 696.3303391933441
55.944173516012945 -3.187119627615759 SSE 55.94389635215319 -3.1870048225860494 629.6453237533569 695.0803391933441
55.94389635215319 -3.1870048225860494 WSW 55.94378154712348 -3.187281986445803 629.6453237533569 693.8303391933441
55.94378154712348 -3.187281986445803 SE 55.94356941508912 -3.187069854411447 629.6453237533569 692.5803391933441
55.94356941508912 -3.187069854411447 NW 55.94378154712348 -3.187281986445803 629.6453237533569 691.3303391933441
55.94378154712348 -3.187281986445803 SE 55.94356941508912 -3.187069854411447 629.6453237533569 690.0803391933441
55.94356941508912 -3.187069854411447 NW 55.94378154712348 -3.187281986445803 629.6453237533569 688.8303391933441
55.94378154712348 -3.187281986445803 SE 55.94356941508912 -3.187069854411447 629.6453237533569 687.5803391933441
55.94356941508912 -3.187069854411447 NW 55.94378154712348 -3.187281986445803 629.6453237533569 686.3303391933441
55.94378154712348 -3.187281986445803 S 55.943481547123476 -3.187281986445803 629.6453237533569 685.0803391933441
55.943481547123476 -3.187281986445803 N 55.94378154712348 -3.187281986445803 629.6453237533569 683.8303391933441
55.94378154712348 -3.187281986445803 SW 55.94356941508912 -3.1874941184801586 629.6453237533569 682.5803391933441
55.94356941508912 -3.1874941184801586 NE 55.94378154712348 -3.187281986445803 629.6453237533569 681.3303391933441
55.94378154712348 -3.187281986445803 WSW 55.94366674209377 -3.1875591503055563 723.1521825790405 782.4462831020355
55.94366674209377 -3.1875591503055563 ENE 55.94378154712348 -3.187281986445803 723.1521825790405 781.1962831020355
55.94378154712348 -3.187281986445803 W 55.94378154712348 -3.187581986445803 787.2750234603882 840.1868913173676
55.94378154712348 -3.187581986445803 NE 55.943993679157835 -3.1873698544114473 787.2750234603882 838.9368913173676
55.943993679157835 -3.1873698544114473 SSE 55.94371651529808 -3.1872550493817378 787.2750234603882 837.6868913173676
55.94371651529808 -3.1872550493817378 NNW 55.943993679157835 -3.1873698544114473 787.2750234603882 836.4368913173676
55.943993679157835 -3.1873698544114473 SW 55.94378154712348 -3.187581986445803 787.2750234603882 835.1868913173676
55.94378154712348 -3.187581986445803 N 55.94408154712348 -3.187581986445803 787.2750234603882 833.9368913173676
55.94408154712348 -3.187581986445803 SE 55.943869415089125 -3.1873698544114473 787.2750234603882 832.6868913173676
55.943869415089125 -3.1873698544114473 NW 55.94408154712348 -3.187581986445803 787.2750234603882 831.4368913173676
55.94408154712348 -3.187581986445803 WSW 55.94396674209377 -3.1878591503055564 793.0098838806152 947.6540925502777
55.94396674209377 -3.1878591503055564 ENE 55.94408154712348 -3.187581986445803 793.0098838806152 946.4040925502777
55.94408154712348 -3.187581986445803 WSW 55.94396674209377 -3.1878591503055564 793.0098838806152 945.1540925502777
55.94396674209377 -3.1878591503055564 N 55.944266742093774 -3.1878591503055564 793.0098838806152 943.9040925502777
55.944266742093774 -3.1878591503055564 S 55.94396674209377 -3.1878591503055564 793.0098838806152 942.6540925502777
55.94396674209377 -3.1878591503055564 NNW 55.94424390595353 -3.187973955335266 793.9396842122078 1000.253045797348
55.94424390595353 -3.187973955335266 SSE 55.94396674209377 -3.1878591503055564 793.9396842122078 999.003045797348
55.94396674209377 -3.1878591503055564 W 55.94396674209377 -3.1881591503055566 793.9396842122078 997.753045797348
55.94396674209377 -3.1881591503055566 E 55.94396674209377 -3.1878591503055564 793.9396842122078 996.503045797348
55.94396674209377 -3.1878591503055564 W 55.94396674209377 -3.1881591503055566 793.9396842122078 995.253045797348
55.94396674209377 -3.1881591503055566 E 55.94396674209377 -3.1878591503055564 793.9396842122078 994.003045797348
55.94396674209377 -3.1878591503055564 SSW 55.943689578234014 -3.187973955335266 896.9277747273445 1068.272104024887
55.943689578234014 -3.187973955335266 NNE 55.94396674209377 -3.1878591503055564 896.9277747273445 1067.022104024887
55.94396674209377 -3.1878591503055564 SSW 55.943689578234014 -3.187973955335266 896.9277747273445 1065.772104024887
55.943689578234014 -3.187973955335266 N 55.94398957823402 -3.187973955335266 896.9277747273445 1064.522104024887
