55.944425 -3.188396 SSW 55.944147836140246 -3.1885108050297095 0.0 248.75
55.944147836140246 -3.1885108050297095 NNE 55.944425 -3.188396 0.0 247.5
55.944425 -3.188396 E 55.944425 -3.188096 0.0 246.25
55.944425 -3.188096 W 55.944425 -3.188396 0.0 245.0
55.944425 -3.188396 E 55.944425 -3.188096 0.0 243.75
55.944425 -3.188096 NW 55.94463713203436 -3.1883081320343556 0.0 242.5
55.94463713203436 -3.1883081320343556 SE 55.944425 -3.188096 0.0 241.25
55.944425 -3.188096 NW 55.94463713203436 -3.1883081320343556 0.0 240.0
55.94463713203436 -3.1883081320343556 ENE 55.94475193706407 -3.188030968174602 0.0 238.75
55.94475193706407 -3.188030968174602 WSW 55.94463713203436 -3.1883081320343556 0.0 237.5
55.94463713203436 -3.1883081320343556 NW 55.944849264068715 -3.1885202640687114 0.0 236.25
55.944849264068715 -3.1885202640687114 SE 55.94463713203436 -3.1883081320343556 0.0 235.0
55.94463713203436 -3.1883081320343556 NNW 55.944914295894115 -3.188422937064065 0.0 233.75
55.944914295894115 -3.188422937064065 S 55.94461429589411 -3.188422937064065 0.0 232.5
55.94461429589411 -3.188422937064065 NNW 55.94489145975387 -3.1885377420937746 0.0 231.25
55.94489145975387 -3.1885377420937746 S 55.944591459753866 -3.1885377420937746 0.0 230.0
55.944591459753866 -3.1885377420937746 N 55.94489145975387 -3.1885377420937746 0.0 228.75
55.94489145975387 -3.1885377420937746 SSW 55.94461429589411 -3.188652547123484 0.0 227.5
55.94461429589411 -3.188652547123484 SE 55.944402163859756 -3.1884404150891283 0.0 226.25
55.944402163859756 -3.1884404150891283 NW 55.94461429589411 -3.188652547123484 0.0 225.0
55.94461429589411 -3.188652547123484 SSW 55.944337132034356 -3.1887673521531936 0.0 223.75
55.944337132034356 -3.1887673521531936 NNE 55.94461429589411 -3.188652547123484 0.0 222.5
55.94461429589411 -3.188652547123484 E 55.94461429589411 -3.188352547123484 0.0 221.25
55.94461429589411 -3.188352547123484 WSW 55.9444994908644 -3.1886297109832373 0.0 220.0
55.9444994908644 -3.1886297109832373 ENE 55.94461429589411 -3.188352547123484 0.0 218.75
55.94461429589411 -3.188352547123484 WSW 55.9444994908644 -3.1886297109832373 0.0 217.5
55.9444994908644 -3.1886297109832373 E 55.9444994908644 -3.188329710983237 0.0 216.25
55.9444994908644 -3.188329710983237 W 55.9444994908644 -3.1886297109832373 0.0 215.0
55.9444994908644 -3.1886297109832373 NW 55.94471162289876 -3.188841843017593 0.0 213.75
55.94471162289876 -3.188841843017593 SE 55.9444994908644 -3.1886297109832373 0.0 212.5
55.9444994908644 -3.1886297109832373 S 55.9441994908644 -3.1886297109832373 0.0 211.25
55.9441994908644 -3.1886297109832373 N 55.9444994908644 -3.1886297109832373 0.0 210.0
55.9444994908644 -3.1886297109832373 SSW 55.944222327004645 -3.188744516012947 0.0 208.75
55.944222327004645 -3.188744516012947 NNE 55.9444994908644 -3.1886297109832373 0.0 207.5
55.9444994908644 -3.1886297109832373 WSW 55.94438468583469 -3.1889068748429907 0.0 206.25
55.94438468583469 -3.1889068748429907 ENE 55.9444994908644 -3.1886297109832373 0.0 205.0
55.9444994908644 -3.1886297109832373 W 55.9444994908644 -3.1889297109832375 0.0 203.75
55.9444994908644 -3.1889297109832375 E 55.9444994908644 -3.1886297109832373 0.0 202.5
55.9444994908644 -3.1886297109832373 NW 55.94471162289876 -3.188841843017593 0.0 201.25
55.94471162289876 -3.188841843017593 SE 55.9444994908644 -3.1886297109832373 0.0 200.0
55.9444994908644 -3.1886297109832373 NW 55.94471162289876 -3.188841843017593 0.0 198.75
55.94471162289876 -3.188841843017593 S 55.944411622898755 -3.188841843017593 0.0 197.5
55.944411622898755 -3.188841843017593 N 55.94471162289876 -3.188841843017593 0.0 196.25
55.94471162289876 -3.188841843017593 WNW 55.94482642792847 -3.1891190068773465 0.0 195.0
55.94482642792847 -3.1891190068773465 ESE 55.94471162289876 -3.188841843017593 0.0 193.75
55.94471162289876 -3.188841843017593 ENE 55.94482642792847 -3.1885646791578397 0.0 192.5
55.94482642792847 -3.1885646791578397 WSW 55.94471162289876 -3.188841843017593 0.0 191.25
55.94471162289876 -3.188841843017593 WNW 55.94482642792847 -3.1891190068773465 0.0 190.0
55.94482642792847 -3.1891190068773465 ESE 55.94471162289876 -3.188841843017593 0.0 188.75
55.94471162289876 -3.188841843017593 S 55.944411622898755 -3.188841843017593 0.0 187.5
55.944411622898755 -3.188841843017593 N 55.94471162289876 -3.188841843017593 0.0 186.25
55.94471162289876 -3.188841843017593 S 55.944411622898755 -3.188841843017593 0.0 185.0
55.944411622898755 -3.188841843017593 WNW 55.944526427928466 -3.1891190068773465 0.0 183.75
55.944526427928466 -3.1891190068773465 ESE 55.944411622898755 -3.188841843017593 0.0 182.5
55.944411622898755 -3.188841843017593 SW 55.9441994908644 -3.189053975051949 0.0 181.25
55.9441994908644 -3.189053975051949 NE 55.944411622898755 -3.188841843017593 0.0 180.0
55.944411622898755 -3.188841843017593 SSE 55.944134459039 -3.1887270379878836 0.0 178.75
55.944134459039 -3.1887270379878836 NNW 55.944411622898755 -3.188841843017593 0.0 177.5
55.944411622898755 -3.188841843017593 W 55.944411622898755 -3.1891418430175933 70.72209930419922 234.94954299926758
55.944411622898755 -3.1891418430175933 SE 55.9441994908644 -3.1889297109832375 70.72209930419922 233.69954299926758
55.9441994908644 -3.1889297109832375 NW 55.944411622898755 -3.1891418430175933 70.72209930419922 232.44954299926758
55.944411622898755 -3.1891418430175933 SSE 55.944134459039 -3.189027037987884 70.72209930419922 231.19954299926758
55.944134459039 -3.189027037987884 WNW 55.94424926406871 -3.189304201847637 70.72209930419922 229.94954299926758
55.94424926406871 -3.189304201847637 SE 55.94403713203435 -3.1890920698132814 70.72209930419922 228.69954299926758
55.94403713203435 -3.1890920698132814 NW 55.94424926406871 -3.189304201847637 70.72209930419922 227.44954299926758
55.94424926406871 -3.189304201847637 SSW 55.94397210020895 -3.1894190068773467 70.72209930419922 226.19954299926758
55.94397210020895 -3.1894190068773467 NNE 55.94424926406871 -3.189304201847637 70.72209930419922 224.94954299926758
55.94424926406871 -3.189304201847637 WSW 55.944134459039 -3.1895813657073906 70.72209930419922 223.69954299926758
55.944134459039 -3.1895813657073906 E 55.944134459039 -3.1892813657073904 70.72209930419922 222.44954299926758
55.944134459039 -3.1892813657073904 SW 55.94392232700464 -3.189493497741746 70.72209930419922 221.19954299926758
55.94392232700464 -3.189493497741746 NE 55.944134459039 -3.1892813657073904 70.72209930419922 219.94954299926758
55.944134459039 -3.1892813657073904 SSE 55.94385729517924 -3.189166560677681 70.72209930419922 218.69954299926758
55.94385729517924 -3.189166560677681 NNW 55.944134459039 -3.1892813657073904 70.72209930419922 217.44954299926758
55.944134459039 -3.1892813657073904 ESE 55.94401965400929 -3.189004201847637 70.72209930419922 216.19954299926758
55.94401965400929 -3.189004201847637 WNW 55.944134459039 -3.1892813657073904 70.72209930419922 214.94954299926758
55.944134459039 -3.1892813657073904 ESE 55.94401965400929 -3.189004201847637 70.72209930419922 213.69954299926758
55.94401965400929 -3.189004201847637 S 55.943719654009286 -3.189004201847637 70.72209930419922 212.44954299926758
55.943719654009286 -3.189004201847637 N 55.94401965400929 -3.189004201847637 70.72209930419922 211.19954299926758
55.94401965400929 -3.189004201847637 E 55.94401965400929 -3.188704201847637 70.72209930419922 209.94954299926758
55.94401965400929 -3.188704201847637 W 55.94401965400929 -3.189004201847637 70.72209930419922 208.69954299926758
55.94401965400929 -3.189004201847637 ENE 55.944134459039 -3.1887270379878836 70.72209930419922 207.44954299926758
55.944134459039 -3.1887270379878836 S 55.943834459038996 -3.1887270379878836 70.72209930419922 206.19954299926758
55.943834459038996 -3.1887270379878836 NNW 55.94411162289875 -3.188841843017593 70.72209930419922 204.94954299926758
55.94411162289875 -3.188841843017593 SSE 55.943834459038996 -3.1887270379878836 70.72209930419922 203.69954299926758
55.943834459038996 -3.1887270379878836 WSW 55.943719654009286 -3.189004201847637 70.72209930419922 202.44954299926758
55.943719654009286 -3.189004201847637 ENE 55.943834459038996 -3.1887270379878836 70.72209930419922 201.19954299926758
55.943834459038996 -3.1887270379878836 NW 55.94404659107335 -3.1889391700222394 70.72209930419922 199.94954299926758
55.94404659107335 -3.1889391700222394 SE 55.943834459038996 -3.1887270379878836 70.72209930419922 198.69954299926758
55.943834459038996 -3.1887270379878836 SSE 55.94355729517924 -3.188612232958174 70.72209930419922 197.44954299926758
55.94355729517924 -3.188612232958174 NNW 55.943834459038996 -3.1887270379878836 70.72209930419922 196.19954299926758
55.943834459038996 -3.1887270379878836 S 55.94353445903899 -3.1887270379878836 70.72209930419922 194.94954299926758
55.94353445903899 -3.1887270379878836 N 55.943834459038996 -3.1887270379878836 70.72209930419922 193.69954299926758
55.943834459038996 -3.1887270379878836 SE 55.94362232700464 -3.188514905953528 70.72209930419922 192.44954299926758
55.94362232700464 -3.188514905953528 WNW 55.94373713203435 -3.1887920698132812 70.72209930419922 191.19954299926758
55.94373713203435 -3.1887920698132812 ESE 55.94362232700464 -3.188514905953528 70.72209930419922 189.94954299926758
55.94362232700464 -3.188514905953528 SSW 55.94334516314488 -3.1886297109832373 70.72209930419922 188.69954299926758
55.94334516314488 -3.1886297109832373 NNE 55.94362232700464 -3.188514905953528 70.72209930419922 187.44954299926758
55.94362232700464 -3.188514905953528 E 55.94362232700464 -3.1882149059535276 70.72209930419922 186.19954299926758
55.94362232700464 -3.1882149059535276 WSW 55.94350752197493 -3.188492069813281 70.72209930419922 184.94954299926758
55.94350752197493 -3.188492069813281 SW 55.94329538994057 -3.188704201847637 70.72209930419922 183.69954299926758
55.94329538994057 -3.188704201847637 NE 55.94350752197493 -3.188492069813281 70.72209930419922 182.44954299926758
55.94350752197493 -3.188492069813281 SSW 55.94323035811517 -3.1886068748429905 70.72209930419922 181.19954299926758
55.94323035811517 -3.1886068748429905 NNE 55.94350752197493 -3.188492069813281 70.72209930419922 179.94954299926758
55.94350752197493 -3.188492069813281 SW 55.94329538994057 -3.188704201847637 70.72209930419922 178.69954299926758
55.94329538994057 -3.188704201847637 NNE 55.94357255380033 -3.1885893968179273 70.72209930419922 177.44954299926758
55.94357255380033 -3.1885893968179273 SSW 55.94329538994057 -3.188704201847637 70.72209930419922 176.19954299926758
55.94329538994057 -3.188704201847637 N 55.943595389940576 -3.188704201847637 70.72209930419922 174.94954299926758
55.943595389940576 -3.188704201847637 SSW 55.94331822608082 -3.1888190068773463 70.72209930419922 173.69954299926758
55.94331822608082 -3.1888190068773463 NNE 55.943595389940576 -3.188704201847637 70.72209930419922 172.44954299926758
55.943595389940576 -3.188704201847637 SW 55.94338325790622 -3.1889163338819926 70.72209930419922 171.19954299926758
55.94338325790622 -3.1889163338819926 NE 55.943595389940576 -3.188704201847637 70.72209930419922 169.94954299926758
55.943595389940576 -3.188704201847637 WNW 55.943710194970286 -3.18898136570739 70.72209930419922 168.69954299926758
55.943710194970286 -3.18898136570739 ESE 55.943595389940576 -3.188704201847637 70.72209930419922 167.44954299926758
55.943595389940576 -3.188704201847637 S 55.94329538994057 -3.188704201847637 70.72209930419922 166.19954299926758
55.94329538994057 -3.188704201847637 N 55.943595389940576 -3.188704201847637 70.72209930419922 164.94954299926758
55.943595389940576 -3.188704201847637 NW 55.94380752197493 -3.1889163338819926 70.72209930419922 163.69954299926758
55.94380752197493 -3.1889163338819926 ENE 55.94392232700464 -3.188639170022239 70.72209930419922 162.44954299926758
55.94392232700464 -3.188639170022239 W 55.94392232700464 -3.1889391700222394 70.72209930419922 161.19954299926758
55.94392232700464 -3.1889391700222394 ENE 55.94403713203435 -3.188662006162486 70.72209930419922 159.94954299926758
55.94403713203435 -3.188662006162486 WSW 55.94392232700464 -3.1889391700222394 70.72209930419922 158.69954299926758
55.94392232700464 -3.1889391700222394 WSW 55.94380752197493 -3.1892163338819928 70.72209930419922 157.44954299926758
55.94380752197493 -3.1892163338819928 ENE 55.94392232700464 -3.1889391700222394 70.72209930419922 156.19954299926758
55.94392232700464 -3.1889391700222394 WSW 55.94380752197493 -3.1892163338819928 70.72209930419922 154.94954299926758
55.94380752197493 -3.1892163338819928 NE 55.94401965400929 -3.189004201847637 70.72209930419922 153.69954299926758
55.94401965400929 -3.189004201847637 SW 55.94380752197493 -3.1892163338819928 70.72209930419922 152.44954299926758
55.94380752197493 -3.1892163338819928 NNE 55.94408468583469 -3.1891015288522833 70.72209930419922 151.19954299926758
55.94408468583469 -3.1891015288522833 WSW 55.94396988080498 -3.1893786927120367 70.72209930419922 149.94954299926758
55.94396988080498 -3.1893786927120367 S 55.943669880804975 -3.1893786927120367 70.72209930419922 148.69954299926758
55.943669880804975 -3.1893786927120367 N 55.94396988080498 -3.1893786927120367 70.72209930419922 147.44954299926758
55.94396988080498 -3.1893786927120367 S 55.943669880804975 -3.1893786927120367 70.72209930419922 146.19954299926758
55.943669880804975 -3.1893786927120367 NNW 55.94394704466473 -3.189493497741746 70.72209930419922 144.94954299926758
55.94394704466473 -3.189493497741746 SSE 55.943669880804975 -3.1893786927120367 70.72209930419922 143.69954299926758
55.943669880804975 -3.1893786927120367 N 55.94396988080498 -3.1893786927120367 70.72209930419922 142.44954299926758
55.94396988080498 -3.1893786927120367 S 55.943669880804975 -3.1893786927120367 70.72209930419922 141.19954299926758
55.943669880804975 -3.1893786927120367 N 55.94396988080498 -3.1893786927120367 70.72209930419922 139.94954299926758
55.94396988080498 -3.1893786927120367 S 55.943669880804975 -3.1893786927120367 70.72209930419922 138.69954299926758
55.943669880804975 -3.1893786927120367 NW 55.94388201283933 -3.1895908247463924 70.72209930419922 137.44954299926758
55.94388201283933 -3.1895908247463924 SE 55.943669880804975 -3.1893786927120367 70.72209930419922 136.19954299926758
55.943669880804975 -3.1893786927120367 SE 55.94345774877062 -3.189166560677681 70.72209930419922 134.94954299926758
55.94345774877062 -3.189166560677681 NNW 55.943734912630376 -3.1892813657073904 70.72209930419922 133.69954299926758
55.943734912630376 -3.1892813657073904 E 55.943734912630376 -3.18898136570739 70.72209930419922 132.44954299926758
55.943734912630376 -3.18898136570739 W 55.943734912630376 -3.1892813657073904 70.72209930419922 131.19954299926758
55.943734912630376 -3.1892813657073904 E 55.943734912630376 -3.18898136570739 70.72209930419922 129.94954299926758
55.943734912630376 -3.18898136570739 W 55.943734912630376 -3.1892813657073904 70.72209930419922 128.69954299926758
55.943734912630376 -3.1892813657073904 SE 55.94352278059602 -3.1890692336730346 70.72209930419922 127.44954299926758
55.94352278059602 -3.1890692336730346 NNW 55.943799944455776 -3.189184038702744 70.72209930419922 126.19954299926758
55.943799944455776 -3.189184038702744 S 55.94349994445577 -3.189184038702744 70.72209930419922 124.94954299926758
55.94349994445577 -3.189184038702744 NNE 55.94377710831553 -3.1890692336730346 70.72209930419922 123.69954299926758
55.94377710831553 -3.1890692336730346 SSW 55.94349994445577 -3.189184038702744 70.72209930419922 122.44954299926758
55.94349994445577 -3.189184038702744 ESE 55.94338513942606 -3.1889068748429907 70.72209930419922 121.19954299926758
55.94338513942606 -3.1889068748429907 WNW 55.94349994445577 -3.189184038702744 70.72209930419922 119.94954299926758
55.94349994445577 -3.189184038702744 S 55.94319994445577 -3.189184038702744 70.72209930419922 118.69954299926758
55.94319994445577 -3.189184038702744 NNW 55.94347710831553 -3.1892988437324536 70.72209930419922 117.44954299926758
55.94347710831553 -3.1892988437324536 S 55.943177108315524 -3.1892988437324536 70.72209930419922 116.19954299926758
55.943177108315524 -3.1892988437324536 NNW 55.94345427217528 -3.189413648762163 70.72209930419922 114.94954299926758
55.94345427217528 -3.189413648762163 S 55.94315427217528 -3.189413648762163 70.72209930419922 113.69954299926758
55.94315427217528 -3.189413648762163 N 55.94345427217528 -3.189413648762163 70.72209930419922 112.44954299926758
55.94345427217528 -3.189413648762163 S 55.94315427217528 -3.189413648762163 70.72209930419922 111.19954299926758
55.94315427217528 -3.189413648762163 NNW 55.943431436035034 -3.1895284537918727 70.72209930419922 109.94954299926758
55.943431436035034 -3.1895284537918727 SSE 55.94315427217528 -3.189413648762163 70.72209930419922 108.69954299926758
55.94315427217528 -3.189413648762163 NNW 55.943431436035034 -3.1895284537918727 70.72209930419922 107.44954299926758
55.943431436035034 -3.1895284537918727 S 55.94313143603503 -3.1895284537918727 70.72209930419922 106.19954299926758
55.94313143603503 -3.1895284537918727 N 55.943431436035034 -3.1895284537918727 70.72209930419922 104.94954299926758
55.943431436035034 -3.1895284537918727 SSW 55.94315427217528 -3.189643258821582 95.5903434753418 144.37959671020508
55.94315427217528 -3.189643258821582 NNE 55.943431436035034 -3.1895284537918727 95.5903434753418 143.12959671020508
55.943431436035034 -3.1895284537918727 SW 55.94321930400068 -3.1897405858262284 95.5903434753418 141.87959671020508
55.94321930400068 -3.1897405858262284 NE 55.943431436035034 -3.1895284537918727 95.5903434753418 140.62959671020508
55.943431436035034 -3.1895284537918727 WSW 55.943316631005324 -3.189805617651626 95.5903434753418 139.37959671020508
55.943316631005324 -3.189805617651626 E 55.943316631005324 -3.189505617651626 95.5903434753418 138.12959671020508
55.943316631005324 -3.189505617651626 W 55.943316631005324 -3.189805617651626 95.5903434753418 136.87959671020508
55.943316631005324 -3.189805617651626 E 55.943316631005324 -3.189505617651626 95.5903434753418 135.62959671020508
55.943316631005324 -3.189505617651626 WSW 55.94320182597561 -3.1897827815113793 95.5903434753418 134.37959671020508
55.94320182597561 -3.1897827815113793 ENE 55.943316631005324 -3.189505617651626 95.5903434753418 133.12959671020508
55.943316631005324 -3.189505617651626 WSW 55.94320182597561 -3.1897827815113793 95.5903434753418 131.87959671020508
55.94320182597561 -3.1897827815113793 ESE 55.9430870209459 -3.189505617651626 95.5903434753418 130.62959671020508
55.9430870209459 -3.189505617651626 W 55.9430870209459 -3.189805617651626 95.5903434753418 129.37959671020508
55.9430870209459 -3.189805617651626 NE 55.94329915298026 -3.1895934856172703 95.5903434753418 128.12959671020508
55.94329915298026 -3.1895934856172703 SW 55.9430870209459 -3.189805617651626 95.5903434753418 126.87959671020508
55.9430870209459 -3.189805617651626 NE 55.94329915298026 -3.1895934856172703 95.5903434753418 125.62959671020508
55.94329915298026 -3.1895934856172703 SW 55.9430870209459 -3.189805617651626 95.5903434753418 124.37959671020508
55.9430870209459 -3.189805617651626 NNE 55.94336418480566 -3.1896908126219166 95.5903434753418 123.12959671020508
55.94336418480566 -3.1896908126219166 SSW 55.9430870209459 -3.189805617651626 95.5903434753418 121.87959671020508
55.9430870209459 -3.189805617651626 N 55.943387020945906 -3.189805617651626 95.5903434753418 120.62959671020508
55.943387020945906 -3.189805617651626 S 55.9430870209459 -3.189805617651626 95.5903434753418 119.37959671020508
55.9430870209459 -3.189805617651626 SW 55.94287488891155 -3.190017749685982 95.5903434753418 118.12959671020508
55.94287488891155 -3.190017749685982 NE 55.9430870209459 -3.189805617651626 95.5903434753418 116.87959671020508
55.9430870209459 -3.189805617651626 N 55.943387020945906 -3.189805617651626 95.5903434753418 115.62959671020508
55.943387020945906 -3.189805617651626 S 55.9430870209459 -3.189805617651626 95.5903434753418 114.37959671020508
55.9430870209459 -3.189805617651626 W 55.9430870209459 -3.1901056176516263 95.5903434753418 113.12959671020508
55.9430870209459 -3.1901056176516263 E 55.9430870209459 -3.189805617651626 95.5903434753418 111.87959671020508
55.9430870209459 -3.189805617651626 NW 55.94329915298026 -3.190017749685982 95.5903434753418 110.62959671020508
55.94329915298026 -3.190017749685982 SSE 55.9430219891205 -3.1899029446562723 95.5903434753418 109.37959671020508
55.9430219891205 -3.1899029446562723 NNW 55.94329915298026 -3.190017749685982 95.5903434753418 108.12959671020508
55.94329915298026 -3.190017749685982 S 55.942999152980256 -3.190017749685982 95.5903434753418 106.87959671020508
55.942999152980256 -3.190017749685982 WNW 55.94311395800997 -3.1902949135457352 95.5903434753418 105.62959671020508
55.94311395800997 -3.1902949135457352 ESE 55.942999152980256 -3.190017749685982 95.5903434753418 104.37959671020508
55.942999152980256 -3.190017749685982 WNW 55.94311395800997 -3.1902949135457352 95.5903434753418 103.12959671020508
55.94311395800997 -3.1902949135457352 SE 55.94290182597561 -3.1900827815113795 95.5903434753418 101.87959671020508
55.94290182597561 -3.1900827815113795 NW 55.94311395800997 -3.1902949135457352 95.5903434753418 100.62959671020508
55.94311395800997 -3.1902949135457352 N 55.94341395800997 -3.1902949135457352 95.5903434753418 99.37959671020508
55.94341395800997 -3.1902949135457352 SSE 55.94313679415021 -3.1901801085160257 95.5903434753418 98.12959671020508
55.94313679415021 -3.1901801085160257 ENE 55.94325159917992 -3.1899029446562723 104.52160549163818 187.65127182006836
55.94325159917992 -3.1899029446562723 WSW 55.94313679415021 -3.1901801085160257 104.52160549163818 186.40127182006836
55.94313679415021 -3.1901801085160257 WNW 55.94325159917992 -3.190457272375779 104.52160549163818 185.15127182006836
55.94325159917992 -3.190457272375779 ESE 55.94313679415021 -3.1901801085160257 104.52160549163818 183.90127182006836
55.94313679415021 -3.1901801085160257 NW 55.94334892618457 -3.1903922405503815 104.52160549163818 182.65127182006836
55.94334892618457 -3.1903922405503815 SE 55.94313679415021 -3.1901801085160257 104.52160549163818 181.40127182006836
55.94313679415021 -3.1901801085160257 NNW 55.94341395800997 -3.1902949135457352 104.52160549163818 180.15127182006836
55.94341395800997 -3.1902949135457352 SSE 55.94313679415021 -3.1901801085160257 104.52160549163818 178.90127182006836
55.94313679415021 -3.1901801085160257 N 55.943436794150216 -3.1901801085160257 104.52160549163818 177.65127182006836
55.943436794150216 -3.1901801085160257 S 55.94313679415021 -3.1901801085160257 104.52160549163818 176.40127182006836
55.94313679415021 -3.1901801085160257 NNE 55.94341395800997 -3.1900653034863162 104.52160549163818 175.15127182006836
55.94341395800997 -3.1900653034863162 NNE 55.943691121869726 -3.1899504984566067 104.52160549163818 173.90127182006836
55.943691121869726 -3.1899504984566067 S 55.94339112186972 -3.1899504984566067 104.52160549163818 172.65127182006836
55.94339112186972 -3.1899504984566067 N 55.943691121869726 -3.1899504984566067 104.52160549163818 171.40127182006836
55.943691121869726 -3.1899504984566067 S 55.94339112186972 -3.1899504984566067 104.52160549163818 170.15127182006836
55.94339112186972 -3.1899504984566067 NNE 55.94366828572948 -3.189835693426897 104.52160549163818 168.90127182006836
55.94366828572948 -3.189835693426897 WSW 55.94355348069977 -3.1901128572866506 104.52160549163818 167.65127182006836
55.94355348069977 -3.1901128572866506 ENE 55.94366828572948 -3.189835693426897 104.52160549163818 166.40127182006836
55.94366828572948 -3.189835693426897 W 55.94366828572948 -3.1901356934268974 104.52160549163818 165.15127182006836
55.94366828572948 -3.1901356934268974 ENE 55.94378309075919 -3.189858529567144 104.52160549163818 163.90127182006836
55.94378309075919 -3.189858529567144 SE 55.943570958724834 -3.1896463975327882 104.52160549163818 162.65127182006836
55.943570958724834 -3.1896463975327882 NW 55.94378309075919 -3.189858529567144 104.52160549163818 161.40127182006836
55.94378309075919 -3.189858529567144 ENE 55.9438978957889 -3.1895813657073906 104.52160549163818 160.15127182006836
55.9438978957889 -3.1895813657073906 WSW 55.94378309075919 -3.189858529567144 104.52160549163818 158.90127182006836
55.94378309075919 -3.189858529567144 ENE 55.9438978957889 -3.1895813657073906 104.52160549163818 157.65127182006836
55.9438978957889 -3.1895813657073906 W 55.9438978957889 -3.189881365707391 104.52160549163818 156.40127182006836
55.9438978957889 -3.189881365707391 SE 55.943685763754544 -3.189669233673035 104.52160549163818 155.15127182006836
55.943685763754544 -3.189669233673035 NW 55.9438978957889 -3.189881365707391 104.52160549163818 153.90127182006836
55.9438978957889 -3.189881365707391 NE 55.94411002782326 -3.189669233673035 104.52160549163818 152.65127182006836
55.94411002782326 -3.189669233673035 SW 55.9438978957889 -3.189881365707391 104.52160549163818 151.40127182006836
55.9438978957889 -3.189881365707391 NNE 55.94417505964866 -3.1897665606776813 104.52160549163818 150.15127182006836
55.94417505964866 -3.1897665606776813 SSW 55.9438978957889 -3.189881365707391 104.52160549163818 148.90127182006836
55.9438978957889 -3.189881365707391 NNW 55.94417505964866 -3.1899961707371003 104.52160549163818 147.65127182006836
55.94417505964866 -3.1899961707371003 SSE 55.9438978957889 -3.189881365707391 104.52160549163818 146.40127182006836
55.9438978957889 -3.189881365707391 NNW 55.94417505964866 -3.1899961707371003 104.52160549163818 145.15127182006836
55.94417505964866 -3.1899961707371003 SSE 55.9438978957889 -3.189881365707391 104.52160549163818 143.90127182006836
55.9438978957889 -3.189881365707391 NNW 55.94417505964866 -3.1899961707371003 104.52160549163818 142.65127182006836
55.94417505964866 -3.1899961707371003 S 55.943875059648654 -3.1899961707371003 104.52160549163818 141.40127182006836
55.943875059648654 -3.1899961707371003 N 55.94417505964866 -3.1899961707371003 104.52160549163818 140.15127182006836
55.94417505964866 -3.1899961707371003 SW 55.9439629276143 -3.190208302771456 104.52160549163818 138.90127182006836
55.9439629276143 -3.190208302771456 N 55.944262927614304 -3.190208302771456 104.52160549163818 137.65127182006836
55.944262927614304 -3.190208302771456 S 55.9439629276143 -3.190208302771456 104.52160549163818 136.40127182006836
55.9439629276143 -3.190208302771456 SE 55.943750795579945 -3.1899961707371003 104.52160549163818 135.15127182006836
55.943750795579945 -3.1899961707371003 NNW 55.9440279594397 -3.19011097576681 104.52160549163818 133.90127182006836
55.9440279594397 -3.19011097576681 SE 55.943815827405345 -3.189898843732454 104.52160549163818 132.65127182006836
55.943815827405345 -3.189898843732454 NNW 55.9440929912651 -3.1900136487621635 104.52160549163818 131.40127182006836
55.9440929912651 -3.1900136487621635 SSE 55.943815827405345 -3.189898843732454 104.52160549163818 130.15127182006836
55.943815827405345 -3.189898843732454 W 55.943815827405345 -3.190198843732454 104.52160549163818 128.90127182006836
55.943815827405345 -3.190198843732454 SSE 55.94353866354559 -3.1900840387027447 104.52160549163818 127.65127182006836
