55.944425 -3.188396 S 55.944125 -3.188396 0.0 248.75
55.944125 -3.188396 N 55.944425 -3.188396 0.0 247.5
55.944425 -3.188396 E 55.944425 -3.188096 0.0 246.25
55.944425 -3.188096 W 55.944425 -3.188396 0.0 245.0
55.944425 -3.188396 E 55.944425 -3.188096 0.0 243.75
55.944425 -3.188096 NW 55.94463713203436 -3.1883081320343556 0.0 242.5
55.94463713203436 -3.1883081320343556 SE 55.944425 -3.188096 0.0 241.25
55.944425 -3.188096 NW 55.94463713203436 -3.1883081320343556 0.0 240.0
55.94463713203436 -3.1883081320343556 ENE 55.94475193706407 -3.188030968174602 0.0 238.75
55.94475193706407 -3.188030968174602 WSW 55.94463713203436 -3.1883081320343556 0.0 237.5
55.94463713203436 -3.1883081320343556 SSW 55.9443599681746 -3.188422937064065 0.0 236.25
55.9443599681746 -3.188422937064065 NNE 55.94463713203436 -3.1883081320343556 0.0 235.0
55.94463713203436 -3.1883081320343556 NNW 55.944914295894115 -3.188422937064065 0.0 233.75
55.944914295894115 -3.188422937064065 S 55.94461429589411 -3.188422937064065 0.0 232.5
55.94461429589411 -3.188422937064065 NNW 55.94489145975387 -3.1885377420937746 0.0 231.25
55.94489145975387 -3.1885377420937746 S 55.944591459753866 -3.1885377420937746 0.0 230.0
55.944591459753866 -3.1885377420937746 N 55.94489145975387 -3.1885377420937746 0.0 228.75
55.94489145975387 -3.1885377420937746 SSW 55.94461429589411 -3.188652547123484 0.0 227.5
55.94461429589411 -3.188652547123484 NNW 55.94489145975387 -3.1887673521531936 0.0 226.25
55.94489145975387 -3.1887673521531936 SSE 55.94461429589411 -3.188652547123484 0.0 225.0
55.94461429589411 -3.188652547123484 E 55.94461429589411 -3.188352547123484 0.0 223.75
55.94461429589411 -3.188352547123484 W 55.94461429589411 -3.188652547123484 0.0 222.5
55.94461429589411 -3.188652547123484 E 55.94461429589411 -3.188352547123484 0.0 221.25
55.94461429589411 -3.188352547123484 WSW 55.9444994908644 -3.1886297109832373 0.0 220.0
55.9444994908644 -3.1886297109832373 ENE 55.94461429589411 -3.188352547123484 0.0 218.75
55.94461429589411 -3.188352547123484 WSW 55.9444994908644 -3.1886297109832373 0.0 217.5
55.9444994908644 -3.1886297109832373 S 55.9441994908644 -3.1886297109832373 0.0 216.25
55.9441994908644 -3.1886297109832373 N 55.9444994908644 -3.1886297109832373 0.0 215.0
55.9444994908644 -3.1886297109832373 SSW 55.944222327004645 -3.188744516012947 0.0 213.75
55.944222327004645 -3.188744516012947 NNE 55.9444994908644 -3.1886297109832373 0.0 212.5
55.9444994908644 -3.1886297109832373 S 55.9441994908644 -3.1886297109832373 0.0 211.25
55.9441994908644 -3.1886297109832373 N 55.9444994908644 -3.1886297109832373 0.0 210.0
55.9444994908644 -3.1886297109832373 SSW 55.944222327004645 -3.188744516012947 0.0 208.75
55.944222327004645 -3.188744516012947 NNE 55.9444994908644 -3.1886297109832373 0.0 207.5
55.9444994908644 -3.1886297109832373 WSW 55.94438468583469 -3.1889068748429907 0.0 206.25
55.94438468583469 -3.1889068748429907 ENE 55.9444994908644 -3.1886297109832373 0.0 205.0
55.9444994908644 -3.1886297109832373 W 55.9444994908644 -3.1889297109832375 0.0 203.75
55.9444994908644 -3.1889297109832375 E 55.9444994908644 -3.1886297109832373 0.0 202.5
55.9444994908644 -3.1886297109832373 SSE 55.944222327004645 -3.188514905953528 0.0 201.25
55.944222327004645 -3.188514905953528 NNW 55.9444994908644 -3.1886297109832373 0.0 200.0
55.9444994908644 -3.1886297109832373 NW 55.94471162289876 -3.188841843017593 0.0 198.75
55.94471162289876 -3.188841843017593 S 55.944411622898755 -3.188841843017593 0.0 197.5
55.944411622898755 -3.188841843017593 N 55.94471162289876 -3.188841843017593 0.0 196.25
55.94471162289876 -3.188841843017593 S 55.944411622898755 -3.188841843017593 0.0 195.0
55.944411622898755 -3.188841843017593 N 55.94471162289876 -3.188841843017593 0.0 193.75
55.94471162289876 -3.188841843017593 WSW 55.94459681786905 -3.1891190068773465 0.0 192.5
55.94459681786905 -3.1891190068773465 ENE 55.94471162289876 -3.188841843017593 0.0 191.25
55.94471162289876 -3.188841843017593 WNW 55.94482642792847 -3.1891190068773465 0.0 190.0
55.94482642792847 -3.1891190068773465 ESE 55.94471162289876 -3.188841843017593 0.0 188.75
55.94471162289876 -3.188841843017593 S 55.944411622898755 -3.188841843017593 0.0 187.5
55.944411622898755 -3.188841843017593 N 55.94471162289876 -3.188841843017593 0.0 186.25
55.94471162289876 -3.188841843017593 S 55.944411622898755 -3.188841843017593 0.0 185.0
55.944411622898755 -3.188841843017593 WNW 55.944526427928466 -3.1891190068773465 0.0 183.75
55.944526427928466 -3.1891190068773465 ESE 55.944411622898755 -3.188841843017593 0.0 182.5
55.944411622898755 -3.188841843017593 SW 55.9441994908644 -3.189053975051949 0.0 181.25
55.9441994908644 -3.189053975051949 NE 55.944411622898755 -3.188841843017593 0.0 180.0
55.944411622898755 -3.188841843017593 SSE 55.944134459039 -3.1887270379878836 0.0 178.75
55.944134459039 -3.1887270379878836 NNW 55.944411622898755 -3.188841843017593 0.0 177.5
55.944411622898755 -3.188841843017593 W 55.944411622898755 -3.1891418430175933 0.0 176.25
55.944411622898755 -3.1891418430175933 SE 55.9441994908644 -3.1889297109832375 0.0 175.0
55.9441994908644 -3.1889297109832375 NW 55.944411622898755 -3.1891418430175933 0.0 173.75
55.944411622898755 -3.1891418430175933 SSE 55.944134459039 -3.189027037987884 0.0 172.5
55.944134459039 -3.189027037987884 WNW 55.94424926406871 -3.189304201847637 0.0 171.25
55.94424926406871 -3.189304201847637 SE 55.94403713203435 -3.1890920698132814 0.0 170.0
55.94403713203435 -3.1890920698132814 NW 55.94424926406871 -3.189304201847637 0.0 168.75
55.94424926406871 -3.189304201847637 SE 55.94403713203435 -3.1890920698132814 0.0 167.5
55.94403713203435 -3.1890920698132814 NW 55.94424926406871 -3.189304201847637 0.0 166.25
55.94424926406871 -3.189304201847637 WSW 55.944134459039 -3.1895813657073906 0.0 165.0
55.944134459039 -3.1895813657073906 ENE 55.94424926406871 -3.189304201847637 0.0 163.75
55.94424926406871 -3.189304201847637 SSW 55.94397210020895 -3.1894190068773467 0.0 162.5
55.94397210020895 -3.1894190068773467 NNE 55.94424926406871 -3.189304201847637 0.0 161.25
55.94424926406871 -3.189304201847637 SE 55.94403713203435 -3.1890920698132814 0.0 160.0
55.94403713203435 -3.1890920698132814 W 55.94403713203435 -3.1893920698132816 0.0 158.75
55.94403713203435 -3.1893920698132816 E 55.94403713203435 -3.1890920698132814 0.0 157.5
55.94403713203435 -3.1890920698132814 W 55.94403713203435 -3.1893920698132816 0.0 156.25
55.94403713203435 -3.1893920698132816 E 55.94403713203435 -3.1890920698132814 0.0 155.0
55.94403713203435 -3.1890920698132814 ENE 55.94415193706406 -3.188814905953528 0.0 153.75
55.94415193706406 -3.188814905953528 WSW 55.94403713203435 -3.1890920698132814 0.0 152.5
55.94403713203435 -3.1890920698132814 E 55.94403713203435 -3.1887920698132812 0.0 151.25
55.94403713203435 -3.1887920698132812 W 55.94403713203435 -3.1890920698132814 0.0 150.0
55.94403713203435 -3.1890920698132814 E 55.94403713203435 -3.1887920698132812 0.0 148.75
55.94403713203435 -3.1887920698132812 SSE 55.9437599681746 -3.1886772647835717 0.0 147.5
55.9437599681746 -3.1886772647835717 NNW 55.94403713203435 -3.1887920698132812 0.0 146.25
55.94403713203435 -3.1887920698132812 SE 55.943825 -3.1885799377789255 0.0 145.0
55.943825 -3.1885799377789255 NW 55.94403713203435 -3.1887920698132812 0.0 143.75
55.94403713203435 -3.1887920698132812 SSE 55.9437599681746 -3.1886772647835717 0.0 142.5
55.9437599681746 -3.1886772647835717 NNW 55.94403713203435 -3.1887920698132812 0.0 141.25
55.94403713203435 -3.1887920698132812 S 55.94373713203435 -3.1887920698132812 0.0 140.0
55.94373713203435 -3.1887920698132812 NNE 55.94401429589411 -3.1886772647835717 0.0 138.75
55.94401429589411 -3.1886772647835717 S 55.943714295894104 -3.1886772647835717 0.0 137.5
55.943714295894104 -3.1886772647835717 NW 55.94392642792846 -3.1888893968179275 0.0 136.25
55.94392642792846 -3.1888893968179275 SE 55.943714295894104 -3.1886772647835717 0.0 135.0
55.943714295894104 -3.1886772647835717 N 55.94401429589411 -3.1886772647835717 0.0 133.75
55.94401429589411 -3.1886772647835717 S 55.943714295894104 -3.1886772647835717 0.0 132.5
55.943714295894104 -3.1886772647835717 SE 55.94350216385975 -3.188465132749216 0.0 131.25
55.94350216385975 -3.188465132749216 NW 55.943714295894104 -3.1886772647835717 0.0 130.0
55.943714295894104 -3.1886772647835717 SSE 55.94343713203435 -3.188562459753862 0.0 128.75
55.94343713203435 -3.188562459753862 NNW 55.943714295894104 -3.1886772647835717 0.0 127.5
55.943714295894104 -3.1886772647835717 SE 55.94350216385975 -3.188465132749216 0.0 126.25
55.94350216385975 -3.188465132749216 N 55.94380216385975 -3.188465132749216 0.0 125.0
55.94380216385975 -3.188465132749216 S 55.94350216385975 -3.188465132749216 0.0 123.75
55.94350216385975 -3.188465132749216 SE 55.94329003182539 -3.18825300071486 0.0 122.5
55.94329003182539 -3.18825300071486 NW 55.94350216385975 -3.188465132749216 0.0 121.25
55.94350216385975 -3.188465132749216 WSW 55.94338735883004 -3.1887422966089694 0.0 120.0
55.94338735883004 -3.1887422966089694 E 55.94338735883004 -3.188442296608969 0.0 118.75
55.94338735883004 -3.188442296608969 W 55.94338735883004 -3.1887422966089694 0.0 117.5
55.94338735883004 -3.1887422966089694 E 55.94338735883004 -3.188442296608969 0.0 116.25
55.94338735883004 -3.188442296608969 W 55.94338735883004 -3.1887422966089694 0.0 115.0
55.94338735883004 -3.1887422966089694 NNE 55.943664522689794 -3.18862749157926 0.0 113.75
55.943664522689794 -3.18862749157926 SSW 55.94338735883004 -3.1887422966089694 0.0 112.5
55.94338735883004 -3.1887422966089694 WNW 55.94350216385975 -3.1890194604687228 0.0 111.25
55.94350216385975 -3.1890194604687228 E 55.94350216385975 -3.1887194604687226 0.0 110.0
55.94350216385975 -3.1887194604687226 NW 55.943714295894104 -3.1889315925030783 0.0 108.75
55.943714295894104 -3.1889315925030783 ESE 55.94359949086439 -3.188654428643325 0.0 107.5
55.94359949086439 -3.188654428643325 WNW 55.943714295894104 -3.1889315925030783 0.0 106.25
55.943714295894104 -3.1889315925030783 ESE 55.94359949086439 -3.188654428643325 0.0 105.0
55.94359949086439 -3.188654428643325 NW 55.94381162289875 -3.1888665606776807 0.0 103.75
55.94381162289875 -3.1888665606776807 NE 55.944023754933106 -3.188654428643325 119.56459045410156 109.37337398529053
55.944023754933106 -3.188654428643325 SW 55.94381162289875 -3.1888665606776807 119.56459045410156 108.12337398529053
55.94381162289875 -3.1888665606776807 WNW 55.94392642792846 -3.189143724537434 119.56459045410156 106.87337398529053
55.94392642792846 -3.189143724537434 ENE 55.94404123295817 -3.1888665606776807 119.56459045410156 105.62337398529053
55.94404123295817 -3.1888665606776807 SW 55.943829100923814 -3.1890786927120365 119.56459045410156 104.37337398529053
55.943829100923814 -3.1890786927120365 NE 55.94404123295817 -3.1888665606776807 119.56459045410156 103.12337398529053
55.94404123295817 -3.1888665606776807 WSW 55.94392642792846 -3.189143724537434 119.56459045410156 101.87337398529053
55.94392642792846 -3.189143724537434 S 55.94362642792846 -3.189143724537434 119.56459045410156 100.62337398529053
55.94362642792846 -3.189143724537434 N 55.94392642792846 -3.189143724537434 119.56459045410156 99.37337398529053
55.94392642792846 -3.189143724537434 SE 55.943714295894104 -3.1889315925030783 119.56459045410156 98.12337398529053
55.943714295894104 -3.1889315925030783 NW 55.94392642792846 -3.189143724537434 119.56459045410156 96.87337398529053
55.94392642792846 -3.189143724537434 W 55.94392642792846 -3.1894437245374343 119.56459045410156 95.62337398529053
55.94392642792846 -3.1894437245374343 ESE 55.94381162289875 -3.189166560677681 119.56459045410156 94.37337398529053
55.94381162289875 -3.189166560677681 W 55.94381162289875 -3.189466560677681 119.56459045410156 93.12337398529053
55.94381162289875 -3.189466560677681 E 55.94381162289875 -3.189166560677681 119.56459045410156 91.87337398529053
55.94381162289875 -3.189166560677681 W 55.94381162289875 -3.189466560677681 119.56459045410156 90.62337398529053
55.94381162289875 -3.189466560677681 SE 55.94359949086439 -3.1892544286433253 119.56459045410156 89.37337398529053
55.94359949086439 -3.1892544286433253 NW 55.94381162289875 -3.189466560677681 119.56459045410156 88.12337398529053
55.94381162289875 -3.189466560677681 SE 55.94359949086439 -3.1892544286433253 119.56459045410156 86.87337398529053
55.94359949086439 -3.1892544286433253 ESE 55.94348468583468 -3.188977264783572 119.56459045410156 85.62337398529053
55.94348468583468 -3.188977264783572 WNW 55.94359949086439 -3.1892544286433253 119.56459045410156 84.37337398529053
55.94359949086439 -3.1892544286433253 N 55.943899490864396 -3.1892544286433253 168.09598922729492 188.51635646820068
55.943899490864396 -3.1892544286433253 SSE 55.94362232700464 -3.189139623613616 168.09598922729492 187.26635646820068
55.94362232700464 -3.189139623613616 NNW 55.943899490864396 -3.1892544286433253 168.09598922729492 186.01635646820068
55.943899490864396 -3.1892544286433253 SE 55.94368735883004 -3.1890422966089695 168.09598922729492 184.76635646820068
55.94368735883004 -3.1890422966089695 NW 55.943899490864396 -3.1892544286433253 168.09598922729492 183.51635646820068
55.943899490864396 -3.1892544286433253 ESE 55.943784685834686 -3.188977264783572 168.09598922729492 182.26635646820068
55.943784685834686 -3.188977264783572 W 55.943784685834686 -3.189277264783572 168.09598922729492 181.01635646820068
55.943784685834686 -3.189277264783572 NW 55.94399681786904 -3.189489396817928 168.09598922729492 179.76635646820068
55.94399681786904 -3.189489396817928 SSE 55.943719654009286 -3.1893745917882184 168.09598922729492 178.51635646820068
55.943719654009286 -3.1893745917882184 NNW 55.94399681786904 -3.189489396817928 168.09598922729492 177.26635646820068
55.94399681786904 -3.189489396817928 SE 55.943784685834686 -3.189277264783572 168.09598922729492 176.01635646820068
55.943784685834686 -3.189277264783572 NW 55.94399681786904 -3.189489396817928 168.09598922729492 174.76635646820068
55.94399681786904 -3.189489396817928 SE 55.943784685834686 -3.189277264783572 168.09598922729492 173.51635646820068
55.943784685834686 -3.189277264783572 N 55.94408468583469 -3.189277264783572 272.39880752563477 247.87321376800537
55.94408468583469 -3.189277264783572 WNW 55.9441994908644 -3.1895544286433255 272.39880752563477 246.62321376800537
55.9441994908644 -3.1895544286433255 WSW 55.94408468583469 -3.189831592503079 272.39880752563477 245.37321376800537
55.94408468583469 -3.189831592503079 ENE 55.9441994908644 -3.1895544286433255 272.39880752563477 244.12321376800537
55.9441994908644 -3.1895544286433255 WSW 55.94408468583469 -3.189831592503079 272.39880752563477 242.87321376800537
55.94408468583469 -3.189831592503079 ENE 55.9441994908644 -3.1895544286433255 272.39880752563477 241.62321376800537
55.9441994908644 -3.1895544286433255 WSW 55.94408468583469 -3.189831592503079 272.39880752563477 240.37321376800537
55.94408468583469 -3.189831592503079 NNE 55.944361849694445 -3.1897167874733694 272.39880752563477 239.12321376800537
55.944361849694445 -3.1897167874733694 SSW 55.94408468583469 -3.189831592503079 272.39880752563477 237.87321376800537
55.94408468583469 -3.189831592503079 N 55.94438468583469 -3.189831592503079 272.39880752563477 236.62321376800537
55.94438468583469 -3.189831592503079 S 55.94408468583469 -3.189831592503079 272.39880752563477 235.37321376800537
55.94408468583469 -3.189831592503079 N 55.94438468583469 -3.189831592503079 272.39880752563477 234.12321376800537
55.94438468583469 -3.189831592503079 S 55.94408468583469 -3.189831592503079 272.39880752563477 232.87321376800537
55.94408468583469 -3.189831592503079 S 55.943784685834686 -3.189831592503079 272.39880752563477 231.62321376800537
55.943784685834686 -3.189831592503079 N 55.94408468583469 -3.189831592503079 272.39880752563477 230.37321376800537
55.94408468583469 -3.189831592503079 S 55.943784685834686 -3.189831592503079 272.39880752563477 229.12321376800537
55.943784685834686 -3.189831592503079 N 55.94408468583469 -3.189831592503079 272.39880752563477 227.87321376800537
55.94408468583469 -3.189831592503079 S 55.943784685834686 -3.189831592503079 272.39880752563477 226.62321376800537
55.943784685834686 -3.189831592503079 N 55.94408468583469 -3.189831592503079 272.39880752563477 225.37321376800537
55.94408468583469 -3.189831592503079 S 55.943784685834686 -3.189831592503079 272.39880752563477 224.12321376800537
55.943784685834686 -3.189831592503079 ENE 55.943899490864396 -3.1895544286433255 272.39880752563477 222.87321376800537
55.943899490864396 -3.1895544286433255 WSW 55.943784685834686 -3.189831592503079 272.39880752563477 221.62321376800537
55.943784685834686 -3.189831592503079 S 55.94348468583468 -3.189831592503079 272.39880752563477 220.37321376800537
55.94348468583468 -3.189831592503079 N 55.943784685834686 -3.189831592503079 272.39880752563477 219.12321376800537
55.943784685834686 -3.189831592503079 SSW 55.94350752197493 -3.1899463975327884 272.39880752563477 217.87321376800537
55.94350752197493 -3.1899463975327884 NNE 55.943784685834686 -3.189831592503079 272.39880752563477 216.62321376800537
55.943784685834686 -3.189831592503079 NW 55.94399681786904 -3.1900437245374347 272.39880752563477 215.37321376800537
55.94399681786904 -3.1900437245374347 SE 55.943784685834686 -3.189831592503079 272.39880752563477 214.12321376800537
55.943784685834686 -3.189831592503079 S 55.94348468583468 -3.189831592503079 272.39880752563477 212.87321376800537
55.94348468583468 -3.189831592503079 NNE 55.94376184969444 -3.1897167874733694 272.39880752563477 211.62321376800537
55.94376184969444 -3.1897167874733694 E 55.94376184969444 -3.189416787473369 272.39880752563477 210.37321376800537
55.94376184969444 -3.189416787473369 WSW 55.94364704466473 -3.1896939513331226 272.39880752563477 209.12321376800537
55.94364704466473 -3.1896939513331226 ENE 55.94376184969444 -3.189416787473369 272.39880752563477 207.87321376800537
55.94376184969444 -3.189416787473369 WSW 55.94364704466473 -3.1896939513331226 272.39880752563477 206.62321376800537
55.94364704466473 -3.1896939513331226 SSW 55.94336988080497 -3.189808756362832 272.39880752563477 205.37321376800537
55.94336988080497 -3.189808756362832 NNE 55.94364704466473 -3.1896939513331226 272.39880752563477 204.12321376800537
55.94364704466473 -3.1896939513331226 SSW 55.94336988080497 -3.189808756362832 272.39880752563477 202.87321376800537
55.94336988080497 -3.189808756362832 N 55.943669880804975 -3.189808756362832 272.39880752563477 201.62321376800537
55.943669880804975 -3.189808756362832 S 55.94336988080497 -3.189808756362832 272.39880752563477 200.37321376800537
55.94336988080497 -3.189808756362832 N 55.943669880804975 -3.189808756362832 272.39880752563477 199.12321376800537
55.943669880804975 -3.189808756362832 WSW 55.943555075775265 -3.1900859202225855 272.39880752563477 197.87321376800537
55.943555075775265 -3.1900859202225855 ENE 55.943669880804975 -3.189808756362832 272.39880752563477 196.62321376800537
55.943669880804975 -3.189808756362832 SW 55.94345774877062 -3.190020888397188 304.40929794311523 223.30521297454834
55.94345774877062 -3.190020888397188 N 55.94375774877062 -3.190020888397188 304.40929794311523 222.05521297454834
55.94375774877062 -3.190020888397188 S 55.94345774877062 -3.190020888397188 304.40929794311523 220.80521297454834
55.94345774877062 -3.190020888397188 SSE 55.94318058491086 -3.1899060833674784 358.97875595092773 316.05824184417725
55.94318058491086 -3.1899060833674784 NNW 55.94345774877062 -3.190020888397188 358.97875595092773 314.80824184417725
55.94345774877062 -3.190020888397188 SSW 55.94318058491086 -3.1901356934268974 358.97875595092773 313.55824184417725
55.94318058491086 -3.1901356934268974 NNW 55.94345774877062 -3.190250498456607 358.97875595092773 312.30824184417725
55.94345774877062 -3.190250498456607 SW 55.94324561673626 -3.1904626304909627 358.97875595092773 311.05824184417725
55.94324561673626 -3.1904626304909627 NE 55.94345774877062 -3.190250498456607 358.97875595092773 309.80824184417725
55.94345774877062 -3.190250498456607 S 55.943157748770616 -3.190250498456607 476.94133377075195 386.97103786468506
55.943157748770616 -3.190250498456607 N 55.94345774877062 -3.190250498456607 476.94133377075195 385.72103786468506
55.94345774877062 -3.190250498456607 SSE 55.94318058491086 -3.1901356934268974 476.94133377075195 384.47103786468506
55.94318058491086 -3.1901356934268974 NNW 55.94345774877062 -3.190250498456607 476.94133377075195 383.22103786468506
55.94345774877062 -3.190250498456607 SSE 55.94318058491086 -3.1901356934268974 476.94133377075195 381.97103786468506
55.94318058491086 -3.1901356934268974 ESE 55.94306577988115 -3.189858529567144 476.94133377075195 380.72103786468506
55.94306577988115 -3.189858529567144 NW 55.94327791191551 -3.1900706616014998 476.94133377075195 379.47103786468506
55.94327791191551 -3.1900706616014998 SE 55.94306577988115 -3.189858529567144 476.94133377075195 378.22103786468506
55.94306577988115 -3.189858529567144 NW 55.94327791191551 -3.1900706616014998 476.94133377075195 376.97103786468506
55.94327791191551 -3.1900706616014998 SE 55.94306577988115 -3.189858529567144 476.94133377075195 375.72103786468506
55.94306577988115 -3.189858529567144 W 55.94306577988115 -3.190158529567144 476.94133377075195 374.47103786468506
55.94306577988115 -3.190158529567144 E 55.94306577988115 -3.189858529567144 476.94133377075195 373.22103786468506
55.94306577988115 -3.189858529567144 ENE 55.94318058491086 -3.1895813657073906 476.94133377075195 371.97103786468506
55.94318058491086 -3.1895813657073906 SW 55.94296845287651 -3.1897934977417464 476.94133377075195 370.72103786468506
55.94296845287651 -3.1897934977417464 NE 55.94318058491086 -3.1895813657073906 476.94133377075195 369.47103786468506
55.94318058491086 -3.1895813657073906 SSW 55.942903421051106 -3.1896961707371 487.64396381378174 429.05543422698975
55.942903421051106 -3.1896961707371 N 55.94320342105111 -3.1896961707371 487.64396381378174 427.80543422698975
55.94320342105111 -3.1896961707371 S 55.942903421051106 -3.1896961707371 487.64396381378174 426.55543422698975
55.942903421051106 -3.1896961707371 N 55.94320342105111 -3.1896961707371 487.64396381378174 425.30543422698975
55.94320342105111 -3.1896961707371 SSW 55.94292625719135 -3.1898109757668096 487.64396381378174 424.05543422698975
55.94292625719135 -3.1898109757668096 NNE 55.94320342105111 -3.1896961707371 487.64396381378174 422.80543422698975
55.94320342105111 -3.1896961707371 SW 55.94299128901675 -3.189908302771456 487.64396381378174 421.55543422698975
55.94299128901675 -3.189908302771456 NE 55.94320342105111 -3.1896961707371 487.64396381378174 420.30543422698975
55.94320342105111 -3.1896961707371 WNW 55.94331822608082 -3.1899733345968535 487.64396381378174 419.05543422698975
55.94331822608082 -3.1899733345968535 SE 55.94310609404646 -3.1897612025624977 571.1016283035278 481.374716758728
55.94310609404646 -3.1897612025624977 NW 55.94331822608082 -3.1899733345968535 571.1016283035278 480.124716758728
55.94331822608082 -3.1899733345968535 ESE 55.94320342105111 -3.1896961707371 571.1016283035278 478.874716758728
55.94320342105111 -3.1896961707371 WNW 55.94331822608082 -3.1899733345968535 571.1016283035278 477.624716758728
55.94331822608082 -3.1899733345968535 E 55.94331822608082 -3.1896733345968533 571.1016283035278 476.374716758728
55.94331822608082 -3.1896733345968533 WNW 55.94343303111053 -3.1899504984566067 571.1016283035278 475.124716758728
55.94343303111053 -3.1899504984566067 ENE 55.94354783614024 -3.1896733345968533 571.1016283035278 473.874716758728
55.94354783614024 -3.1896733345968533 S 55.94324783614024 -3.1896733345968533 571.1016283035278 472.624716758728
55.94324783614024 -3.1896733345968533 N 55.94354783614024 -3.1896733345968533 571.1016283035278 471.374716758728
55.94354783614024 -3.1896733345968533 ESE 55.94343303111053 -3.1893961707371 571.1016283035278 470.124716758728
55.94343303111053 -3.1893961707371 WNW 55.94354783614024 -3.1896733345968533 571.1016283035278 468.874716758728
55.94354783614024 -3.1896733345968533 ESE 55.94343303111053 -3.1893961707371 571.1016283035278 467.624716758728
55.94343303111053 -3.1893961707371 WNW 55.94354783614024 -3.1896733345968533 571.1016283035278 466.374716758728
55.94354783614024 -3.1896733345968533 S 55.94324783614024 -3.1896733345968533 571.1016283035278 465.124716758728
55.94324783614024 -3.1896733345968533 NNE 55.943524999999994 -3.189558529567144 571.1016283035278 463.874716758728
55.943524999999994 -3.189558529567144 SSW 55.94324783614024 -3.1896733345968533 571.1016283035278 462.624716758728
55.94324783614024 -3.1896733345968533 NE 55.943459968174594 -3.1894612025624975 648.7060594558716 529.417929649353
55.943459968174594 -3.1894612025624975 SSW 55.94318280431484 -3.189576007592207 648.7060594558716 528.167929649353
55.94318280431484 -3.189576007592207 NNE 55.943459968174594 -3.1894612025624975 648.7060594558716 526.917929649353
55.943459968174594 -3.1894612025624975 S 55.94315996817459 -3.1894612025624975 648.7060594558716 525.667929649353
55.94315996817459 -3.1894612025624975 N 55.943459968174594 -3.1894612025624975 648.7060594558716 524.417929649353
55.943459968174594 -3.1894612025624975 SSE 55.94318280431484 -3.189346397532788 764.4060487747192 560.5152006149292
55.94318280431484 -3.189346397532788 NNW 55.943459968174594 -3.1894612025624975 764.4060487747192 559.2652006149292
55.943459968174594 -3.1894612025624975 SSE 55.94318280431484 -3.189346397532788 764.4060487747192 558.0152006149292
