55.944425 -3.188396 E 55.944425 -3.188096 0.0 248.75
55.944425 -3.188096 WNW 55.94453980502971 -3.1883731638597532 0.0 247.5
55.94453980502971 -3.1883731638597532 SE 55.94432767299536 -3.1881610318253975 0.0 246.25
55.94432767299536 -3.1881610318253975 NW 55.94453980502971 -3.1883731638597532 0.0 245.0
55.94453980502971 -3.1883731638597532 SSE 55.944262641169956 -3.1882583588300437 0.0 243.75
55.944262641169956 -3.1882583588300437 NNW 55.94453980502971 -3.1883731638597532 0.0 242.5
55.94453980502971 -3.1883731638597532 SSE 55.944262641169956 -3.1882583588300437 0.0 241.25
55.944262641169956 -3.1882583588300437 NNW 55.94453980502971 -3.1883731638597532 0.0 240.0
55.94453980502971 -3.1883731638597532 ESE 55.944425 -3.188096 0.0 238.75
55.944425 -3.188096 NW 55.94463713203436 -3.1883081320343556 0.0 237.5
55.94463713203436 -3.1883081320343556 E 55.94463713203436 -3.1880081320343554 0.0 236.25
55.94463713203436 -3.1880081320343554 W 55.94463713203436 -3.1883081320343556 0.0 235.0
55.94463713203436 -3.1883081320343556 NNW 55.944914295894115 -3.188422937064065 0.0 233.75
55.944914295894115 -3.188422937064065 SSE 55.94463713203436 -3.1883081320343556 0.0 232.5
55.94463713203436 -3.1883081320343556 SW 55.944425 -3.1885202640687114 0.0 231.25
55.944425 -3.1885202640687114 NE 55.94463713203436 -3.1883081320343556 0.0 230.0
55.94463713203436 -3.1883081320343556 NNW 55.944914295894115 -3.188422937064065 0.0 228.75
55.944914295894115 -3.188422937064065 S 55.94461429589411 -3.188422937064065 0.0 227.5
55.94461429589411 -3.188422937064065 W 55.94461429589411 -3.1887229370640653 0.0 226.25
55.94461429589411 -3.1887229370640653 E 55.94461429589411 -3.188422937064065 0.0 225.0
55.94461429589411 -3.188422937064065 SE 55.944402163859756 -3.1882108050297093 0.0 223.75
55.944402163859756 -3.1882108050297093 WNW 55.94451696888947 -3.1884879688894627 0.0 222.5
55.94451696888947 -3.1884879688894627 WSW 55.944402163859756 -3.188765132749216 0.0 221.25
55.944402163859756 -3.188765132749216 ENE 55.94451696888947 -3.1884879688894627 0.0 220.0
55.94451696888947 -3.1884879688894627 W 55.94451696888947 -3.188787968889463 0.0 218.75
55.94451696888947 -3.188787968889463 E 55.94451696888947 -3.1884879688894627 0.0 217.5
55.94451696888947 -3.1884879688894627 WSW 55.944402163859756 -3.188765132749216 0.0 216.25
55.944402163859756 -3.188765132749216 NE 55.94461429589411 -3.1885530007148604 0.0 215.0
55.94461429589411 -3.1885530007148604 W 55.94461429589411 -3.1888530007148606 0.0 213.75
55.94461429589411 -3.1888530007148606 E 55.94461429589411 -3.1885530007148604 0.0 212.5
55.94461429589411 -3.1885530007148604 WNW 55.94472910092382 -3.1888301645746138 0.0 211.25
55.94472910092382 -3.1888301645746138 E 55.94472910092382 -3.1885301645746136 0.0 210.0
55.94472910092382 -3.1885301645746136 W 55.94472910092382 -3.1888301645746138 0.0 208.75
55.94472910092382 -3.1888301645746138 ENE 55.94484390595353 -3.1885530007148604 0.0 207.5
55.94484390595353 -3.1885530007148604 W 55.94484390595353 -3.1888530007148606 0.0 206.25
55.94484390595353 -3.1888530007148606 E 55.94484390595353 -3.1885530007148604 0.0 205.0
55.94484390595353 -3.1885530007148604 W 55.94484390595353 -3.1888530007148606 0.0 203.75
55.94484390595353 -3.1888530007148606 ENE 55.944958710983244 -3.188575836855107 0.0 202.5
55.944958710983244 -3.188575836855107 WSW 55.94484390595353 -3.1888530007148606 0.0 201.25
55.94484390595353 -3.1888530007148606 NW 55.94505603798789 -3.1890651327492163 0.0 200.0
55.94505603798789 -3.1890651327492163 SE 55.94484390595353 -3.1888530007148606 0.0 198.75
55.94484390595353 -3.1888530007148606 ESE 55.94472910092382 -3.188575836855107 0.0 197.5
55.94472910092382 -3.188575836855107 WNW 55.94484390595353 -3.1888530007148606 0.0 196.25
55.94484390595353 -3.1888530007148606 W 55.94484390595353 -3.1891530007148607 0.0 195.0
55.94484390595353 -3.1891530007148607 E 55.94484390595353 -3.1888530007148606 0.0 193.75
55.94484390595353 -3.1888530007148606 W 55.94484390595353 -3.1891530007148607 0.0 192.5
55.94484390595353 -3.1891530007148607 E 55.94484390595353 -3.1888530007148606 0.0 191.25
55.94484390595353 -3.1888530007148606 W 55.94484390595353 -3.1891530007148607 0.0 190.0
55.94484390595353 -3.1891530007148607 ENE 55.944958710983244 -3.1888758368551073 0.0 188.75
55.944958710983244 -3.1888758368551073 WSW 55.94484390595353 -3.1891530007148607 0.0 187.5
55.94484390595353 -3.1891530007148607 ENE 55.944958710983244 -3.1888758368551073 0.0 186.25
55.944958710983244 -3.1888758368551073 N 55.945258710983246 -3.1888758368551073 0.0 185.0
55.945258710983246 -3.1888758368551073 S 55.944958710983244 -3.1888758368551073 0.0 183.75
55.944958710983244 -3.1888758368551073 NNE 55.945235874843 -3.188761031825398 0.0 182.5
55.945235874843 -3.188761031825398 S 55.944935874843 -3.188761031825398 0.0 181.25
55.944935874843 -3.188761031825398 N 55.945235874843 -3.188761031825398 0.0 180.0
55.945235874843 -3.188761031825398 NNE 55.94551303870276 -3.1886462267956883 0.0 178.75
55.94551303870276 -3.1886462267956883 SSW 55.945235874843 -3.188761031825398 0.0 177.5
55.945235874843 -3.188761031825398 ENE 55.94535067987271 -3.1884838679656444 0.0 176.25
55.94535067987271 -3.1884838679656444 WSW 55.945235874843 -3.188761031825398 0.0 175.0
55.945235874843 -3.188761031825398 ESE 55.94512106981329 -3.1884838679656444 0.0 173.75
55.94512106981329 -3.1884838679656444 NW 55.945333201847646 -3.188696 0.0 172.5
55.945333201847646 -3.188696 SE 55.94512106981329 -3.1884838679656444 0.0 171.25
55.94512106981329 -3.1884838679656444 NNE 55.945398233673046 -3.188369062935935 0.0 170.0
55.945398233673046 -3.188369062935935 S 55.94509823367304 -3.188369062935935 0.0 168.75
55.94509823367304 -3.188369062935935 SW 55.94488610163869 -3.1885811949702907 0.0 167.5
55.94488610163869 -3.1885811949702907 NE 55.94509823367304 -3.188369062935935 0.0 166.25
55.94509823367304 -3.188369062935935 SSE 55.94482106981329 -3.1882542579062254 0.0 165.0
55.94482106981329 -3.1882542579062254 N 55.94512106981329 -3.1882542579062254 0.0 163.75
55.94512106981329 -3.1882542579062254 WSW 55.94500626478358 -3.188531421765979 0.0 162.5
55.94500626478358 -3.188531421765979 ENE 55.94512106981329 -3.1882542579062254 0.0 161.25
55.94512106981329 -3.1882542579062254 SW 55.94490893777893 -3.188466389940581 0.0 160.0
55.94490893777893 -3.188466389940581 NE 55.94512106981329 -3.1882542579062254 0.0 158.75
55.94512106981329 -3.1882542579062254 NNE 55.945398233673046 -3.188139452876516 0.0 157.5
55.945398233673046 -3.188139452876516 SSW 55.94512106981329 -3.1882542579062254 0.0 156.25
55.94512106981329 -3.1882542579062254 N 55.94542106981329 -3.1882542579062254 0.0 155.0
55.94542106981329 -3.1882542579062254 S 55.94512106981329 -3.1882542579062254 0.0 153.75
55.94512106981329 -3.1882542579062254 NNW 55.945398233673046 -3.188369062935935 0.0 152.5
55.945398233673046 -3.188369062935935 E 55.945398233673046 -3.1880690629359347 0.0 151.25
55.945398233673046 -3.1880690629359347 W 55.945398233673046 -3.188369062935935 0.0 150.0
55.945398233673046 -3.188369062935935 ENE 55.94551303870276 -3.1880918990761815 0.0 148.75
55.94551303870276 -3.1880918990761815 W 55.94551303870276 -3.1883918990761817 0.0 147.5
55.94551303870276 -3.1883918990761817 E 55.94551303870276 -3.1880918990761815 0.0 146.25
55.94551303870276 -3.1880918990761815 W 55.94551303870276 -3.1883918990761817 0.0 145.0
55.94551303870276 -3.1883918990761817 E 55.94551303870276 -3.1880918990761815 0.0 143.75
55.94551303870276 -3.1880918990761815 W 55.94551303870276 -3.1883918990761817 0.0 142.5
55.94551303870276 -3.1883918990761817 WSW 55.945398233673046 -3.188669062935935 0.0 141.25
55.945398233673046 -3.188669062935935 E 55.945398233673046 -3.188369062935935 0.0 140.0
55.945398233673046 -3.188369062935935 ENE 55.94551303870276 -3.1880918990761815 0.0 138.75
55.94551303870276 -3.1880918990761815 WSW 55.945398233673046 -3.188369062935935 0.0 137.5
55.945398233673046 -3.188369062935935 WNW 55.94551303870276 -3.1886462267956883 0.0 136.25
55.94551303870276 -3.1886462267956883 ESE 55.945398233673046 -3.188369062935935 0.0 135.0
55.945398233673046 -3.188369062935935 NW 55.9456103657074 -3.1885811949702907 0.0 133.75
55.9456103657074 -3.1885811949702907 ESE 55.94549556067769 -3.1883040311105373 0.0 132.5
55.94549556067769 -3.1883040311105373 WNW 55.9456103657074 -3.1885811949702907 0.0 131.25
55.9456103657074 -3.1885811949702907 E 55.9456103657074 -3.1882811949702905 0.0 130.0
55.9456103657074 -3.1882811949702905 W 55.9456103657074 -3.1885811949702907 0.0 128.75
55.9456103657074 -3.1885811949702907 E 55.9456103657074 -3.1882811949702905 0.0 127.5
55.9456103657074 -3.1882811949702905 W 55.9456103657074 -3.1885811949702907 0.0 126.25
55.9456103657074 -3.1885811949702907 W 55.9456103657074 -3.188881194970291 0.0 125.0
55.9456103657074 -3.188881194970291 E 55.9456103657074 -3.1885811949702907 0.0 123.75
55.9456103657074 -3.1885811949702907 NNE 55.94588752956716 -3.188466389940581 0.0 122.5
55.94588752956716 -3.188466389940581 SSW 55.9456103657074 -3.1885811949702907 0.0 121.25
55.9456103657074 -3.1885811949702907 W 55.9456103657074 -3.188881194970291 0.0 120.0
55.9456103657074 -3.188881194970291 E 55.9456103657074 -3.1885811949702907 0.0 118.75
55.9456103657074 -3.1885811949702907 W 55.9456103657074 -3.188881194970291 0.0 117.5
55.9456103657074 -3.188881194970291 ENE 55.94572517073711 -3.1886040311105375 0.0 116.25
55.94572517073711 -3.1886040311105375 WSW 55.9456103657074 -3.188881194970291 0.0 115.0
55.9456103657074 -3.188881194970291 NNE 55.94588752956716 -3.1887663899405814 0.0 113.75
55.94588752956716 -3.1887663899405814 S 55.945587529567156 -3.1887663899405814 0.0 112.5
55.945587529567156 -3.1887663899405814 NNE 55.94586469342691 -3.188651584910872 0.0 111.25
55.94586469342691 -3.188651584910872 WNW 55.94597949845662 -3.1889287487706253 0.0 110.0
55.94597949845662 -3.1889287487706253 ESE 55.94586469342691 -3.188651584910872 0.0 108.75
55.94586469342691 -3.188651584910872 NW 55.94607682546127 -3.1888637169452276 0.0 107.5
55.94607682546127 -3.1888637169452276 SE 55.94586469342691 -3.188651584910872 0.0 106.25
55.94586469342691 -3.188651584910872 ENE 55.94597949845662 -3.1883744210511185 0.0 105.0
55.94597949845662 -3.1883744210511185 WSW 55.94586469342691 -3.188651584910872 0.0 103.75
55.94586469342691 -3.188651584910872 E 55.94586469342691 -3.1883515849108717 0.0 102.5
55.94586469342691 -3.1883515849108717 SW 55.945652561392556 -3.1885637169452274 0.0 101.25
55.945652561392556 -3.1885637169452274 NNE 55.94592972525231 -3.188448911915518 0.0 100.0
55.94592972525231 -3.188448911915518 WSW 55.9458149202226 -3.1887260757752713 0.0 98.75
55.9458149202226 -3.1887260757752713 ENE 55.94592972525231 -3.188448911915518 0.0 97.5
55.94592972525231 -3.188448911915518 ENE 55.94604453028202 -3.1881717480557645 0.0 96.25
55.94604453028202 -3.1881717480557645 WSW 55.94592972525231 -3.188448911915518 0.0 95.0
55.94592972525231 -3.188448911915518 NNW 55.94620688911207 -3.1885637169452274 0.0 93.75
55.94620688911207 -3.1885637169452274 SE 55.94599475707771 -3.1883515849108717 0.0 92.5
55.94599475707771 -3.1883515849108717 NW 55.94620688911207 -3.1885637169452274 0.0 91.25
55.94620688911207 -3.1885637169452274 ESE 55.94609208408236 -3.188286553085474 0.0 90.0
55.94609208408236 -3.188286553085474 W 55.94609208408236 -3.1885865530854742 0.0 88.75
55.94609208408236 -3.1885865530854742 E 55.94609208408236 -3.188286553085474 0.0 87.5
55.94609208408236 -3.188286553085474 E 55.94609208408236 -3.187986553085474 0.0 86.25
55.94609208408236 -3.187986553085474 W 55.94609208408236 -3.188286553085474 0.0 85.0
55.94609208408236 -3.188286553085474 WNW 55.94620688911207 -3.1885637169452274 0.0 83.75
55.94620688911207 -3.1885637169452274 E 55.94620688911207 -3.1882637169452273 0.0 82.5
55.94620688911207 -3.1882637169452273 W 55.94620688911207 -3.1885637169452274 0.0 81.25
55.94620688911207 -3.1885637169452274 E 55.94620688911207 -3.1882637169452273 0.0 80.0
55.94620688911207 -3.1882637169452273 ESE 55.94609208408236 -3.187986553085474 0.0 78.75
55.94609208408236 -3.187986553085474 W 55.94609208408236 -3.188286553085474 0.0 77.5
55.94609208408236 -3.188286553085474 ESE 55.94597727905265 -3.1880093892257206 0.0 76.25
55.94597727905265 -3.1880093892257206 WNW 55.94609208408236 -3.188286553085474 0.0 75.0
55.94609208408236 -3.188286553085474 SE 55.945879952048 -3.1880744210511183 0.0 73.75
55.945879952048 -3.1880744210511183 NNW 55.94615711590776 -3.1881892260808278 0.0 72.5
55.94615711590776 -3.1881892260808278 S 55.94585711590776 -3.1881892260808278 0.0 71.25
55.94585711590776 -3.1881892260808278 NNW 55.94613427976751 -3.1883040311105373 0.0 70.0
55.94613427976751 -3.1883040311105373 S 55.94583427976751 -3.1883040311105373 0.0 68.75
55.94583427976751 -3.1883040311105373 NNE 55.94611144362727 -3.1881892260808278 0.0 67.5
55.94611144362727 -3.1881892260808278 SW 55.94589931159291 -3.1884013581151835 0.0 66.25
55.94589931159291 -3.1884013581151835 NNE 55.94617647545267 -3.188286553085474 0.0 65.0
55.94617647545267 -3.188286553085474 S 55.945876475452664 -3.188286553085474 0.0 63.75
55.945876475452664 -3.188286553085474 SSE 55.94559931159291 -3.1881717480557645 0.0 62.5
55.94559931159291 -3.1881717480557645 NNW 55.945876475452664 -3.188286553085474 0.0 61.25
55.945876475452664 -3.188286553085474 SW 55.94566434341831 -3.18849868511983 0.0 60.0
55.94566434341831 -3.18849868511983 NE 55.945876475452664 -3.188286553085474 0.0 58.75
55.945876475452664 -3.188286553085474 SW 55.94566434341831 -3.18849868511983 0.0 57.5
55.94566434341831 -3.18849868511983 NE 55.945876475452664 -3.188286553085474 0.0 56.25
55.945876475452664 -3.188286553085474 SW 55.94566434341831 -3.18849868511983 0.0 55.0
55.94566434341831 -3.18849868511983 E 55.94566434341831 -3.1881986851198296 0.0 53.75
55.94566434341831 -3.1881986851198296 WNW 55.94577914844802 -3.188475848979583 0.0 52.5
55.94577914844802 -3.188475848979583 ESE 55.94566434341831 -3.1881986851198296 0.0 51.25
55.94566434341831 -3.1881986851198296 WNW 55.94577914844802 -3.188475848979583 0.0 50.0
55.94577914844802 -3.188475848979583 ESE 55.94566434341831 -3.1881986851198296 0.0 48.75
55.94566434341831 -3.1881986851198296 N 55.94596434341831 -3.1881986851198296 0.0 47.5
55.94596434341831 -3.1881986851198296 SE 55.945752211383954 -3.187986553085474 0.0 46.25
55.945752211383954 -3.187986553085474 WNW 55.945867016413665 -3.1882637169452273 0.0 45.0
55.945867016413665 -3.1882637169452273 ESE 55.945752211383954 -3.187986553085474 0.0 43.75
55.945752211383954 -3.187986553085474 WNW 55.945867016413665 -3.1882637169452273 0.0 42.5
55.945867016413665 -3.1882637169452273 E 55.945867016413665 -3.187963716945227 0.0 41.25
55.945867016413665 -3.187963716945227 S 55.94556701641366 -3.187963716945227 0.0 40.0
55.94556701641366 -3.187963716945227 N 55.945867016413665 -3.187963716945227 0.0 38.75
55.945867016413665 -3.187963716945227 S 55.94556701641366 -3.187963716945227 0.0 37.5
55.94556701641366 -3.187963716945227 N 55.945867016413665 -3.187963716945227 0.0 36.25
55.945867016413665 -3.187963716945227 SSW 55.94558985255391 -3.1880785219749366 0.0 35.0
55.94558985255391 -3.1880785219749366 NE 55.945801984588265 -3.187866389940581 0.0 33.75
55.945801984588265 -3.187866389940581 SW 55.94558985255391 -3.1880785219749366 0.0 32.5
55.94558985255391 -3.1880785219749366 N 55.94588985255391 -3.1880785219749366 0.0 31.25
55.94588985255391 -3.1880785219749366 S 55.94558985255391 -3.1880785219749366 0.0 30.0
55.94558985255391 -3.1880785219749366 W 55.94558985255391 -3.1883785219749368 0.0 28.75
55.94558985255391 -3.1883785219749368 E 55.94558985255391 -3.1880785219749366 0.0 27.5
55.94558985255391 -3.1880785219749366 W 55.94558985255391 -3.1883785219749368 0.0 26.25
55.94558985255391 -3.1883785219749368 E 55.94558985255391 -3.1880785219749366 0.0 25.0
55.94558985255391 -3.1880785219749366 W 55.94558985255391 -3.1883785219749368 0.0 23.75
55.94558985255391 -3.1883785219749368 ENE 55.94570465758362 -3.1881013581151834 0.0 22.5
55.94570465758362 -3.1881013581151834 WSW 55.94558985255391 -3.1883785219749368 0.0 21.25
55.94558985255391 -3.1883785219749368 NNW 55.945867016413665 -3.1884933270046463 0.0 20.0
55.945867016413665 -3.1884933270046463 SSE 55.94558985255391 -3.1883785219749368 0.0 18.75
55.94558985255391 -3.1883785219749368 N 55.94588985255391 -3.1883785219749368 0.0 17.5
55.94588985255391 -3.1883785219749368 S 55.94558985255391 -3.1883785219749368 0.0 16.25
55.94558985255391 -3.1883785219749368 NW 55.945801984588265 -3.1885906540092925 0.0 15.0
55.945801984588265 -3.1885906540092925 S 55.94550198458826 -3.1885906540092925 0.0 13.75
55.94550198458826 -3.1885906540092925 E 55.94550198458826 -3.1882906540092923 0.0 12.5
55.94550198458826 -3.1882906540092923 W 55.94550198458826 -3.1885906540092925 0.0 11.25
55.94550198458826 -3.1885906540092925 ESE 55.94538717955855 -3.188313490149539 0.0 10.0
55.94538717955855 -3.188313490149539 WNW 55.94550198458826 -3.1885906540092925 0.0 8.75
55.94550198458826 -3.1885906540092925 WSW 55.94538717955855 -3.188867817869046 0.0 7.5
55.94538717955855 -3.188867817869046 NE 55.94559931159291 -3.18865568583469 0.0 6.25
55.94559931159291 -3.18865568583469 SW 55.94538717955855 -3.188867817869046 0.0 5.0
55.94538717955855 -3.188867817869046 NNE 55.94566434341831 -3.1887530128393364 0.0 3.75
55.94566434341831 -3.1887530128393364 SSW 55.94538717955855 -3.188867817869046 0.0 2.5
55.94538717955855 -3.188867817869046 NNW 55.94566434341831 -3.1889826228987554 0.0 1.25
55.94566434341831 -3.1889826228987554 SSE 55.94538717955855 -3.188867817869046 0.0 0.0
