55.944425 -3.188396 NNE 55.94470216385976 -3.1882811949702905 0.0 248.75
55.94470216385976 -3.1882811949702905 S 55.944402163859756 -3.1882811949702905 0.0 247.5
55.944402163859756 -3.1882811949702905 WSW 55.944287358830046 -3.188558358830044 0.0 246.25
55.944287358830046 -3.188558358830044 ENE 55.944402163859756 -3.1882811949702905 0.0 245.0
55.944402163859756 -3.1882811949702905 SW 55.9441900318254 -3.1884933270046463 0.0 243.75
55.9441900318254 -3.1884933270046463 ENE 55.94430483685511 -3.188216163144893 0.0 242.5
55.94430483685511 -3.188216163144893 WSW 55.9441900318254 -3.1884933270046463 0.0 241.25
55.9441900318254 -3.1884933270046463 NE 55.944402163859756 -3.1882811949702905 0.0 240.0
55.944402163859756 -3.1882811949702905 SW 55.9441900318254 -3.1884933270046463 0.0 238.75
55.9441900318254 -3.1884933270046463 SSW 55.94391286796564 -3.188608132034356 0.0 237.5
55.94391286796564 -3.188608132034356 NNE 55.9441900318254 -3.1884933270046463 0.0 236.25
55.9441900318254 -3.1884933270046463 SE 55.943977899791044 -3.1882811949702905 0.0 235.0
55.943977899791044 -3.1882811949702905 NW 55.9441900318254 -3.1884933270046463 0.0 233.75
55.9441900318254 -3.1884933270046463 SSE 55.94391286796564 -3.1883785219749368 0.0 232.5
55.94391286796564 -3.1883785219749368 NNW 55.9441900318254 -3.1884933270046463 0.0 231.25
55.9441900318254 -3.1884933270046463 SSE 55.94391286796564 -3.1883785219749368 0.0 230.0
55.94391286796564 -3.1883785219749368 NNW 55.9441900318254 -3.1884933270046463 0.0 228.75
55.9441900318254 -3.1884933270046463 S 55.9438900318254 -3.1884933270046463 0.0 227.5
55.9438900318254 -3.1884933270046463 N 55.9441900318254 -3.1884933270046463 0.0 226.25
55.9441900318254 -3.1884933270046463 S 55.9438900318254 -3.1884933270046463 0.0 225.0
55.9438900318254 -3.1884933270046463 NNW 55.944167195685154 -3.188608132034356 0.0 223.75
55.944167195685154 -3.188608132034356 SSE 55.9438900318254 -3.1884933270046463 0.0 222.5
55.9438900318254 -3.1884933270046463 NE 55.94410216385975 -3.1882811949702905 0.0 221.25
55.94410216385975 -3.1882811949702905 SW 55.9438900318254 -3.1884933270046463 0.0 220.0
55.9438900318254 -3.1884933270046463 E 55.9438900318254 -3.188193327004646 0.0 218.75
55.9438900318254 -3.188193327004646 W 55.9438900318254 -3.1884933270046463 0.0 217.5
55.9438900318254 -3.1884933270046463 E 55.9438900318254 -3.188193327004646 0.0 216.25
55.9438900318254 -3.188193327004646 W 55.9438900318254 -3.1884933270046463 0.0 215.0
55.9438900318254 -3.1884933270046463 E 55.9438900318254 -3.188193327004646 0.0 213.75
55.9438900318254 -3.188193327004646 WSW 55.94377522679569 -3.1884704908643995 0.0 212.5
55.94377522679569 -3.1884704908643995 ENE 55.9438900318254 -3.188193327004646 0.0 211.25
55.9438900318254 -3.188193327004646 NE 55.94410216385975 -3.1879811949702903 0.0 210.0
55.94410216385975 -3.1879811949702903 SW 55.9438900318254 -3.188193327004646 0.0 208.75
55.9438900318254 -3.188193327004646 SSW 55.94361286796564 -3.1883081320343556 0.0 207.5
55.94361286796564 -3.1883081320343556 NNE 55.9438900318254 -3.188193327004646 0.0 206.25
55.9438900318254 -3.188193327004646 SSW 55.94361286796564 -3.1883081320343556 0.0 205.0
55.94361286796564 -3.1883081320343556 NE 55.943825 -3.188096 0.0 203.75
55.943825 -3.188096 SW 55.94361286796564 -3.1883081320343556 0.0 202.5
55.94361286796564 -3.1883081320343556 NE 55.943825 -3.188096 0.0 201.25
55.943825 -3.188096 SW 55.94361286796564 -3.1883081320343556 0.0 200.0
55.94361286796564 -3.1883081320343556 ENE 55.94372767299535 -3.188030968174602 0.0 198.75
55.94372767299535 -3.188030968174602 WSW 55.94361286796564 -3.1883081320343556 0.0 197.5
55.94361286796564 -3.1883081320343556 E 55.94361286796564 -3.1880081320343554 0.0 196.25
55.94361286796564 -3.1880081320343554 W 55.94361286796564 -3.1883081320343556 0.0 195.0
55.94361286796564 -3.1883081320343556 E 55.94361286796564 -3.1880081320343554 0.0 193.75
55.94361286796564 -3.1880081320343554 NW 55.943825 -3.188220264068711 0.0 192.5
55.943825 -3.188220264068711 SE 55.94361286796564 -3.1880081320343554 0.0 191.25
55.94361286796564 -3.1880081320343554 NNW 55.9438900318254 -3.188122937064065 0.0 190.0
55.9438900318254 -3.188122937064065 SSE 55.94361286796564 -3.1880081320343554 0.0 188.75
55.94361286796564 -3.1880081320343554 NE 55.943825 -3.1877959999999996 0.0 187.5
55.943825 -3.1877959999999996 SW 55.94361286796564 -3.1880081320343554 0.0 186.25
55.94361286796564 -3.1880081320343554 NNE 55.9438900318254 -3.187893327004646 0.0 185.0
55.9438900318254 -3.187893327004646 SW 55.94367789979104 -3.1881054590390017 0.0 183.75
55.94367789979104 -3.1881054590390017 NNE 55.9439550636508 -3.187990654009292 0.0 182.5
55.9439550636508 -3.187990654009292 SW 55.94374293161644 -3.188202786043648 0.0 181.25
55.94374293161644 -3.188202786043648 NE 55.9439550636508 -3.187990654009292 0.0 180.0
55.9439550636508 -3.187990654009292 WSW 55.94384025862109 -3.1882678178690456 0.0 178.75
55.94384025862109 -3.1882678178690456 ENE 55.9439550636508 -3.187990654009292 0.0 177.5
55.9439550636508 -3.187990654009292 W 55.9439550636508 -3.1882906540092923 0.0 176.25
55.9439550636508 -3.1882906540092923 E 55.9439550636508 -3.187990654009292 0.0 175.0
55.9439550636508 -3.187990654009292 WSW 55.94384025862109 -3.1882678178690456 0.0 173.75
55.94384025862109 -3.1882678178690456 NE 55.94405239065544 -3.18805568583469 0.0 172.5
55.94405239065544 -3.18805568583469 WSW 55.94393758562573 -3.188332849694443 0.0 171.25
55.94393758562573 -3.188332849694443 ENE 55.94405239065544 -3.18805568583469 0.0 170.0
55.94405239065544 -3.18805568583469 WSW 55.94393758562573 -3.188332849694443 0.0 168.75
55.94393758562573 -3.188332849694443 NE 55.94414971766009 -3.1881207176600874 0.0 167.5
55.94414971766009 -3.1881207176600874 WSW 55.94403491263038 -3.188397881519841 0.0 166.25
55.94403491263038 -3.188397881519841 ENE 55.94414971766009 -3.1881207176600874 0.0 165.0
55.94414971766009 -3.1881207176600874 E 55.94414971766009 -3.1878207176600872 0.0 163.75
55.94414971766009 -3.1878207176600872 W 55.94414971766009 -3.1881207176600874 0.0 162.5
55.94414971766009 -3.1881207176600874 NNW 55.944426881519846 -3.188235522689797 0.0 161.25
55.944426881519846 -3.188235522689797 SSE 55.94414971766009 -3.1881207176600874 0.0 160.0
55.94414971766009 -3.1881207176600874 NW 55.944361849694445 -3.188332849694443 0.0 158.75
55.944361849694445 -3.188332849694443 SE 55.94414971766009 -3.1881207176600874 0.0 157.5
55.94414971766009 -3.1881207176600874 NNW 55.944426881519846 -3.188235522689797 0.0 156.25
55.944426881519846 -3.188235522689797 S 55.94412688151984 -3.188235522689797 0.0 155.0
55.94412688151984 -3.188235522689797 N 55.944426881519846 -3.188235522689797 0.0 153.75
55.944426881519846 -3.188235522689797 SSW 55.94414971766009 -3.1883503277195064 0.0 152.5
55.94414971766009 -3.1883503277195064 NNE 55.944426881519846 -3.188235522689797 0.0 151.25
55.944426881519846 -3.188235522689797 WSW 55.944312076490135 -3.1885126865495503 0.0 150.0
55.944312076490135 -3.1885126865495503 ENE 55.944426881519846 -3.188235522689797 0.0 148.75
55.944426881519846 -3.188235522689797 WSW 55.944312076490135 -3.1885126865495503 0.0 147.5
55.944312076490135 -3.1885126865495503 ENE 55.944426881519846 -3.188235522689797 0.0 146.25
55.944426881519846 -3.188235522689797 NW 55.9446390135542 -3.1884476547241527 0.0 145.0
55.9446390135542 -3.1884476547241527 SE 55.944426881519846 -3.188235522689797 0.0 143.75
55.944426881519846 -3.188235522689797 W 55.944426881519846 -3.188535522689797 0.0 142.5
55.944426881519846 -3.188535522689797 E 55.944426881519846 -3.188235522689797 0.0 141.25
55.944426881519846 -3.188235522689797 N 55.94472688151985 -3.188235522689797 0.0 140.0
55.94472688151985 -3.188235522689797 S 55.944426881519846 -3.188235522689797 0.0 138.75
55.944426881519846 -3.188235522689797 N 55.94472688151985 -3.188235522689797 0.0 137.5
55.94472688151985 -3.188235522689797 S 55.944426881519846 -3.188235522689797 0.0 136.25
55.944426881519846 -3.188235522689797 N 55.94472688151985 -3.188235522689797 0.0 135.0
55.94472688151985 -3.188235522689797 S 55.944426881519846 -3.188235522689797 0.0 133.75
55.944426881519846 -3.188235522689797 N 55.94472688151985 -3.188235522689797 0.0 132.5
55.94472688151985 -3.188235522689797 SW 55.94451474948549 -3.1884476547241527 0.0 131.25
55.94451474948549 -3.1884476547241527 NE 55.94472688151985 -3.188235522689797 0.0 130.0
55.94472688151985 -3.188235522689797 SW 55.94451474948549 -3.1884476547241527 0.0 128.75
55.94451474948549 -3.1884476547241527 NNE 55.94479191334525 -3.188332849694443 0.0 127.5
55.94479191334525 -3.188332849694443 WSW 55.94467710831554 -3.1886100135541966 0.0 126.25
55.94467710831554 -3.1886100135541966 NE 55.944889240349895 -3.188397881519841 0.0 125.0
55.944889240349895 -3.188397881519841 WNW 55.945004045379605 -3.1886750453795942 0.0 123.75
55.945004045379605 -3.1886750453795942 ESE 55.944889240349895 -3.188397881519841 0.0 122.5
55.944889240349895 -3.188397881519841 S 55.94458924034989 -3.188397881519841 0.0 121.25
55.94458924034989 -3.188397881519841 N 55.944889240349895 -3.188397881519841 0.0 120.0
55.944889240349895 -3.188397881519841 E 55.944889240349895 -3.1880978815198406 0.0 118.75
55.944889240349895 -3.1880978815198406 W 55.944889240349895 -3.188397881519841 0.0 117.5
55.944889240349895 -3.188397881519841 E 55.944889240349895 -3.1880978815198406 0.0 116.25
55.944889240349895 -3.1880978815198406 WNW 55.945004045379605 -3.188375045379594 0.0 115.0
55.945004045379605 -3.188375045379594 ESE 55.944889240349895 -3.1880978815198406 0.0 113.75
55.944889240349895 -3.1880978815198406 W 55.944889240349895 -3.188397881519841 0.0 112.5
55.944889240349895 -3.188397881519841 E 55.944889240349895 -3.1880978815198406 0.0 111.25
55.944889240349895 -3.1880978815198406 NW 55.94510137238425 -3.1883100135541964 0.0 110.0
55.94510137238425 -3.1883100135541964 SE 55.944889240349895 -3.1880978815198406 0.0 108.75
55.944889240349895 -3.1880978815198406 ENE 55.945004045379605 -3.1878207176600872 0.0 107.5
55.945004045379605 -3.1878207176600872 WSW 55.944889240349895 -3.1880978815198406 0.0 106.25
55.944889240349895 -3.1880978815198406 SSW 55.94461207649014 -3.18821268654955 0.0 105.0
55.94461207649014 -3.18821268654955 N 55.94491207649014 -3.18821268654955 0.0 103.75
55.94491207649014 -3.18821268654955 SSW 55.944634912630384 -3.1883274915792597 0.0 102.5
55.944634912630384 -3.1883274915792597 NNE 55.94491207649014 -3.18821268654955 0.0 101.25
55.94491207649014 -3.18821268654955 W 55.94491207649014 -3.1885126865495503 0.0 100.0
55.94491207649014 -3.1885126865495503 E 55.94491207649014 -3.18821268654955 0.0 98.75
55.94491207649014 -3.18821268654955 WNW 55.94502688151985 -3.1884898504093035 0.0 97.5
55.94502688151985 -3.1884898504093035 ESE 55.94491207649014 -3.18821268654955 0.0 96.25
55.94491207649014 -3.18821268654955 WNW 55.94502688151985 -3.1884898504093035 0.0 95.0
55.94502688151985 -3.1884898504093035 SE 55.944814749485495 -3.1882777183749478 0.0 93.75
55.944814749485495 -3.1882777183749478 NW 55.94502688151985 -3.1884898504093035 0.0 92.5
55.94502688151985 -3.1884898504093035 SW 55.944814749485495 -3.1887019824436593 0.0 91.25
55.944814749485495 -3.1887019824436593 ENE 55.944929554515205 -3.188424818583906 0.0 90.0
55.944929554515205 -3.188424818583906 WSW 55.944814749485495 -3.1887019824436593 0.0 88.75
55.944814749485495 -3.1887019824436593 NE 55.94502688151985 -3.1884898504093035 0.0 87.5
55.94502688151985 -3.1884898504093035 SW 55.944814749485495 -3.1887019824436593 0.0 86.25
55.944814749485495 -3.1887019824436593 NE 55.94502688151985 -3.1884898504093035 0.0 85.0
55.94502688151985 -3.1884898504093035 SW 55.944814749485495 -3.1887019824436593 0.0 83.75
55.944814749485495 -3.1887019824436593 ESE 55.944699944455785 -3.188424818583906 0.0 82.5
55.944699944455785 -3.188424818583906 W 55.944699944455785 -3.188724818583906 0.0 81.25
55.944699944455785 -3.188724818583906 SE 55.94448781242143 -3.1885126865495503 0.0 80.0
55.94448781242143 -3.1885126865495503 NW 55.944699944455785 -3.188724818583906 0.0 78.75
55.944699944455785 -3.188724818583906 ESE 55.944585139426074 -3.1884476547241527 0.0 77.5
55.944585139426074 -3.1884476547241527 WNW 55.944699944455785 -3.188724818583906 0.0 76.25
55.944699944455785 -3.188724818583906 ESE 55.944585139426074 -3.1884476547241527 0.0 75.0
55.944585139426074 -3.1884476547241527 WNW 55.944699944455785 -3.188724818583906 0.0 73.75
55.944699944455785 -3.188724818583906 ESE 55.944585139426074 -3.1884476547241527 0.0 72.5
55.944585139426074 -3.1884476547241527 SW 55.94437300739172 -3.1886597867585085 0.0 71.25
55.94437300739172 -3.1886597867585085 NE 55.944585139426074 -3.1884476547241527 0.0 70.0
55.944585139426074 -3.1884476547241527 SSW 55.94430797556632 -3.188562459753862 0.0 68.75
55.94430797556632 -3.188562459753862 N 55.94460797556632 -3.188562459753862 0.0 67.5
55.94460797556632 -3.188562459753862 SSW 55.944330811706564 -3.1886772647835717 0.0 66.25
55.944330811706564 -3.1886772647835717 NNE 55.94460797556632 -3.188562459753862 0.0 65.0
55.94460797556632 -3.188562459753862 SSW 55.944330811706564 -3.1886772647835717 0.0 63.75
55.944330811706564 -3.1886772647835717 NNE 55.94460797556632 -3.188562459753862 0.0 62.5
55.94460797556632 -3.188562459753862 SSW 55.944330811706564 -3.1886772647835717 0.0 61.25
55.944330811706564 -3.1886772647835717 NE 55.94454294374092 -3.188465132749216 0.0 60.0
55.94454294374092 -3.188465132749216 SW 55.944330811706564 -3.1886772647835717 0.0 58.75
55.944330811706564 -3.1886772647835717 NE 55.94454294374092 -3.188465132749216 0.0 57.5
55.94454294374092 -3.188465132749216 SSW 55.944265779881164 -3.1885799377789255 0.0 56.25
55.944265779881164 -3.1885799377789255 ENE 55.944380584910874 -3.188302773919172 0.0 55.0
55.944380584910874 -3.188302773919172 WSW 55.944265779881164 -3.1885799377789255 0.0 53.75
55.944265779881164 -3.1885799377789255 SW 55.94405364784681 -3.1887920698132812 0.0 52.5
55.94405364784681 -3.1887920698132812 NE 55.944265779881164 -3.1885799377789255 0.0 51.25
55.944265779881164 -3.1885799377789255 SE 55.94405364784681 -3.1883678057445697 0.0 50.0
55.94405364784681 -3.1883678057445697 NW 55.944265779881164 -3.1885799377789255 0.0 48.75
55.944265779881164 -3.1885799377789255 WNW 55.944380584910874 -3.188857101638679 0.0 47.5
55.944380584910874 -3.188857101638679 ESE 55.944265779881164 -3.1885799377789255 0.0 46.25
55.944265779881164 -3.1885799377789255 S 55.94396577988116 -3.1885799377789255 0.0 45.0
55.94396577988116 -3.1885799377789255 N 55.944265779881164 -3.1885799377789255 0.0 43.75
55.944265779881164 -3.1885799377789255 S 55.94396577988116 -3.1885799377789255 0.0 42.5
55.94396577988116 -3.1885799377789255 N 55.944265779881164 -3.1885799377789255 0.0 41.25
55.944265779881164 -3.1885799377789255 SSE 55.94398861602141 -3.188465132749216 0.0 40.0
55.94398861602141 -3.188465132749216 NNW 55.944265779881164 -3.1885799377789255 0.0 38.75
55.944265779881164 -3.1885799377789255 S 55.94396577988116 -3.1885799377789255 0.0 37.5
55.94396577988116 -3.1885799377789255 NNE 55.94424294374092 -3.188465132749216 0.0 36.25
55.94424294374092 -3.188465132749216 SSW 55.94396577988116 -3.1885799377789255 0.0 35.0
55.94396577988116 -3.1885799377789255 N 55.944265779881164 -3.1885799377789255 0.0 33.75
55.944265779881164 -3.1885799377789255 S 55.94396577988116 -3.1885799377789255 0.0 32.5
55.94396577988116 -3.1885799377789255 N 55.944265779881164 -3.1885799377789255 0.0 31.25
55.944265779881164 -3.1885799377789255 SW 55.94405364784681 -3.1887920698132812 0.0 30.0
55.94405364784681 -3.1887920698132812 ENE 55.94416845287652 -3.188514905953528 0.0 28.75
55.94416845287652 -3.188514905953528 WSW 55.94405364784681 -3.1887920698132812 0.0 27.5
55.94405364784681 -3.1887920698132812 ESE 55.9439388428171 -3.188514905953528 0.0 26.25
55.9439388428171 -3.188514905953528 WNW 55.94405364784681 -3.1887920698132812 0.0 25.0
55.94405364784681 -3.1887920698132812 SE 55.94384151581245 -3.1885799377789255 0.0 23.75
55.94384151581245 -3.1885799377789255 NW 55.94405364784681 -3.1887920698132812 0.0 22.5
55.94405364784681 -3.1887920698132812 N 55.94435364784681 -3.1887920698132812 0.0 21.25
55.94435364784681 -3.1887920698132812 S 55.94405364784681 -3.1887920698132812 0.0 20.0
55.94405364784681 -3.1887920698132812 SW 55.94384151581245 -3.189004201847637 0.0 18.75
55.94384151581245 -3.189004201847637 NE 55.94405364784681 -3.1887920698132812 0.0 17.5
55.94405364784681 -3.1887920698132812 SSW 55.94377648398705 -3.1889068748429907 0.0 16.25
55.94377648398705 -3.1889068748429907 NNE 55.94405364784681 -3.1887920698132812 0.0 15.0
55.94405364784681 -3.1887920698132812 W 55.94405364784681 -3.1890920698132814 0.0 13.75
55.94405364784681 -3.1890920698132814 E 55.94405364784681 -3.1887920698132812 0.0 12.5
55.94405364784681 -3.1887920698132812 W 55.94405364784681 -3.1890920698132814 0.0 11.25
55.94405364784681 -3.1890920698132814 E 55.94405364784681 -3.1887920698132812 0.0 10.0
55.94405364784681 -3.1887920698132812 W 55.94405364784681 -3.1890920698132814 0.0 8.75
55.94405364784681 -3.1890920698132814 SSE 55.94377648398705 -3.188977264783572 0.0 7.5
55.94377648398705 -3.188977264783572 NNW 55.94405364784681 -3.1890920698132814 0.0 6.25
55.94405364784681 -3.1890920698132814 E 55.94405364784681 -3.1887920698132812 0.0 5.0
55.94405364784681 -3.1887920698132812 W 55.94405364784681 -3.1890920698132814 0.0 3.75
55.94405364784681 -3.1890920698132814 ENE 55.94416845287652 -3.188814905953528 0.0 2.5
55.94416845287652 -3.188814905953528 WSW 55.94405364784681 -3.1890920698132814 0.0 1.25
55.94405364784681 -3.1890920698132814 W 55.94405364784681 -3.1893920698132816 0.0 0.0
