55.944425 -3.188396 NNE 55.94470216385976 -3.1882811949702905 0.0 248.75
55.94470216385976 -3.1882811949702905 S 55.944402163859756 -3.1882811949702905 0.0 247.5
55.944402163859756 -3.1882811949702905 WSW 55.944287358830046 -3.188558358830044 0.0 246.25
55.944287358830046 -3.188558358830044 ENE 55.944402163859756 -3.1882811949702905 0.0 245.0
55.944402163859756 -3.1882811949702905 SW 55.9441900318254 -3.1884933270046463 0.0 243.75
55.9441900318254 -3.1884933270046463 ENE 55.94430483685511 -3.188216163144893 0.0 242.5
55.94430483685511 -3.188216163144893 WSW 55.9441900318254 -3.1884933270046463 0.0 241.25
55.9441900318254 -3.1884933270046463 SSW 55.94391286796564 -3.188608132034356 0.0 240.0
55.94391286796564 -3.188608132034356 NNE 55.9441900318254 -3.1884933270046463 0.0 238.75
55.9441900318254 -3.1884933270046463 ENE 55.94430483685511 -3.188216163144893 0.0 237.5
55.94430483685511 -3.188216163144893 WSW 55.9441900318254 -3.1884933270046463 0.0 236.25
55.9441900318254 -3.1884933270046463 SE 55.943977899791044 -3.1882811949702905 0.0 235.0
55.943977899791044 -3.1882811949702905 NW 55.9441900318254 -3.1884933270046463 0.0 233.75
55.9441900318254 -3.1884933270046463 SSE 55.94391286796564 -3.1883785219749368 0.0 232.5
55.94391286796564 -3.1883785219749368 NNW 55.9441900318254 -3.1884933270046463 0.0 231.25
55.9441900318254 -3.1884933270046463 SSE 55.94391286796564 -3.1883785219749368 0.0 230.0
55.94391286796564 -3.1883785219749368 NNW 55.9441900318254 -3.1884933270046463 0.0 228.75
55.9441900318254 -3.1884933270046463 S 55.9438900318254 -3.1884933270046463 0.0 227.5
55.9438900318254 -3.1884933270046463 N 55.9441900318254 -3.1884933270046463 0.0 226.25
55.9441900318254 -3.1884933270046463 S 55.9438900318254 -3.1884933270046463 0.0 225.0
55.9438900318254 -3.1884933270046463 NNW 55.944167195685154 -3.188608132034356 0.0 223.75
55.944167195685154 -3.188608132034356 SSE 55.9438900318254 -3.1884933270046463 0.0 222.5
55.9438900318254 -3.1884933270046463 NNE 55.944167195685154 -3.1883785219749368 0.0 221.25
55.944167195685154 -3.1883785219749368 SSW 55.9438900318254 -3.1884933270046463 0.0 220.0
55.9438900318254 -3.1884933270046463 ENE 55.94400483685511 -3.188216163144893 0.0 218.75
55.94400483685511 -3.188216163144893 WSW 55.9438900318254 -3.1884933270046463 0.0 217.5
55.9438900318254 -3.1884933270046463 E 55.9438900318254 -3.188193327004646 0.0 216.25
55.9438900318254 -3.188193327004646 W 55.9438900318254 -3.1884933270046463 0.0 215.0
55.9438900318254 -3.1884933270046463 E 55.9438900318254 -3.188193327004646 0.0 213.75
55.9438900318254 -3.188193327004646 W 55.9438900318254 -3.1884933270046463 0.0 212.5
55.9438900318254 -3.1884933270046463 E 55.9438900318254 -3.188193327004646 0.0 211.25
55.9438900318254 -3.188193327004646 W 55.9438900318254 -3.1884933270046463 0.0 210.0
55.9438900318254 -3.1884933270046463 E 55.9438900318254 -3.188193327004646 0.0 208.75
55.9438900318254 -3.188193327004646 SE 55.94367789979104 -3.1879811949702903 0.0 207.5
55.94367789979104 -3.1879811949702903 NW 55.9438900318254 -3.188193327004646 0.0 206.25
55.9438900318254 -3.188193327004646 NW 55.94410216385975 -3.188405459039002 0.0 205.0
55.94410216385975 -3.188405459039002 SE 55.9438900318254 -3.188193327004646 0.0 203.75
55.9438900318254 -3.188193327004646 SSW 55.94361286796564 -3.1883081320343556 0.0 202.5
55.94361286796564 -3.1883081320343556 NNE 55.9438900318254 -3.188193327004646 0.0 201.25
55.9438900318254 -3.188193327004646 SSW 55.94361286796564 -3.1883081320343556 0.0 200.0
55.94361286796564 -3.1883081320343556 NE 55.943825 -3.188096 0.0 198.75
55.943825 -3.188096 SW 55.94361286796564 -3.1883081320343556 0.0 197.5
55.94361286796564 -3.1883081320343556 NE 55.943825 -3.188096 0.0 196.25
55.943825 -3.188096 SW 55.94361286796564 -3.1883081320343556 0.0 195.0
55.94361286796564 -3.1883081320343556 NE 55.943825 -3.188096 0.0 193.75
55.943825 -3.188096 SW 55.94361286796564 -3.1883081320343556 0.0 192.5
55.94361286796564 -3.1883081320343556 ENE 55.94372767299535 -3.188030968174602 0.0 191.25
55.94372767299535 -3.188030968174602 WSW 55.94361286796564 -3.1883081320343556 0.0 190.0
55.94361286796564 -3.1883081320343556 E 55.94361286796564 -3.1880081320343554 0.0 188.75
55.94361286796564 -3.1880081320343554 W 55.94361286796564 -3.1883081320343556 0.0 187.5
55.94361286796564 -3.1883081320343556 E 55.94361286796564 -3.1880081320343554 0.0 186.25
55.94361286796564 -3.1880081320343554 NW 55.943825 -3.188220264068711 0.0 185.0
55.943825 -3.188220264068711 SE 55.94361286796564 -3.1880081320343554 0.0 183.75
55.94361286796564 -3.1880081320343554 ESE 55.94349806293593 -3.187730968174602 0.0 182.5
55.94349806293593 -3.187730968174602 WNW 55.94361286796564 -3.1880081320343554 0.0 181.25
55.94361286796564 -3.1880081320343554 SW 55.943400735931284 -3.188220264068711 75.0185317993164 235.9024429321289
55.943400735931284 -3.188220264068711 NE 55.94361286796564 -3.1880081320343554 75.0185317993164 234.6524429321289
55.94361286796564 -3.1880081320343554 NNE 55.9438900318254 -3.187893327004646 75.0185317993164 233.4024429321289
55.9438900318254 -3.187893327004646 SSW 55.94361286796564 -3.1880081320343554 75.0185317993164 232.1524429321289
55.94361286796564 -3.1880081320343554 NNW 55.9438900318254 -3.188122937064065 75.0185317993164 230.9024429321289
55.9438900318254 -3.188122937064065 SSE 55.94361286796564 -3.1880081320343554 75.0185317993164 229.6524429321289
55.94361286796564 -3.1880081320343554 NNW 55.9438900318254 -3.188122937064065 75.0185317993164 228.4024429321289
55.9438900318254 -3.188122937064065 WSW 55.94377522679569 -3.1884001009238183 75.0185317993164 227.1524429321289
55.94377522679569 -3.1884001009238183 ENE 55.9438900318254 -3.188122937064065 75.0185317993164 225.9024429321289
55.9438900318254 -3.188122937064065 E 55.9438900318254 -3.1878229370640647 75.0185317993164 224.6524429321289
55.9438900318254 -3.1878229370640647 W 55.9438900318254 -3.188122937064065 75.0185317993164 223.4024429321289
55.9438900318254 -3.188122937064065 S 55.943590031825394 -3.188122937064065 75.0185317993164 222.1524429321289
55.943590031825394 -3.188122937064065 N 55.9438900318254 -3.188122937064065 75.0185317993164 220.9024429321289
55.9438900318254 -3.188122937064065 NNW 55.944167195685154 -3.1882377420937744 75.0185317993164 219.6524429321289
55.944167195685154 -3.1882377420937744 S 55.94386719568515 -3.1882377420937744 75.0185317993164 218.4024429321289
55.94386719568515 -3.1882377420937744 ENE 55.94398200071486 -3.187960578234021 75.0185317993164 217.1524429321289
55.94398200071486 -3.187960578234021 W 55.94398200071486 -3.188260578234021 75.0185317993164 215.9024429321289
55.94398200071486 -3.188260578234021 ENE 55.94409680574457 -3.187983414374268 75.0185317993164 214.6524429321289
55.94409680574457 -3.187983414374268 WSW 55.94398200071486 -3.188260578234021 75.0185317993164 213.4024429321289
55.94398200071486 -3.188260578234021 E 55.94398200071486 -3.187960578234021 75.0185317993164 212.1524429321289
55.94398200071486 -3.187960578234021 WNW 55.94409680574457 -3.1882377420937744 75.0185317993164 210.9024429321289
55.94409680574457 -3.1882377420937744 ESE 55.94398200071486 -3.187960578234021 75.0185317993164 209.6524429321289
55.94398200071486 -3.187960578234021 WNW 55.94409680574457 -3.1882377420937744 75.0185317993164 208.4024429321289
55.94409680574457 -3.1882377420937744 ESE 55.94398200071486 -3.187960578234021 75.0185317993164 207.1524429321289
55.94398200071486 -3.187960578234021 NW 55.94419413274922 -3.188172710268377 75.0185317993164 205.9024429321289
55.94419413274922 -3.188172710268377 NE 55.944406264783574 -3.187960578234021 156.84060668945312 275.26856994628906
55.944406264783574 -3.187960578234021 SW 55.94419413274922 -3.188172710268377 156.84060668945312 274.01856994628906
55.94419413274922 -3.188172710268377 SE 55.94398200071486 -3.187960578234021 156.84060668945312 272.76856994628906
55.94398200071486 -3.187960578234021 NW 55.94419413274922 -3.188172710268377 156.84060668945312 271.51856994628906
55.94419413274922 -3.188172710268377 NE 55.944406264783574 -3.187960578234021 156.84060668945312 270.26856994628906
55.944406264783574 -3.187960578234021 SW 55.94419413274922 -3.188172710268377 156.84060668945312 269.01856994628906
55.94419413274922 -3.188172710268377 NW 55.944406264783574 -3.1883848423027326 156.84060668945312 267.76856994628906
55.944406264783574 -3.1883848423027326 SE 55.94419413274922 -3.188172710268377 156.84060668945312 266.51856994628906
55.94419413274922 -3.188172710268377 NNW 55.944471296608974 -3.1882875152980863 156.84060668945312 265.26856994628906
55.944471296608974 -3.1882875152980863 SSE 55.94419413274922 -3.188172710268377 156.84060668945312 264.01856994628906
55.94419413274922 -3.188172710268377 NNW 55.944471296608974 -3.1882875152980863 156.84060668945312 262.76856994628906
55.944471296608974 -3.1882875152980863 SSE 55.94419413274922 -3.188172710268377 156.84060668945312 261.51856994628906
55.94419413274922 -3.188172710268377 NW 55.944406264783574 -3.1883848423027326 156.84060668945312 260.26856994628906
55.944406264783574 -3.1883848423027326 SE 55.94419413274922 -3.188172710268377 156.84060668945312 259.01856994628906
55.94419413274922 -3.188172710268377 NW 55.944406264783574 -3.1883848423027326 156.84060668945312 257.76856994628906
55.944406264783574 -3.1883848423027326 ESE 55.94429145975386 -3.188107678442979 156.84060668945312 256.51856994628906
55.94429145975386 -3.188107678442979 WNW 55.944406264783574 -3.1883848423027326 156.84060668945312 255.26856994628906
55.944406264783574 -3.1883848423027326 E 55.944406264783574 -3.1880848423027324 156.84060668945312 254.01856994628906
55.944406264783574 -3.1880848423027324 W 55.944406264783574 -3.1883848423027326 156.84060668945312 252.76856994628906
55.944406264783574 -3.1883848423027326 E 55.944406264783574 -3.1880848423027324 156.84060668945312 251.51856994628906
55.944406264783574 -3.1880848423027324 W 55.944406264783574 -3.1883848423027326 156.84060668945312 250.26856994628906
55.944406264783574 -3.1883848423027326 NE 55.94461839681793 -3.188172710268377 156.84060668945312 249.01856994628906
55.94461839681793 -3.188172710268377 S 55.94431839681793 -3.188172710268377 156.84060668945312 247.76856994628906
55.94431839681793 -3.188172710268377 N 55.94461839681793 -3.188172710268377 156.84060668945312 246.51856994628906
55.94461839681793 -3.188172710268377 S 55.94431839681793 -3.188172710268377 156.84060668945312 245.26856994628906
55.94431839681793 -3.188172710268377 N 55.94461839681793 -3.188172710268377 156.84060668945312 244.01856994628906
55.94461839681793 -3.188172710268377 S 55.94431839681793 -3.188172710268377 156.84060668945312 242.76856994628906
55.94431839681793 -3.188172710268377 ESE 55.94420359178822 -3.1878955464086234 156.84060668945312 241.51856994628906
55.94420359178822 -3.1878955464086234 WNW 55.94431839681793 -3.188172710268377 156.84060668945312 240.26856994628906
55.94431839681793 -3.188172710268377 NE 55.94453052885228 -3.187960578234021 156.84060668945312 239.01856994628906
55.94453052885228 -3.187960578234021 SSW 55.94425336499253 -3.1880753832637305 156.84060668945312 237.76856994628906
55.94425336499253 -3.1880753832637305 ENE 55.94436817002224 -3.187798219403977 156.84060668945312 236.51856994628906
55.94436817002224 -3.187798219403977 WSW 55.94425336499253 -3.1880753832637305 156.84060668945312 235.26856994628906
55.94425336499253 -3.1880753832637305 W 55.94425336499253 -3.1883753832637307 156.84060668945312 234.01856994628906
55.94425336499253 -3.1883753832637307 E 55.94425336499253 -3.1880753832637305 156.84060668945312 232.76856994628906
55.94425336499253 -3.1880753832637305 SW 55.94404123295817 -3.1882875152980863 156.84060668945312 231.51856994628906
55.94404123295817 -3.1882875152980863 NE 55.94425336499253 -3.1880753832637305 156.84060668945312 230.26856994628906
55.94425336499253 -3.1880753832637305 ENE 55.94436817002224 -3.187798219403977 156.84060668945312 229.01856994628906
55.94436817002224 -3.187798219403977 WSW 55.94425336499253 -3.1880753832637305 156.84060668945312 227.76856994628906
55.94425336499253 -3.1880753832637305 E 55.94425336499253 -3.1877753832637303 156.84060668945312 226.51856994628906
55.94425336499253 -3.1877753832637303 W 55.94425336499253 -3.1880753832637305 156.84060668945312 225.26856994628906
55.94425336499253 -3.1880753832637305 E 55.94425336499253 -3.1877753832637303 156.84060668945312 224.01856994628906
55.94425336499253 -3.1877753832637303 WNW 55.94436817002224 -3.1880525471234837 156.84060668945312 222.76856994628906
55.94436817002224 -3.1880525471234837 E 55.94436817002224 -3.1877525471234835 156.84060668945312 221.51856994628906
55.94436817002224 -3.1877525471234835 W 55.94436817002224 -3.1880525471234837 156.84060668945312 220.26856994628906
55.94436817002224 -3.1880525471234837 ESE 55.94425336499253 -3.1877753832637303 156.84060668945312 219.01856994628906
55.94425336499253 -3.1877753832637303 WNW 55.94436817002224 -3.1880525471234837 156.84060668945312 217.76856994628906
55.94436817002224 -3.1880525471234837 NNE 55.944645333881994 -3.1879377420937742 156.84060668945312 216.51856994628906
55.944645333881994 -3.1879377420937742 SSW 55.94436817002224 -3.1880525471234837 156.84060668945312 215.26856994628906
55.94436817002224 -3.1880525471234837 SSW 55.94409100616248 -3.1881673521531932 156.84060668945312 214.01856994628906
55.94409100616248 -3.1881673521531932 NNE 55.94436817002224 -3.1880525471234837 156.84060668945312 212.76856994628906
55.94436817002224 -3.1880525471234837 NNE 55.944645333881994 -3.1879377420937742 156.84060668945312 211.51856994628906
55.944645333881994 -3.1879377420937742 SSW 55.94436817002224 -3.1880525471234837 156.84060668945312 210.26856994628906
55.94436817002224 -3.1880525471234837 WNW 55.94448297505195 -3.188329710983237 156.84060668945312 209.01856994628906
55.94448297505195 -3.188329710983237 E 55.94448297505195 -3.188029710983237 156.84060668945312 207.76856994628906
55.94448297505195 -3.188029710983237 ESE 55.94436817002224 -3.1877525471234835 156.84060668945312 206.51856994628906
55.94436817002224 -3.1877525471234835 WNW 55.94448297505195 -3.188029710983237 156.84060668945312 205.26856994628906
55.94448297505195 -3.188029710983237 SSW 55.94420581119219 -3.1881445160129465 156.84060668945312 204.01856994628906
55.94420581119219 -3.1881445160129465 NNE 55.94448297505195 -3.188029710983237 156.84060668945312 202.76856994628906
55.94448297505195 -3.188029710983237 ENE 55.94459778008166 -3.1877525471234835 156.84060668945312 201.51856994628906
55.94459778008166 -3.1877525471234835 WSW 55.94448297505195 -3.188029710983237 156.84060668945312 200.26856994628906
55.94448297505195 -3.188029710983237 ESE 55.94436817002224 -3.1877525471234835 156.84060668945312 199.01856994628906
55.94436817002224 -3.1877525471234835 WNW 55.94448297505195 -3.188029710983237 156.84060668945312 197.76856994628906
55.94448297505195 -3.188029710983237 SE 55.94427084301759 -3.187817578948881 156.84060668945312 196.51856994628906
55.94427084301759 -3.187817578948881 NNW 55.94454800687735 -3.1879323839785907 156.84060668945312 195.26856994628906
55.94454800687735 -3.1879323839785907 SE 55.94433587484299 -3.187720251944235 156.84060668945312 194.01856994628906
55.94433587484299 -3.187720251944235 SE 55.944123742808635 -3.187508119909879 156.84060668945312 192.76856994628906
55.944123742808635 -3.187508119909879 NW 55.94433587484299 -3.187720251944235 156.84060668945312 191.51856994628906
55.94433587484299 -3.187720251944235 S 55.94403587484299 -3.187720251944235 156.84060668945312 190.26856994628906
55.94403587484299 -3.187720251944235 N 55.94433587484299 -3.187720251944235 156.84060668945312 189.01856994628906
55.94433587484299 -3.187720251944235 ESE 55.94422106981328 -3.1874430880844815 156.84060668945312 187.76856994628906
55.94422106981328 -3.1874430880844815 WNW 55.94433587484299 -3.187720251944235 156.84060668945312 186.51856994628906
55.94433587484299 -3.187720251944235 SE 55.944123742808635 -3.187508119909879 156.84060668945312 185.26856994628906
55.944123742808635 -3.187508119909879 NW 55.94433587484299 -3.187720251944235 156.84060668945312 184.01856994628906
55.94433587484299 -3.187720251944235 ESE 55.94422106981328 -3.1874430880844815 156.84060668945312 182.76856994628906
55.94422106981328 -3.1874430880844815 NW 55.94443320184764 -3.1876552201188373 156.84060668945312 181.51856994628906
55.94443320184764 -3.1876552201188373 ESE 55.94431839681793 -3.187378056259084 209.90150833129883 182.8326485157013
55.94431839681793 -3.187378056259084 S 55.944018396817924 -3.187378056259084 209.90150833129883 181.5826485157013
55.944018396817924 -3.187378056259084 N 55.94431839681793 -3.187378056259084 209.90150833129883 180.3326485157013
55.94431839681793 -3.187378056259084 E 55.94431839681793 -3.1870780562590837 209.90150833129883 179.0826485157013
55.94431839681793 -3.1870780562590837 W 55.94431839681793 -3.187378056259084 209.90150833129883 177.8326485157013
55.94431839681793 -3.187378056259084 NNW 55.94459556067768 -3.1874928612887934 209.90150833129883 176.5826485157013
55.94459556067768 -3.1874928612887934 SSE 55.94431839681793 -3.187378056259084 209.90150833129883 175.3326485157013
55.94431839681793 -3.187378056259084 SSE 55.94404123295817 -3.1872632512293744 209.90150833129883 174.0826485157013
55.94404123295817 -3.1872632512293744 NNW 55.94431839681793 -3.187378056259084 209.90150833129883 172.8326485157013
55.94431839681793 -3.187378056259084 SSE 55.94404123295817 -3.1872632512293744 209.90150833129883 171.5826485157013
55.94404123295817 -3.1872632512293744 NNW 55.94431839681793 -3.187378056259084 209.90150833129883 170.3326485157013
55.94431839681793 -3.187378056259084 SW 55.94410626478357 -3.1875901882934397 209.90150833129883 169.0826485157013
55.94410626478357 -3.1875901882934397 NE 55.94431839681793 -3.187378056259084 209.90150833129883 167.8326485157013
55.94431839681793 -3.187378056259084 SW 55.94410626478357 -3.1875901882934397 209.90150833129883 166.5826485157013
55.94410626478357 -3.1875901882934397 NE 55.94431839681793 -3.187378056259084 209.90150833129883 165.3326485157013
55.94431839681793 -3.187378056259084 SW 55.94410626478357 -3.1875901882934397 209.90150833129883 164.0826485157013
55.94410626478357 -3.1875901882934397 E 55.94410626478357 -3.1872901882934395 209.90150833129883 162.8326485157013
55.94410626478357 -3.1872901882934395 WNW 55.94422106981328 -3.187567352153193 209.90150833129883 161.5826485157013
55.94422106981328 -3.187567352153193 ESE 55.94410626478357 -3.1872901882934395 209.90150833129883 160.3326485157013
55.94410626478357 -3.1872901882934395 W 55.94410626478357 -3.1875901882934397 209.90150833129883 159.0826485157013
55.94410626478357 -3.1875901882934397 E 55.94410626478357 -3.1872901882934395 209.90150833129883 157.8326485157013
55.94410626478357 -3.1872901882934395 SW 55.943894132749215 -3.1875023203277952 221.8780279159546 156.95536345243454
55.943894132749215 -3.1875023203277952 NE 55.94410626478357 -3.1872901882934395 221.8780279159546 155.70536345243454
55.94410626478357 -3.1872901882934395 NW 55.94431839681793 -3.1875023203277952 221.8780279159546 154.45536345243454
55.94431839681793 -3.1875023203277952 SE 55.94410626478357 -3.1872901882934395 221.8780279159546 153.20536345243454
55.94410626478357 -3.1872901882934395 SSW 55.943829100923814 -3.187404993323149 302.0908498764038 219.9962493777275
55.943829100923814 -3.187404993323149 NNE 55.94410626478357 -3.1872901882934395 302.0908498764038 218.7462493777275
55.94410626478357 -3.1872901882934395 E 55.94410626478357 -3.1869901882934393 302.0908498764038 217.4962493777275
55.94410626478357 -3.1869901882934393 W 55.94410626478357 -3.1872901882934395 302.0908498764038 216.2462493777275
55.94410626478357 -3.1872901882934395 NE 55.94431839681793 -3.1870780562590837 302.0908498764038 214.9962493777275
55.94431839681793 -3.1870780562590837 SSW 55.94404123295817 -3.187192861288793 302.0908498764038 213.7462493777275
55.94404123295817 -3.187192861288793 NNE 55.94431839681793 -3.1870780562590837 302.0908498764038 212.4962493777275
55.94431839681793 -3.1870780562590837 S 55.944018396817924 -3.1870780562590837 302.0908498764038 211.2462493777275
55.944018396817924 -3.1870780562590837 N 55.94431839681793 -3.1870780562590837 302.0908498764038 209.9962493777275
55.94431839681793 -3.1870780562590837 S 55.944018396817924 -3.1870780562590837 302.0908498764038 208.7462493777275
55.944018396817924 -3.1870780562590837 N 55.94431839681793 -3.1870780562590837 302.0908498764038 207.4962493777275
55.94431839681793 -3.1870780562590837 S 55.944018396817924 -3.1870780562590837 302.0908498764038 206.2462493777275
55.944018396817924 -3.1870780562590837 NNE 55.94429556067768 -3.186963251229374 302.0908498764038 204.9962493777275
55.94429556067768 -3.186963251229374 SSW 55.944018396817924 -3.1870780562590837 302.0908498764038 203.7462493777275
55.944018396817924 -3.1870780562590837 SSE 55.94374123295817 -3.186963251229374 302.0908498764038 202.4962493777275
55.94374123295817 -3.186963251229374 N 55.94404123295817 -3.186963251229374 356.04893016815186 308.27971190214157
55.94404123295817 -3.186963251229374 NNW 55.94431839681793 -3.1870780562590837 356.04893016815186 307.02971190214157
55.94431839681793 -3.1870780562590837 SSE 55.94404123295817 -3.186963251229374 356.04893016815186 305.77971190214157
55.94404123295817 -3.186963251229374 SW 55.943829100923814 -3.18717538326373 356.04893016815186 304.52971190214157
55.943829100923814 -3.18717538326373 NE 55.94404123295817 -3.186963251229374 356.04893016815186 303.27971190214157
55.94404123295817 -3.186963251229374 SE 55.943829100923814 -3.1867511191950184 453.09416484832764 391.4918319582939
55.943829100923814 -3.1867511191950184 NW 55.94404123295817 -3.186963251229374 453.09416484832764 390.2418319582939
55.94404123295817 -3.186963251229374 E 55.94404123295817 -3.186663251229374 453.09416484832764 388.9918319582939
55.94404123295817 -3.186663251229374 W 55.94404123295817 -3.186963251229374 453.09416484832764 387.7418319582939
55.94404123295817 -3.186963251229374 NNW 55.94431839681793 -3.1870780562590837 453.09416484832764 386.4918319582939
55.94431839681793 -3.1870780562590837 S 55.944018396817924 -3.1870780562590837 453.09416484832764 385.2418319582939
55.944018396817924 -3.1870780562590837 NNE 55.94429556067768 -3.186963251229374 453.09416484832764 383.9918319582939
55.94429556067768 -3.186963251229374 S 55.94399556067768 -3.186963251229374 453.09416484832764 382.7418319582939
55.94399556067768 -3.186963251229374 NNE 55.944272724537434 -3.1868484461996647 453.09416484832764 381.4918319582939
55.944272724537434 -3.1868484461996647 SSW 55.94399556067768 -3.186963251229374 453.09416484832764 380.2418319582939
55.94399556067768 -3.186963251229374 NNE 55.944272724537434 -3.1868484461996647 453.09416484832764 378.9918319582939
55.944272724537434 -3.1868484461996647 SSE 55.94399556067768 -3.186733641169955 453.09416484832764 377.7418319582939
55.94399556067768 -3.186733641169955 NNW 55.944272724537434 -3.1868484461996647 453.09416484832764 376.4918319582939
55.944272724537434 -3.1868484461996647 SSE 55.94399556067768 -3.186733641169955 453.09416484832764 375.2418319582939
55.94399556067768 -3.186733641169955 NNW 55.944272724537434 -3.1868484461996647 453.09416484832764 373.9918319582939
55.944272724537434 -3.1868484461996647 SSE 55.94399556067768 -3.186733641169955 453.09416484832764 372.7418319582939
55.94399556067768 -3.186733641169955 NNW 55.944272724537434 -3.1868484461996647 453.09416484832764 371.4918319582939
55.944272724537434 -3.1868484461996647 SSE 55.94399556067768 -3.186733641169955 453.09416484832764 370.2418319582939
55.94399556067768 -3.186733641169955 NW 55.944207692712034 -3.186945773204311 453.09416484832764 368.9918319582939
55.944207692712034 -3.186945773204311 SE 55.94399556067768 -3.186733641169955 453.09416484832764 367.7418319582939
55.94399556067768 -3.186733641169955 WNW 55.94411036570739 -3.1870108050297086 453.09416484832764 366.4918319582939
55.94411036570739 -3.1870108050297086 ESE 55.94399556067768 -3.186733641169955 453.09416484832764 365.2418319582939
55.94399556067768 -3.186733641169955 WNW 55.94411036570739 -3.1870108050297086 453.09416484832764 363.9918319582939
55.94411036570739 -3.1870108050297086 SE 55.94389823367303 -3.186798672995353 453.09416484832764 362.7418319582939
55.94389823367303 -3.186798672995353 NE 55.94411036570739 -3.186586540960997 453.09416484832764 361.4918319582939
55.94411036570739 -3.186586540960997 SSW 55.94383320184763 -3.1867013459907065 453.09416484832764 360.2418319582939
55.94383320184763 -3.1867013459907065 NNW 55.94411036570739 -3.186816151020416 464.4648494720459 452.10709685087204
55.94411036570739 -3.186816151020416 SSE 55.94383320184763 -3.1867013459907065 464.4648494720459 450.85709685087204
55.94383320184763 -3.1867013459907065 NNW 55.94411036570739 -3.186816151020416 464.4648494720459 449.60709685087204
55.94411036570739 -3.186816151020416 SSE 55.94383320184763 -3.1867013459907065 464.4648494720459 448.35709685087204
55.94383320184763 -3.1867013459907065 WSW 55.94371839681792 -3.18697850985046 464.4648494720459 447.10709685087204
55.94371839681792 -3.18697850985046 NE 55.94393052885228 -3.186766377816104 464.4648494720459 445.85709685087204
55.94393052885228 -3.186766377816104 SSW 55.94365336499252 -3.1868811828458137 464.4648494720459 444.60709685087204
55.94365336499252 -3.1868811828458137 NNE 55.94393052885228 -3.186766377816104 464.4648494720459 443.35709685087204
55.94393052885228 -3.186766377816104 SW 55.94371839681792 -3.18697850985046 464.4648494720459 442.10709685087204
55.94371839681792 -3.18697850985046 ENE 55.94383320184763 -3.1867013459907065 464.4648494720459 440.85709685087204
55.94383320184763 -3.1867013459907065 WSW 55.94371839681792 -3.18697850985046 464.4648494720459 439.60709685087204
55.94371839681792 -3.18697850985046 ESE 55.94360359178821 -3.1867013459907065 570.483076095581 562.0895339846611
55.94360359178821 -3.1867013459907065 NW 55.94381572382257 -3.1869134780250623 570.483076095581 560.8395339846611
55.94381572382257 -3.1869134780250623 SE 55.94360359178821 -3.1867013459907065 570.483076095581 559.5895339846611
55.94360359178821 -3.1867013459907065 WNW 55.94371839681792 -3.18697850985046 570.483076095581 558.3395339846611
55.94371839681792 -3.18697850985046 ESE 55.94360359178821 -3.1867013459907065 570.483076095581 557.0895339846611
55.94360359178821 -3.1867013459907065 NW 55.94381572382257 -3.1869134780250623 570.483076095581 555.8395339846611
55.94381572382257 -3.1869134780250623 S 55.943515723822564 -3.1869134780250623 570.483076095581 554.5895339846611
55.943515723822564 -3.1869134780250623 N 55.94381572382257 -3.1869134780250623 570.483076095581 553.3395339846611
55.94381572382257 -3.1869134780250623 E 55.94381572382257 -3.186613478025062 675.840253829956 559.5524474978447
55.94381572382257 -3.186613478025062 W 55.94381572382257 -3.1869134780250623 675.840253829956 558.3024474978447
55.94381572382257 -3.1869134780250623 N 55.94411572382257 -3.1869134780250623 675.840253829956 557.0524474978447
55.94411572382257 -3.1869134780250623 S 55.94381572382257 -3.1869134780250623 675.840253829956 555.8024474978447
