55.944425 -3.188396 WNW 55.94453980502971 -3.1886731638597534 0.0 248.75
55.94453980502971 -3.1886731638597534 E 55.94453980502971 -3.1883731638597532 0.0 247.5
55.94453980502971 -3.1883731638597532 SE 55.94432767299536 -3.1881610318253975 0.0 246.25
55.94432767299536 -3.1881610318253975 NW 55.94453980502971 -3.1883731638597532 0.0 245.0
55.94453980502971 -3.1883731638597532 SSE 55.944262641169956 -3.1882583588300437 0.0 243.75
55.944262641169956 -3.1882583588300437 NNW 55.94453980502971 -3.1883731638597532 0.0 242.5
55.94453980502971 -3.1883731638597532 SSE 55.944262641169956 -3.1882583588300437 0.0 241.25
55.944262641169956 -3.1882583588300437 NNW 55.94453980502971 -3.1883731638597532 0.0 240.0
55.94453980502971 -3.1883731638597532 ESE 55.944425 -3.188096 0.0 238.75
55.944425 -3.188096 WNW 55.94453980502971 -3.1883731638597532 0.0 237.5
55.94453980502971 -3.1883731638597532 ESE 55.944425 -3.188096 0.0 236.25
55.944425 -3.188096 NW 55.94463713203436 -3.1883081320343556 0.0 235.0
55.94463713203436 -3.1883081320343556 ESE 55.94452232700465 -3.188030968174602 0.0 233.75
55.94452232700465 -3.188030968174602 WNW 55.94463713203436 -3.1883081320343556 0.0 232.5
55.94463713203436 -3.1883081320343556 ENE 55.94475193706407 -3.188030968174602 0.0 231.25
55.94475193706407 -3.188030968174602 WSW 55.94463713203436 -3.1883081320343556 0.0 230.0
55.94463713203436 -3.1883081320343556 E 55.94463713203436 -3.1880081320343554 0.0 228.75
55.94463713203436 -3.1880081320343554 W 55.94463713203436 -3.1883081320343556 0.0 227.5
55.94463713203436 -3.1883081320343556 W 55.94463713203436 -3.188608132034356 0.0 226.25
55.94463713203436 -3.188608132034356 E 55.94463713203436 -3.1883081320343556 0.0 225.0
55.94463713203436 -3.1883081320343556 NNW 55.944914295894115 -3.188422937064065 0.0 223.75
55.944914295894115 -3.188422937064065 SSE 55.94463713203436 -3.1883081320343556 0.0 222.5
55.94463713203436 -3.1883081320343556 N 55.94493713203436 -3.1883081320343556 0.0 221.25
55.94493713203436 -3.1883081320343556 SE 55.944725000000005 -3.188096 0.0 220.0
55.944725000000005 -3.188096 NW 55.94493713203436 -3.1883081320343556 0.0 218.75
55.94493713203436 -3.1883081320343556 E 55.94493713203436 -3.1880081320343554 0.0 217.5
55.94493713203436 -3.1880081320343554 W 55.94493713203436 -3.1883081320343556 0.0 216.25
55.94493713203436 -3.1883081320343556 ESE 55.94482232700465 -3.188030968174602 0.0 215.0
55.94482232700465 -3.188030968174602 WNW 55.94493713203436 -3.1883081320343556 0.0 213.75
55.94493713203436 -3.1883081320343556 E 55.94493713203436 -3.1880081320343554 0.0 212.5
55.94493713203436 -3.1880081320343554 W 55.94493713203436 -3.1883081320343556 0.0 211.25
55.94493713203436 -3.1883081320343556 ESE 55.94482232700465 -3.188030968174602 0.0 210.0
55.94482232700465 -3.188030968174602 WNW 55.94493713203436 -3.1883081320343556 0.0 208.75
55.94493713203436 -3.1883081320343556 SE 55.944725000000005 -3.188096 0.0 207.5
55.944725000000005 -3.188096 WNW 55.944839805029716 -3.1883731638597532 0.0 206.25
55.944839805029716 -3.1883731638597532 S 55.94453980502971 -3.1883731638597532 0.0 205.0
55.94453980502971 -3.1883731638597532 N 55.944839805029716 -3.1883731638597532 0.0 203.75
55.944839805029716 -3.1883731638597532 ESE 55.944725000000005 -3.188096 0.0 202.5
55.944725000000005 -3.188096 WNW 55.944839805029716 -3.1883731638597532 0.0 201.25
55.944839805029716 -3.1883731638597532 N 55.94513980502972 -3.1883731638597532 0.0 200.0
55.94513980502972 -3.1883731638597532 S 55.944839805029716 -3.1883731638597532 0.0 198.75
55.944839805029716 -3.1883731638597532 NNW 55.94511696888947 -3.1884879688894627 0.0 197.5
55.94511696888947 -3.1884879688894627 SE 55.944904836855116 -3.188275836855107 0.0 196.25
55.944904836855116 -3.188275836855107 NW 55.94511696888947 -3.1884879688894627 0.0 195.0
55.94511696888947 -3.1884879688894627 ESE 55.94500216385976 -3.1882108050297093 0.0 193.75
55.94500216385976 -3.1882108050297093 WNW 55.94511696888947 -3.1884879688894627 0.0 192.5
55.94511696888947 -3.1884879688894627 ESE 55.94500216385976 -3.1882108050297093 0.0 191.25
55.94500216385976 -3.1882108050297093 WNW 55.94511696888947 -3.1884879688894627 0.0 190.0
55.94511696888947 -3.1884879688894627 ESE 55.94500216385976 -3.1882108050297093 0.0 188.75
55.94500216385976 -3.1882108050297093 WNW 55.94511696888947 -3.1884879688894627 0.0 187.5
55.94511696888947 -3.1884879688894627 SSW 55.944839805029716 -3.1886027739191722 0.0 186.25
55.944839805029716 -3.1886027739191722 NNE 55.94511696888947 -3.1884879688894627 0.0 185.0
55.94511696888947 -3.1884879688894627 SSW 55.944839805029716 -3.1886027739191722 0.0 183.75
55.944839805029716 -3.1886027739191722 NNE 55.94511696888947 -3.1884879688894627 0.0 182.5
55.94511696888947 -3.1884879688894627 WSW 55.94500216385976 -3.188765132749216 0.0 181.25
55.94500216385976 -3.188765132749216 SE 55.944790031825406 -3.1885530007148604 0.0 180.0
55.944790031825406 -3.1885530007148604 NW 55.94500216385976 -3.188765132749216 0.0 178.75
55.94500216385976 -3.188765132749216 SSE 55.944725000000005 -3.1886503277195066 0.0 177.5
55.944725000000005 -3.1886503277195066 NNW 55.94500216385976 -3.188765132749216 0.0 176.25
55.94500216385976 -3.188765132749216 SSW 55.944725000000005 -3.1888799377789256 0.0 175.0
55.944725000000005 -3.1888799377789256 NNE 55.94500216385976 -3.188765132749216 0.0 173.75
55.94500216385976 -3.188765132749216 SSW 55.944725000000005 -3.1888799377789256 0.0 172.5
55.944725000000005 -3.1888799377789256 NNE 55.94500216385976 -3.188765132749216 0.0 171.25
55.94500216385976 -3.188765132749216 SSW 55.944725000000005 -3.1888799377789256 0.0 170.0
55.944725000000005 -3.1888799377789256 NNE 55.94500216385976 -3.188765132749216 0.0 168.75
55.94500216385976 -3.188765132749216 SSW 55.944725000000005 -3.1888799377789256 0.0 167.5
55.944725000000005 -3.1888799377789256 NNE 55.94500216385976 -3.188765132749216 0.0 166.25
55.94500216385976 -3.188765132749216 SSW 55.944725000000005 -3.1888799377789256 0.0 165.0
55.944725000000005 -3.1888799377789256 NW 55.94493713203436 -3.1890920698132814 0.0 163.75
55.94493713203436 -3.1890920698132814 SE 55.944725000000005 -3.1888799377789256 0.0 162.5
55.944725000000005 -3.1888799377789256 NW 55.94493713203436 -3.1890920698132814 0.0 161.25
55.94493713203436 -3.1890920698132814 SE 55.944725000000005 -3.1888799377789256 0.0 160.0
55.944725000000005 -3.1888799377789256 NW 55.94493713203436 -3.1890920698132814 0.0 158.75
55.94493713203436 -3.1890920698132814 W 55.94493713203436 -3.1893920698132816 57.010520935058594 268.921875
55.94493713203436 -3.1893920698132816 E 55.94493713203436 -3.1890920698132814 57.010520935058594 267.671875
55.94493713203436 -3.1890920698132814 E 55.94493713203436 -3.1887920698132812 57.010520935058594 266.421875
55.94493713203436 -3.1887920698132812 WNW 55.94505193706407 -3.1890692336730346 57.010520935058594 265.171875
55.94505193706407 -3.1890692336730346 ESE 55.94493713203436 -3.1887920698132812 57.010520935058594 263.921875
55.94493713203436 -3.1887920698132812 WNW 55.94505193706407 -3.1890692336730346 57.010520935058594 262.671875
55.94505193706407 -3.1890692336730346 E 55.94505193706407 -3.1887692336730344 57.010520935058594 261.421875
55.94505193706407 -3.1887692336730344 SSE 55.944774773204315 -3.188654428643325 93.29837417602539 271.8779067993164
55.944774773204315 -3.188654428643325 NNW 55.94505193706407 -3.1887692336730344 93.29837417602539 270.6279067993164
55.94505193706407 -3.1887692336730344 N 55.945351937064075 -3.1887692336730344 121.77920150756836 385.28438568115234
55.945351937064075 -3.1887692336730344 S 55.94505193706407 -3.1887692336730344 121.77920150756836 384.03438568115234
55.94505193706407 -3.1887692336730344 NNE 55.94532910092383 -3.188654428643325 121.77920150756836 382.78438568115234
55.94532910092383 -3.188654428643325 SSW 55.94505193706407 -3.1887692336730344 121.77920150756836 381.53438568115234
55.94505193706407 -3.1887692336730344 N 55.945351937064075 -3.1887692336730344 121.77920150756836 380.28438568115234
55.945351937064075 -3.1887692336730344 S 55.94505193706407 -3.1887692336730344 121.77920150756836 379.03438568115234
55.94505193706407 -3.1887692336730344 NE 55.94526406909843 -3.1885571016386787 121.77920150756836 377.78438568115234
55.94526406909843 -3.1885571016386787 SW 55.94505193706407 -3.1887692336730344 121.77920150756836 376.53438568115234
55.94505193706407 -3.1887692336730344 NE 55.94526406909843 -3.1885571016386787 121.77920150756836 375.28438568115234
55.94526406909843 -3.1885571016386787 WNW 55.94537887412814 -3.188834265498432 121.77920150756836 374.03438568115234
55.94537887412814 -3.188834265498432 ESE 55.94526406909843 -3.1885571016386787 121.77920150756836 372.78438568115234
55.94526406909843 -3.1885571016386787 ENE 55.94537887412814 -3.1882799377789253 121.77920150756836 371.53438568115234
55.94537887412814 -3.1882799377789253 WSW 55.94526406909843 -3.1885571016386787 121.77920150756836 370.28438568115234
55.94526406909843 -3.1885571016386787 ESE 55.94514926406872 -3.1882799377789253 121.77920150756836 369.03438568115234
55.94514926406872 -3.1882799377789253 NNW 55.945426427928474 -3.1883947428086348 121.77920150756836 367.78438568115234
55.945426427928474 -3.1883947428086348 SSE 55.94514926406872 -3.1882799377789253 121.77920150756836 366.53438568115234
55.94514926406872 -3.1882799377789253 NNW 55.945426427928474 -3.1883947428086348 121.77920150756836 365.28438568115234
55.945426427928474 -3.1883947428086348 SSE 55.94514926406872 -3.1882799377789253 121.77920150756836 364.03438568115234
55.94514926406872 -3.1882799377789253 NNE 55.945426427928474 -3.1881651327492158 121.77920150756836 362.78438568115234
55.945426427928474 -3.1881651327492158 SSW 55.94514926406872 -3.1882799377789253 121.77920150756836 361.53438568115234
55.94514926406872 -3.1882799377789253 NNE 55.945426427928474 -3.1881651327492158 121.77920150756836 360.28438568115234
55.945426427928474 -3.1881651327492158 SSW 55.94514926406872 -3.1882799377789253 121.77920150756836 359.03438568115234
55.94514926406872 -3.1882799377789253 S 55.944849264068715 -3.1882799377789253 121.77920150756836 357.78438568115234
55.944849264068715 -3.1882799377789253 N 55.94514926406872 -3.1882799377789253 121.77920150756836 356.53438568115234
55.94514926406872 -3.1882799377789253 ENE 55.94526406909843 -3.188002773919172 121.77920150756836 355.28438568115234
55.94526406909843 -3.188002773919172 WSW 55.94514926406872 -3.1882799377789253 121.77920150756836 354.03438568115234
55.94514926406872 -3.1882799377789253 S 55.944849264068715 -3.1882799377789253 121.77920150756836 352.78438568115234
55.944849264068715 -3.1882799377789253 NNE 55.94512642792847 -3.1881651327492158 121.77920150756836 351.53438568115234
55.94512642792847 -3.1881651327492158 SSE 55.944849264068715 -3.1880503277195062 121.77920150756836 350.28438568115234
55.944849264068715 -3.1880503277195062 NNW 55.94512642792847 -3.1881651327492158 121.77920150756836 349.03438568115234
55.94512642792847 -3.1881651327492158 SSE 55.944849264068715 -3.1880503277195062 121.77920150756836 347.78438568115234
55.944849264068715 -3.1880503277195062 N 55.94514926406872 -3.1880503277195062 121.77920150756836 346.53438568115234
55.94514926406872 -3.1880503277195062 WNW 55.94526406909843 -3.1883274915792597 121.77920150756836 345.28438568115234
55.94526406909843 -3.1883274915792597 ESE 55.94514926406872 -3.1880503277195062 121.77920150756836 344.03438568115234
55.94514926406872 -3.1880503277195062 ESE 55.94503445903901 -3.187773163859753 240.47475051879883 367.67125511169434
55.94503445903901 -3.187773163859753 W 55.94503445903901 -3.188073163859753 240.47475051879883 366.42125511169434
55.94503445903901 -3.188073163859753 ESE 55.9449196540093 -3.1877959999999996 309.2660713195801 455.24401664733887
55.9449196540093 -3.1877959999999996 WNW 55.94503445903901 -3.188073163859753 309.2660713195801 453.99401664733887
55.94503445903901 -3.188073163859753 ESE 55.9449196540093 -3.1877959999999996 309.2660713195801 452.74401664733887
55.9449196540093 -3.1877959999999996 W 55.9449196540093 -3.188096 309.2660713195801 451.49401664733887
55.9449196540093 -3.188096 ESE 55.94480484897959 -3.1878188361402464 309.2660713195801 450.24401664733887
55.94480484897959 -3.1878188361402464 WNW 55.9449196540093 -3.188096 309.2660713195801 448.99401664733887
55.9449196540093 -3.188096 SE 55.94470752197494 -3.187883867965644 309.2660713195801 447.74401664733887
55.94470752197494 -3.187883867965644 NW 55.9449196540093 -3.188096 309.2660713195801 446.49401664733887
55.9449196540093 -3.188096 SSE 55.94464249014954 -3.1879811949702903 309.2660713195801 445.24401664733887
55.94464249014954 -3.1879811949702903 NW 55.9448546221839 -3.188193327004646 309.2660713195801 443.99401664733887
55.9448546221839 -3.188193327004646 ESE 55.944739817154186 -3.1879161631448927 309.2660713195801 442.74401664733887
55.944739817154186 -3.1879161631448927 WSW 55.944625012124476 -3.188193327004646 325.40135955810547 475.8098850250244
55.944625012124476 -3.188193327004646 ENE 55.944739817154186 -3.1879161631448927 325.40135955810547 474.5598850250244
55.944739817154186 -3.1879161631448927 SW 55.94452768511983 -3.1881282951792485 325.40135955810547 473.3098850250244
55.94452768511983 -3.1881282951792485 NE 55.944739817154186 -3.1879161631448927 325.40135955810547 472.0598850250244
55.944739817154186 -3.1879161631448927 SW 55.94452768511983 -3.1881282951792485 325.40135955810547 470.8098850250244
55.94452768511983 -3.1881282951792485 ENE 55.94464249014954 -3.187851131319495 325.40135955810547 469.5598850250244
55.94464249014954 -3.187851131319495 WSW 55.94452768511983 -3.1881282951792485 325.40135955810547 468.3098850250244
55.94452768511983 -3.1881282951792485 ENE 55.94464249014954 -3.187851131319495 325.40135955810547 467.0598850250244
55.94464249014954 -3.187851131319495 SSW 55.944365326289784 -3.1879659363492046 325.40135955810547 465.8098850250244
55.944365326289784 -3.1879659363492046 NNE 55.94464249014954 -3.187851131319495 325.40135955810547 464.5598850250244
55.94464249014954 -3.187851131319495 SSE 55.944365326289784 -3.1877363262897855 325.40135955810547 463.3098850250244
55.944365326289784 -3.1877363262897855 NNW 55.94464249014954 -3.187851131319495 325.40135955810547 462.0598850250244
55.94464249014954 -3.187851131319495 SE 55.944430358115184 -3.1876389992851393 325.40135955810547 460.8098850250244
55.944430358115184 -3.1876389992851393 WNW 55.944545163144895 -3.1879161631448927 325.40135955810547 459.5598850250244
55.944545163144895 -3.1879161631448927 ESE 55.944430358115184 -3.1876389992851393 325.40135955810547 458.3098850250244
55.944430358115184 -3.1876389992851393 WNW 55.944545163144895 -3.1879161631448927 325.40135955810547 457.0598850250244
55.944545163144895 -3.1879161631448927 ESE 55.944430358115184 -3.1876389992851393 325.40135955810547 455.8098850250244
55.944430358115184 -3.1876389992851393 WSW 55.944315553085474 -3.1879161631448927 325.40135955810547 454.5598850250244
55.944315553085474 -3.1879161631448927 ENE 55.944430358115184 -3.1876389992851393 325.40135955810547 453.3098850250244
55.944430358115184 -3.1876389992851393 SSW 55.94415319425543 -3.187753804314849 325.40135955810547 452.0598850250244
55.94415319425543 -3.187753804314849 NNE 55.944430358115184 -3.1876389992851393 325.40135955810547 450.8098850250244
55.944430358115184 -3.1876389992851393 SSE 55.94415319425543 -3.1875241942554298 325.40135955810547 449.5598850250244
55.94415319425543 -3.1875241942554298 NW 55.944365326289784 -3.1877363262897855 325.40135955810547 448.3098850250244
55.944365326289784 -3.1877363262897855 SSE 55.94408816243003 -3.187621521260076 325.40135955810547 447.0598850250244
55.94408816243003 -3.187621521260076 NW 55.944300294464384 -3.187833653294432 325.40135955810547 445.8098850250244
55.944300294464384 -3.187833653294432 ESE 55.94418548943467 -3.1875564894346784 325.40135955810547 444.5598850250244
55.94418548943467 -3.1875564894346784 SSW 55.94390832557492 -3.187671294464388 346.8071804046631 503.1069278717041
55.94390832557492 -3.187671294464388 NE 55.94412045760927 -3.187459162430032 346.8071804046631 501.8569278717041
55.94412045760927 -3.187459162430032 NNW 55.94439762146903 -3.1875739674597416 346.8071804046631 500.6069278717041
55.94439762146903 -3.1875739674597416 SE 55.94418548943467 -3.187361835425386 346.8071804046631 499.3569278717041
55.94418548943467 -3.187361835425386 NW 55.94439762146903 -3.1875739674597416 346.8071804046631 498.1069278717041
55.94439762146903 -3.1875739674597416 SE 55.94418548943467 -3.187361835425386 346.8071804046631 496.8569278717041
55.94418548943467 -3.187361835425386 NW 55.94439762146903 -3.1875739674597416 346.8071804046631 495.6069278717041
55.94439762146903 -3.1875739674597416 SE 55.94418548943467 -3.187361835425386 346.8071804046631 494.3569278717041
55.94418548943467 -3.187361835425386 NW 55.94439762146903 -3.1875739674597416 346.8071804046631 493.1069278717041
55.94439762146903 -3.1875739674597416 WSW 55.94428281643932 -3.187851131319495 346.8071804046631 491.8569278717041
55.94428281643932 -3.187851131319495 ENE 55.94439762146903 -3.1875739674597416 346.8071804046631 490.6069278717041
55.94439762146903 -3.1875739674597416 ENE 55.94451242649874 -3.1872968035999882 414.02445793151855 493.4585871696472
55.94451242649874 -3.1872968035999882 WNW 55.94462723152845 -3.1875739674597416 414.02445793151855 492.2085871696472
55.94462723152845 -3.1875739674597416 ESE 55.94451242649874 -3.1872968035999882 414.02445793151855 490.9585871696472
55.94451242649874 -3.1872968035999882 WNW 55.94462723152845 -3.1875739674597416 414.02445793151855 489.7085871696472
55.94462723152845 -3.1875739674597416 ESE 55.94451242649874 -3.1872968035999882 414.02445793151855 488.4585871696472
55.94451242649874 -3.1872968035999882 WNW 55.94462723152845 -3.1875739674597416 414.02445793151855 487.2085871696472
55.94462723152845 -3.1875739674597416 ESE 55.94451242649874 -3.1872968035999882 414.02445793151855 485.9585871696472
55.94451242649874 -3.1872968035999882 WSW 55.94439762146903 -3.1875739674597416 414.02445793151855 484.7085871696472
55.94439762146903 -3.1875739674597416 ENE 55.94451242649874 -3.1872968035999882 414.02445793151855 483.4585871696472
55.94451242649874 -3.1872968035999882 NNW 55.944789590358496 -3.1874116086296977 414.02445793151855 482.2085871696472
55.944789590358496 -3.1874116086296977 SSE 55.94451242649874 -3.1872968035999882 414.02445793151855 480.9585871696472
55.94451242649874 -3.1872968035999882 WNW 55.94462723152845 -3.1875739674597416 414.02445793151855 479.7085871696472
55.94462723152845 -3.1875739674597416 ESE 55.94451242649874 -3.1872968035999882 414.02445793151855 478.4585871696472
55.94451242649874 -3.1872968035999882 SSW 55.94423526263898 -3.1874116086296977 414.02445793151855 477.2085871696472
55.94423526263898 -3.1874116086296977 NE 55.94444739467334 -3.187199476595342 508.2586421966553 557.0259928703308
55.94444739467334 -3.187199476595342 SW 55.94423526263898 -3.1874116086296977 508.2586421966553 555.7759928703308
55.94423526263898 -3.1874116086296977 N 55.944535262638986 -3.1874116086296977 538.9775314331055 564.5148930549622
55.944535262638986 -3.1874116086296977 S 55.94423526263898 -3.1874116086296977 538.9775314331055 563.2648930549622
55.94423526263898 -3.1874116086296977 NE 55.94444739467334 -3.187199476595342 538.9775314331055 562.0148930549622
55.94444739467334 -3.187199476595342 SSW 55.94417023081358 -3.1873142816250515 538.9775314331055 560.7648930549622
55.94417023081358 -3.1873142816250515 NNW 55.94444739467334 -3.187429086654761 563.8799018859863 560.1442276239395
55.94444739467334 -3.187429086654761 SSE 55.94417023081358 -3.1873142816250515 563.8799018859863 558.8942276239395
55.94417023081358 -3.1873142816250515 W 55.94417023081358 -3.1876142816250517 563.8799018859863 557.6442276239395
55.94417023081358 -3.1876142816250517 E 55.94417023081358 -3.1873142816250515 563.8799018859863 556.3942276239395
55.94417023081358 -3.1873142816250515 SW 55.94395809877923 -3.1875264136594073 563.8799018859863 555.1442276239395
55.94395809877923 -3.1875264136594073 NE 55.94417023081358 -3.1873142816250515 563.8799018859863 553.8942276239395
55.94417023081358 -3.1873142816250515 SSW 55.94389306695383 -3.187429086654761 563.8799018859863 552.6442276239395
55.94389306695383 -3.187429086654761 NNE 55.94417023081358 -3.1873142816250515 563.8799018859863 551.3942276239395
55.94417023081358 -3.1873142816250515 ESE 55.94405542578387 -3.187037117765298 563.8799018859863 550.1442276239395
55.94405542578387 -3.187037117765298 W 55.94405542578387 -3.1873371177652983 563.8799018859863 548.8942276239395
55.94405542578387 -3.1873371177652983 ESE 55.94394062075416 -3.187059953905545 563.8799018859863 547.6442276239395
55.94394062075416 -3.187059953905545 WNW 55.94405542578387 -3.1873371177652983 563.8799018859863 546.3942276239395
55.94405542578387 -3.1873371177652983 ESE 55.94394062075416 -3.187059953905545 563.8799018859863 545.1442276239395
55.94394062075416 -3.187059953905545 WNW 55.94405542578387 -3.1873371177652983 563.8799018859863 543.8942276239395
55.94405542578387 -3.1873371177652983 ESE 55.94394062075416 -3.187059953905545 563.8799018859863 542.6442276239395
55.94394062075416 -3.187059953905545 WSW 55.94382581572445 -3.1873371177652983 563.8799018859863 541.3942276239395
55.94382581572445 -3.1873371177652983 ENE 55.94394062075416 -3.187059953905545 563.8799018859863 540.1442276239395
55.94394062075416 -3.187059953905545 SW 55.943728488719806 -3.1872720859399006 563.8799018859863 538.8942276239395
55.943728488719806 -3.1872720859399006 NE 55.94394062075416 -3.187059953905545 563.8799018859863 537.6442276239395
55.94394062075416 -3.187059953905545 SW 55.943728488719806 -3.1872720859399006 563.8799018859863 536.3942276239395
55.943728488719806 -3.1872720859399006 ENE 55.94384329374952 -3.1869949220801472 563.8799018859863 535.1442276239395
55.94384329374952 -3.1869949220801472 WSW 55.943728488719806 -3.1872720859399006 563.8799018859863 533.8942276239395
55.943728488719806 -3.1872720859399006 SE 55.94351635668545 -3.187059953905545 563.8799018859863 532.6442276239395
55.94351635668545 -3.187059953905545 NW 55.943728488719806 -3.1872720859399006 563.8799018859863 531.3942276239395
55.943728488719806 -3.1872720859399006 SSE 55.94345132486005 -3.187157280910191 563.8799018859863 530.1442276239395
55.94345132486005 -3.187157280910191 NNW 55.943728488719806 -3.1872720859399006 563.8799018859863 528.8942276239395
55.943728488719806 -3.1872720859399006 SSE 55.94345132486005 -3.187157280910191 563.8799018859863 527.6442276239395
55.94345132486005 -3.187157280910191 NNW 55.943728488719806 -3.1872720859399006 563.8799018859863 526.3942276239395
55.943728488719806 -3.1872720859399006 S 55.9434284887198 -3.1872720859399006 563.8799018859863 525.1442276239395
55.9434284887198 -3.1872720859399006 NNE 55.94370565257956 -3.187157280910191 563.8799018859863 523.8942276239395
55.94370565257956 -3.187157280910191 SSW 55.9434284887198 -3.1872720859399006 563.8799018859863 522.6442276239395
55.9434284887198 -3.1872720859399006 NW 55.94364062075416 -3.1874842179742564 563.8799018859863 521.3942276239395
55.94364062075416 -3.1874842179742564 S 55.94334062075416 -3.1874842179742564 563.8799018859863 520.1442276239395
55.94334062075416 -3.1874842179742564 ENE 55.94345542578387 -3.187207054114503 563.8799018859863 518.8942276239395
55.94345542578387 -3.187207054114503 WSW 55.94334062075416 -3.1874842179742564 563.8799018859863 517.6442276239395
55.94334062075416 -3.1874842179742564 ENE 55.94345542578387 -3.187207054114503 563.8799018859863 516.3942276239395
55.94345542578387 -3.187207054114503 WSW 55.94334062075416 -3.1874842179742564 563.8799018859863 515.1442276239395
55.94334062075416 -3.1874842179742564 WNW 55.94345542578387 -3.18776138183401 563.8799018859863 513.8942276239395
55.94345542578387 -3.18776138183401 ESE 55.94334062075416 -3.1874842179742564 563.8799018859863 512.6442276239395
55.94334062075416 -3.1874842179742564 WNW 55.94345542578387 -3.18776138183401 563.8799018859863 511.3942276239395
55.94345542578387 -3.18776138183401 SE 55.94324329374951 -3.187549249799654 563.8799018859863 510.1442276239395
55.94324329374951 -3.187549249799654 NNE 55.94352045760927 -3.1874344447699445 563.8799018859863 508.8942276239395
55.94352045760927 -3.1874344447699445 SSW 55.94324329374951 -3.187549249799654 563.8799018859863 507.6442276239395
55.94324329374951 -3.187549249799654 S 55.94294329374951 -3.187549249799654 563.8799018859863 506.3942276239395
55.94294329374951 -3.187549249799654 N 55.94324329374951 -3.187549249799654 563.8799018859863 505.1442276239395
55.94324329374951 -3.187549249799654 E 55.94324329374951 -3.187249249799654 563.8799018859863 503.8942276239395
55.94324329374951 -3.187249249799654 W 55.94324329374951 -3.187549249799654 563.8799018859863 502.6442276239395
55.94324329374951 -3.187549249799654 SSW 55.942966129889754 -3.1876640548293635 563.8799018859863 501.3942276239395
55.942966129889754 -3.1876640548293635 NE 55.94317826192411 -3.1874519227950078 563.8799018859863 500.1442276239395
55.94317826192411 -3.1874519227950078 SW 55.942966129889754 -3.1876640548293635 563.8799018859863 498.8942276239395
55.942966129889754 -3.1876640548293635 NE 55.94317826192411 -3.1874519227950078 563.8799018859863 497.6442276239395
55.94317826192411 -3.1874519227950078 W 55.94317826192411 -3.187751922795008 563.8799018859863 496.3942276239395
55.94317826192411 -3.187751922795008 E 55.94317826192411 -3.1874519227950078 563.8799018859863 495.1442276239395
55.94317826192411 -3.1874519227950078 SSW 55.942901098064354 -3.1875667278247173 563.8799018859863 493.8942276239395
55.942901098064354 -3.1875667278247173 NNE 55.94317826192411 -3.1874519227950078 563.8799018859863 492.6442276239395
55.94317826192411 -3.1874519227950078 SSE 55.942901098064354 -3.1873371177652983 563.8799018859863 491.3942276239395
55.942901098064354 -3.1873371177652983 NW 55.94311323009871 -3.187549249799654 563.8799018859863 490.1442276239395
55.94311323009871 -3.187549249799654 SE 55.942901098064354 -3.1873371177652983 563.8799018859863 488.8942276239395
55.942901098064354 -3.1873371177652983 NNW 55.94317826192411 -3.1874519227950078 563.8799018859863 487.6442276239395
55.94317826192411 -3.1874519227950078 SSE 55.942901098064354 -3.1873371177652983 563.8799018859863 486.3942276239395
55.942901098064354 -3.1873371177652983 NNW 55.94317826192411 -3.1874519227950078 563.8799018859863 485.1442276239395
55.94317826192411 -3.1874519227950078 ESE 55.9430634568944 -3.1871747589352544 563.8799018859863 483.8942276239395
55.9430634568944 -3.1871747589352544 NW 55.943275588928756 -3.18738689096961 563.8799018859863 482.6442276239395
55.943275588928756 -3.18738689096961 SE 55.9430634568944 -3.1871747589352544 563.8799018859863 481.3942276239395
