55.944425 -3.188396 E 55.944425 -3.188096 0.0 248.75
55.944425 -3.188096 WNW 55.94453980502971 -3.1883731638597532 0.0 247.5
55.94453980502971 -3.1883731638597532 SE 55.94432767299536 -3.1881610318253975 0.0 246.25
55.94432767299536 -3.1881610318253975 NW 55.94453980502971 -3.1883731638597532 0.0 245.0
55.94453980502971 -3.1883731638597532 SSE 55.944262641169956 -3.1882583588300437 0.0 243.75
55.944262641169956 -3.1882583588300437 NNW 55.94453980502971 -3.1883731638597532 0.0 242.5
55.94453980502971 -3.1883731638597532 SSE 55.944262641169956 -3.1882583588300437 0.0 241.25
55.944262641169956 -3.1882583588300437 NNW 55.94453980502971 -3.1883731638597532 0.0 240.0
55.94453980502971 -3.1883731638597532 ESE 55.944425 -3.188096 0.0 238.75
55.944425 -3.188096 WNW 55.94453980502971 -3.1883731638597532 0.0 237.5
55.94453980502971 -3.1883731638597532 ESE 55.944425 -3.188096 0.0 236.25
55.944425 -3.188096 NW 55.94463713203436 -3.1883081320343556 0.0 235.0
55.94463713203436 -3.1883081320343556 E 55.94463713203436 -3.1880081320343554 0.0 233.75
55.94463713203436 -3.1880081320343554 W 55.94463713203436 -3.1883081320343556 0.0 232.5
55.94463713203436 -3.1883081320343556 SE 55.944425 -3.188096 0.0 231.25
55.944425 -3.188096 NW 55.94463713203436 -3.1883081320343556 0.0 230.0
55.94463713203436 -3.1883081320343556 NE 55.944849264068715 -3.188096 0.0 228.75
55.944849264068715 -3.188096 SW 55.94463713203436 -3.1883081320343556 0.0 227.5
55.94463713203436 -3.1883081320343556 NNW 55.944914295894115 -3.188422937064065 0.0 226.25
55.944914295894115 -3.188422937064065 S 55.94461429589411 -3.188422937064065 0.0 225.0
55.94461429589411 -3.188422937064065 N 55.944914295894115 -3.188422937064065 0.0 223.75
55.944914295894115 -3.188422937064065 SSW 55.94463713203436 -3.1885377420937746 0.0 222.5
55.94463713203436 -3.1885377420937746 NNE 55.944914295894115 -3.188422937064065 0.0 221.25
55.944914295894115 -3.188422937064065 SSE 55.94463713203436 -3.1883081320343556 0.0 220.0
55.94463713203436 -3.1883081320343556 N 55.94493713203436 -3.1883081320343556 0.0 218.75
55.94493713203436 -3.1883081320343556 WNW 55.94505193706407 -3.188585295894109 0.0 217.5
55.94505193706407 -3.188585295894109 ESE 55.94493713203436 -3.1883081320343556 0.0 216.25
55.94493713203436 -3.1883081320343556 SE 55.944725000000005 -3.188096 0.0 215.0
55.944725000000005 -3.188096 WNW 55.944839805029716 -3.1883731638597532 0.0 213.75
55.944839805029716 -3.1883731638597532 E 55.944839805029716 -3.188073163859753 0.0 212.5
55.944839805029716 -3.188073163859753 W 55.944839805029716 -3.1883731638597532 0.0 211.25
55.944839805029716 -3.1883731638597532 E 55.944839805029716 -3.188073163859753 0.0 210.0
55.944839805029716 -3.188073163859753 N 55.94513980502972 -3.188073163859753 0.0 208.75
55.94513980502972 -3.188073163859753 SSE 55.94486264116996 -3.1879583588300435 0.0 207.5
55.94486264116996 -3.1879583588300435 NW 55.94507477320432 -3.1881704908643993 0.0 206.25
55.94507477320432 -3.1881704908643993 SE 55.94486264116996 -3.1879583588300435 0.0 205.0
55.94486264116996 -3.1879583588300435 WNW 55.94497744619967 -3.188235522689797 0.0 203.75
55.94497744619967 -3.188235522689797 ESE 55.94486264116996 -3.1879583588300435 0.0 202.5
55.94486264116996 -3.1879583588300435 SSW 55.944585477310206 -3.188073163859753 0.0 201.25
55.944585477310206 -3.188073163859753 NNE 55.94486264116996 -3.1879583588300435 0.0 200.0
55.94486264116996 -3.1879583588300435 SSW 55.944585477310206 -3.188073163859753 0.0 198.75
55.944585477310206 -3.188073163859753 N 55.94488547731021 -3.188073163859753 0.0 197.5
55.94488547731021 -3.188073163859753 S 55.944585477310206 -3.188073163859753 0.0 196.25
55.944585477310206 -3.188073163859753 NNE 55.94486264116996 -3.1879583588300435 0.0 195.0
55.94486264116996 -3.1879583588300435 S 55.94456264116996 -3.1879583588300435 0.0 193.75
55.94456264116996 -3.1879583588300435 N 55.94486264116996 -3.1879583588300435 0.0 192.5
55.94486264116996 -3.1879583588300435 S 55.94456264116996 -3.1879583588300435 0.0 191.25
55.94456264116996 -3.1879583588300435 SE 55.9443505091356 -3.1877462267956878 0.0 190.0
55.9443505091356 -3.1877462267956878 NW 55.94456264116996 -3.1879583588300435 0.0 188.75
55.94456264116996 -3.1879583588300435 SSW 55.9442854773102 -3.188073163859753 0.0 187.5
55.9442854773102 -3.188073163859753 NNE 55.94456264116996 -3.1879583588300435 0.0 186.25
55.94456264116996 -3.1879583588300435 ENE 55.94467744619967 -3.18768119497029 0.0 185.0
55.94467744619967 -3.18768119497029 WSW 55.94456264116996 -3.1879583588300435 0.0 183.75
55.94456264116996 -3.1879583588300435 ESE 55.94444783614025 -3.18768119497029 0.0 182.5
55.94444783614025 -3.18768119497029 NW 55.944659968174605 -3.187893327004646 0.0 181.25
55.944659968174605 -3.187893327004646 SSE 55.94438280431485 -3.1877785219749364 0.0 180.0
55.94438280431485 -3.1877785219749364 N 55.94468280431485 -3.1877785219749364 0.0 178.75
55.94468280431485 -3.1877785219749364 S 55.94438280431485 -3.1877785219749364 0.0 177.5
55.94438280431485 -3.1877785219749364 N 55.94468280431485 -3.1877785219749364 0.0 176.25
55.94468280431485 -3.1877785219749364 SSE 55.944405640455095 -3.187663716945227 0.0 175.0
55.944405640455095 -3.187663716945227 N 55.9447056404551 -3.187663716945227 0.0 173.75
55.9447056404551 -3.187663716945227 S 55.944405640455095 -3.187663716945227 0.0 172.5
55.944405640455095 -3.187663716945227 SW 55.94419350842074 -3.1878758489795826 0.0 171.25
55.94419350842074 -3.1878758489795826 NE 55.944405640455095 -3.187663716945227 0.0 170.0
55.944405640455095 -3.187663716945227 S 55.94410564045509 -3.187663716945227 0.0 168.75
55.94410564045509 -3.187663716945227 N 55.944405640455095 -3.187663716945227 0.0 167.5
55.944405640455095 -3.187663716945227 SSE 55.94412847659534 -3.1875489119155174 0.0 166.25
55.94412847659534 -3.1875489119155174 E 55.94412847659534 -3.187248911915517 0.0 165.0
55.94412847659534 -3.187248911915517 W 55.94412847659534 -3.1875489119155174 0.0 163.75
55.94412847659534 -3.1875489119155174 E 55.94412847659534 -3.187248911915517 0.0 162.5
55.94412847659534 -3.187248911915517 WNW 55.94424328162505 -3.1875260757752706 0.0 161.25
55.94424328162505 -3.1875260757752706 ESE 55.94412847659534 -3.187248911915517 0.0 160.0
55.94412847659534 -3.187248911915517 WNW 55.94424328162505 -3.1875260757752706 0.0 158.75
55.94424328162505 -3.1875260757752706 NE 55.944455413659405 -3.187313943740915 0.0 157.5
55.944455413659405 -3.187313943740915 S 55.9441554136594 -3.187313943740915 0.0 156.25
55.9441554136594 -3.187313943740915 NNW 55.94443257751916 -3.1874287487706243 0.0 155.0
55.94443257751916 -3.1874287487706243 SSE 55.9441554136594 -3.187313943740915 0.0 153.75
55.9441554136594 -3.187313943740915 W 55.9441554136594 -3.187613943740915 0.0 152.5
55.9441554136594 -3.187613943740915 ESE 55.94404060862969 -3.1873367798811616 0.0 151.25
55.94404060862969 -3.1873367798811616 NW 55.94425274066405 -3.1875489119155174 0.0 150.0
55.94425274066405 -3.1875489119155174 SE 55.94404060862969 -3.1873367798811616 0.0 148.75
55.94404060862969 -3.1873367798811616 NNE 55.94431777248945 -3.187221974851452 0.0 147.5
55.94431777248945 -3.187221974851452 S 55.944017772489445 -3.187221974851452 0.0 146.25
55.944017772489445 -3.187221974851452 NNW 55.9442949363492 -3.1873367798811616 0.0 145.0
55.9442949363492 -3.1873367798811616 SSE 55.944017772489445 -3.187221974851452 0.0 143.75
55.944017772489445 -3.187221974851452 SSE 55.94374060862969 -3.1871071698217426 0.0 142.5
55.94374060862969 -3.1871071698217426 NNW 55.944017772489445 -3.187221974851452 0.0 141.25
55.944017772489445 -3.187221974851452 SE 55.94380564045509 -3.1870098428170963 0.0 140.0
55.94380564045509 -3.1870098428170963 NW 55.944017772489445 -3.187221974851452 0.0 138.75
55.944017772489445 -3.187221974851452 SSE 55.94374060862969 -3.1871071698217426 0.0 137.5
55.94374060862969 -3.1871071698217426 NNW 55.944017772489445 -3.187221974851452 0.0 136.25
55.944017772489445 -3.187221974851452 SE 55.94380564045509 -3.1870098428170963 0.0 135.0
55.94380564045509 -3.1870098428170963 NW 55.944017772489445 -3.187221974851452 0.0 133.75
55.944017772489445 -3.187221974851452 NNW 55.9442949363492 -3.1873367798811616 0.0 132.5
55.9442949363492 -3.1873367798811616 SSE 55.944017772489445 -3.187221974851452 0.0 131.25
55.944017772489445 -3.187221974851452 S 55.94371777248944 -3.187221974851452 0.0 130.0
55.94371777248944 -3.187221974851452 N 55.944017772489445 -3.187221974851452 0.0 128.75
55.944017772489445 -3.187221974851452 S 55.94371777248944 -3.187221974851452 0.0 127.5
55.94371777248944 -3.187221974851452 NNE 55.9439949363492 -3.1871071698217426 0.0 126.25
55.9439949363492 -3.1871071698217426 S 55.943694936349196 -3.1871071698217426 0.0 125.0
55.943694936349196 -3.1871071698217426 N 55.9439949363492 -3.1871071698217426 0.0 123.75
55.9439949363492 -3.1871071698217426 S 55.943694936349196 -3.1871071698217426 0.0 122.5
55.943694936349196 -3.1871071698217426 S 55.94339493634919 -3.1871071698217426 56.80010223388672 172.12638092041016
55.94339493634919 -3.1871071698217426 N 55.943694936349196 -3.1871071698217426 56.80010223388672 170.87638092041016
55.943694936349196 -3.1871071698217426 SW 55.94348280431484 -3.1873193018560984 56.80010223388672 169.62638092041016
55.94348280431484 -3.1873193018560984 NE 55.943694936349196 -3.1871071698217426 56.80010223388672 168.37638092041016
55.943694936349196 -3.1871071698217426 SW 55.94348280431484 -3.1873193018560984 56.80010223388672 167.12638092041016
55.94348280431484 -3.1873193018560984 NE 55.943694936349196 -3.1871071698217426 56.80010223388672 165.87638092041016
55.943694936349196 -3.1871071698217426 SW 55.94348280431484 -3.1873193018560984 56.80010223388672 164.62638092041016
55.94348280431484 -3.1873193018560984 N 55.94378280431484 -3.1873193018560984 56.80010223388672 163.37638092041016
55.94378280431484 -3.1873193018560984 S 55.94348280431484 -3.1873193018560984 56.80010223388672 162.12638092041016
55.94348280431484 -3.1873193018560984 NNW 55.9437599681746 -3.187434106885808 56.80010223388672 160.87638092041016
55.9437599681746 -3.187434106885808 S 55.943459968174594 -3.187434106885808 56.80010223388672 159.62638092041016
55.943459968174594 -3.187434106885808 N 55.9437599681746 -3.187434106885808 56.80010223388672 158.37638092041016
55.9437599681746 -3.187434106885808 S 55.943459968174594 -3.187434106885808 56.80010223388672 157.12638092041016
55.943459968174594 -3.187434106885808 N 55.9437599681746 -3.187434106885808 56.80010223388672 155.87638092041016
55.9437599681746 -3.187434106885808 S 55.943459968174594 -3.187434106885808 56.80010223388672 154.62638092041016
55.943459968174594 -3.187434106885808 NW 55.94367210020895 -3.1876462389201636 56.80010223388672 153.37638092041016
55.94367210020895 -3.1876462389201636 SE 55.943459968174594 -3.187434106885808 56.80010223388672 152.12638092041016
55.943459968174594 -3.187434106885808 N 55.9437599681746 -3.187434106885808 56.80010223388672 150.87638092041016
55.9437599681746 -3.187434106885808 S 55.943459968174594 -3.187434106885808 56.80010223388672 149.62638092041016
55.943459968174594 -3.187434106885808 SSW 55.94318280431484 -3.1875489119155174 56.80010223388672 148.37638092041016
55.94318280431484 -3.1875489119155174 NNE 55.943459968174594 -3.187434106885808 56.80010223388672 147.12638092041016
55.943459968174594 -3.187434106885808 SSW 55.94318280431484 -3.1875489119155174 56.80010223388672 145.87638092041016
55.94318280431484 -3.1875489119155174 N 55.94348280431484 -3.1875489119155174 56.80010223388672 144.62638092041016
55.94348280431484 -3.1875489119155174 SSW 55.94320564045508 -3.187663716945227 56.80010223388672 143.37638092041016
55.94320564045508 -3.187663716945227 NNE 55.94348280431484 -3.1875489119155174 56.80010223388672 142.12638092041016
55.94348280431484 -3.1875489119155174 S 55.94318280431484 -3.1875489119155174 56.80010223388672 140.87638092041016
55.94318280431484 -3.1875489119155174 NE 55.94339493634919 -3.1873367798811616 56.80010223388672 139.62638092041016
55.94339493634919 -3.1873367798811616 SW 55.94318280431484 -3.1875489119155174 56.80010223388672 138.37638092041016
55.94318280431484 -3.1875489119155174 SSW 55.94290564045508 -3.187663716945227 128.62255096435547 152.66589832305908
55.94290564045508 -3.187663716945227 NNE 55.94318280431484 -3.1875489119155174 128.62255096435547 151.41589832305908
55.94318280431484 -3.1875489119155174 N 55.94348280431484 -3.1875489119155174 128.62255096435547 150.16589832305908
55.94348280431484 -3.1875489119155174 S 55.94318280431484 -3.1875489119155174 128.62255096435547 148.91589832305908
55.94318280431484 -3.1875489119155174 S 55.942882804314834 -3.1875489119155174 128.62255096435547 147.66589832305908
55.942882804314834 -3.1875489119155174 N 55.94318280431484 -3.1875489119155174 128.62255096435547 146.41589832305908
55.94318280431484 -3.1875489119155174 S 55.942882804314834 -3.1875489119155174 128.62255096435547 145.16589832305908
55.942882804314834 -3.1875489119155174 NNE 55.94315996817459 -3.187434106885808 128.62255096435547 143.91589832305908
55.94315996817459 -3.187434106885808 SSW 55.942882804314834 -3.1875489119155174 128.62255096435547 142.66589832305908
55.942882804314834 -3.1875489119155174 NNE 55.94315996817459 -3.187434106885808 128.62255096435547 141.41589832305908
55.94315996817459 -3.187434106885808 SSW 55.942882804314834 -3.1875489119155174 128.62255096435547 140.16589832305908
55.942882804314834 -3.1875489119155174 NE 55.94309493634919 -3.1873367798811616 128.62255096435547 138.91589832305908
55.94309493634919 -3.1873367798811616 SSW 55.942817772489434 -3.187451584910871 128.62255096435547 137.66589832305908
55.942817772489434 -3.187451584910871 NNE 55.94309493634919 -3.1873367798811616 128.62255096435547 136.41589832305908
55.94309493634919 -3.1873367798811616 SSW 55.942817772489434 -3.187451584910871 128.62255096435547 135.16589832305908
55.942817772489434 -3.187451584910871 NNE 55.94309493634919 -3.1873367798811616 128.62255096435547 133.91589832305908
55.94309493634919 -3.1873367798811616 SE 55.942882804314834 -3.187124647846806 128.62255096435547 132.66589832305908
55.942882804314834 -3.187124647846806 NW 55.94309493634919 -3.1873367798811616 128.62255096435547 131.41589832305908
55.94309493634919 -3.1873367798811616 NE 55.94330706838355 -3.187124647846806 128.62255096435547 130.16589832305908
55.94330706838355 -3.187124647846806 SW 55.94309493634919 -3.1873367798811616 128.62255096435547 128.91589832305908
55.94309493634919 -3.1873367798811616 N 55.94339493634919 -3.1873367798811616 128.62255096435547 127.66589832305908
55.94339493634919 -3.1873367798811616 S 55.94309493634919 -3.1873367798811616 128.62255096435547 126.41589832305908
55.94309493634919 -3.1873367798811616 NNW 55.94337210020895 -3.187451584910871 128.62255096435547 125.16589832305908
55.94337210020895 -3.187451584910871 SSE 55.94309493634919 -3.1873367798811616 128.62255096435547 123.91589832305908
55.94309493634919 -3.1873367798811616 NNW 55.94337210020895 -3.187451584910871 128.62255096435547 122.66589832305908
55.94337210020895 -3.187451584910871 ESE 55.94325729517924 -3.1871744210511177 128.62255096435547 121.41589832305908
55.94325729517924 -3.1871744210511177 WNW 55.94337210020895 -3.187451584910871 128.62255096435547 120.16589832305908
55.94337210020895 -3.187451584910871 E 55.94337210020895 -3.187151584910871 128.62255096435547 118.91589832305908
55.94337210020895 -3.187151584910871 W 55.94337210020895 -3.187451584910871 128.62255096435547 117.66589832305908
55.94337210020895 -3.187451584910871 ESE 55.94325729517924 -3.1871744210511177 128.62255096435547 116.41589832305908
55.94325729517924 -3.1871744210511177 NW 55.94346942721359 -3.1873865530854735 128.62255096435547 115.16589832305908
55.94346942721359 -3.1873865530854735 SE 55.94325729517924 -3.1871744210511177 128.62255096435547 113.91589832305908
55.94325729517924 -3.1871744210511177 WNW 55.94337210020895 -3.187451584910871 128.62255096435547 112.66589832305908
55.94337210020895 -3.187451584910871 ESE 55.94325729517924 -3.1871744210511177 128.62255096435547 111.41589832305908
55.94325729517924 -3.1871744210511177 SE 55.94304516314488 -3.186962289016762 128.62255096435547 110.16589832305908
55.94304516314488 -3.186962289016762 NW 55.94325729517924 -3.1871744210511177 128.62255096435547 108.91589832305908
55.94325729517924 -3.1871744210511177 NNE 55.94353445903899 -3.187059616021408 128.62255096435547 107.66589832305908
55.94353445903899 -3.187059616021408 SSW 55.94325729517924 -3.1871744210511177 128.62255096435547 106.41589832305908
55.94325729517924 -3.1871744210511177 NNE 55.94353445903899 -3.187059616021408 128.62255096435547 105.16589832305908
55.94353445903899 -3.187059616021408 SSW 55.94325729517924 -3.1871744210511177 128.62255096435547 103.91589832305908
55.94325729517924 -3.1871744210511177 NNE 55.94353445903899 -3.187059616021408 128.62255096435547 102.66589832305908
55.94353445903899 -3.187059616021408 SW 55.94332232700464 -3.187271748055764 128.62255096435547 101.41589832305908
55.94332232700464 -3.187271748055764 NE 55.94353445903899 -3.187059616021408 128.62255096435547 100.16589832305908
55.94353445903899 -3.187059616021408 E 55.94353445903899 -3.186759616021408 128.62255096435547 98.91589832305908
55.94353445903899 -3.186759616021408 WSW 55.94341965400928 -3.1870367798811614 128.62255096435547 97.66589832305908
55.94341965400928 -3.1870367798811614 ENE 55.94353445903899 -3.186759616021408 128.62255096435547 96.41589832305908
55.94353445903899 -3.186759616021408 SW 55.94332232700464 -3.1869717480557638 128.62255096435547 95.16589832305908
55.94332232700464 -3.1869717480557638 ENE 55.94343713203435 -3.1866945841960104 128.62255096435547 93.91589832305908
55.94343713203435 -3.1866945841960104 WSW 55.94332232700464 -3.1869717480557638 128.62255096435547 92.66589832305908
55.94332232700464 -3.1869717480557638 ENE 55.94343713203435 -3.1866945841960104 128.62255096435547 91.41589832305908
55.94343713203435 -3.1866945841960104 WSW 55.94332232700464 -3.1869717480557638 128.62255096435547 90.16589832305908
55.94332232700464 -3.1869717480557638 ESE 55.94320752197493 -3.1866945841960104 128.62255096435547 88.91589832305908
55.94320752197493 -3.1866945841960104 W 55.94320752197493 -3.1869945841960106 128.62255096435547 87.66589832305908
55.94320752197493 -3.1869945841960106 ESE 55.943092716945216 -3.186717420336257 128.62255096435547 86.41589832305908
55.943092716945216 -3.186717420336257 WNW 55.94320752197493 -3.1869945841960106 128.62255096435547 85.16589832305908
55.94320752197493 -3.1869945841960106 S 55.942907521974924 -3.1869945841960106 128.62255096435547 83.91589832305908
55.942907521974924 -3.1869945841960106 N 55.94320752197493 -3.1869945841960106 128.62255096435547 82.66589832305908
55.94320752197493 -3.1869945841960106 NNW 55.94348468583468 -3.18710938922572 128.62255096435547 81.41589832305908
55.94348468583468 -3.18710938922572 SE 55.94327255380033 -3.1868972571913643 128.62255096435547 80.16589832305908
55.94327255380033 -3.1868972571913643 NW 55.94348468583468 -3.18710938922572 128.62255096435547 78.91589832305908
55.94348468583468 -3.18710938922572 E 55.94348468583468 -3.18680938922572 128.62255096435547 77.66589832305908
55.94348468583468 -3.18680938922572 SSE 55.94320752197493 -3.1866945841960104 128.62255096435547 76.41589832305908
55.94320752197493 -3.1866945841960104 NNW 55.94348468583468 -3.18680938922572 128.62255096435547 75.16589832305908
55.94348468583468 -3.18680938922572 SSE 55.94320752197493 -3.1866945841960104 128.62255096435547 73.91589832305908
55.94320752197493 -3.1866945841960104 WNW 55.94332232700464 -3.1869717480557638 128.62255096435547 72.66589832305908
55.94332232700464 -3.1869717480557638 SE 55.94311019497028 -3.186759616021408 128.62255096435547 71.41589832305908
55.94311019497028 -3.186759616021408 W 55.94311019497028 -3.187059616021408 128.62255096435547 70.16589832305908
55.94311019497028 -3.187059616021408 E 55.94311019497028 -3.186759616021408 128.62255096435547 68.91589832305908
55.94311019497028 -3.186759616021408 S 55.94281019497028 -3.186759616021408 128.62255096435547 67.66589832305908
55.94281019497028 -3.186759616021408 N 55.94311019497028 -3.186759616021408 128.62255096435547 66.41589832305908
55.94311019497028 -3.186759616021408 SSE 55.942833031110524 -3.1866448109916985 128.62255096435547 65.16589832305908
55.942833031110524 -3.1866448109916985 NNW 55.94311019497028 -3.186759616021408 128.62255096435547 63.91589832305908
55.94311019497028 -3.186759616021408 SSE 55.942833031110524 -3.1866448109916985 128.62255096435547 62.66589832305908
55.942833031110524 -3.1866448109916985 NNW 55.94311019497028 -3.186759616021408 128.62255096435547 61.41589832305908
55.94311019497028 -3.186759616021408 S 55.94281019497028 -3.186759616021408 128.62255096435547 60.16589832305908
55.94281019497028 -3.186759616021408 N 55.94311019497028 -3.186759616021408 128.62255096435547 58.91589832305908
55.94311019497028 -3.186759616021408 S 55.94281019497028 -3.186759616021408 128.62255096435547 57.66589832305908
55.94281019497028 -3.186759616021408 NW 55.943022327004634 -3.1869717480557638 128.62255096435547 56.41589832305908
55.943022327004634 -3.1869717480557638 SE 55.94281019497028 -3.186759616021408 128.62255096435547 55.16589832305908
55.94281019497028 -3.186759616021408 NW 55.943022327004634 -3.1869717480557638 128.62255096435547 53.91589832305908
55.943022327004634 -3.1869717480557638 SSE 55.94274516314488 -3.1868569430260543 128.62255096435547 52.66589832305908
55.94274516314488 -3.1868569430260543 NW 55.942957295179234 -3.18706907506041 128.62255096435547 51.41589832305908
55.942957295179234 -3.18706907506041 WSW 55.94284249014952 -3.1873462389201634 128.62255096435547 50.16589832305908
55.94284249014952 -3.1873462389201634 ENE 55.942957295179234 -3.18706907506041 128.62255096435547 48.91589832305908
55.942957295179234 -3.18706907506041 SSW 55.94268013131948 -3.1871838800901195 128.62255096435547 47.66589832305908
55.94268013131948 -3.1871838800901195 NNE 55.942957295179234 -3.18706907506041 128.62255096435547 46.41589832305908
55.942957295179234 -3.18706907506041 WNW 55.943072100208944 -3.1873462389201634 128.62255096435547 45.16589832305908
55.943072100208944 -3.1873462389201634 SE 55.94285996817459 -3.1871341068858077 128.62255096435547 43.91589832305908
55.94285996817459 -3.1871341068858077 WNW 55.9429747732043 -3.187411270745561 128.62255096435547 42.66589832305908
55.9429747732043 -3.187411270745561 SE 55.94276264116994 -3.1871991387112053 130.21435928344727 117.29630756378174
55.94276264116994 -3.1871991387112053 NW 55.9429747732043 -3.187411270745561 130.21435928344727 116.04630756378174
55.9429747732043 -3.187411270745561 SE 55.94276264116994 -3.1871991387112053 130.21435928344727 114.79630756378174
55.94276264116994 -3.1871991387112053 WSW 55.94264783614023 -3.1874763025709587 130.21435928344727 113.54630756378174
55.94264783614023 -3.1874763025709587 ENE 55.94276264116994 -3.1871991387112053 130.21435928344727 112.29630756378174
55.94276264116994 -3.1871991387112053 WSW 55.94264783614023 -3.1874763025709587 130.21435928344727 111.04630756378174
55.94264783614023 -3.1874763025709587 ENE 55.94276264116994 -3.1871991387112053 130.21435928344727 109.79630756378174
55.94276264116994 -3.1871991387112053 WSW 55.94264783614023 -3.1874763025709587 130.21435928344727 108.54630756378174
55.94264783614023 -3.1874763025709587 E 55.94264783614023 -3.1871763025709585 130.21435928344727 107.29630756378174
55.94264783614023 -3.1871763025709585 W 55.94264783614023 -3.1874763025709587 130.21435928344727 106.04630756378174
55.94264783614023 -3.1874763025709587 E 55.94264783614023 -3.1871763025709585 130.21435928344727 104.79630756378174
55.94264783614023 -3.1871763025709585 W 55.94264783614023 -3.1874763025709587 130.21435928344727 103.54630756378174
55.94264783614023 -3.1874763025709587 NE 55.94285996817459 -3.187264170536603 194.48331832885742 180.15734577178955
55.94285996817459 -3.187264170536603 SW 55.94264783614023 -3.1874763025709587 194.48331832885742 178.90734577178955
55.94264783614023 -3.1874763025709587 N 55.942947836140235 -3.1874763025709587 194.48331832885742 177.65734577178955
55.942947836140235 -3.1874763025709587 SSW 55.94267067228048 -3.187591107600668 312.5526008605957 288.2451753616333
55.94267067228048 -3.187591107600668 W 55.94267067228048 -3.1878911076006684 390.52074813842773 318.426251411438
55.94267067228048 -3.1878911076006684 E 55.94267067228048 -3.187591107600668 390.52074813842773 317.176251411438
55.94267067228048 -3.187591107600668 NNW 55.942947836140235 -3.1877059126303777 390.52074813842773 315.926251411438
55.942947836140235 -3.1877059126303777 SSE 55.94267067228048 -3.187591107600668 390.52074813842773 314.676251411438
55.94267067228048 -3.187591107600668 E 55.94267067228048 -3.187291107600668 395.6890654563904 326.9954776763916
55.94267067228048 -3.187291107600668 W 55.94267067228048 -3.187591107600668 395.6890654563904 325.7454776763916
55.94267067228048 -3.187591107600668 W 55.94267067228048 -3.1878911076006684 395.6890654563904 324.4954776763916
55.94267067228048 -3.1878911076006684 E 55.94267067228048 -3.187591107600668 395.6890654563904 323.2454776763916
55.94267067228048 -3.187591107600668 WNW 55.94278547731019 -3.1878682714604216 395.6890654563904 321.9954776763916
55.94278547731019 -3.1878682714604216 ESE 55.94267067228048 -3.187591107600668 395.6890654563904 320.7454776763916
55.94267067228048 -3.187591107600668 WNW 55.94278547731019 -3.1878682714604216 395.6890654563904 319.4954776763916
55.94278547731019 -3.1878682714604216 ESE 55.94267067228048 -3.187591107600668 395.6890654563904 318.2454776763916
55.94267067228048 -3.187591107600668 NNW 55.942947836140235 -3.1877059126303777 395.6890654563904 316.9954776763916
55.942947836140235 -3.1877059126303777 S 55.94264783614023 -3.1877059126303777 496.9104781150818 411.6475772857666
55.94264783614023 -3.1877059126303777 N 55.942947836140235 -3.1877059126303777 496.9104781150818 410.3975772857666
