55.944425 -3.188396 NNE 55.94470216385976 -3.1882811949702905 0.0 248.75
55.94470216385976 -3.1882811949702905 S 55.944402163859756 -3.1882811949702905 0.0 247.5
55.944402163859756 -3.1882811949702905 WSW 55.944287358830046 -3.188558358830044 0.0 246.25
55.944287358830046 -3.188558358830044 ENE 55.944402163859756 -3.1882811949702905 0.0 245.0
55.944402163859756 -3.1882811949702905 SW 55.9441900318254 -3.1884933270046463 0.0 243.75
55.9441900318254 -3.1884933270046463 ENE 55.94430483685511 -3.188216163144893 0.0 242.5
55.94430483685511 -3.188216163144893 WSW 55.9441900318254 -3.1884933270046463 0.0 241.25
55.9441900318254 -3.1884933270046463 SSW 55.94391286796564 -3.188608132034356 0.0 240.0
55.94391286796564 -3.188608132034356 NNE 55.9441900318254 -3.1884933270046463 0.0 238.75
55.9441900318254 -3.1884933270046463 E 55.9441900318254 -3.188193327004646 0.0 237.5
55.9441900318254 -3.188193327004646 W 55.9441900318254 -3.1884933270046463 0.0 236.25
55.9441900318254 -3.1884933270046463 SE 55.943977899791044 -3.1882811949702905 0.0 235.0
55.943977899791044 -3.1882811949702905 NW 55.9441900318254 -3.1884933270046463 0.0 233.75
55.9441900318254 -3.1884933270046463 SSE 55.94391286796564 -3.1883785219749368 0.0 232.5
55.94391286796564 -3.1883785219749368 NNW 55.9441900318254 -3.1884933270046463 0.0 231.25
55.9441900318254 -3.1884933270046463 SSE 55.94391286796564 -3.1883785219749368 0.0 230.0
55.94391286796564 -3.1883785219749368 NNW 55.9441900318254 -3.1884933270046463 0.0 228.75
55.9441900318254 -3.1884933270046463 S 55.9438900318254 -3.1884933270046463 0.0 227.5
55.9438900318254 -3.1884933270046463 N 55.9441900318254 -3.1884933270046463 0.0 226.25
55.9441900318254 -3.1884933270046463 S 55.9438900318254 -3.1884933270046463 0.0 225.0
55.9438900318254 -3.1884933270046463 NNW 55.944167195685154 -3.188608132034356 0.0 223.75
55.944167195685154 -3.188608132034356 SSE 55.9438900318254 -3.1884933270046463 0.0 222.5
55.9438900318254 -3.1884933270046463 NNE 55.944167195685154 -3.1883785219749368 0.0 221.25
55.944167195685154 -3.1883785219749368 SSW 55.9438900318254 -3.1884933270046463 0.0 220.0
55.9438900318254 -3.1884933270046463 ENE 55.94400483685511 -3.188216163144893 0.0 218.75
55.94400483685511 -3.188216163144893 WSW 55.9438900318254 -3.1884933270046463 0.0 217.5
55.9438900318254 -3.1884933270046463 E 55.9438900318254 -3.188193327004646 119.12826538085938 259.644832611084
55.9438900318254 -3.188193327004646 W 55.9438900318254 -3.1884933270046463 119.12826538085938 258.394832611084
55.9438900318254 -3.1884933270046463 E 55.9438900318254 -3.188193327004646 119.12826538085938 257.144832611084
55.9438900318254 -3.188193327004646 W 55.9438900318254 -3.1884933270046463 119.12826538085938 255.89483261108398
55.9438900318254 -3.1884933270046463 E 55.9438900318254 -3.188193327004646 119.12826538085938 254.64483261108398
55.9438900318254 -3.188193327004646 W 55.9438900318254 -3.1884933270046463 119.12826538085938 253.39483261108398
55.9438900318254 -3.1884933270046463 E 55.9438900318254 -3.188193327004646 119.12826538085938 252.14483261108398
55.9438900318254 -3.188193327004646 WNW 55.94400483685511 -3.1884704908643995 119.12826538085938 250.89483261108398
55.94400483685511 -3.1884704908643995 ESE 55.9438900318254 -3.188193327004646 119.12826538085938 249.64483261108398
55.9438900318254 -3.188193327004646 NE 55.94410216385975 -3.1879811949702903 119.12826538085938 248.39483261108398
55.94410216385975 -3.1879811949702903 SW 55.9438900318254 -3.188193327004646 119.12826538085938 247.14483261108398
55.9438900318254 -3.188193327004646 SSW 55.94361286796564 -3.1883081320343556 119.12826538085938 245.89483261108398
55.94361286796564 -3.1883081320343556 NNE 55.9438900318254 -3.188193327004646 119.12826538085938 244.64483261108398
55.9438900318254 -3.188193327004646 SSW 55.94361286796564 -3.1883081320343556 119.12826538085938 243.39483261108398
55.94361286796564 -3.1883081320343556 NE 55.943825 -3.188096 119.12826538085938 242.14483261108398
55.943825 -3.188096 SW 55.94361286796564 -3.1883081320343556 119.12826538085938 240.89483261108398
55.94361286796564 -3.1883081320343556 NE 55.943825 -3.188096 119.12826538085938 239.64483261108398
55.943825 -3.188096 SW 55.94361286796564 -3.1883081320343556 119.12826538085938 238.39483261108398
55.94361286796564 -3.1883081320343556 NE 55.943825 -3.188096 119.12826538085938 237.14483261108398
55.943825 -3.188096 SW 55.94361286796564 -3.1883081320343556 119.12826538085938 235.89483261108398
55.94361286796564 -3.1883081320343556 ENE 55.94372767299535 -3.188030968174602 119.12826538085938 234.64483261108398
55.94372767299535 -3.188030968174602 WSW 55.94361286796564 -3.1883081320343556 119.12826538085938 233.39483261108398
55.94361286796564 -3.1883081320343556 E 55.94361286796564 -3.1880081320343554 119.12826538085938 232.14483261108398
55.94361286796564 -3.1880081320343554 W 55.94361286796564 -3.1883081320343556 119.12826538085938 230.89483261108398
55.94361286796564 -3.1883081320343556 E 55.94361286796564 -3.1880081320343554 119.12826538085938 229.64483261108398
55.94361286796564 -3.1880081320343554 NW 55.943825 -3.188220264068711 119.12826538085938 228.39483261108398
55.943825 -3.188220264068711 SE 55.94361286796564 -3.1880081320343554 119.12826538085938 227.14483261108398
55.94361286796564 -3.1880081320343554 E 55.94361286796564 -3.187708132034355 212.14097595214844 265.9494743347168
55.94361286796564 -3.187708132034355 W 55.94361286796564 -3.1880081320343554 212.14097595214844 264.6994743347168
55.94361286796564 -3.1880081320343554 NW 55.943825 -3.188220264068711 212.14097595214844 263.4494743347168
55.943825 -3.188220264068711 SE 55.94361286796564 -3.1880081320343554 212.14097595214844 262.1994743347168
55.94361286796564 -3.1880081320343554 NNE 55.9438900318254 -3.187893327004646 212.14097595214844 260.9494743347168
55.9438900318254 -3.187893327004646 SSW 55.94361286796564 -3.1880081320343554 212.14097595214844 259.6994743347168
55.94361286796564 -3.1880081320343554 NNW 55.9438900318254 -3.188122937064065 212.14097595214844 258.4494743347168
55.9438900318254 -3.188122937064065 SSE 55.94361286796564 -3.1880081320343554 212.14097595214844 257.1994743347168
55.94361286796564 -3.1880081320343554 NNW 55.9438900318254 -3.188122937064065 212.14097595214844 255.9494743347168
55.9438900318254 -3.188122937064065 N 55.9441900318254 -3.188122937064065 212.14097595214844 254.6994743347168
55.9441900318254 -3.188122937064065 S 55.9438900318254 -3.188122937064065 212.14097595214844 253.4494743347168
55.9438900318254 -3.188122937064065 E 55.9438900318254 -3.1878229370640647 212.14097595214844 252.1994743347168
55.9438900318254 -3.1878229370640647 W 55.9438900318254 -3.188122937064065 212.14097595214844 250.9494743347168
55.9438900318254 -3.188122937064065 NNW 55.944167195685154 -3.1882377420937744 212.14097595214844 249.6994743347168
55.944167195685154 -3.1882377420937744 SSE 55.9438900318254 -3.188122937064065 212.14097595214844 248.4494743347168
55.9438900318254 -3.188122937064065 NNW 55.944167195685154 -3.1882377420937744 212.14097595214844 247.1994743347168
55.944167195685154 -3.1882377420937744 S 55.94386719568515 -3.1882377420937744 212.14097595214844 245.9494743347168
55.94386719568515 -3.1882377420937744 ENE 55.94398200071486 -3.187960578234021 212.14097595214844 244.6994743347168
55.94398200071486 -3.187960578234021 WSW 55.94386719568515 -3.1882377420937744 212.14097595214844 243.4494743347168
55.94386719568515 -3.1882377420937744 NNE 55.94414435954491 -3.188122937064065 212.14097595214844 242.1994743347168
55.94414435954491 -3.188122937064065 SSW 55.94386719568515 -3.1882377420937744 212.14097595214844 240.9494743347168
55.94386719568515 -3.1882377420937744 NE 55.94407932771951 -3.1880256100594186 212.14097595214844 239.6994743347168
55.94407932771951 -3.1880256100594186 SW 55.94386719568515 -3.1882377420937744 212.14097595214844 238.4494743347168
55.94386719568515 -3.1882377420937744 NNE 55.94414435954491 -3.188122937064065 212.14097595214844 237.1994743347168
55.94414435954491 -3.188122937064065 SSW 55.94386719568515 -3.1882377420937744 212.14097595214844 235.9494743347168
55.94386719568515 -3.1882377420937744 NNE 55.94414435954491 -3.188122937064065 212.14097595214844 234.6994743347168
55.94414435954491 -3.188122937064065 SW 55.94393222751055 -3.1883350690984207 212.14097595214844 233.4494743347168
55.94393222751055 -3.1883350690984207 NE 55.94414435954491 -3.188122937064065 212.14097595214844 232.1994743347168
55.94414435954491 -3.188122937064065 NE 55.94435649157926 -3.187910805029709 212.14097595214844 230.9494743347168
55.94435649157926 -3.187910805029709 SW 55.94414435954491 -3.188122937064065 212.14097595214844 229.6994743347168
55.94414435954491 -3.188122937064065 NW 55.94435649157926 -3.1883350690984207 212.14097595214844 228.4494743347168
55.94435649157926 -3.1883350690984207 SE 55.94414435954491 -3.188122937064065 212.14097595214844 227.1994743347168
55.94414435954491 -3.188122937064065 NNW 55.944421523404664 -3.1882377420937744 212.14097595214844 225.9494743347168
55.944421523404664 -3.1882377420937744 SSE 55.94414435954491 -3.188122937064065 212.14097595214844 224.6994743347168
55.94414435954491 -3.188122937064065 NW 55.94435649157926 -3.1883350690984207 212.14097595214844 223.4494743347168
55.94435649157926 -3.1883350690984207 SE 55.94414435954491 -3.188122937064065 212.14097595214844 222.1994743347168
55.94414435954491 -3.188122937064065 NW 55.94435649157926 -3.1883350690984207 212.14097595214844 220.9494743347168
55.94435649157926 -3.1883350690984207 SE 55.94414435954491 -3.188122937064065 212.14097595214844 219.6994743347168
55.94414435954491 -3.188122937064065 NNW 55.944421523404664 -3.1882377420937744 212.14097595214844 218.4494743347168
55.944421523404664 -3.1882377420937744 S 55.94412152340466 -3.1882377420937744 212.14097595214844 217.1994743347168
55.94412152340466 -3.1882377420937744 N 55.944421523404664 -3.1882377420937744 212.14097595214844 215.9494743347168
55.944421523404664 -3.1882377420937744 SSW 55.94414435954491 -3.188352547123484 212.41822165250778 324.8142890930176
55.94414435954491 -3.188352547123484 NNE 55.944421523404664 -3.1882377420937744 212.41822165250778 323.5642890930176
55.944421523404664 -3.1882377420937744 WSW 55.94430671837495 -3.188514905953528 212.41822165250778 322.3142890930176
55.94430671837495 -3.188514905953528 ENE 55.944421523404664 -3.1882377420937744 212.41822165250778 321.0642890930176
55.944421523404664 -3.1882377420937744 WSW 55.94430671837495 -3.188514905953528 212.41822165250778 319.8142890930176
55.94430671837495 -3.188514905953528 ENE 55.944421523404664 -3.1882377420937744 212.41822165250778 318.5642890930176
55.944421523404664 -3.1882377420937744 NNW 55.94469868726442 -3.188352547123484 212.41822165250778 317.3142890930176
55.94469868726442 -3.188352547123484 SSE 55.944421523404664 -3.1882377420937744 212.41822165250778 316.0642890930176
55.944421523404664 -3.1882377420937744 NE 55.94463365543902 -3.1880256100594186 212.41822165250778 314.8142890930176
55.94463365543902 -3.1880256100594186 SW 55.944421523404664 -3.1882377420937744 212.41822165250778 313.5642890930176
55.944421523404664 -3.1882377420937744 N 55.94472152340467 -3.1882377420937744 212.41822165250778 312.3142890930176
55.94472152340467 -3.1882377420937744 S 55.944421523404664 -3.1882377420937744 212.41822165250778 311.0642890930176
55.944421523404664 -3.1882377420937744 NE 55.94463365543902 -3.1880256100594186 212.41822165250778 309.8142890930176
55.94463365543902 -3.1880256100594186 SW 55.944421523404664 -3.1882377420937744 212.41822165250778 308.5642890930176
55.944421523404664 -3.1882377420937744 ESE 55.94430671837495 -3.187960578234021 212.41822165250778 307.3142890930176
55.94430671837495 -3.187960578234021 WNW 55.944421523404664 -3.1882377420937744 212.41822165250778 306.0642890930176
55.944421523404664 -3.1882377420937744 SE 55.94420939137031 -3.1880256100594186 212.41822165250778 304.8142890930176
55.94420939137031 -3.1880256100594186 NNW 55.944486555230064 -3.188140415089128 212.41822165250778 303.5642890930176
55.944486555230064 -3.188140415089128 SSE 55.94420939137031 -3.1880256100594186 212.41822165250778 302.3142890930176
55.94420939137031 -3.1880256100594186 NNW 55.944486555230064 -3.188140415089128 212.41822165250778 301.0642890930176
55.944486555230064 -3.188140415089128 SSE 55.94420939137031 -3.1880256100594186 212.41822165250778 299.8142890930176
55.94420939137031 -3.1880256100594186 NW 55.944421523404664 -3.1882377420937744 212.41822165250778 298.5642890930176
55.944421523404664 -3.1882377420937744 SE 55.94420939137031 -3.1880256100594186 212.41822165250778 297.3142890930176
55.94420939137031 -3.1880256100594186 ENE 55.94432419640002 -3.1877484461996652 212.41822165250778 296.0642890930176
55.94432419640002 -3.1877484461996652 WSW 55.94420939137031 -3.1880256100594186 212.41822165250778 294.8142890930176
55.94420939137031 -3.1880256100594186 ENE 55.94432419640002 -3.1877484461996652 212.41822165250778 293.5642890930176
55.94432419640002 -3.1877484461996652 W 55.94432419640002 -3.1880484461996654 212.41822165250778 292.3142890930176
55.94432419640002 -3.1880484461996654 E 55.94432419640002 -3.1877484461996652 212.41822165250778 291.0642890930176
55.94432419640002 -3.1877484461996652 WNW 55.94443900142973 -3.1880256100594186 212.41822165250778 289.8142890930176
55.94443900142973 -3.1880256100594186 SSE 55.94416183756997 -3.187910805029709 212.41822165250778 288.5642890930176
55.94416183756997 -3.187910805029709 NNW 55.94443900142973 -3.1880256100594186 212.41822165250778 287.3142890930176
55.94443900142973 -3.1880256100594186 N 55.94473900142973 -3.1880256100594186 212.41822165250778 286.0642890930176
55.94473900142973 -3.1880256100594186 S 55.94443900142973 -3.1880256100594186 212.41822165250778 284.8142890930176
55.94443900142973 -3.1880256100594186 ENE 55.94455380645944 -3.1877484461996652 212.41822165250778 283.5642890930176
55.94455380645944 -3.1877484461996652 WSW 55.94443900142973 -3.1880256100594186 212.41822165250778 282.3142890930176
55.94443900142973 -3.1880256100594186 SW 55.94422686939537 -3.1882377420937744 212.41822165250778 281.0642890930176
55.94422686939537 -3.1882377420937744 NE 55.94443900142973 -3.1880256100594186 212.41822165250778 279.8142890930176
55.94443900142973 -3.1880256100594186 W 55.94443900142973 -3.188325610059419 212.41822165250778 278.5642890930176
55.94443900142973 -3.188325610059419 E 55.94443900142973 -3.1880256100594186 212.41822165250778 277.3142890930176
55.94443900142973 -3.1880256100594186 NW 55.944651133464085 -3.1882377420937744 212.41822165250778 276.0642890930176
55.944651133464085 -3.1882377420937744 ESE 55.944536328434374 -3.187960578234021 212.41822165250778 274.8142890930176
55.944536328434374 -3.187960578234021 SSW 55.94425916457462 -3.1880753832637305 212.41822165250778 273.5642890930176
55.94425916457462 -3.1880753832637305 NNE 55.944536328434374 -3.187960578234021 212.41822165250778 272.3142890930176
55.944536328434374 -3.187960578234021 S 55.94423632843437 -3.187960578234021 212.41822165250778 271.0642890930176
55.94423632843437 -3.187960578234021 NNE 55.94451349229413 -3.1878457732043115 212.41822165250778 269.8142890930176
55.94451349229413 -3.1878457732043115 S 55.944213492294125 -3.1878457732043115 212.41822165250778 268.5642890930176
55.944213492294125 -3.1878457732043115 NNE 55.94449065615388 -3.187730968174602 212.41822165250778 267.3142890930176
55.94449065615388 -3.187730968174602 SSW 55.944213492294125 -3.1878457732043115 212.41822165250778 266.0642890930176
55.944213492294125 -3.1878457732043115 NE 55.94442562432848 -3.1876336411699557 212.41822165250778 264.8142890930176
55.94442562432848 -3.1876336411699557 SSW 55.944148460468725 -3.1877484461996652 212.41822165250778 263.5642890930176
55.944148460468725 -3.1877484461996652 NW 55.94436059250308 -3.187960578234021 212.41822165250778 262.3142890930176
55.94436059250308 -3.187960578234021 ESE 55.94424578747337 -3.1876834143742676 212.41822165250778 261.0642890930176
55.94424578747337 -3.1876834143742676 WNW 55.94436059250308 -3.187960578234021 212.41822165250778 259.8142890930176
55.94436059250308 -3.187960578234021 SE 55.944148460468725 -3.1877484461996652 212.41822165250778 258.5642890930176
55.944148460468725 -3.1877484461996652 WSW 55.944033655439014 -3.1880256100594186 212.41822165250778 257.3142890930176
55.944033655439014 -3.1880256100594186 ENE 55.944148460468725 -3.1877484461996652 212.41822165250778 256.0642890930176
55.944148460468725 -3.1877484461996652 W 55.944148460468725 -3.1880484461996654 212.41822165250778 254.81428909301758
55.944148460468725 -3.1880484461996654 E 55.944148460468725 -3.1877484461996652 212.41822165250778 253.56428909301758
55.944148460468725 -3.1877484461996652 W 55.944148460468725 -3.1880484461996654 212.41822165250778 252.31428909301758
55.944148460468725 -3.1880484461996654 E 55.944148460468725 -3.1877484461996652 212.41822165250778 251.06428909301758
55.944148460468725 -3.1877484461996652 WSW 55.944033655439014 -3.1880256100594186 212.41822165250778 249.81428909301758
55.944033655439014 -3.1880256100594186 ENE 55.944148460468725 -3.1877484461996652 212.41822165250778 248.56428909301758
55.944148460468725 -3.1877484461996652 WSW 55.944033655439014 -3.1880256100594186 212.41822165250778 247.31428909301758
55.944033655439014 -3.1880256100594186 ENE 55.944148460468725 -3.1877484461996652 212.41822165250778 246.06428909301758
55.944148460468725 -3.1877484461996652 SW 55.94393632843437 -3.187960578234021 212.41822165250778 244.81428909301758
55.94393632843437 -3.187960578234021 NE 55.944148460468725 -3.1877484461996652 212.41822165250778 243.56428909301758
55.944148460468725 -3.1877484461996652 S 55.94384846046872 -3.1877484461996652 212.41822165250778 242.31428909301758
55.94384846046872 -3.1877484461996652 NNW 55.94412562432848 -3.1878632512293748 212.41822165250778 241.06428909301758
55.94412562432848 -3.1878632512293748 SSE 55.94384846046872 -3.1877484461996652 212.41822165250778 239.81428909301758
55.94384846046872 -3.1877484461996652 NW 55.94406059250308 -3.187960578234021 212.41822165250778 238.56428909301758
55.94406059250308 -3.187960578234021 SE 55.94384846046872 -3.1877484461996652 212.41822165250778 237.31428909301758
55.94384846046872 -3.1877484461996652 NW 55.94406059250308 -3.187960578234021 212.41822165250778 236.06428909301758
55.94406059250308 -3.187960578234021 SE 55.94384846046872 -3.1877484461996652 212.41822165250778 234.81428909301758
55.94384846046872 -3.1877484461996652 NW 55.94406059250308 -3.187960578234021 212.41822165250778 233.56428909301758
55.94406059250308 -3.187960578234021 SSE 55.94378342864332 -3.1878457732043115 212.41822165250778 232.31428909301758
55.94378342864332 -3.1878457732043115 NNW 55.94406059250308 -3.187960578234021 212.41822165250778 231.06428909301758
55.94406059250308 -3.187960578234021 SSE 55.94378342864332 -3.1878457732043115 212.41822165250778 229.81428909301758
55.94378342864332 -3.1878457732043115 NW 55.94399556067768 -3.1880579052386673 212.41822165250778 228.56428909301758
55.94399556067768 -3.1880579052386673 ESE 55.94388075564797 -3.187780741378914 277.41977804899216 228.88062226772308
55.94388075564797 -3.187780741378914 W 55.94388075564797 -3.188080741378914 277.41977804899216 227.63062226772308
55.94388075564797 -3.188080741378914 E 55.94388075564797 -3.187780741378914 277.41977804899216 226.38062226772308
55.94388075564797 -3.187780741378914 W 55.94388075564797 -3.188080741378914 277.41977804899216 225.13062226772308
55.94388075564797 -3.188080741378914 E 55.94388075564797 -3.187780741378914 277.41977804899216 223.88062226772308
55.94388075564797 -3.187780741378914 E 55.94388075564797 -3.1874807413789137 277.41977804899216 222.63062226772308
55.94388075564797 -3.1874807413789137 W 55.94388075564797 -3.187780741378914 277.41977804899216 221.38062226772308
55.94388075564797 -3.187780741378914 SW 55.94366862361361 -3.1879928734132696 399.7787792086601 227.91768968105316
55.94366862361361 -3.1879928734132696 NE 55.94388075564797 -3.187780741378914 399.7787792086601 226.66768968105316
55.94388075564797 -3.187780741378914 SSW 55.94360359178821 -3.1878955464086234 399.7787792086601 225.41768968105316
55.94360359178821 -3.1878955464086234 NNE 55.94388075564797 -3.187780741378914 399.7787792086601 224.16768968105316
55.94388075564797 -3.187780741378914 SSW 55.94360359178821 -3.1878955464086234 399.7787792086601 222.91768968105316
55.94360359178821 -3.1878955464086234 ENE 55.94371839681792 -3.18761838254887 399.7787792086601 221.66768968105316
55.94371839681792 -3.18761838254887 WSW 55.94360359178821 -3.1878955464086234 399.7787792086601 220.41768968105316
55.94360359178821 -3.1878955464086234 E 55.94360359178821 -3.187595546408623 399.7787792086601 219.16768968105316
55.94360359178821 -3.187595546408623 W 55.94360359178821 -3.1878955464086234 399.7787792086601 217.91768968105316
55.94360359178821 -3.1878955464086234 ESE 55.9434887867585 -3.18761838254887 399.7787792086601 216.66768968105316
55.9434887867585 -3.18761838254887 WNW 55.94360359178821 -3.1878955464086234 399.7787792086601 215.41768968105316
55.94360359178821 -3.1878955464086234 SE 55.943391459753855 -3.1876834143742676 399.7787792086601 214.16768968105316
55.943391459753855 -3.1876834143742676 NW 55.94360359178821 -3.1878955464086234 399.7787792086601 212.91768968105316
55.94360359178821 -3.1878955464086234 ESE 55.9434887867585 -3.18761838254887 399.7787792086601 211.66768968105316
55.9434887867585 -3.18761838254887 NW 55.94370091879286 -3.1878305145832257 410.0190297961235 214.0584455728531
55.94370091879286 -3.1878305145832257 SE 55.9434887867585 -3.18761838254887 410.0190297961235 212.8084455728531
55.9434887867585 -3.18761838254887 N 55.9437887867585 -3.18761838254887 410.0190297961235 211.5584455728531
55.9437887867585 -3.18761838254887 S 55.9434887867585 -3.18761838254887 410.0190297961235 210.3084455728531
55.9434887867585 -3.18761838254887 N 55.9437887867585 -3.18761838254887 410.0190297961235 209.0584455728531
55.9437887867585 -3.18761838254887 S 55.9434887867585 -3.18761838254887 410.0190297961235 207.8084455728531
55.9434887867585 -3.18761838254887 WNW 55.94360359178821 -3.1878955464086234 410.0190297961235 206.5584455728531
55.94360359178821 -3.1878955464086234 ESE 55.9434887867585 -3.18761838254887 410.0190297961235 205.3084455728531
55.9434887867585 -3.18761838254887 SSW 55.943211622898744 -3.1877331875785795 410.0190297961235 204.0584455728531
55.943211622898744 -3.1877331875785795 NNE 55.9434887867585 -3.18761838254887 410.0190297961235 202.8084455728531
55.9434887867585 -3.18761838254887 WSW 55.94337398172879 -3.1878955464086234 410.0190297961235 201.5584455728531
55.94337398172879 -3.1878955464086234 ENE 55.9434887867585 -3.18761838254887 410.0190297961235 200.3084455728531
55.9434887867585 -3.18761838254887 ESE 55.94337398172879 -3.1873412186891166 410.0190297961235 199.0584455728531
55.94337398172879 -3.1873412186891166 WNW 55.9434887867585 -3.18761838254887 410.0190297961235 197.8084455728531
55.9434887867585 -3.18761838254887 ESE 55.94337398172879 -3.1873412186891166 410.0190297961235 196.5584455728531
55.94337398172879 -3.1873412186891166 WNW 55.9434887867585 -3.18761838254887 410.0190297961235 195.3084455728531
55.9434887867585 -3.18761838254887 N 55.9437887867585 -3.18761838254887 410.0190297961235 194.0584455728531
55.9437887867585 -3.18761838254887 S 55.9434887867585 -3.18761838254887 410.0190297961235 192.8084455728531
55.9434887867585 -3.18761838254887 WNW 55.94360359178821 -3.1878955464086234 410.0190297961235 191.5584455728531
55.94360359178821 -3.1878955464086234 SE 55.943391459753855 -3.1876834143742676 410.0190297961235 190.3084455728531
55.943391459753855 -3.1876834143742676 NW 55.94360359178821 -3.1878955464086234 410.0190297961235 189.0584455728531
55.94360359178821 -3.1878955464086234 SE 55.943391459753855 -3.1876834143742676 410.0190297961235 187.8084455728531
55.943391459753855 -3.1876834143742676 ENE 55.943506264783565 -3.187406250514514 410.0190297961235 186.5584455728531
55.943506264783565 -3.187406250514514 WSW 55.943391459753855 -3.1876834143742676 410.0190297961235 185.3084455728531
55.943391459753855 -3.1876834143742676 SE 55.9431793277195 -3.187471282339912 410.0190297961235 184.0584455728531
55.9431793277195 -3.187471282339912 N 55.9434793277195 -3.187471282339912 410.0190297961235 182.8084455728531
55.9434793277195 -3.187471282339912 SSW 55.943202163859745 -3.1875860873696213 504.5609685778618 264.1733671426773
55.943202163859745 -3.1875860873696213 NNE 55.9434793277195 -3.187471282339912 504.5609685778618 262.9233671426773
55.9434793277195 -3.187471282339912 S 55.9431793277195 -3.187471282339912 504.5609685778618 261.6733671426773
55.9431793277195 -3.187471282339912 N 55.9434793277195 -3.187471282339912 504.5609685778618 260.4233671426773
55.9434793277195 -3.187471282339912 NNE 55.94375649157926 -3.1873564773102023 504.5609685778618 259.1733671426773
55.94375649157926 -3.1873564773102023 SSW 55.9434793277195 -3.187471282339912 504.5609685778618 257.9233671426773
55.9434793277195 -3.187471282339912 WNW 55.94359413274921 -3.1877484461996652 504.5609685778618 256.6733671426773
55.94359413274921 -3.1877484461996652 ESE 55.9434793277195 -3.187471282339912 504.5609685778618 255.4233671426773
55.9434793277195 -3.187471282339912 NNE 55.94375649157926 -3.1873564773102023 504.5609685778618 254.1733671426773
55.94375649157926 -3.1873564773102023 SSW 55.9434793277195 -3.187471282339912 504.5609685778618 252.9233671426773
55.9434793277195 -3.187471282339912 NNE 55.94375649157926 -3.1873564773102023 504.5609685778618 251.6733671426773
55.94375649157926 -3.1873564773102023 SSW 55.9434793277195 -3.187471282339912 504.5609685778618 250.4233671426773
55.9434793277195 -3.187471282339912 NNW 55.94375649157926 -3.1875860873696213 504.5609685778618 249.1733671426773
55.94375649157926 -3.1875860873696213 SSE 55.9434793277195 -3.187471282339912 504.5609685778618 247.9233671426773
55.9434793277195 -3.187471282339912 NNW 55.94375649157926 -3.1875860873696213 504.5609685778618 246.6733671426773
55.94375649157926 -3.1875860873696213 SSE 55.9434793277195 -3.187471282339912 504.5609685778618 245.4233671426773
55.9434793277195 -3.187471282339912 NNW 55.94375649157926 -3.1875860873696213 504.5609685778618 244.1733671426773
55.94375649157926 -3.1875860873696213 SE 55.9435443595449 -3.1873739553352656 620.6638738512993 325.6789594888687
55.9435443595449 -3.1873739553352656 NW 55.94375649157926 -3.1875860873696213 620.6638738512993 324.4289594888687
55.94375649157926 -3.1875860873696213 SE 55.9435443595449 -3.1873739553352656 620.6638738512993 323.1789594888687
55.9435443595449 -3.1873739553352656 N 55.943844359544904 -3.1873739553352656 620.6638738512993 321.9289594888687
55.943844359544904 -3.1873739553352656 S 55.9435443595449 -3.1873739553352656 620.6638738512993 320.6789594888687
55.9435443595449 -3.1873739553352656 N 55.943844359544904 -3.1873739553352656 620.6638738512993 319.4289594888687
55.943844359544904 -3.1873739553352656 S 55.9435443595449 -3.1873739553352656 620.6638738512993 318.1789594888687
55.9435443595449 -3.1873739553352656 ENE 55.94365916457461 -3.187096791475512 620.6638738512993 316.9289594888687
55.94365916457461 -3.187096791475512 WSW 55.9435443595449 -3.1873739553352656 620.6638738512993 315.6789594888687
55.9435443595449 -3.1873739553352656 ENE 55.94365916457461 -3.187096791475512 620.6638738512993 314.4289594888687
55.94365916457461 -3.187096791475512 WSW 55.9435443595449 -3.1873739553352656 620.6638738512993 313.1789594888687
55.9435443595449 -3.1873739553352656 E 55.9435443595449 -3.1870739553352654 698.1798803210258 328.70648634433746
55.9435443595449 -3.1870739553352654 W 55.9435443595449 -3.1873739553352656 698.1798803210258 327.45648634433746
55.9435443595449 -3.1873739553352656 E 55.9435443595449 -3.1870739553352654 698.1798803210258 326.20648634433746
