55.944425 -3.188396 ESE 55.94431019497029 -3.1881188361402466 0.0 248.75
55.94431019497029 -3.1881188361402466 WSW 55.94419538994058 -3.188396 0.0 247.5
55.94419538994058 -3.188396 ESE 55.94408058491087 -3.1881188361402466 0.0 246.25
55.94408058491087 -3.1881188361402466 W 55.94408058491087 -3.188418836140247 0.0 245.0
55.94408058491087 -3.188418836140247 W 55.94408058491087 -3.188718836140247 0.0 243.75
55.94408058491087 -3.188718836140247 ESE 55.94396577988116 -3.1884416722804936 0.0 242.5
55.94396577988116 -3.1884416722804936 E 55.94396577988116 -3.1881416722804934 0.0 241.25
55.94396577988116 -3.1881416722804934 WSW 55.94385097485145 -3.188418836140247 0.0 240.0
55.94385097485145 -3.188418836140247 SW 55.943638842817094 -3.1886309681746026 0.0 238.75
55.943638842817094 -3.1886309681746026 E 55.943638842817094 -3.1883309681746024 0.0 237.5
55.943638842817094 -3.1883309681746024 SW 55.94342671078274 -3.188543100208958 109.73500061035156 251.4644479751587
55.94342671078274 -3.188543100208958 NE 55.943638842817094 -3.1883309681746024 109.73500061035156 250.2144479751587
55.943638842817094 -3.1883309681746024 S 55.94333884281709 -3.1883309681746024 109.73500061035156 248.9644479751587
55.94333884281709 -3.1883309681746024 NNE 55.94361600667685 -3.188216163144893 109.73500061035156 247.7144479751587
55.94361600667685 -3.188216163144893 WSW 55.94350120164714 -3.1884933270046463 109.73500061035156 246.4644479751587
55.94350120164714 -3.1884933270046463 ENE 55.94361600667685 -3.188216163144893 109.73500061035156 245.2144479751587
55.94361600667685 -3.188216163144893 SE 55.94340387464249 -3.188004031110537 109.73500061035156 243.9644479751587
55.94340387464249 -3.188004031110537 ENE 55.9435186796722 -3.1877268672507837 109.73500061035156 242.7144479751587
55.9435186796722 -3.1877268672507837 NW 55.94373081170656 -3.1879389992851395 109.73500061035156 241.4644479751587
55.94373081170656 -3.1879389992851395 E 55.94373081170656 -3.1876389992851393 109.73500061035156 240.2144479751587
55.94373081170656 -3.1876389992851393 N 55.94403081170656 -3.1876389992851393 109.73500061035156 238.9644479751587
55.94403081170656 -3.1876389992851393 NNE 55.94430797556632 -3.1875241942554298 109.73500061035156 237.7144479751587
55.94430797556632 -3.1875241942554298 SW 55.94409584353196 -3.1877363262897855 109.73500061035156 236.4644479751587
55.94409584353196 -3.1877363262897855 NE 55.94430797556632 -3.1875241942554298 109.73500061035156 235.2144479751587
55.94430797556632 -3.1875241942554298 SW 55.94409584353196 -3.1877363262897855 109.73500061035156 233.9644479751587
55.94409584353196 -3.1877363262897855 WNW 55.94421064856167 -3.188013490149539 109.73500061035156 232.7144479751587
55.94421064856167 -3.188013490149539 SE 55.943998516527316 -3.187801358115183 109.73500061035156 231.4644479751587
55.943998516527316 -3.187801358115183 WSW 55.943883711497605 -3.1880785219749366 109.73500061035156 230.2144479751587
55.943883711497605 -3.1880785219749366 NNW 55.94416087535736 -3.188193327004646 109.73500061035156 228.9644479751587
55.94416087535736 -3.188193327004646 SSE 55.943883711497605 -3.1880785219749366 109.73500061035156 227.7144479751587
55.943883711497605 -3.1880785219749366 NNW 55.94416087535736 -3.188193327004646 109.73500061035156 226.4644479751587
55.94416087535736 -3.188193327004646 ENE 55.94427568038707 -3.1879161631448927 109.73500061035156 225.2144479751587
55.94427568038707 -3.1879161631448927 N 55.944575680387075 -3.1879161631448927 109.73500061035156 223.9644479751587
55.944575680387075 -3.1879161631448927 NNE 55.94485284424683 -3.187801358115183 109.73500061035156 222.7144479751587
55.94485284424683 -3.187801358115183 SSW 55.944575680387075 -3.1879161631448927 109.73500061035156 221.4644479751587
55.944575680387075 -3.1879161631448927 NNE 55.94485284424683 -3.187801358115183 109.73500061035156 220.2144479751587
55.94485284424683 -3.187801358115183 SSE 55.944575680387075 -3.1876865530854737 109.73500061035156 218.9644479751587
55.944575680387075 -3.1876865530854737 ESE 55.944460875357365 -3.1874093892257203 109.73500061035156 217.7144479751587
55.944460875357365 -3.1874093892257203 NE 55.94467300739172 -3.1871972571913645 109.73500061035156 216.4644479751587
55.94467300739172 -3.1871972571913645 SSW 55.944395843531964 -3.187312062221074 109.73500061035156 215.2144479751587
55.944395843531964 -3.187312062221074 NNE 55.94467300739172 -3.1871972571913645 109.73500061035156 213.9644479751587
55.94467300739172 -3.1871972571913645 SW 55.944460875357365 -3.1874093892257203 109.73500061035156 212.7144479751587
55.944460875357365 -3.1874093892257203 NE 55.94467300739172 -3.1871972571913645 109.73500061035156 211.4644479751587
55.94467300739172 -3.1871972571913645 NE 55.94488513942608 -3.1869851251570087 109.73500061035156 210.2144479751587
55.94488513942608 -3.1869851251570087 WSW 55.94477033439637 -3.187262289016762 109.73500061035156 208.9644479751587
55.94477033439637 -3.187262289016762 ENE 55.94488513942608 -3.1869851251570087 109.73500061035156 207.7144479751587
55.94488513942608 -3.1869851251570087 NNE 55.945162303285834 -3.186870320127299 109.73500061035156 206.4644479751587
55.945162303285834 -3.186870320127299 WNW 55.945277108315544 -3.1871474839870526 109.73500061035156 205.2144479751587
55.945277108315544 -3.1871474839870526 ESE 55.945162303285834 -3.186870320127299 109.73500061035156 203.9644479751587
55.945162303285834 -3.186870320127299 SSE 55.94488513942608 -3.1867555150975897 109.73500061035156 202.7144479751587
55.94488513942608 -3.1867555150975897 SSE 55.94460797556632 -3.18664071006788 109.73500061035156 201.4644479751587
55.94460797556632 -3.18664071006788 NW 55.94482010760068 -3.186852842102236 109.73500061035156 200.2144479751587
55.94482010760068 -3.186852842102236 E 55.94482010760068 -3.1865528421022358 109.73500061035156 198.9644479751587
55.94482010760068 -3.1865528421022358 SE 55.94460797556632 -3.18634071006788 109.73500061035156 197.7144479751587
55.94460797556632 -3.18634071006788 W 55.94460797556632 -3.18664071006788 109.73500061035156 196.4644479751587
55.94460797556632 -3.18664071006788 E 55.94460797556632 -3.18634071006788 109.73500061035156 195.2144479751587
55.94460797556632 -3.18634071006788 NE 55.94482010760068 -3.1861285780335242 109.73500061035156 193.9644479751587
55.94482010760068 -3.1861285780335242 NNW 55.94509727146043 -3.1862433830632337 109.73500061035156 192.7144479751587
55.94509727146043 -3.1862433830632337 WNW 55.945212076490144 -3.186520546922987 109.73500061035156 191.4644479751587
55.945212076490144 -3.186520546922987 ESE 55.94509727146043 -3.1862433830632337 109.73500061035156 190.2144479751587
55.94509727146043 -3.1862433830632337 WNW 55.945212076490144 -3.186520546922987 109.73500061035156 188.9644479751587
55.945212076490144 -3.186520546922987 ENE 55.945326881519854 -3.1862433830632337 109.73500061035156 187.7144479751587
55.945326881519854 -3.1862433830632337 WSW 55.945212076490144 -3.186520546922987 109.73500061035156 186.4644479751587
55.945212076490144 -3.186520546922987 N 55.94551207649015 -3.186520546922987 109.73500061035156 185.2144479751587
55.94551207649015 -3.186520546922987 S 55.945212076490144 -3.186520546922987 109.73500061035156 183.9644479751587
55.945212076490144 -3.186520546922987 NNE 55.9454892403499 -3.1864057418932776 109.73500061035156 182.7144479751587
55.9454892403499 -3.1864057418932776 ENE 55.94560404537961 -3.1861285780335242 109.73500061035156 181.4644479751587
55.94560404537961 -3.1861285780335242 S 55.94530404537961 -3.1861285780335242 109.73500061035156 180.2144479751587
55.94530404537961 -3.1861285780335242 NNE 55.945581209239364 -3.1860137730038147 109.73500061035156 178.9644479751587
55.945581209239364 -3.1860137730038147 SW 55.94536907720501 -3.1862259050381705 109.73500061035156 177.7144479751587
55.94536907720501 -3.1862259050381705 NE 55.945581209239364 -3.1860137730038147 109.73500061035156 176.4644479751587
55.945581209239364 -3.1860137730038147 S 55.94528120923936 -3.1860137730038147 109.73500061035156 175.2144479751587
55.94528120923936 -3.1860137730038147 NNE 55.94555837309912 -3.185898967974105 109.73500061035156 173.9644479751587
55.94555837309912 -3.185898967974105 E 55.94555837309912 -3.185598967974105 109.73500061035156 172.7144479751587
55.94555837309912 -3.185598967974105 W 55.94555837309912 -3.185898967974105 109.73500061035156 171.4644479751587
55.94555837309912 -3.185898967974105 SSE 55.94528120923936 -3.1857841629443957 227.8097381591797 184.31369304656982
55.94528120923936 -3.1857841629443957 NW 55.94549334127372 -3.1859962949787515 227.8097381591797 183.06369304656982
55.94549334127372 -3.1859962949787515 NW 55.945705473308074 -3.1862084270131072 227.8097381591797 181.81369304656982
55.945705473308074 -3.1862084270131072 W 55.945705473308074 -3.1865084270131074 227.8097381591797 180.56369304656982
55.945705473308074 -3.1865084270131074 NNE 55.94598263716783 -3.186393621983398 227.8097381591797 179.31369304656982
55.94598263716783 -3.186393621983398 E 55.94598263716783 -3.1860936219833977 227.8097381591797 178.06369304656982
55.94598263716783 -3.1860936219833977 WNW 55.94609744219754 -3.186370785843151 227.8097381591797 176.81369304656982
55.94609744219754 -3.186370785843151 WNW 55.94621224722725 -3.1866479497029045 227.8097381591797 175.56369304656982
55.94621224722725 -3.1866479497029045 ESE 55.94609744219754 -3.186370785843151 227.8097381591797 174.31369304656982
55.94609744219754 -3.186370785843151 WSW 55.94598263716783 -3.1866479497029045 227.8097381591797 173.06369304656982
55.94598263716783 -3.1866479497029045 ENE 55.94609744219754 -3.186370785843151 227.8097381591797 171.81369304656982
55.94609744219754 -3.186370785843151 ESE 55.94598263716783 -3.1860936219833977 227.8097381591797 170.56369304656982
55.94598263716783 -3.1860936219833977 W 55.94598263716783 -3.186393621983398 227.8097381591797 169.31369304656982
55.94598263716783 -3.186393621983398 WNW 55.94609744219754 -3.1866707858431513 227.8097381591797 168.06369304656982
55.94609744219754 -3.1866707858431513 ENE 55.94621224722725 -3.186393621983398 227.8097381591797 166.81369304656982
55.94621224722725 -3.186393621983398 SSW 55.945935083367495 -3.1865084270131074 227.8097381591797 165.56369304656982
55.945935083367495 -3.1865084270131074 NNW 55.94621224722725 -3.186623232042817 227.8097381591797 164.31369304656982
55.94621224722725 -3.186623232042817 SSW 55.945935083367495 -3.1867380370725265 227.8097381591797 163.06369304656982
55.945935083367495 -3.1867380370725265 WSW 55.945820278337784 -3.18701520093228 227.8097381591797 161.81369304656982
55.945820278337784 -3.18701520093228 E 55.945820278337784 -3.1867152009322797 227.8097381591797 160.56369304656982
55.945820278337784 -3.1867152009322797 SE 55.94560814630343 -3.186503068897924 227.8097381591797 159.31369304656982
55.94560814630343 -3.186503068897924 WSW 55.94549334127372 -3.1867802327576773 227.8097381591797 158.06369304656982
55.94549334127372 -3.1867802327576773 WSW 55.94537853624401 -3.1870573966174307 227.8097381591797 156.81369304656982
55.94537853624401 -3.1870573966174307 SW 55.94516640420965 -3.1872695286517865 227.8097381591797 155.56369304656982
55.94516640420965 -3.1872695286517865 NNW 55.94544356806941 -3.187384333681496 227.8097381591797 154.31369304656982
55.94544356806941 -3.187384333681496 NNW 55.945720731929164 -3.1874991387112055 227.8097381591797 153.06369304656982
55.945720731929164 -3.1874991387112055 W 55.945720731929164 -3.1877991387112057 227.8097381591797 151.81369304656982
55.945720731929164 -3.1877991387112057 NNE 55.94599789578892 -3.187684333681496 227.8097381591797 150.56369304656982
55.94599789578892 -3.187684333681496 WSW 55.94588309075921 -3.1879614975412496 227.8097381591797 149.31369304656982
55.94588309075921 -3.1879614975412496 N 55.94618309075921 -3.1879614975412496 227.8097381591797 148.06369304656982
55.94618309075921 -3.1879614975412496 ESE 55.9460682857295 -3.187684333681496 227.8097381591797 146.81369304656982
55.9460682857295 -3.187684333681496 W 55.9460682857295 -3.1879843336814964 227.8097381591797 145.56369304656982
55.9460682857295 -3.1879843336814964 ENE 55.94618309075921 -3.187707169821743 227.8097381591797 144.31369304656982
55.94618309075921 -3.187707169821743 ESE 55.9460682857295 -3.1874300059619896 227.8097381591797 143.06369304656982
55.9460682857295 -3.1874300059619896 SSE 55.945791121869746 -3.18731520093228 227.8097381591797 141.81369304656982
55.945791121869746 -3.18731520093228 NNW 55.9460682857295 -3.1874300059619896 227.8097381591797 140.56369304656982
55.9460682857295 -3.1874300059619896 SE 55.945856153695146 -3.187217873927634 227.8097381591797 139.31369304656982
55.945856153695146 -3.187217873927634 SW 55.94564402166079 -3.1874300059619896 227.8097381591797 138.06369304656982
55.94564402166079 -3.1874300059619896 NE 55.945856153695146 -3.187217873927634 227.8097381591797 136.81369304656982
55.945856153695146 -3.187217873927634 ENE 55.94597095872486 -3.1869407100678804 227.8097381591797 135.56369304656982
55.94597095872486 -3.1869407100678804 NW 55.94618309075921 -3.187152842102236 227.8097381591797 134.31369304656982
55.94618309075921 -3.187152842102236 W 55.94618309075921 -3.1874528421022363 227.8097381591797 133.06369304656982
55.94618309075921 -3.1874528421022363 S 55.94588309075921 -3.1874528421022363 227.8097381591797 131.81369304656982
55.94588309075921 -3.1874528421022363 SW 55.945670958724854 -3.187664974136592 227.8097381591797 130.56369304656982
55.945670958724854 -3.187664974136592 SSW 55.9453937948651 -3.1877797791663016 227.8097381591797 129.31369304656982
55.9453937948651 -3.1877797791663016 SSE 55.94511663100534 -3.187664974136592 227.8097381591797 128.06369304656982
55.94511663100534 -3.187664974136592 ESE 55.94500182597563 -3.1873878102768387 227.8097381591797 126.81369304656982
55.94500182597563 -3.1873878102768387 WNW 55.94511663100534 -3.187664974136592 227.8097381591797 125.56369304656982
55.94511663100534 -3.187664974136592 SW 55.944904498970985 -3.187877106170948 227.8097381591797 124.31369304656982
55.944904498970985 -3.187877106170948 E 55.944904498970985 -3.1875771061709477 271.67345428466797 171.11270427703857
55.944904498970985 -3.1875771061709477 NE 55.94511663100534 -3.187364974136592 271.67345428466797 169.86270427703857
55.94511663100534 -3.187364974136592 S 55.94481663100534 -3.187364974136592 271.67345428466797 168.61270427703857
55.94481663100534 -3.187364974136592 NE 55.945028763039694 -3.187152842102236 271.67345428466797 167.36270427703857
55.945028763039694 -3.187152842102236 SSE 55.94475159917994 -3.1870380370725266 271.67345428466797 166.11270427703857
55.94475159917994 -3.1870380370725266 SSE 55.94447443532018 -3.186923232042817 271.67345428466797 164.86270427703857
55.94447443532018 -3.186923232042817 SE 55.944262303285825 -3.1867111000084614 271.67345428466797 163.61270427703857
55.944262303285825 -3.1867111000084614 WNW 55.944377108315535 -3.1869882638682148 392.07391357421875 259.21257305145264
55.944377108315535 -3.1869882638682148 SW 55.94416497628118 -3.1872003959025705 392.07391357421875 257.96257305145264
55.94416497628118 -3.1872003959025705 E 55.94416497628118 -3.1869003959025703 392.07391357421875 256.71257305145264
55.94416497628118 -3.1869003959025703 WNW 55.94427978131089 -3.1871775597623238 392.07391357421875 255.46257305145264
55.94427978131089 -3.1871775597623238 SW 55.94406764927653 -3.1873896917966795 392.07391357421875 254.21257305145264
55.94406764927653 -3.1873896917966795 WNW 55.944182454306244 -3.187666855656433 392.07391357421875 252.96257305145264
55.944182454306244 -3.187666855656433 ENE 55.944297259335954 -3.1873896917966795 392.07391357421875 251.71257305145264
55.944297259335954 -3.1873896917966795 SSE 55.9440200954762 -3.18727488676697 392.07391357421875 250.46257305145264
55.9440200954762 -3.18727488676697 S 55.943720095476195 -3.18727488676697 392.07391357421875 249.21257305145264
55.943720095476195 -3.18727488676697 SSW 55.94344293161644 -3.1873896917966795 392.07391357421875 247.96257305145264
55.94344293161644 -3.1873896917966795 NNE 55.943720095476195 -3.18727488676697 392.07391357421875 246.71257305145264
55.943720095476195 -3.18727488676697 E 55.943720095476195 -3.18697488676697 392.07391357421875 245.46257305145264
55.943720095476195 -3.18697488676697 NE 55.94393222751055 -3.186762754732614 392.07391357421875 244.21257305145264
55.94393222751055 -3.186762754732614 SW 55.943720095476195 -3.18697488676697 392.07391357421875 242.96257305145264
55.943720095476195 -3.18697488676697 NE 55.94393222751055 -3.186762754732614 392.07391357421875 241.71257305145264
55.94393222751055 -3.186762754732614 N 55.944232227510554 -3.186762754732614 392.07391357421875 240.46257305145264
55.944232227510554 -3.186762754732614 S 55.94393222751055 -3.186762754732614 392.07391357421875 239.21257305145264
55.94393222751055 -3.186762754732614 N 55.944232227510554 -3.186762754732614 392.07391357421875 237.96257305145264
55.944232227510554 -3.186762754732614 S 55.94393222751055 -3.186762754732614 392.07391357421875 236.71257305145264
55.94393222751055 -3.186762754732614 ESE 55.94381742248084 -3.1864855908728607 392.07391357421875 235.46257305145264
55.94381742248084 -3.1864855908728607 NE 55.9440295545152 -3.186273458838505 392.07391357421875 234.21257305145264
55.9440295545152 -3.186273458838505 SW 55.94381742248084 -3.1864855908728607 392.07391357421875 232.96257305145264
55.94381742248084 -3.1864855908728607 E 55.94381742248084 -3.1861855908728605 392.07391357421875 231.71257305145264
55.94381742248084 -3.1861855908728605 SW 55.943605290446484 -3.1863977229072162 392.07391357421875 230.46257305145264
55.943605290446484 -3.1863977229072162 NE 55.94381742248084 -3.1861855908728605 392.07391357421875 229.21257305145264
55.94381742248084 -3.1861855908728605 NNE 55.9440945863406 -3.186070785843151 392.07391357421875 227.96257305145264
55.9440945863406 -3.186070785843151 SW 55.94388245430624 -3.1862829178775067 392.07391357421875 226.71257305145264
55.94388245430624 -3.1862829178775067 SSE 55.943605290446484 -3.186168112847797 392.07391357421875 225.46257305145264
55.943605290446484 -3.186168112847797 NNW 55.94388245430624 -3.1862829178775067 392.07391357421875 224.21257305145264
55.94388245430624 -3.1862829178775067 S 55.94358245430624 -3.1862829178775067 392.07391357421875 222.96257305145264
55.94358245430624 -3.1862829178775067 ESE 55.94346764927653 -3.1860057540177533 392.07391357421875 221.71257305145264
55.94346764927653 -3.1860057540177533 ENE 55.94358245430624 -3.185728590158 392.07391357421875 220.46257305145264
55.94358245430624 -3.185728590158 WSW 55.94346764927653 -3.1860057540177533 392.07391357421875 219.21257305145264
55.94346764927653 -3.1860057540177533 N 55.94376764927653 -3.1860057540177533 392.07391357421875 217.96257305145264
55.94376764927653 -3.1860057540177533 SE 55.943555517242174 -3.1857936219833975 392.07391357421875 216.71257305145264
55.943555517242174 -3.1857936219833975 NE 55.94376764927653 -3.185581489949042 392.07391357421875 215.46257305145264
55.94376764927653 -3.185581489949042 SW 55.943555517242174 -3.1857936219833975 392.07391357421875 214.21257305145264
55.943555517242174 -3.1857936219833975 SSE 55.94327835338242 -3.185678816953688 392.07391357421875 212.96257305145264
55.94327835338242 -3.185678816953688 ENE 55.94339315841213 -3.1854016530939346 392.07391357421875 211.71257305145264
55.94339315841213 -3.1854016530939346 SSW 55.94311599455237 -3.185516458123644 392.07391357421875 210.46257305145264
55.94311599455237 -3.185516458123644 SW 55.942903862518016 -3.185728590158 392.07391357421875 209.21257305145264
55.942903862518016 -3.185728590158 ENE 55.943018667547726 -3.1854514262982465 392.07391357421875 207.96257305145264
55.943018667547726 -3.1854514262982465 SSW 55.94274150368797 -3.185566231327956 392.07391357421875 206.71257305145264
55.94274150368797 -3.185566231327956 WNW 55.94285630871768 -3.1858433951877094 392.07391357421875 205.46257305145264
55.94285630871768 -3.1858433951877094 SE 55.942644176683324 -3.1856312631533537 392.07391357421875 204.21257305145264
55.942644176683324 -3.1856312631533537 NW 55.94285630871768 -3.1858433951877094 392.07391357421875 202.96257305145264
55.94285630871768 -3.1858433951877094 NNE 55.943133472577436 -3.185728590158 392.07391357421875 201.71257305145264
55.943133472577436 -3.185728590158 WSW 55.943018667547726 -3.1860057540177533 392.07391357421875 200.46257305145264
55.943018667547726 -3.1860057540177533 SSW 55.94274150368797 -3.186120559047463 392.07391357421875 199.21257305145264
55.94274150368797 -3.186120559047463 NNW 55.943018667547726 -3.1862353640771723 392.07391357421875 197.96257305145264
55.943018667547726 -3.1862353640771723 SSE 55.94274150368797 -3.186120559047463 392.07391357421875 196.71257305145264
55.94274150368797 -3.186120559047463 NNW 55.943018667547726 -3.1862353640771723 392.07391357421875 195.46257305145264
55.943018667547726 -3.1862353640771723 SE 55.94280653551337 -3.1860232320428166 392.07391357421875 194.21257305145264
55.94280653551337 -3.1860232320428166 NW 55.943018667547726 -3.1862353640771723 392.07391357421875 192.96257305145264
55.943018667547726 -3.1862353640771723 NNW 55.94329583140748 -3.186350169106882 392.07391357421875 191.71257305145264
55.94329583140748 -3.186350169106882 ESE 55.94318102637777 -3.1860730052471284 497.3221206665039 252.27582836151123
55.94318102637777 -3.1860730052471284 NNW 55.94345819023753 -3.186187810276838 497.3221206665039 251.02582836151123
55.94345819023753 -3.186187810276838 SSE 55.94318102637777 -3.1860730052471284 497.3221206665039 249.77582836151123
55.94318102637777 -3.1860730052471284 NW 55.94339315841213 -3.186285137281484 497.3221206665039 248.52582836151123
55.94339315841213 -3.186285137281484 W 55.94339315841213 -3.1865851372814844 497.3221206665039 247.27582836151123
55.94339315841213 -3.1865851372814844 WSW 55.94327835338242 -3.186862301141238 497.3221206665039 246.02582836151123
55.94327835338242 -3.186862301141238 W 55.94327835338242 -3.187162301141238 497.3221206665039 244.77582836151123
55.94327835338242 -3.187162301141238 SW 55.94306622134806 -3.1873744331755938 610.9653167724609 322.66242504119873
55.94306622134806 -3.1873744331755938 NNW 55.94334338520782 -3.1874892382053033 610.9653167724609 321.41242504119873
55.94334338520782 -3.1874892382053033 ESE 55.94322858017811 -3.18721207434555 610.9653167724609 320.16242504119873
55.94322858017811 -3.18721207434555 WNW 55.94334338520782 -3.1874892382053033 610.9653167724609 318.91242504119873
55.94334338520782 -3.1874892382053033 SW 55.94313125317346 -3.187701370239659 610.9653167724609 317.66242504119873
55.94313125317346 -3.187701370239659 NW 55.94334338520782 -3.187913502274015 610.9653167724609 316.41242504119873
55.94334338520782 -3.187913502274015 SSW 55.94306622134806 -3.1880283073037243 610.9653167724609 315.16242504119873
55.94306622134806 -3.1880283073037243 WNW 55.94318102637777 -3.1883054711634777 610.9653167724609 313.91242504119873
55.94318102637777 -3.1883054711634777 NE 55.94339315841213 -3.188093339129122 610.9653167724609 312.66242504119873
55.94339315841213 -3.188093339129122 SSW 55.94311599455237 -3.1882081441588315 610.9653167724609 311.41242504119873
55.94311599455237 -3.1882081441588315 S 55.94281599455237 -3.1882081441588315 610.9653167724609 310.16242504119873
55.94281599455237 -3.1882081441588315 E 55.94281599455237 -3.1879081441588313 610.9653167724609 308.91242504119873
55.94281599455237 -3.1879081441588313 N 55.94311599455237 -3.1879081441588313 610.9653167724609 307.66242504119873
55.94311599455237 -3.1879081441588313 SE 55.942903862518016 -3.1876960121244755 610.9653167724609 306.41242504119873
55.942903862518016 -3.1876960121244755 E 55.942903862518016 -3.1873960121244753 610.9653167724609 305.16242504119873
55.942903862518016 -3.1873960121244753 SE 55.94269173048366 -3.1871838800901195 610.9653167724609 303.91242504119873
55.94269173048366 -3.1871838800901195 E 55.94269173048366 -3.1868838800901194 610.9653167724609 302.66242504119873
55.94269173048366 -3.1868838800901194 NW 55.942903862518016 -3.187096012124475 610.9653167724609 301.41242504119873
55.942903862518016 -3.187096012124475 SE 55.94269173048366 -3.1868838800901194 610.9653167724609 300.16242504119873
55.94269173048366 -3.1868838800901194 NNW 55.942968894343416 -3.186998685119829 610.9653167724609 298.91242504119873
55.942968894343416 -3.186998685119829 E 55.942968894343416 -3.1866986851198287 610.9653167724609 297.66242504119873
55.942968894343416 -3.1866986851198287 ESE 55.942854089313705 -3.1864215212600753 610.9653167724609 296.41242504119873
55.942854089313705 -3.1864215212600753 SE 55.94264195727935 -3.1862093892257195 610.9653167724609 295.16242504119873
55.94264195727935 -3.1862093892257195 W 55.94264195727935 -3.1865093892257197 610.9653167724609 293.91242504119873
55.94264195727935 -3.1865093892257197 E 55.94264195727935 -3.1862093892257195 610.9653167724609 292.66242504119873
55.94264195727935 -3.1862093892257195 NE 55.942854089313705 -3.1859972571913637 610.9653167724609 291.41242504119873
55.942854089313705 -3.1859972571913637 ENE 55.942968894343416 -3.1857200933316103 610.9653167724609 290.16242504119873
55.942968894343416 -3.1857200933316103 ENE 55.943083699373126 -3.185442929471857 610.9653167724609 288.91242504119873
55.943083699373126 -3.185442929471857 NE 55.94329583140748 -3.185230797437501 610.9653167724609 287.66242504119873
55.94329583140748 -3.185230797437501 N 55.943595831407485 -3.185230797437501 610.9653167724609 286.41242504119873
55.943595831407485 -3.185230797437501 SW 55.94338369937313 -3.185442929471857 610.9653167724609 285.16242504119873
55.94338369937313 -3.185442929471857 NE 55.943595831407485 -3.185230797437501 610.9653167724609 283.91242504119873
55.943595831407485 -3.185230797437501 SSE 55.94331866754773 -3.1851159924077916 610.9653167724609 282.66242504119873
55.94331866754773 -3.1851159924077916 NNW 55.943595831407485 -3.185230797437501 610.9653167724609 281.41242504119873
55.943595831407485 -3.185230797437501 NE 55.94380796344184 -3.1850186654031454 654.6029396057129 399.2436475753784
55.94380796344184 -3.1850186654031454 SW 55.943595831407485 -3.185230797437501 654.6029396057129 397.9936475753784
55.943595831407485 -3.185230797437501 NE 55.94380796344184 -3.1850186654031454 654.6029396057129 396.7436475753784
55.94380796344184 -3.1850186654031454 N 55.944107963441844 -3.1850186654031454 654.6029396057129 395.4936475753784
55.944107963441844 -3.1850186654031454 SE 55.94389583140749 -3.1848065333687896 654.6029396057129 394.2436475753784
55.94389583140749 -3.1848065333687896 SSE 55.94361866754773 -3.18469172833908 654.6029396057129 392.9936475753784
55.94361866754773 -3.18469172833908 NNE 55.94389583140749 -3.1845769233093706 654.6029396057129 391.7436475753784
55.94389583140749 -3.1845769233093706 SW 55.94368369937313 -3.1847890553437264 654.6029396057129 390.4936475753784
55.94368369937313 -3.1847890553437264 NE 55.94389583140749 -3.1845769233093706 654.6029396057129 389.2436475753784
55.94389583140749 -3.1845769233093706 SW 55.94368369937313 -3.1847890553437264 654.6029396057129 387.9936475753784
55.94368369937313 -3.1847890553437264 SSE 55.943406535513375 -3.184674250314017 654.6029396057129 386.7436475753784
55.943406535513375 -3.184674250314017 E 55.943406535513375 -3.1843742503140167 659.5426726341248 446.1167058944702
55.943406535513375 -3.1843742503140167 N 55.94370653551338 -3.1843742503140167 659.5426726341248 444.8667058944702
55.94370653551338 -3.1843742503140167 N 55.94400653551338 -3.1843742503140167 755.8655791282654 497.3888158798218
55.94400653551338 -3.1843742503140167 S 55.94370653551338 -3.1843742503140167 755.8655791282654 496.1388158798218
55.94370653551338 -3.1843742503140167 N 55.94400653551338 -3.1843742503140167 755.8655791282654 494.8888158798218
55.94400653551338 -3.1843742503140167 N 55.944306535513384 -3.1843742503140167 786.7196669578552 586.9111242294312
55.944306535513384 -3.1843742503140167 NNW 55.94458369937314 -3.184489055343726 832.6473059654236 694.1376714706421
55.94458369937314 -3.184489055343726 SSE 55.944306535513384 -3.1843742503140167 832.6473059654236 692.8876714706421
55.944306535513384 -3.1843742503140167 NNW 55.94458369937314 -3.184489055343726 832.6473059654236 691.6376714706421
55.94458369937314 -3.184489055343726 NNW 55.9448608632329 -3.1846038603734357 942.9120688438416 722.8712186813354
55.9448608632329 -3.1846038603734357 W 55.9448608632329 -3.184903860373436 942.9120688438416 721.6212186813354
55.9448608632329 -3.184903860373436 NNE 55.94513802709265 -3.1847890553437264 942.9120688438416 720.3712186813354
