55.944425 -3.188396 NW 55.94463713203436 -3.188608132034356 0.0 248.75
55.94463713203436 -3.188608132034356 S 55.944337132034356 -3.188608132034356 71.03888702392578 288.3310203552246
55.944337132034356 -3.188608132034356 NW 55.94454926406871 -3.1888202640687116 71.03888702392578 287.0810203552246
55.94454926406871 -3.1888202640687116 SE 55.944337132034356 -3.188608132034356 71.03888702392578 285.8310203552246
55.944337132034356 -3.188608132034356 WNW 55.944451937064066 -3.188885295894109 138.31099700927734 343.2084770202637
55.944451937064066 -3.188885295894109 W 55.944451937064066 -3.1891852958941094 138.31099700927734 341.9584770202637
55.944451937064066 -3.1891852958941094 SW 55.94423980502971 -3.189397427928465 138.31099700927734 340.7084770202637
55.94423980502971 -3.189397427928465 SSE 55.94396264116995 -3.1892826228987556 138.31099700927734 339.4584770202637
55.94396264116995 -3.1892826228987556 NNW 55.94423980502971 -3.189397427928465 138.31099700927734 338.2084770202637
55.94423980502971 -3.189397427928465 S 55.94393980502971 -3.189397427928465 138.31099700927734 336.9584770202637
55.94393980502971 -3.189397427928465 NW 55.94415193706406 -3.189609559962821 138.31099700927734 335.7084770202637
55.94415193706406 -3.189609559962821 WNW 55.944266742093774 -3.1898867238225743 138.31099700927734 334.4584770202637
55.944266742093774 -3.1898867238225743 SSW 55.94398957823402 -3.190001528852284 138.31099700927734 333.2084770202637
55.94398957823402 -3.190001528852284 NE 55.94420171026837 -3.189789396817928 138.31099700927734 331.9584770202637
55.94420171026837 -3.189789396817928 S 55.94390171026837 -3.189789396817928 157.31509590148926 374.6696968078613
55.94390171026837 -3.189789396817928 ESE 55.94378690523866 -3.1895122329581747 157.31509590148926 373.4196968078613
55.94378690523866 -3.1895122329581747 WSW 55.94367210020895 -3.189789396817928 157.31509590148926 372.1696968078613
55.94367210020895 -3.189789396817928 WSW 55.94355729517924 -3.1900665606776815 157.31509590148926 370.9196968078613
55.94355729517924 -3.1900665606776815 SW 55.94334516314488 -3.1902786927120372 201.62171745300293 381.01534271240234
55.94334516314488 -3.1902786927120372 S 55.94304516314488 -3.1902786927120372 201.62171745300293 379.76534271240234
55.94304516314488 -3.1902786927120372 WNW 55.94315996817459 -3.1905558565717906 201.62171745300293 378.51534271240234
55.94315996817459 -3.1905558565717906 W 55.94315996817459 -3.190855856571791 231.25339889526367 387.20494842529297
55.94315996817459 -3.190855856571791 ESE 55.94304516314488 -3.1905786927120374 231.25339889526367 385.95494842529297
55.94304516314488 -3.1905786927120374 WNW 55.94315996817459 -3.190855856571791 231.25339889526367 384.70494842529297
55.94315996817459 -3.190855856571791 W 55.94315996817459 -3.191155856571791 231.25339889526367 383.45494842529297
55.94315996817459 -3.191155856571791 N 55.943459968174594 -3.191155856571791 238.609760761261 432.85582733154297
55.943459968174594 -3.191155856571791 NW 55.94367210020895 -3.191367988606147 238.609760761261 431.60582733154297
55.94367210020895 -3.191367988606147 ENE 55.94378690523866 -3.1910908247463934 238.609760761261 430.35582733154297
55.94378690523866 -3.1910908247463934 WNW 55.94390171026837 -3.191367988606147 238.609760761261 429.10582733154297
55.94390171026837 -3.191367988606147 WSW 55.94378690523866 -3.1916451524659 238.609760761261 427.85582733154297
55.94378690523866 -3.1916451524659 NE 55.94399903727302 -3.1914330204315444 238.609760761261 426.60582733154297
55.94399903727302 -3.1914330204315444 W 55.94399903727302 -3.1917330204315446 238.609760761261 425.35582733154297
55.94399903727302 -3.1917330204315446 NNW 55.94427620113277 -3.191847825461254 238.609760761261 424.10582733154297
55.94427620113277 -3.191847825461254 NE 55.94448833316713 -3.1916356934268983 238.609760761261 422.85582733154297
55.94448833316713 -3.1916356934268983 E 55.94448833316713 -3.191335693426898 238.609760761261 421.60582733154297
55.94448833316713 -3.191335693426898 NW 55.944700465201485 -3.191547825461254 238.609760761261 420.35582733154297
55.944700465201485 -3.191547825461254 NNE 55.94497762906124 -3.1914330204315444 238.609760761261 419.10582733154297
55.94497762906124 -3.1914330204315444 ESE 55.94486282403153 -3.191155856571791 238.609760761261 417.85582733154297
55.94486282403153 -3.191155856571791 WNW 55.94497762906124 -3.1914330204315444 238.609760761261 416.60582733154297
55.94497762906124 -3.1914330204315444 ENE 55.94509243409095 -3.191155856571791 238.609760761261 415.35582733154297
55.94509243409095 -3.191155856571791 NNE 55.94536959795071 -3.1910410515420815 238.609760761261 414.10582733154297
55.94536959795071 -3.1910410515420815 WSW 55.945254792921 -3.191318215401835 238.609760761261 412.85582733154297
55.945254792921 -3.191318215401835 NE 55.945466924955355 -3.191106083367479 238.609760761261 411.60582733154297
55.945466924955355 -3.191106083367479 NNW 55.94574408881511 -3.1912208883971886 327.24107789993286 474.1007614135742
55.94574408881511 -3.1912208883971886 W 55.94574408881511 -3.191520888397189 327.24107789993286 472.8507614135742
55.94574408881511 -3.191520888397189 W 55.94574408881511 -3.191820888397189 327.24107789993286 471.6007614135742
55.94574408881511 -3.191820888397189 N 55.946044088815114 -3.191820888397189 327.24107789993286 470.3507614135742
55.946044088815114 -3.191820888397189 SSW 55.94576692495536 -3.1919356934268985 327.24107789993286 469.1007614135742
55.94576692495536 -3.1919356934268985 W 55.94576692495536 -3.1922356934268987 327.24107789993286 467.8507614135742
55.94576692495536 -3.1922356934268987 SW 55.945554792921 -3.1924478254612545 363.8345685005188 480.32993030548096
55.945554792921 -3.1924478254612545 S 55.945254792921 -3.1924478254612545 363.8345685005188 479.07993030548096
55.945254792921 -3.1924478254612545 SSE 55.94497762906124 -3.192333020431545 363.8345685005188 477.82993030548096
55.94497762906124 -3.192333020431545 SSE 55.944700465201485 -3.1922182154018355 363.8345685005188 476.57993030548096
55.944700465201485 -3.1922182154018355 E 55.944700465201485 -3.1919182154018353 399.20771074295044 512.6820344924927
55.944700465201485 -3.1919182154018353 ESE 55.944585660171775 -3.191641051542082 399.20771074295044 511.4320344924927
55.944585660171775 -3.191641051542082 E 55.944585660171775 -3.1913410515420817 524.025719165802 562.5451097488403
55.944585660171775 -3.1913410515420817 ESE 55.944470855142065 -3.1910638876823283 524.025719165802 561.2951097488403
55.944470855142065 -3.1910638876823283 NE 55.94468298717642 -3.1908517556479725 524.025719165802 560.0451097488403
55.94468298717642 -3.1908517556479725 SSE 55.944405823316664 -3.190736950618263 524.025719165802 558.7951097488403
55.944405823316664 -3.190736950618263 SE 55.94419369128231 -3.1905248185839072 524.025719165802 557.5451097488403
55.94419369128231 -3.1905248185839072 NW 55.944405823316664 -3.190736950618263 524.025719165802 556.2951097488403
55.944405823316664 -3.190736950618263 SE 55.94419369128231 -3.1905248185839072 524.025719165802 555.0451097488403
55.94419369128231 -3.1905248185839072 SE 55.94398155924795 -3.1903126865495515 524.025719165802 553.7951097488403
55.94398155924795 -3.1903126865495515 NNW 55.94425872310771 -3.190427491579261 524.025719165802 552.5451097488403
55.94425872310771 -3.190427491579261 ENE 55.94437352813742 -3.1901503277195076 548.7793755531311 564.6260395050049
55.94437352813742 -3.1901503277195076 NE 55.944585660171775 -3.189938195685152 548.7793755531311 563.3760395050049
55.944585660171775 -3.189938195685152 E 55.944585660171775 -3.1896381956851516 548.7793755531311 562.1260395050049
55.944585660171775 -3.1896381956851516 NNE 55.94486282403153 -3.189523390655442 548.7793755531311 560.8760395050049
55.94486282403153 -3.189523390655442 E 55.94486282403153 -3.189223390655442 548.7793755531311 559.6260395050049
55.94486282403153 -3.189223390655442 E 55.94486282403153 -3.1889233906554417 548.7793755531311 558.3760395050049
55.94486282403153 -3.1889233906554417 SSE 55.944585660171775 -3.188808585625732 548.7793755531311 557.1260395050049
55.944585660171775 -3.188808585625732 E 55.944585660171775 -3.188508585625732 548.7793755531311 555.8760395050049
55.944585660171775 -3.188508585625732 ENE 55.944700465201485 -3.1882314217659786 548.7793755531311 554.6260395050049
55.944700465201485 -3.1882314217659786 E 55.944700465201485 -3.1879314217659784 548.7793755531311 553.3760395050049
55.944700465201485 -3.1879314217659784 SSE 55.94442330134173 -3.187816616736269 548.7793755531311 552.1260395050049
55.94442330134173 -3.187816616736269 NNW 55.944700465201485 -3.1879314217659784 548.7793755531311 550.8760395050049
55.944700465201485 -3.1879314217659784 SSE 55.94442330134173 -3.187816616736269 548.7793755531311 549.6260395050049
55.94442330134173 -3.187816616736269 S 55.944123301341726 -3.187816616736269 548.7793755531311 548.3760395050049
55.944123301341726 -3.187816616736269 ESE 55.944008496312016 -3.1875394528765155 548.7793755531311 547.1260395050049
55.944008496312016 -3.1875394528765155 NNE 55.94428566017177 -3.187424647846806 548.7793755531311 545.8760395050049
55.94428566017177 -3.187424647846806 N 55.944585660171775 -3.187424647846806 548.7793755531311 544.6260395050049
55.944585660171775 -3.187424647846806 SSW 55.94430849631202 -3.1875394528765155 548.7793755531311 543.3760395050049
55.94430849631202 -3.1875394528765155 NNE 55.944585660171775 -3.187424647846806 548.7793755531311 542.1260395050049
55.944585660171775 -3.187424647846806 ENE 55.944700465201485 -3.1871474839870526 548.7793755531311 540.8760395050049
55.944700465201485 -3.1871474839870526 E 55.944700465201485 -3.1868474839870524 548.7793755531311 539.6260395050049
55.944700465201485 -3.1868474839870524 NE 55.94491259723584 -3.1866353519526966 548.7793755531311 538.3760395050049
55.94491259723584 -3.1866353519526966 NW 55.9451247292702 -3.1868474839870524 548.7793755531311 537.1260395050049
55.9451247292702 -3.1868474839870524 SW 55.94491259723584 -3.187059616021408 548.7793755531311 535.8760395050049
55.94491259723584 -3.187059616021408 NNE 55.9451897610956 -3.1869448109916987 548.7793755531311 534.6260395050049
55.9451897610956 -3.1869448109916987 SW 55.94497762906124 -3.1871569430260545 548.7793755531311 533.3760395050049
55.94497762906124 -3.1871569430260545 NNW 55.945254792921 -3.187271748055764 548.7793755531311 532.1260395050049
55.945254792921 -3.187271748055764 SSW 55.94497762906124 -3.1873865530854735 548.7793755531311 530.8760395050049
55.94497762906124 -3.1873865530854735 N 55.945277629061245 -3.1873865530854735 548.7793755531311 529.6260395050049
55.945277629061245 -3.1873865530854735 NW 55.9454897610956 -3.1875986851198292 548.7793755531311 528.3760395050049
55.9454897610956 -3.1875986851198292 WNW 55.94560456612531 -3.1878758489795826 548.7793755531311 527.1260395050049
55.94560456612531 -3.1878758489795826 ENE 55.94571937115502 -3.1875986851198292 548.7793755531311 525.8760395050049
55.94571937115502 -3.1875986851198292 NE 55.94593150318938 -3.1873865530854735 548.7793755531311 524.6260395050049
55.94593150318938 -3.1873865530854735 NE 55.946143635223734 -3.1871744210511177 548.7793755531311 523.3760395050049
55.946143635223734 -3.1871744210511177 SE 55.94593150318938 -3.186962289016762 576.5275502204895 523.5476967096329
55.94593150318938 -3.186962289016762 E 55.94593150318938 -3.1866622890167617 576.5275502204895 522.2976967096329
55.94593150318938 -3.1866622890167617 N 55.94623150318938 -3.1866622890167617 576.5275502204895 521.0476967096329
55.94623150318938 -3.1866622890167617 E 55.94623150318938 -3.1863622890167616 576.5275502204895 519.7976967096329
55.94623150318938 -3.1863622890167616 S 55.94593150318938 -3.1863622890167616 576.5275502204895 518.5476967096329
55.94593150318938 -3.1863622890167616 ENE 55.94604630821909 -3.186085125157008 632.2416577339172 543.1589637994766
55.94604630821909 -3.186085125157008 WSW 55.94593150318938 -3.1863622890167616 632.2416577339172 541.9089637994766
55.94593150318938 -3.1863622890167616 SE 55.94571937115502 -3.186150156982406 682.4702763557434 639.3833519220352
55.94571937115502 -3.186150156982406 SE 55.945507239120666 -3.18593802494805 682.4702763557434 638.1333519220352
55.945507239120666 -3.18593802494805 SSE 55.94523007526091 -3.1858232199183405 682.4702763557434 636.8833519220352
55.94523007526091 -3.1858232199183405 NNW 55.945507239120666 -3.18593802494805 682.4702763557434 635.6333519220352
55.945507239120666 -3.18593802494805 NE 55.94571937115502 -3.1857258929136942 682.4702763557434 634.3833519220352
55.94571937115502 -3.1857258929136942 SSW 55.945442207295265 -3.1858406979434037 682.4702763557434 633.1333519220352
55.945442207295265 -3.1858406979434037 WNW 55.945557012324976 -3.186117861803157 682.4702763557434 631.8833519220352
55.945557012324976 -3.186117861803157 WSW 55.945442207295265 -3.1863950256629106 682.4702763557434 630.6333519220352
55.945442207295265 -3.1863950256629106 S 55.94514220729526 -3.1863950256629106 682.4702763557434 629.3833519220352
55.94514220729526 -3.1863950256629106 N 55.945442207295265 -3.1863950256629106 682.4702763557434 628.1333519220352
55.945442207295265 -3.1863950256629106 SSE 55.94516504343551 -3.186280220633201 682.4702763557434 626.8833519220352
55.94516504343551 -3.186280220633201 SSE 55.94488787957575 -3.1861654156034915 682.4702763557434 625.6333519220352
55.94488787957575 -3.1861654156034915 E 55.94488787957575 -3.1858654156034913 682.4702763557434 624.3833519220352
55.94488787957575 -3.1858654156034913 NW 55.94510001161011 -3.186077547637847 682.4702763557434 623.1333519220352
55.94510001161011 -3.186077547637847 ENE 55.94521481663982 -3.1858003837780937 682.4702763557434 621.8833519220352
55.94521481663982 -3.1858003837780937 ENE 55.94532962166953 -3.1855232199183403 682.4702763557434 620.6333519220352
55.94532962166953 -3.1855232199183403 E 55.94532962166953 -3.18522321991834 682.4702763557434 619.3833519220352
55.94532962166953 -3.18522321991834 NW 55.945541753703885 -3.185435351952696 682.4702763557434 618.1333519220352
55.945541753703885 -3.185435351952696 ENE 55.945656558733596 -3.1851581880929425 682.4702763557434 616.8833519220352
55.945656558733596 -3.1851581880929425 E 55.945656558733596 -3.1848581880929423 682.4702763557434 615.6333519220352
55.945656558733596 -3.1848581880929423 ESE 55.945541753703885 -3.184581024233189 682.4702763557434 614.3833519220352
55.945541753703885 -3.184581024233189 NNW 55.94581891756364 -3.1846958292628984 682.4702763557434 613.1333519220352
55.94581891756364 -3.1846958292628984 E 55.94581891756364 -3.184395829262898 682.4702763557434 611.8833519220352
55.94581891756364 -3.184395829262898 SW 55.945606785529286 -3.184607961297254 682.4702763557434 610.6333519220352
55.945606785529286 -3.184607961297254 NE 55.94581891756364 -3.184395829262898 682.4702763557434 609.3833519220352
55.94581891756364 -3.184395829262898 WSW 55.94570411253393 -3.1846729931226516 682.4702763557434 608.1333519220352
55.94570411253393 -3.1846729931226516 ENE 55.94581891756364 -3.184395829262898 682.4702763557434 606.8833519220352
55.94581891756364 -3.184395829262898 SSW 55.945541753703885 -3.1845106342926077 682.4702763557434 605.6333519220352
55.945541753703885 -3.1845106342926077 S 55.94524175370388 -3.1845106342926077 682.4702763557434 604.3833519220352
55.94524175370388 -3.1845106342926077 WSW 55.94512694867417 -3.184787798152361 682.4702763557434 603.1333519220352
55.94512694867417 -3.184787798152361 SW 55.944914816639816 -3.184999930186717 682.4702763557434 601.8833519220352
55.944914816639816 -3.184999930186717 NNE 55.94519198049957 -3.1848851251570074 682.4702763557434 600.6333519220352
55.94519198049957 -3.1848851251570074 SSW 55.944914816639816 -3.184999930186717 682.4702763557434 599.3833519220352
55.944914816639816 -3.184999930186717 WSW 55.944800011610106 -3.1852770940464703 682.4702763557434 598.1333519220352
55.944800011610106 -3.1852770940464703 SSW 55.94452284775035 -3.18539189907618 682.4702763557434 596.8833519220352
55.94452284775035 -3.18539189907618 W 55.94452284775035 -3.18569189907618 779.8018956184387 651.8937278985977
55.94452284775035 -3.18569189907618 SW 55.94431071571599 -3.1859040311105358 820.3874821662903 740.4068886041641
55.94431071571599 -3.1859040311105358 SSW 55.944033551856236 -3.1860188361402453 820.3874821662903 739.1568886041641
55.944033551856236 -3.1860188361402453 SW 55.94382141982188 -3.186230968174601 900.3181691169739 795.771302819252
55.94382141982188 -3.186230968174601 E 55.94382141982188 -3.185930968174601 900.3181691169739 794.521302819252
55.94382141982188 -3.185930968174601 W 55.94382141982188 -3.186230968174601 900.3181691169739 793.271302819252
55.94382141982188 -3.186230968174601 NE 55.944033551856236 -3.1860188361402453 900.3181691169739 792.021302819252
55.944033551856236 -3.1860188361402453 SW 55.94382141982188 -3.186230968174601 900.3181691169739 790.771302819252
55.94382141982188 -3.186230968174601 WNW 55.94393622485159 -3.1865081320343545 900.3181691169739 789.521302819252
55.94393622485159 -3.1865081320343545 SE 55.943724092817234 -3.1862959999999987 900.3181691169739 788.271302819252
55.943724092817234 -3.1862959999999987 NW 55.94393622485159 -3.1865081320343545 900.3181691169739 787.021302819252
55.94393622485159 -3.1865081320343545 E 55.94393622485159 -3.1862081320343543 964.6336750984192 839.0294548273087
55.94393622485159 -3.1862081320343543 ENE 55.9440510298813 -3.185930968174601 964.6336750984192 837.7794548273087
55.9440510298813 -3.185930968174601 WSW 55.94393622485159 -3.1862081320343543 964.6336750984192 836.5294548273087
55.94393622485159 -3.1862081320343543 WNW 55.9440510298813 -3.1864852958941077 1083.9426350593567 855.7280498743057
55.9440510298813 -3.1864852958941077 WNW 55.94416583491101 -3.186762459753861 1083.9426350593567 854.4780498743057
55.94416583491101 -3.186762459753861 WNW 55.94428063994072 -3.1870396236136145 1083.9426350593567 853.2280498743057
55.94428063994072 -3.1870396236136145 SE 55.944068507906366 -3.1868274915792587 1083.9426350593567 851.9780498743057
55.944068507906366 -3.1868274915792587 S 55.94376850790636 -3.1868274915792587 1083.9426350593567 850.7280498743057
55.94376850790636 -3.1868274915792587 S 55.94346850790636 -3.1868274915792587 1083.9426350593567 849.4780498743057
55.94346850790636 -3.1868274915792587 NNW 55.943745671766116 -3.186942296608968 1083.9426350593567 848.2280498743057
55.943745671766116 -3.186942296608968 W 55.943745671766116 -3.1872422966089684 1083.9426350593567 846.9780498743057
55.943745671766116 -3.1872422966089684 WSW 55.943630866736406 -3.187519460468722 1083.9426350593567 845.7280498743057
55.943630866736406 -3.187519460468722 WNW 55.943745671766116 -3.187796624328475 1083.9426350593567 844.4780498743057
55.943745671766116 -3.187796624328475 SE 55.94353353973176 -3.1875844922941194 1083.9426350593567 843.2280498743057
55.94353353973176 -3.1875844922941194 SE 55.943321407697404 -3.1873723602597637 1083.9426350593567 841.9780498743057
55.943321407697404 -3.1873723602597637 ESE 55.94320660266769 -3.1870951964000103 1083.9426350593567 840.7280498743057
55.94320660266769 -3.1870951964000103 SSE 55.94292943880794 -3.1869803913703008 1083.9426350593567 839.4780498743057
55.94292943880794 -3.1869803913703008 SSE 55.94265227494818 -3.1868655863405912 1083.9426350593567 838.2280498743057
55.94265227494818 -3.1868655863405912 NW 55.94286440698254 -3.187077718374947 1083.9426350593567 836.9780498743057
55.94286440698254 -3.187077718374947 E 55.94286440698254 -3.186777718374947 1083.9426350593567 835.7280498743057
55.94286440698254 -3.186777718374947 ENE 55.94297921201225 -3.1865005545151934 1083.9426350593567 834.4780498743057
55.94297921201225 -3.1865005545151934 ENE 55.94309401704196 -3.18622339065544 1083.9426350593567 833.2280498743057
55.94309401704196 -3.18622339065544 ENE 55.94320882207167 -3.1859462267956866 1083.9426350593567 831.9780498743057
55.94320882207167 -3.1859462267956866 SSW 55.94293165821191 -3.186061031825396 1180.8206944465637 877.7894283533096
55.94293165821191 -3.186061031825396 S 55.94263165821191 -3.186061031825396 1180.8206944465637 876.5394283533096
55.94263165821191 -3.186061031825396 NE 55.942843790246265 -3.1858488997910404 1237.2537655830383 999.3995968103409
55.942843790246265 -3.1858488997910404 ENE 55.942958595275975 -3.185571735931287 1237.2537655830383 998.1495968103409
55.942958595275975 -3.185571735931287 SSW 55.94268143141622 -3.1856865409609965 1237.2537655830383 996.8995968103409
55.94268143141622 -3.1856865409609965 NNE 55.942958595275975 -3.185571735931287 1237.2537655830383 995.6495968103409
55.942958595275975 -3.185571735931287 N 55.94325859527598 -3.185571735931287 1237.2537655830383 994.3995968103409
55.94325859527598 -3.185571735931287 NE 55.943470727310334 -3.185359603896931 1346.5849270820618 1102.4655987024307
55.943470727310334 -3.185359603896931 NE 55.94368285934469 -3.1851474718625754 1346.5849270820618 1101.2155987024307
55.94368285934469 -3.1851474718625754 S 55.94338285934469 -3.1851474718625754 1346.5849270820618 1099.9655987024307
55.94338285934469 -3.1851474718625754 N 55.94368285934469 -3.1851474718625754 1346.5849270820618 1098.7155987024307
55.94368285934469 -3.1851474718625754 NE 55.94389499137905 -3.1849353398282196 1346.5849270820618 1097.4655987024307
55.94389499137905 -3.1849353398282196 ESE 55.943780186349336 -3.1846581759684662 1346.5849270820618 1096.2155987024307
55.943780186349336 -3.1846581759684662 ENE 55.94389499137905 -3.184381012108713 1346.5849270820618 1094.9655987024307
55.94389499137905 -3.184381012108713 S 55.943594991379044 -3.184381012108713 1346.5849270820618 1093.7155987024307
55.943594991379044 -3.184381012108713 WNW 55.943709796408754 -3.1846581759684662 1346.5849270820618 1092.4655987024307
55.943709796408754 -3.1846581759684662 NW 55.94392192844311 -3.184870308002822 1346.5849270820618 1091.2155987024307
55.94392192844311 -3.184870308002822 N 55.94422192844311 -3.184870308002822 1400.1080327033997 1094.9727746248245
55.94422192844311 -3.184870308002822 NE 55.94443406047747 -3.1846581759684662 1400.1080327033997 1093.7227746248245
55.94443406047747 -3.1846581759684662 NNE 55.944711224337226 -3.1845433709387567 1400.1080327033997 1092.4727746248245
55.944711224337226 -3.1845433709387567 WSW 55.944596419307516 -3.18482053479851 1400.1080327033997 1091.2227746248245
55.944596419307516 -3.18482053479851 SSW 55.94431925544776 -3.1849353398282196 1400.1080327033997 1089.9727746248245
55.94431925544776 -3.1849353398282196 W 55.94431925544776 -3.18523533982822 1417.3776535987854 1195.7556725740433
55.94431925544776 -3.18523533982822 SW 55.9441071234134 -3.1854474718625756 1417.3776535987854 1194.5056725740433
55.9441071234134 -3.1854474718625756 SSW 55.943829959553646 -3.185562276892285 1417.3776535987854 1193.2556725740433
55.943829959553646 -3.185562276892285 E 55.943829959553646 -3.185262276892285 1417.3776535987854 1192.0056725740433
55.943829959553646 -3.185262276892285 E 55.943829959553646 -3.1849622768922847 1417.3776535987854 1190.7556725740433
55.943829959553646 -3.1849622768922847 ESE 55.943715154523936 -3.1846851130325313 1417.3776535987854 1189.5056725740433
55.943715154523936 -3.1846851130325313 SSE 55.94343799066418 -3.184570308002822 1417.3776535987854 1188.2556725740433
55.94343799066418 -3.184570308002822 S 55.94313799066418 -3.184570308002822 1428.6531147956848 1203.5447045564651
55.94313799066418 -3.184570308002822 SSE 55.94286082680442 -3.1844555029731123 1428.6531147956848 1202.2947045564651
55.94286082680442 -3.1844555029731123 N 55.94316082680442 -3.1844555029731123 1428.6531147956848 1201.0447045564651
55.94316082680442 -3.1844555029731123 N 55.943460826804426 -3.1844555029731123 1428.6531147956848 1199.7947045564651
55.943460826804426 -3.1844555029731123 NW 55.94367295883878 -3.184667635007468 1428.6531147956848 1198.5447045564651
55.94367295883878 -3.184667635007468 N 55.943972958838785 -3.184667635007468 1428.6531147956848 1197.2947045564651
55.943972958838785 -3.184667635007468 NNW 55.94425012269854 -3.1847824400371776 1428.6531147956848 1196.0447045564651
55.94425012269854 -3.1847824400371776 N 55.944550122698544 -3.1847824400371776 1428.6531147956848 1194.7947045564651
55.944550122698544 -3.1847824400371776 N 55.94485012269855 -3.1847824400371776 1428.6531147956848 1193.5447045564651
55.94485012269855 -3.1847824400371776 NW 55.9450622547329 -3.1849945720715334 1428.6531147956848 1192.2947045564651
55.9450622547329 -3.1849945720715334 NW 55.94527438676726 -3.185206704105889 1428.6531147956848 1191.0447045564651
55.94527438676726 -3.185206704105889 NNW 55.945551550627016 -3.1853215091355986 1428.6531147956848 1189.7947045564651
55.945551550627016 -3.1853215091355986 NNW 55.94582871448677 -3.185436314165308 1428.6531147956848 1188.5447045564651
55.94582871448677 -3.185436314165308 WNW 55.94594351951648 -3.1857134780250616 1428.6531147956848 1187.2947045564651
55.94594351951648 -3.1857134780250616 WNW 55.94605832454619 -3.185990641884815 1428.6531147956848 1186.0447045564651
55.94605832454619 -3.185990641884815 WSW 55.94594351951648 -3.1862678057445684 1428.6531147956848 1184.7947045564651
55.94594351951648 -3.1862678057445684 W 55.94594351951648 -3.1865678057445685 1428.6531147956848 1183.5447045564651
55.94594351951648 -3.1865678057445685 SW 55.94573138748213 -3.1867799377789243 1428.6531147956848 1182.2947045564651
55.94573138748213 -3.1867799377789243 SW 55.94551925544777 -3.18699206981328 1428.6531147956848 1181.0447045564651
55.94551925544777 -3.18699206981328 NW 55.94573138748213 -3.187204201847636 1428.6531147956848 1179.7947045564651
55.94573138748213 -3.187204201847636 WNW 55.94584619251184 -3.1874813657073893 1428.6531147956848 1178.5447045564651
55.94584619251184 -3.1874813657073893 NW 55.94605832454619 -3.187693497741745 1428.6531147956848 1177.2947045564651
55.94605832454619 -3.187693497741745 W 55.94605832454619 -3.1879934977417452 1447.8286709785461 1280.2252389192581
55.94605832454619 -3.1879934977417452 ENE 55.946173129575904 -3.187716333881992 1447.8286709785461 1278.9752389192581
55.946173129575904 -3.187716333881992 SW 55.94596099754155 -3.1879284659163476 1447.8286709785461 1277.7252389192581
55.94596099754155 -3.1879284659163476 SSW 55.94568383368179 -3.188043270946057 1447.8286709785461 1276.4752389192581
55.94568383368179 -3.188043270946057 WSW 55.94556902865208 -3.1883204348058105 1447.8286709785461 1275.2252389192581
55.94556902865208 -3.1883204348058105 NW 55.94578116068644 -3.1885325668401663 1447.8286709785461 1273.9752389192581
55.94578116068644 -3.1885325668401663 S 55.945481160686434 -3.1885325668401663 1501.7771573066711 1322.7287179231644
55.945481160686434 -3.1885325668401663 NW 55.94569329272079 -3.188744698874522 1501.7771573066711 1321.4787179231644
55.94569329272079 -3.188744698874522 SW 55.945481160686434 -3.188956830908878 1501.7771573066711 1320.2287179231644
55.945481160686434 -3.188956830908878 NNW 55.94575832454619 -3.1890716359385873 1501.7771573066711 1318.9787179231644
55.94575832454619 -3.1890716359385873 ESE 55.94564351951648 -3.188794472078834 1501.7771573066711 1317.7287179231644
55.94564351951648 -3.188794472078834 NE 55.945855651550836 -3.188582340044478 1501.7771573066711 1316.4787179231644
55.945855651550836 -3.188582340044478 N 55.94615565155084 -3.188582340044478 1501.7771573066711 1315.2287179231644
55.94615565155084 -3.188582340044478 S 55.945855651550836 -3.188582340044478 1501.7771573066711 1313.9787179231644
55.945855651550836 -3.188582340044478 SSE 55.94557848769108 -3.1884675350147687 1501.7771573066711 1312.7287179231644
55.94557848769108 -3.1884675350147687 SSE 55.94530132383132 -3.188352729985059 1501.7771573066711 1311.4787179231644
55.94530132383132 -3.188352729985059 ESE 55.94518651880161 -3.1880755661253057 1501.7771573066711 1310.2287179231644
55.94518651880161 -3.1880755661253057 SSW 55.944909354941856 -3.1881903711550152 1501.7771573066711 1308.9787179231644
55.944909354941856 -3.1881903711550152 SSW 55.9446321910821 -3.1883051761847248 1501.7771573066711 1307.7287179231644
55.9446321910821 -3.1883051761847248 S 55.9443321910821 -3.1883051761847248 1501.7771573066711 1306.4787179231644
55.9443321910821 -3.1883051761847248 SW 55.94412005904774 -3.1885173082190805 1501.7771573066711 1305.2287179231644
55.94412005904774 -3.1885173082190805 SE 55.943907927013385 -3.1883051761847248 1501.7771573066711 1303.9787179231644
55.943907927013385 -3.1883051761847248 SW 55.94369579497903 -3.1885173082190805 1501.7771573066711 1302.7287179231644
55.94369579497903 -3.1885173082190805 S 55.943395794979025 -3.1885173082190805 1501.7771573066711 1301.4787179231644
55.943395794979025 -3.1885173082190805 NNE 55.94367295883878 -3.188402503189371 1501.7771573066711 1300.2287179231644
