55.944425 -3.188396 NNE 55.94470216385976 -3.1882811949702905 104.70089721679688 372.97874450683594
55.94470216385976 -3.1882811949702905 E 55.94470216385976 -3.1879811949702903 179.3836212158203 495.92639923095703
55.94470216385976 -3.1879811949702903 N 55.94500216385976 -3.1879811949702903 179.3836212158203 494.67639923095703
55.94500216385976 -3.1879811949702903 N 55.945302163859765 -3.1879811949702903 179.3836212158203 493.42639923095703
55.945302163859765 -3.1879811949702903 NE 55.94551429589412 -3.1877690629359345 218.62341690063477 505.67826652526855
55.94551429589412 -3.1877690629359345 NNW 55.94579145975388 -3.187883867965644 218.62341690063477 504.42826652526855
55.94579145975388 -3.187883867965644 NNE 55.946068623613634 -3.1877690629359345 277.8162307739258 567.7159557342529
55.946068623613634 -3.1877690629359345 WSW 55.945953818583924 -3.188046226795688 277.8162307739258 566.4659557342529
55.945953818583924 -3.188046226795688 SW 55.94574168654957 -3.1882583588300437 351.15184020996094 586.7311058044434
55.94574168654957 -3.1882583588300437 S 55.945441686549565 -3.1882583588300437 351.15184020996094 585.4811058044434
55.945441686549565 -3.1882583588300437 SSE 55.94516452268981 -3.188143553800334 351.15184020996094 584.2311058044434
55.94516452268981 -3.188143553800334 SSW 55.94488735883005 -3.1882583588300437 351.15184020996094 582.9811058044434
55.94488735883005 -3.1882583588300437 SW 55.944675226795695 -3.1884704908643995 351.15184020996094 581.7311058044434
55.944675226795695 -3.1884704908643995 SW 55.94446309476134 -3.1886826228987553 411.76526641845703 601.6082992553711
55.94446309476134 -3.1886826228987553 SSE 55.94418593090158 -3.1885678178690458 411.76526641845703 600.3582992553711
55.94418593090158 -3.1885678178690458 SSE 55.943908767041826 -3.1884530128393362 508.0262222290039 663.4806060791016
55.943908767041826 -3.1884530128393362 NW 55.94412089907618 -3.188665144873692 508.0262222290039 662.2306060791016
55.94412089907618 -3.188665144873692 NW 55.94433303111054 -3.188877276908048 508.0262222290039 660.9806060791016
55.94433303111054 -3.188877276908048 W 55.94433303111054 -3.189177276908048 508.0262222290039 659.7306060791016
55.94433303111054 -3.189177276908048 WNW 55.94444783614025 -3.1894544407678014 508.0262222290039 658.4806060791016
55.94444783614025 -3.1894544407678014 WNW 55.94456264116996 -3.189731604627555 609.1877746582031 693.2973670959473
55.94456264116996 -3.189731604627555 WSW 55.94444783614025 -3.190008768487308 609.1877746582031 692.0473670959473
55.94444783614025 -3.190008768487308 WSW 55.94433303111054 -3.1902859323470616 609.1877746582031 690.7973670959473
55.94433303111054 -3.1902859323470616 WSW 55.94421822608083 -3.190563096206815 705.5817031860352 810.4957389831543
55.94421822608083 -3.190563096206815 NNW 55.944495389940585 -3.1906779012365245 769.6388702392578 826.6454162597656
55.944495389940585 -3.1906779012365245 NW 55.94470752197494 -3.1908900332708803 844.4839553833008 895.4178161621094
55.94470752197494 -3.1908900332708803 S 55.94440752197494 -3.1908900332708803 844.4839553833008 894.1678161621094
55.94440752197494 -3.1908900332708803 SSW 55.94413035811518 -3.19100483830059 870.9095916748047 985.1321716308594
55.94413035811518 -3.19100483830059 SSE 55.943853194255425 -3.1908900332708803 989.559455871582 1045.1057891845703
55.943853194255425 -3.1908900332708803 W 55.943853194255425 -3.1911900332708805 989.559455871582 1043.8557891845703
55.943853194255425 -3.1911900332708805 W 55.943853194255425 -3.1914900332708807 1069.909538269043 1165.41162109375
55.943853194255425 -3.1914900332708807 N 55.94415319425543 -3.1914900332708807 1069.909538269043 1164.16162109375
55.94415319425543 -3.1914900332708807 N 55.94445319425543 -3.1914900332708807 1069.909538269043 1162.91162109375
55.94445319425543 -3.1914900332708807 N 55.94475319425543 -3.1914900332708807 1176.8021621704102 1216.4182624816895
55.94475319425543 -3.1914900332708807 NNW 55.94503035811519 -3.19160483830059 1176.8021621704102 1215.1682624816895
55.94503035811519 -3.19160483830059 NNW 55.94530752197495 -3.1917196433302997 1176.8021621704102 1213.9182624816895
55.94530752197495 -3.1917196433302997 N 55.94560752197495 -3.1917196433302997 1220.8651313781738 1289.8273963928223
55.94560752197495 -3.1917196433302997 E 55.94560752197495 -3.1914196433302995 1220.8651313781738 1288.5773963928223
55.94560752197495 -3.1914196433302995 E 55.94560752197495 -3.1911196433302993 1220.8651313781738 1287.3273963928223
55.94560752197495 -3.1911196433302993 ESE 55.94549271694524 -3.190842479470546 1239.6576461791992 1307.3420524597168
55.94549271694524 -3.190842479470546 ESE 55.94537791191553 -3.1905653156107925 1239.6576461791992 1306.0920524597168
55.94537791191553 -3.1905653156107925 ESE 55.94526310688582 -3.190288151751039 1298.1840591430664 1343.94038772583
55.94526310688582 -3.190288151751039 S 55.944963106885815 -3.190288151751039 1298.1840591430664 1342.69038772583
55.944963106885815 -3.190288151751039 SE 55.94475097485146 -3.1900760197166833 1298.1840591430664 1341.44038772583
55.94475097485146 -3.1900760197166833 S 55.944450974851456 -3.1900760197166833 1298.1840591430664 1340.19038772583
55.944450974851456 -3.1900760197166833 S 55.94415097485145 -3.1900760197166833 1298.1840591430664 1338.94038772583
55.94415097485145 -3.1900760197166833 S 55.94385097485145 -3.1900760197166833 1298.1840591430664 1337.69038772583
55.94385097485145 -3.1900760197166833 S 55.94355097485145 -3.1900760197166833 1333.734748840332 1358.9084243774414
55.94355097485145 -3.1900760197166833 S 55.943250974851445 -3.1900760197166833 1333.734748840332 1357.6584243774414
55.943250974851445 -3.1900760197166833 SSW 55.94297381099169 -3.190190824746393 1353.4270725250244 1361.0084719657898
55.94297381099169 -3.190190824746393 SE 55.94276167895733 -3.189978692712037 1418.0529499053955 1469.504237651825
55.94276167895733 -3.189978692712037 W 55.94276167895733 -3.1902786927120372 1418.0529499053955 1468.254237651825
55.94276167895733 -3.1902786927120372 WNW 55.94287648398704 -3.1905558565717906 1418.0529499053955 1467.004237651825
55.94287648398704 -3.1905558565717906 WSW 55.94276167895733 -3.190833020431544 1418.0529499053955 1465.754237651825
55.94276167895733 -3.190833020431544 W 55.94276167895733 -3.1911330204315442 1418.0529499053955 1464.504237651825
55.94276167895733 -3.1911330204315442 W 55.94276167895733 -3.1914330204315444 1418.0529499053955 1463.254237651825
55.94276167895733 -3.1914330204315444 WNW 55.94287648398704 -3.191710184291298 1418.0529499053955 1462.004237651825
55.94287648398704 -3.191710184291298 W 55.94287648398704 -3.192010184291298 1418.0529499053955 1460.754237651825
55.94287648398704 -3.192010184291298 WNW 55.94299128901675 -3.1922873481510514 1465.3369770050049 1550.2877230644226
55.94299128901675 -3.1922873481510514 ENE 55.94310609404646 -3.192010184291298 1465.3369770050049 1549.0377230644226
55.94310609404646 -3.192010184291298 ENE 55.943220899076174 -3.1917330204315446 1465.3369770050049 1547.7877230644226
55.943220899076174 -3.1917330204315446 ENE 55.943335704105884 -3.191455856571791 1465.3369770050049 1546.5377230644226
55.943335704105884 -3.191455856571791 ENE 55.943450509135594 -3.191178692712038 1465.3369770050049 1545.2877230644226
55.943450509135594 -3.191178692712038 ENE 55.943565314165305 -3.1909015288522844 1465.3369770050049 1544.0377230644226
55.943565314165305 -3.1909015288522844 NE 55.94377744619966 -3.1906893968179286 1465.3369770050049 1542.7877230644226
55.94377744619966 -3.1906893968179286 ENE 55.94389225122937 -3.190412232958175 1465.3369770050049 1541.5377230644226
55.94389225122937 -3.190412232958175 ENE 55.94400705625908 -3.190135069098422 1465.3369770050049 1540.2877230644226
55.94400705625908 -3.190135069098422 ENE 55.94412186128879 -3.1898579052386684 1465.3369770050049 1539.0377230644226
55.94412186128879 -3.1898579052386684 ENE 55.9442366663185 -3.189580741378915 1465.3369770050049 1537.7877230644226
55.9442366663185 -3.189580741378915 ENE 55.94435147134821 -3.1893035775191616 1465.3369770050049 1536.5377230644226
55.94435147134821 -3.1893035775191616 ENE 55.94446627637792 -3.189026413659408 1465.3369770050049 1535.2877230644226
55.94446627637792 -3.189026413659408 E 55.94446627637792 -3.188726413659408 1465.3369770050049 1534.0377230644226
55.94446627637792 -3.188726413659408 ENE 55.944581081407634 -3.1884492497996546 1465.3369770050049 1532.7877230644226
55.944581081407634 -3.1884492497996546 ENE 55.944695886437344 -3.188172085939901 1465.3369770050049 1531.5377230644226
55.944695886437344 -3.188172085939901 E 55.944695886437344 -3.187872085939901 1465.3369770050049 1530.2877230644226
55.944695886437344 -3.187872085939901 ENE 55.944810691467055 -3.1875949220801476 1465.3369770050049 1529.0377230644226
55.944810691467055 -3.1875949220801476 ENE 55.944925496496765 -3.187317758220394 1465.3369770050049 1527.7877230644226
55.944925496496765 -3.187317758220394 ENE 55.945040301526475 -3.187040594360641 1471.5152459144592 1637.1929202079773
55.945040301526475 -3.187040594360641 E 55.945040301526475 -3.1867405943606406 1545.5519127845764 1637.7822654247284
55.945040301526475 -3.1867405943606406 S 55.94474030152647 -3.1867405943606406 1634.1049523353577 1678.957466840744
55.94474030152647 -3.1867405943606406 NNE 55.94501746538623 -3.186625789330931 1634.1049523353577 1677.707466840744
55.94501746538623 -3.186625789330931 NE 55.945229597420585 -3.1864136572965753 1665.150246143341 1706.61483836174
55.945229597420585 -3.1864136572965753 NE 55.94544172945494 -3.1862015252622196 1665.150246143341 1705.36483836174
55.94544172945494 -3.1862015252622196 ENE 55.94555653448465 -3.185924361402466 1683.745617389679 1828.4986655712128
55.94555653448465 -3.185924361402466 ESE 55.94544172945494 -3.1856471975427127 1683.745617389679 1827.2486655712128
55.94544172945494 -3.1856471975427127 E 55.94544172945494 -3.1853471975427126 1779.9175686836243 1886.5849120616913
55.94544172945494 -3.1853471975427126 N 55.945741729454944 -3.1853471975427126 1843.5700192451477 1925.4893004894257
55.945741729454944 -3.1853471975427126 NW 55.9459538614893 -3.1855593295770683 1843.5700192451477 1924.2393004894257
55.9459538614893 -3.1855593295770683 WNW 55.94606866651901 -3.1858364934368217 1933.29687166214 1981.5437247753143
55.94606866651901 -3.1858364934368217 W 55.94606866651901 -3.186136493436822 1933.29687166214 1980.2937247753143
55.94606866651901 -3.186136493436822 W 55.94606866651901 -3.186436493436822 1966.0210347175598 2044.1948325634003
55.94606866651901 -3.186436493436822 E 55.94606866651901 -3.186136493436822 1966.0210347175598 2042.9448325634003
55.94606866651901 -3.186136493436822 SE 55.945856534484655 -3.185924361402466 1966.0210347175598 2041.6948325634003
55.945856534484655 -3.185924361402466 SE 55.9456444024503 -3.1857122293681104 1966.0210347175598 2040.4448325634003
55.9456444024503 -3.1857122293681104 SSE 55.94536723859054 -3.185597424338401 1966.0210347175598 2039.1948325634003
55.94536723859054 -3.185597424338401 SSE 55.945090074730786 -3.1854826193086914 1966.0210347175598 2037.9448325634003
55.945090074730786 -3.1854826193086914 SE 55.94487794269643 -3.1852704872743356 1973.9938888549805 2129.4959800243378
55.94487794269643 -3.1852704872743356 NE 55.945090074730786 -3.18505835523998 1973.9938888549805 2128.2459800243378
55.945090074730786 -3.18505835523998 NE 55.94530220676514 -3.184846223205624 1973.9938888549805 2126.9959800243378
55.94530220676514 -3.184846223205624 NE 55.9455143387995 -3.1846340911712683 1973.9938888549805 2125.7459800243378
55.9455143387995 -3.1846340911712683 NE 55.945726470833854 -3.1844219591369125 1993.676040649414 2182.625763654709
55.945726470833854 -3.1844219591369125 SW 55.9455143387995 -3.1846340911712683 1993.676040649414 2181.375763654709
55.9455143387995 -3.1846340911712683 SW 55.94530220676514 -3.184846223205624 1993.676040649414 2180.125763654709
55.94530220676514 -3.184846223205624 SSW 55.945025042905385 -3.1849610282353336 1993.676040649414 2178.875763654709
55.945025042905385 -3.1849610282353336 SW 55.94481291087103 -3.1851731602696893 1993.676040649414 2177.625763654709
55.94481291087103 -3.1851731602696893 SW 55.94460077883667 -3.185385292304045 1993.676040649414 2176.375763654709
55.94460077883667 -3.185385292304045 SW 55.94438864680232 -3.185597424338401 1993.676040649414 2175.125763654709
55.94438864680232 -3.185597424338401 SW 55.94417651476796 -3.1858095563727566 1993.676040649414 2173.875763654709
55.94417651476796 -3.1858095563727566 SW 55.943964382733604 -3.1860216884071124 1993.676040649414 2172.625763654709
55.943964382733604 -3.1860216884071124 SW 55.94375225069925 -3.186233820441468 2116.586639404297 2272.189316511154
55.94375225069925 -3.186233820441468 SE 55.94354011866489 -3.1860216884071124 2116.586639404297 2270.939316511154
55.94354011866489 -3.1860216884071124 SSW 55.943262954805135 -3.186136493436822 2215.8569107055664 2389.323952436447
55.943262954805135 -3.186136493436822 ESE 55.943148149775425 -3.1858593295770685 2215.8569107055664 2388.073952436447
55.943148149775425 -3.1858593295770685 WNW 55.943262954805135 -3.186136493436822 2215.8569107055664 2386.823952436447
55.943262954805135 -3.186136493436822 SW 55.94305082277078 -3.1863486254711777 2215.8569107055664 2385.573952436447
55.94305082277078 -3.1863486254711777 S 55.942750822770776 -3.1863486254711777 2215.8569107055664 2384.323952436447
55.942750822770776 -3.1863486254711777 NW 55.94296295480513 -3.1865607575055335 2215.8569107055664 2383.073952436447
55.94296295480513 -3.1865607575055335 E 55.94296295480513 -3.1862607575055333 2215.8569107055664 2381.823952436447
55.94296295480513 -3.1862607575055333 ESE 55.94284814977542 -3.18598359364578 2215.8569107055664 2380.573952436447
55.94284814977542 -3.18598359364578 NE 55.94306028180978 -3.185771461611424 2215.8569107055664 2379.323952436447
55.94306028180978 -3.185771461611424 SW 55.94284814977542 -3.18598359364578 2215.8569107055664 2378.073952436447
55.94284814977542 -3.18598359364578 NW 55.94306028180978 -3.1861957256801356 2215.8569107055664 2376.823952436447
55.94306028180978 -3.1861957256801356 WSW 55.94294547678007 -3.186472889539889 2215.8569107055664 2375.573952436447
55.94294547678007 -3.186472889539889 WSW 55.94283067175036 -3.1867500533996425 2215.8569107055664 2374.323952436447
55.94283067175036 -3.1867500533996425 SE 55.942618539716 -3.1865379213652867 2215.8569107055664 2373.073952436447
55.942618539716 -3.1865379213652867 NE 55.94283067175036 -3.186325789330931 2215.8569107055664 2371.823952436447
55.94283067175036 -3.186325789330931 NNE 55.943107835610114 -3.1862109843012214 2215.8569107055664 2370.573952436447
55.943107835610114 -3.1862109843012214 S 55.94280783561011 -3.1862109843012214 2215.8569107055664 2369.323952436447
55.94280783561011 -3.1862109843012214 NNE 55.94308499946987 -3.186096179271512 2215.8569107055664 2368.073952436447
55.94308499946987 -3.186096179271512 NW 55.943297131504224 -3.1863083113058677 2215.8569107055664 2366.823952436447
55.943297131504224 -3.1863083113058677 WSW 55.94318232647451 -3.186585475165621 2215.8569107055664 2365.573952436447
55.94318232647451 -3.186585475165621 E 55.94318232647451 -3.186285475165621 2215.8569107055664 2364.323952436447
55.94318232647451 -3.186285475165621 WSW 55.9430675214448 -3.1865626390253743 2215.8569107055664 2363.073952436447
55.9430675214448 -3.1865626390253743 S 55.9427675214448 -3.1865626390253743 2215.8569107055664 2361.823952436447
55.9427675214448 -3.1865626390253743 E 55.9427675214448 -3.186262639025374 2215.8569107055664 2360.573952436447
55.9427675214448 -3.186262639025374 WNW 55.94288232647451 -3.1865398028851275 2215.8569107055664 2359.323952436447
55.94288232647451 -3.1865398028851275 NE 55.94309445850887 -3.1863276708507717 2215.8569107055664 2358.073952436447
55.94309445850887 -3.1863276708507717 E 55.94309445850887 -3.1860276708507715 2215.8569107055664 2356.823952436447
55.94309445850887 -3.1860276708507715 W 55.94309445850887 -3.1863276708507717 2215.8569107055664 2355.573952436447
55.94309445850887 -3.1863276708507717 ESE 55.942979653479156 -3.1860505069910183 2215.8569107055664 2354.323952436447
55.942979653479156 -3.1860505069910183 NW 55.94319178551351 -3.186262639025374 2215.8569107055664 2353.073952436447
55.94319178551351 -3.186262639025374 E 55.94319178551351 -3.185962639025374 2215.8569107055664 2351.823952436447
55.94319178551351 -3.185962639025374 W 55.94319178551351 -3.186262639025374 2215.8569107055664 2350.573952436447
55.94319178551351 -3.186262639025374 SSE 55.942914621653756 -3.1861478339956646 2215.8569107055664 2349.323952436447
55.942914621653756 -3.1861478339956646 NW 55.94312675368811 -3.1863599660300204 2215.8569107055664 2348.073952436447
55.94312675368811 -3.1863599660300204 SE 55.942914621653756 -3.1861478339956646 2215.8569107055664 2346.823952436447
55.942914621653756 -3.1861478339956646 N 55.94321462165376 -3.1861478339956646 2215.8569107055664 2345.573952436447
55.94321462165376 -3.1861478339956646 ENE 55.94332942668347 -3.185870670135911 2215.8569107055664 2344.323952436447
55.94332942668347 -3.185870670135911 NE 55.943541558717826 -3.1856585381015554 2215.8569107055664 2343.073952436447
55.943541558717826 -3.1856585381015554 N 55.94384155871783 -3.1856585381015554 2215.8569107055664 2341.823952436447
55.94384155871783 -3.1856585381015554 S 55.943541558717826 -3.1856585381015554 2215.8569107055664 2340.573952436447
55.943541558717826 -3.1856585381015554 N 55.94384155871783 -3.1856585381015554 2215.8569107055664 2339.323952436447
55.94384155871783 -3.1856585381015554 NNW 55.944118722577585 -3.185773343131265 2215.8569107055664 2338.073952436447
55.944118722577585 -3.185773343131265 SSE 55.94384155871783 -3.1856585381015554 2215.8569107055664 2336.823952436447
55.94384155871783 -3.1856585381015554 N 55.94414155871783 -3.1856585381015554 2215.8569107055664 2335.573952436447
55.94414155871783 -3.1856585381015554 WSW 55.94402675368812 -3.185935701961309 2215.8569107055664 2334.323952436447
55.94402675368812 -3.185935701961309 ENE 55.94414155871783 -3.1856585381015554 2215.8569107055664 2333.073952436447
55.94414155871783 -3.1856585381015554 ESE 55.94402675368812 -3.185381374241802 2215.8569107055664 2331.823952436447
55.94402675368812 -3.185381374241802 ESE 55.94391194865841 -3.1851042103820486 2215.8569107055664 2330.573952436447
55.94391194865841 -3.1851042103820486 SW 55.943699816624054 -3.1853163424164044 2215.8569107055664 2329.323952436447
55.943699816624054 -3.1853163424164044 ESE 55.943585011594344 -3.185039178556651 2215.8569107055664 2328.073952436447
55.943585011594344 -3.185039178556651 ESE 55.94347020656463 -3.1847620146968976 2215.8569107055664 2326.823952436447
55.94347020656463 -3.1847620146968976 N 55.943770206564636 -3.1847620146968976 2215.8569107055664 2325.573952436447
55.943770206564636 -3.1847620146968976 S 55.94347020656463 -3.1847620146968976 2215.8569107055664 2324.323952436447
55.94347020656463 -3.1847620146968976 ESE 55.94335540153492 -3.184484850837144 2215.8569107055664 2323.073952436447
55.94335540153492 -3.184484850837144 W 55.94335540153492 -3.1847848508371444 2215.8569107055664 2321.823952436447
55.94335540153492 -3.1847848508371444 WSW 55.94324059650521 -3.1850620146968978 2215.8569107055664 2320.573952436447
55.94324059650521 -3.1850620146968978 SSW 55.942963432645456 -3.1851768197266073 2215.8569107055664 2319.323952436447
55.942963432645456 -3.1851768197266073 NW 55.94317556467981 -3.185388951760963 2215.8569107055664 2318.073952436447
55.94317556467981 -3.185388951760963 N 55.943475564679815 -3.185388951760963 2215.8569107055664 2316.823952436447
55.943475564679815 -3.185388951760963 ENE 55.943590369709526 -3.1851117879012096 2215.8569107055664 2315.573952436447
55.943590369709526 -3.1851117879012096 NNW 55.94386753356928 -3.185226592930919 2215.8569107055664 2314.323952436447
55.94386753356928 -3.185226592930919 NNE 55.94414469742904 -3.1851117879012096 2215.8569107055664 2313.073952436447
55.94414469742904 -3.1851117879012096 WNW 55.94425950245875 -3.185388951760963 2215.8569107055664 2311.823952436447
55.94425950245875 -3.185388951760963 N 55.94455950245875 -3.185388951760963 2215.8569107055664 2310.573952436447
55.94455950245875 -3.185388951760963 SSW 55.944282338598995 -3.1855037567906725 2215.8569107055664 2309.323952436447
55.944282338598995 -3.1855037567906725 NW 55.94449447063335 -3.1857158888250283 2215.8569107055664 2308.073952436447
55.94449447063335 -3.1857158888250283 WSW 55.94437966560364 -3.1859930526847817 2215.8569107055664 2306.823952436447
55.94437966560364 -3.1859930526847817 N 55.944679665603644 -3.1859930526847817 2215.8569107055664 2305.573952436447
55.944679665603644 -3.1859930526847817 ESE 55.944564860573934 -3.1857158888250283 2215.8569107055664 2304.323952436447
55.944564860573934 -3.1857158888250283 ESE 55.94445005554422 -3.185438724965275 2215.8569107055664 2303.073952436447
55.94445005554422 -3.185438724965275 NW 55.94466218757858 -3.1856508569996307 2215.8569107055664 2301.823952436447
55.94466218757858 -3.1856508569996307 WSW 55.94454738254887 -3.185928020859384 2215.8569107055664 2300.573952436447
55.94454738254887 -3.185928020859384 SSW 55.94427021868911 -3.1860428258890936 2215.8569107055664 2299.323952436447
55.94427021868911 -3.1860428258890936 N 55.944570218689115 -3.1860428258890936 2215.8569107055664 2298.073952436447
55.944570218689115 -3.1860428258890936 SSW 55.94429305482936 -3.186157630918803 2215.8569107055664 2296.823952436447
55.94429305482936 -3.186157630918803 W 55.94429305482936 -3.1864576309188033 2215.8569107055664 2295.573952436447
55.94429305482936 -3.1864576309188033 SE 55.944080922795 -3.1862454988844475 2215.8569107055664 2294.323952436447
55.944080922795 -3.1862454988844475 SW 55.94386879076065 -3.1864576309188033 2215.8569107055664 2293.073952436447
55.94386879076065 -3.1864576309188033 N 55.94416879076065 -3.1864576309188033 2215.8569107055664 2291.823952436447
55.94416879076065 -3.1864576309188033 SSE 55.94389162690089 -3.186342825889094 2215.8569107055664 2290.573952436447
55.94389162690089 -3.186342825889094 WNW 55.9440064319306 -3.186619989748847 2215.8569107055664 2289.323952436447
55.9440064319306 -3.186619989748847 N 55.944306431930606 -3.186619989748847 2215.8569107055664 2288.073952436447
55.944306431930606 -3.186619989748847 NNW 55.94458359579036 -3.1867347947785567 2215.8569107055664 2286.823952436447
55.94458359579036 -3.1867347947785567 NNE 55.94486075965012 -3.186619989748847 2215.8569107055664 2285.573952436447
55.94486075965012 -3.186619989748847 NNW 55.945137923509876 -3.1867347947785567 2215.8569107055664 2284.323952436447
55.945137923509876 -3.1867347947785567 N 55.94543792350988 -3.1867347947785567 2215.8569107055664 2283.073952436447
55.94543792350988 -3.1867347947785567 SSE 55.94516075965012 -3.186619989748847 2215.8569107055664 2281.823952436447
55.94516075965012 -3.186619989748847 WNW 55.94527556467983 -3.1868971536086006 2215.8569107055664 2280.573952436447
55.94527556467983 -3.1868971536086006 NNW 55.94555272853959 -3.18701195863831 2215.8569107055664 2279.323952436447
55.94555272853959 -3.18701195863831 S 55.945252728539586 -3.18701195863831 2215.8569107055664 2278.073952436447
55.945252728539586 -3.18701195863831 SSW 55.94497556467983 -3.1871267636680196 2215.8569107055664 2276.823952436447
55.94497556467983 -3.1871267636680196 SE 55.94476343264547 -3.186914631633664 2215.8569107055664 2275.573952436447
55.94476343264547 -3.186914631633664 E 55.94476343264547 -3.1866146316336637 2215.8569107055664 2274.323952436447
55.94476343264547 -3.1866146316336637 SE 55.94455130061112 -3.186402499599308 2215.8569107055664 2273.073952436447
55.94455130061112 -3.186402499599308 SE 55.94433916857676 -3.186190367564952 2215.8569107055664 2271.823952436447
55.94433916857676 -3.186190367564952 WSW 55.94422436354705 -3.1864675314247055 2215.8569107055664 2270.573952436447
55.94422436354705 -3.1864675314247055 WNW 55.94433916857676 -3.186744695284459 2215.8569107055664 2269.323952436447
55.94433916857676 -3.186744695284459 N 55.944639168576764 -3.186744695284459 2215.8569107055664 2268.073952436447
55.944639168576764 -3.186744695284459 WSW 55.94452436354705 -3.1870218591442123 2215.8569107055664 2266.823952436447
55.94452436354705 -3.1870218591442123 E 55.94452436354705 -3.186721859144212 2215.8569107055664 2265.573952436447
55.94452436354705 -3.186721859144212 NNW 55.94480152740681 -3.1868366641739216 2215.8569107055664 2264.323952436447
55.94480152740681 -3.1868366641739216 WNW 55.94491633243652 -3.187113828033675 2215.8569107055664 2263.073952436447
55.94491633243652 -3.187113828033675 N 55.94521633243652 -3.187113828033675 2215.8569107055664 2261.823952436447
55.94521633243652 -3.187113828033675 SSW 55.94493916857677 -3.1872286330633846 2215.8569107055664 2260.573952436447
55.94493916857677 -3.1872286330633846 NE 55.94515130061112 -3.187016501029029 2215.8569107055664 2259.323952436447
55.94515130061112 -3.187016501029029 ENE 55.94526610564083 -3.1867393371692754 2215.8569107055664 2258.073952436447
55.94526610564083 -3.1867393371692754 S 55.94496610564083 -3.1867393371692754 2215.8569107055664 2256.823952436447
55.94496610564083 -3.1867393371692754 ESE 55.94485130061112 -3.186462173309522 2215.8569107055664 2255.573952436447
55.94485130061112 -3.186462173309522 W 55.94485130061112 -3.186762173309522 2215.8569107055664 2254.323952436447
55.94485130061112 -3.186762173309522 NNW 55.945128464470876 -3.1868769783392317 2215.8569107055664 2253.073952436447
55.945128464470876 -3.1868769783392317 W 55.945128464470876 -3.187176978339232 2215.8569107055664 2251.823952436447
55.945128464470876 -3.187176978339232 S 55.94482846447087 -3.187176978339232 2215.8569107055664 2250.573952436447
55.94482846447087 -3.187176978339232 NE 55.94504059650523 -3.186964846304876 2215.8569107055664 2249.323952436447
55.94504059650523 -3.186964846304876 SE 55.94482846447087 -3.1867527142705203 2215.8569107055664 2248.073952436447
55.94482846447087 -3.1867527142705203 SW 55.94461633243652 -3.186964846304876 2215.8569107055664 2246.823952436447
55.94461633243652 -3.186964846304876 ENE 55.94473113746623 -3.1866876824451227 2215.8569107055664 2245.573952436447
55.94473113746623 -3.1866876824451227 W 55.94473113746623 -3.186987682445123 2215.8569107055664 2244.323952436447
55.94473113746623 -3.186987682445123 NNW 55.945008301325984 -3.1871024874748324 2215.8569107055664 2243.073952436447
55.945008301325984 -3.1871024874748324 NNW 55.94528546518574 -3.187217292504542 2215.8569107055664 2241.823952436447
55.94528546518574 -3.187217292504542 N 55.945585465185744 -3.187217292504542 2215.8569107055664 2240.573952436447
55.945585465185744 -3.187217292504542 WNW 55.945700270215454 -3.1874944563642953 2215.8569107055664 2239.323952436447
55.945700270215454 -3.1874944563642953 WNW 55.945815075245164 -3.1877716202240487 2215.8569107055664 2238.073952436447
55.945815075245164 -3.1877716202240487 SSW 55.94553791138541 -3.187886425253758 2215.8569107055664 2236.823952436447
55.94553791138541 -3.187886425253758 WSW 55.9454231063557 -3.1881635891135116 2215.8569107055664 2235.573952436447
55.9454231063557 -3.1881635891135116 WNW 55.94553791138541 -3.188440752973265 2215.8569107055664 2234.323952436447
55.94553791138541 -3.188440752973265 WNW 55.94565271641512 -3.1887179168330184 2215.8569107055664 2233.073952436447
55.94565271641512 -3.1887179168330184 SSE 55.94537555255536 -3.188603111803309 2215.8569107055664 2231.823952436447
55.94537555255536 -3.188603111803309 SE 55.945163420521006 -3.188390979768953 2215.8569107055664 2230.573952436447
55.945163420521006 -3.188390979768953 NE 55.94537555255536 -3.1881788477345974 2215.8569107055664 2229.323952436447
55.94537555255536 -3.1881788477345974 E 55.94537555255536 -3.187878847734597 2215.8569107055664 2228.073952436447
55.94537555255536 -3.187878847734597 E 55.94537555255536 -3.187578847734597 2215.8569107055664 2226.823952436447
55.94537555255536 -3.187578847734597 WNW 55.94549035758507 -3.1878560115943504 2215.8569107055664 2225.573952436447
55.94549035758507 -3.1878560115943504 E 55.94549035758507 -3.18755601159435 2215.8569107055664 2224.323952436447
55.94549035758507 -3.18755601159435 NW 55.94570248961943 -3.187768143628706 2215.8569107055664 2223.073952436447
55.94570248961943 -3.187768143628706 SE 55.94549035758507 -3.18755601159435 2215.8569107055664 2221.823952436447
55.94549035758507 -3.18755601159435 WNW 55.94560516261478 -3.1878331754541036 2215.8569107055664 2220.573952436447
55.94560516261478 -3.1878331754541036 S 55.94530516261478 -3.1878331754541036 2215.8569107055664 2219.323952436447
55.94530516261478 -3.1878331754541036 SSW 55.94502799875502 -3.187947980483813 2215.8569107055664 2218.073952436447
55.94502799875502 -3.187947980483813 WSW 55.94491319372531 -3.1882251443435665 2215.8569107055664 2216.823952436447
