55.944425 -3.188396 E 55.944425 -3.188096 0.0 248.75
55.944425 -3.188096 WNW 55.94453980502971 -3.1883731638597532 0.0 247.5
55.94453980502971 -3.1883731638597532 SE 55.94432767299536 -3.1881610318253975 0.0 246.25
55.94432767299536 -3.1881610318253975 NW 55.94453980502971 -3.1883731638597532 0.0 245.0
55.94453980502971 -3.1883731638597532 SSE 55.944262641169956 -3.1882583588300437 0.0 243.75
55.944262641169956 -3.1882583588300437 NNW 55.94453980502971 -3.1883731638597532 0.0 242.5
55.94453980502971 -3.1883731638597532 SSE 55.944262641169956 -3.1882583588300437 0.0 241.25
55.944262641169956 -3.1882583588300437 NNW 55.94453980502971 -3.1883731638597532 0.0 240.0
55.94453980502971 -3.1883731638597532 ESE 55.944425 -3.188096 0.0 238.75
55.944425 -3.188096 NW 55.94463713203436 -3.1883081320343556 0.0 237.5
55.94463713203436 -3.1883081320343556 ESE 55.94452232700465 -3.188030968174602 0.0 236.25
55.94452232700465 -3.188030968174602 WNW 55.94463713203436 -3.1883081320343556 0.0 235.0
55.94463713203436 -3.1883081320343556 ENE 55.94475193706407 -3.188030968174602 0.0 233.75
55.94475193706407 -3.188030968174602 WSW 55.94463713203436 -3.1883081320343556 0.0 232.5
55.94463713203436 -3.1883081320343556 NE 55.944849264068715 -3.188096 0.0 231.25
55.944849264068715 -3.188096 SW 55.94463713203436 -3.1883081320343556 0.0 230.0
55.94463713203436 -3.1883081320343556 NNW 55.944914295894115 -3.188422937064065 0.0 228.75
55.944914295894115 -3.188422937064065 S 55.94461429589411 -3.188422937064065 0.0 227.5
55.94461429589411 -3.188422937064065 N 55.944914295894115 -3.188422937064065 0.0 226.25
55.944914295894115 -3.188422937064065 ENE 55.945029100923826 -3.1881457732043117 0.0 225.0
55.945029100923826 -3.1881457732043117 WSW 55.944914295894115 -3.188422937064065 0.0 223.75
55.944914295894115 -3.188422937064065 SSE 55.94463713203436 -3.1883081320343556 0.0 222.5
55.94463713203436 -3.1883081320343556 N 55.94493713203436 -3.1883081320343556 0.0 221.25
55.94493713203436 -3.1883081320343556 WSW 55.94482232700465 -3.188585295894109 0.0 220.0
55.94482232700465 -3.188585295894109 ENE 55.94493713203436 -3.1883081320343556 0.0 218.75
55.94493713203436 -3.1883081320343556 SE 55.944725000000005 -3.188096 0.0 217.5
55.944725000000005 -3.188096 WNW 55.944839805029716 -3.1883731638597532 0.0 216.25
55.944839805029716 -3.1883731638597532 E 55.944839805029716 -3.188073163859753 0.0 215.0
55.944839805029716 -3.188073163859753 W 55.944839805029716 -3.1883731638597532 0.0 213.75
55.944839805029716 -3.1883731638597532 E 55.944839805029716 -3.188073163859753 0.0 212.5
55.944839805029716 -3.188073163859753 N 55.94513980502972 -3.188073163859753 0.0 211.25
55.94513980502972 -3.188073163859753 SSE 55.94486264116996 -3.1879583588300435 0.0 210.0
55.94486264116996 -3.1879583588300435 NW 55.94507477320432 -3.1881704908643993 0.0 208.75
55.94507477320432 -3.1881704908643993 SE 55.94486264116996 -3.1879583588300435 0.0 207.5
55.94486264116996 -3.1879583588300435 NW 55.94507477320432 -3.1881704908643993 0.0 206.25
55.94507477320432 -3.1881704908643993 SE 55.94486264116996 -3.1879583588300435 0.0 205.0
55.94486264116996 -3.1879583588300435 SSW 55.944585477310206 -3.188073163859753 0.0 203.75
55.944585477310206 -3.188073163859753 NNE 55.94486264116996 -3.1879583588300435 0.0 202.5
55.94486264116996 -3.1879583588300435 SSW 55.944585477310206 -3.188073163859753 0.0 201.25
55.944585477310206 -3.188073163859753 NE 55.94479760934456 -3.1878610318253973 60.95296096801758 204.1952223777771
55.94479760934456 -3.1878610318253973 SW 55.944585477310206 -3.188073163859753 60.95296096801758 202.9452223777771
55.944585477310206 -3.188073163859753 ENE 55.944700282339916 -3.1877959999999996 60.95296096801758 201.6952223777771
55.944700282339916 -3.1877959999999996 WSW 55.944585477310206 -3.188073163859753 60.95296096801758 200.4452223777771
55.944585477310206 -3.188073163859753 E 55.944585477310206 -3.187773163859753 65.94691562652588 288.9299330711365
55.944585477310206 -3.187773163859753 W 55.944585477310206 -3.188073163859753 65.94691562652588 287.6799330711365
55.944585477310206 -3.188073163859753 E 55.944585477310206 -3.187773163859753 65.94691562652588 286.4299330711365
55.944585477310206 -3.187773163859753 WSW 55.944470672280495 -3.1880503277195062 65.94691562652588 285.1799330711365
55.944470672280495 -3.1880503277195062 ENE 55.944585477310206 -3.187773163859753 65.94691562652588 283.9299330711365
55.944585477310206 -3.187773163859753 SW 55.94437334527585 -3.1879852958941086 155.88093662261963 369.71479177474976
55.94437334527585 -3.1879852958941086 NE 55.944585477310206 -3.187773163859753 155.88093662261963 368.46479177474976
55.944585477310206 -3.187773163859753 S 55.9442854773102 -3.187773163859753 155.88093662261963 367.21479177474976
55.9442854773102 -3.187773163859753 N 55.944585477310206 -3.187773163859753 155.88093662261963 365.96479177474976
55.944585477310206 -3.187773163859753 SSE 55.94430831345045 -3.1876583588300433 155.88093662261963 364.71479177474976
55.94430831345045 -3.1876583588300433 N 55.94460831345045 -3.1876583588300433 155.88093662261963 363.46479177474976
55.94460831345045 -3.1876583588300433 SSW 55.944331149590695 -3.187773163859753 155.88093662261963 362.21479177474976
55.944331149590695 -3.187773163859753 E 55.944331149590695 -3.1874731638597527 197.00925540924072 419.99290227890015
55.944331149590695 -3.1874731638597527 SW 55.94411901755634 -3.1876852958941084 197.00925540924072 418.74290227890015
55.94411901755634 -3.1876852958941084 NE 55.944331149590695 -3.1874731638597527 197.00925540924072 417.49290227890015
55.944331149590695 -3.1874731638597527 SW 55.94411901755634 -3.1876852958941084 197.00925540924072 416.24290227890015
55.94411901755634 -3.1876852958941084 E 55.94411901755634 -3.1873852958941082 248.67702960968018 446.61968755722046
55.94411901755634 -3.1873852958941082 W 55.94411901755634 -3.1876852958941084 248.67702960968018 445.36968755722046
55.94411901755634 -3.1876852958941084 NE 55.944331149590695 -3.1874731638597527 248.67702960968018 444.11968755722046
55.944331149590695 -3.1874731638597527 SSE 55.94405398573094 -3.187358358830043 248.67702960968018 442.86968755722046
55.94405398573094 -3.187358358830043 NNW 55.944331149590695 -3.1874731638597527 248.67702960968018 441.61968755722046
55.944331149590695 -3.1874731638597527 E 55.944331149590695 -3.1871731638597525 356.3569231033325 470.123149394989
55.944331149590695 -3.1871731638597525 W 55.944331149590695 -3.1874731638597527 356.3569231033325 468.873149394989
55.944331149590695 -3.1874731638597527 E 55.944331149590695 -3.1871731638597525 356.3569231033325 467.623149394989
55.944331149590695 -3.1871731638597525 WSW 55.944216344560985 -3.187450327719506 356.3569231033325 466.373149394989
55.944216344560985 -3.187450327719506 SE 55.94400421252663 -3.18723819568515 388.98527240753174 523.2736277580261
55.94400421252663 -3.18723819568515 NW 55.944216344560985 -3.187450327719506 388.98527240753174 522.0236277580261
55.944216344560985 -3.187450327719506 SE 55.94400421252663 -3.18723819568515 388.98527240753174 520.7736277580261
55.94400421252663 -3.18723819568515 WNW 55.94411901755634 -3.1875153595449035 388.98527240753174 519.5236277580261
55.94411901755634 -3.1875153595449035 ESE 55.94400421252663 -3.18723819568515 388.98527240753174 518.2736277580261
55.94400421252663 -3.18723819568515 NNW 55.944281376386385 -3.1873530007148596 388.98527240753174 517.0236277580261
55.944281376386385 -3.1873530007148596 SSE 55.94400421252663 -3.18723819568515 388.98527240753174 515.7736277580261
55.94400421252663 -3.18723819568515 NNE 55.944281376386385 -3.1871233906554406 464.64716053009033 637.5370020866394
55.944281376386385 -3.1871233906554406 SSW 55.94400421252663 -3.18723819568515 464.64716053009033 636.2870020866394
55.94400421252663 -3.18723819568515 N 55.94430421252663 -3.18723819568515 464.64716053009033 635.0370020866394
55.94430421252663 -3.18723819568515 S 55.94400421252663 -3.18723819568515 464.64716053009033 633.7870020866394
55.94400421252663 -3.18723819568515 NNE 55.944281376386385 -3.1871233906554406 464.64716053009033 632.5370020866394
55.944281376386385 -3.1871233906554406 SSW 55.94400421252663 -3.18723819568515 464.64716053009033 631.2870020866394
55.94400421252663 -3.18723819568515 NNE 55.944281376386385 -3.1871233906554406 464.64716053009033 630.0370020866394
55.944281376386385 -3.1871233906554406 SSW 55.94400421252663 -3.18723819568515 464.64716053009033 628.7870020866394
55.94400421252663 -3.18723819568515 S 55.943704212526626 -3.18723819568515 464.64716053009033 627.5370020866394
55.943704212526626 -3.18723819568515 N 55.94400421252663 -3.18723819568515 464.64716053009033 626.2870020866394
55.94400421252663 -3.18723819568515 S 55.943704212526626 -3.18723819568515 464.64716053009033 625.0370020866394
55.943704212526626 -3.18723819568515 NNE 55.94398137638638 -3.1871233906554406 464.64716053009033 623.7870020866394
55.94398137638638 -3.1871233906554406 S 55.94368137638638 -3.1871233906554406 464.64716053009033 622.5370020866394
55.94368137638638 -3.1871233906554406 N 55.94398137638638 -3.1871233906554406 464.64716053009033 621.2870020866394
55.94398137638638 -3.1871233906554406 S 55.94368137638638 -3.1871233906554406 464.64716053009033 620.0370020866394
55.94368137638638 -3.1871233906554406 W 55.94368137638638 -3.187423390655441 518.6046915054321 679.224410533905
55.94368137638638 -3.187423390655441 E 55.94368137638638 -3.1871233906554406 518.6046915054321 677.974410533905
55.94368137638638 -3.1871233906554406 SW 55.94346924435202 -3.1873355226897964 518.6046915054321 676.724410533905
55.94346924435202 -3.1873355226897964 NE 55.94368137638638 -3.1871233906554406 518.6046915054321 675.474410533905
55.94368137638638 -3.1871233906554406 SW 55.94346924435202 -3.1873355226897964 518.6046915054321 674.224410533905
55.94346924435202 -3.1873355226897964 NE 55.94368137638638 -3.1871233906554406 518.6046915054321 672.974410533905
55.94368137638638 -3.1871233906554406 SW 55.94346924435202 -3.1873355226897964 518.6046915054321 671.724410533905
55.94346924435202 -3.1873355226897964 NNE 55.94374640821178 -3.187220717660087 518.6046915054321 670.474410533905
55.94374640821178 -3.187220717660087 SW 55.943534276177424 -3.1874328496944426 518.6046915054321 669.224410533905
55.943534276177424 -3.1874328496944426 NNE 55.94381144003718 -3.187318044664733 518.6046915054321 667.974410533905
55.94381144003718 -3.187318044664733 SW 55.943599308002824 -3.187530176699089 578.914044380188 729.2624926567078
55.943599308002824 -3.187530176699089 ENE 55.943714113032534 -3.1872530128393355 578.914044380188 728.0124926567078
55.943714113032534 -3.1872530128393355 WSW 55.943599308002824 -3.187530176699089 578.914044380188 726.7624926567078
55.943599308002824 -3.187530176699089 ESE 55.943484502973114 -3.1872530128393355 578.914044380188 725.5124926567078
55.943484502973114 -3.1872530128393355 WNW 55.943599308002824 -3.187530176699089 578.914044380188 724.2624926567078
55.943599308002824 -3.187530176699089 SE 55.94338717596847 -3.187318044664733 578.914044380188 723.0124926567078
55.94338717596847 -3.187318044664733 NW 55.943599308002824 -3.187530176699089 578.914044380188 721.7624926567078
55.943599308002824 -3.187530176699089 SE 55.94338717596847 -3.187318044664733 578.914044380188 720.5124926567078
55.94338717596847 -3.187318044664733 WNW 55.94350198099818 -3.1875952085244865 606.2236528396606 817.5803027153015
55.94350198099818 -3.1875952085244865 SSE 55.94322481713842 -3.187480403494777 606.2236528396606 816.3303027153015
55.94322481713842 -3.187480403494777 NNW 55.94350198099818 -3.1875952085244865 606.2236528396606 815.0803027153015
55.94350198099818 -3.1875952085244865 SSE 55.94322481713842 -3.187480403494777 606.2236528396606 813.8303027153015
55.94322481713842 -3.187480403494777 NNW 55.94350198099818 -3.1875952085244865 606.2236528396606 812.5803027153015
55.94350198099818 -3.1875952085244865 S 55.943201980998175 -3.1875952085244865 606.2236528396606 811.3303027153015
55.943201980998175 -3.1875952085244865 NE 55.94341411303253 -3.1873830764901308 606.2236528396606 810.0803027153015
55.94341411303253 -3.1873830764901308 SW 55.943201980998175 -3.1875952085244865 606.2236528396606 808.8303027153015
55.943201980998175 -3.1875952085244865 ENE 55.943316786027886 -3.187318044664733 651.5621652603149 905.8744158744812
55.943316786027886 -3.187318044664733 WSW 55.943201980998175 -3.1875952085244865 651.5621652603149 904.6244158744812
55.943201980998175 -3.1875952085244865 SSE 55.94292481713842 -3.187480403494777 697.0830278396606 1003.6376528739929
55.94292481713842 -3.187480403494777 NNW 55.943201980998175 -3.1875952085244865 697.0830278396606 1002.3876528739929
55.943201980998175 -3.1875952085244865 SE 55.94298984896382 -3.1873830764901308 697.0830278396606 1001.1376528739929
55.94298984896382 -3.1873830764901308 NW 55.943201980998175 -3.1875952085244865 697.0830278396606 999.8876528739929
55.943201980998175 -3.1875952085244865 E 55.943201980998175 -3.1872952085244863 742.5145387649536 1033.6004710197449
55.943201980998175 -3.1872952085244863 WSW 55.943087175968465 -3.1875723723842397 828.1869096755981 1143.3764185905457
55.943087175968465 -3.1875723723842397 ESE 55.942972370938755 -3.1872952085244863 828.1869096755981 1142.1264185905457
55.942972370938755 -3.1872952085244863 WNW 55.943087175968465 -3.1875723723842397 828.1869096755981 1140.8764185905457
55.943087175968465 -3.1875723723842397 ESE 55.942972370938755 -3.1872952085244863 828.1869096755981 1139.6264185905457
55.942972370938755 -3.1872952085244863 WNW 55.943087175968465 -3.1875723723842397 828.1869096755981 1138.3764185905457
55.943087175968465 -3.1875723723842397 ESE 55.942972370938755 -3.1872952085244863 828.1869096755981 1137.1264185905457
55.942972370938755 -3.1872952085244863 NW 55.94318450297311 -3.187507340558842 928.336522102356 1193.0963244438171
55.94318450297311 -3.187507340558842 ESE 55.9430696979434 -3.1872301766990887 936.0505366325378 1204.8252081871033
55.9430696979434 -3.1872301766990887 WNW 55.94318450297311 -3.187507340558842 936.0505366325378 1203.5752081871033
55.94318450297311 -3.187507340558842 E 55.94318450297311 -3.187207340558842 936.0505366325378 1202.3252081871033
55.94318450297311 -3.187207340558842 WSW 55.9430696979434 -3.1874845044185953 1011.5799403190613 1212.7135586738586
55.9430696979434 -3.1874845044185953 NE 55.94328182997776 -3.1872723723842395 1011.5799403190613 1211.4635586738586
55.94328182997776 -3.1872723723842395 SW 55.9430696979434 -3.1874845044185953 1011.5799403190613 1210.2135586738586
55.9430696979434 -3.1874845044185953 NE 55.94328182997776 -3.1872723723842395 1011.5799403190613 1208.9635586738586
55.94328182997776 -3.1872723723842395 W 55.94328182997776 -3.1875723723842397 1011.5799403190613 1207.7135586738586
55.94328182997776 -3.1875723723842397 E 55.94328182997776 -3.1872723723842395 1011.5799403190613 1206.4635586738586
55.94328182997776 -3.1872723723842395 WNW 55.94339663500747 -3.187549536243993 1107.379310131073 1209.6050672531128
55.94339663500747 -3.187549536243993 E 55.94339663500747 -3.1872495362439928 1107.379310131073 1208.3550672531128
55.94339663500747 -3.1872495362439928 WSW 55.94328182997776 -3.187526700103746 1107.379310131073 1207.1050672531128
55.94328182997776 -3.187526700103746 ENE 55.94339663500747 -3.1872495362439928 1107.379310131073 1205.8550672531128
55.94339663500747 -3.1872495362439928 ESE 55.94328182997776 -3.1869723723842394 1107.379310131073 1204.6050672531128
55.94328182997776 -3.1869723723842394 W 55.94328182997776 -3.1872723723842395 1107.379310131073 1203.3550672531128
55.94328182997776 -3.1872723723842395 SE 55.9430696979434 -3.1870602403498838 1107.379310131073 1202.1050672531128
55.9430696979434 -3.1870602403498838 NW 55.94328182997776 -3.1872723723842395 1107.379310131073 1200.8550672531128
55.94328182997776 -3.1872723723842395 SE 55.9430696979434 -3.1870602403498838 1107.379310131073 1199.6050672531128
55.9430696979434 -3.1870602403498838 NW 55.94328182997776 -3.1872723723842395 1107.379310131073 1198.3550672531128
55.94328182997776 -3.1872723723842395 E 55.94328182997776 -3.1869723723842394 1107.379310131073 1197.1050672531128
55.94328182997776 -3.1869723723842394 WNW 55.94339663500747 -3.1872495362439928 1107.379310131073 1195.8550672531128
55.94339663500747 -3.1872495362439928 ESE 55.94328182997776 -3.1869723723842394 1107.379310131073 1194.6050672531128
55.94328182997776 -3.1869723723842394 WNW 55.94339663500747 -3.1872495362439928 1107.379310131073 1193.3550672531128
55.94339663500747 -3.1872495362439928 ENE 55.94351144003718 -3.1869723723842394 1218.1130290031433 1314.4219617843628
55.94351144003718 -3.1869723723842394 SW 55.94329930800282 -3.187184504418595 1254.4393000602722 1434.20325756073
55.94329930800282 -3.187184504418595 NNE 55.94357647186258 -3.1870696993888856 1254.4393000602722 1432.95325756073
55.94357647186258 -3.1870696993888856 SSE 55.94329930800282 -3.186954894359176 1254.4393000602722 1431.70325756073
55.94329930800282 -3.186954894359176 NNW 55.94357647186258 -3.1870696993888856 1254.4393000602722 1430.45325756073
55.94357647186258 -3.1870696993888856 E 55.94357647186258 -3.1867696993888854 1254.4393000602722 1429.20325756073
55.94357647186258 -3.1867696993888854 WSW 55.94346166683287 -3.187046863248639 1254.4393000602722 1427.95325756073
55.94346166683287 -3.187046863248639 E 55.94346166683287 -3.1867468632486387 1344.464255809784 1509.3213300704956
55.94346166683287 -3.1867468632486387 WSW 55.94334686180316 -3.187024027108392 1344.464255809784 1508.0713300704956
55.94334686180316 -3.187024027108392 ENE 55.94346166683287 -3.1867468632486387 1344.464255809784 1506.8213300704956
55.94346166683287 -3.1867468632486387 SW 55.94324953479851 -3.1869589952829944 1344.464255809784 1505.5713300704956
55.94324953479851 -3.1869589952829944 NE 55.94346166683287 -3.1867468632486387 1344.464255809784 1504.3213300704956
55.94346166683287 -3.1867468632486387 SW 55.94324953479851 -3.1869589952829944 1344.464255809784 1503.0713300704956
55.94324953479851 -3.1869589952829944 NNE 55.94352669865827 -3.186844190253285 1344.464255809784 1501.8213300704956
55.94352669865827 -3.186844190253285 SSW 55.94324953479851 -3.1869589952829944 1344.464255809784 1500.5713300704956
55.94324953479851 -3.1869589952829944 SE 55.943037402764155 -3.1867468632486387 1344.464255809784 1499.3213300704956
55.943037402764155 -3.1867468632486387 NW 55.94324953479851 -3.1869589952829944 1344.464255809784 1498.0713300704956
55.94324953479851 -3.1869589952829944 S 55.94294953479851 -3.1869589952829944 1344.464255809784 1496.8213300704956
55.94294953479851 -3.1869589952829944 NNW 55.943226698658265 -3.187073800312704 1344.464255809784 1495.5713300704956
55.943226698658265 -3.187073800312704 S 55.94292669865826 -3.187073800312704 1344.464255809784 1494.3213300704956
55.94292669865826 -3.187073800312704 NW 55.94313883069262 -3.1872859323470597 1344.464255809784 1493.0713300704956
55.94313883069262 -3.1872859323470597 SE 55.94292669865826 -3.187073800312704 1344.464255809784 1491.8213300704956
55.94292669865826 -3.187073800312704 ENE 55.94304150368797 -3.1867966364529505 1344.464255809784 1490.5713300704956
55.94304150368797 -3.1867966364529505 WSW 55.94292669865826 -3.187073800312704 1344.464255809784 1489.3213300704956
55.94292669865826 -3.187073800312704 E 55.94292669865826 -3.1867738003127037 1344.464255809784 1488.0713300704956
55.94292669865826 -3.1867738003127037 W 55.94292669865826 -3.187073800312704 1344.464255809784 1486.8213300704956
55.94292669865826 -3.187073800312704 ENE 55.94304150368797 -3.1867966364529505 1344.464255809784 1485.5713300704956
55.94304150368797 -3.1867966364529505 NW 55.94325363572233 -3.1870087684873063 1344.464255809784 1484.3213300704956
55.94325363572233 -3.1870087684873063 SE 55.94304150368797 -3.1867966364529505 1344.464255809784 1483.0713300704956
55.94304150368797 -3.1867966364529505 NNE 55.94331866754773 -3.186681831423241 1344.464255809784 1481.8213300704956
55.94331866754773 -3.186681831423241 SSW 55.94304150368797 -3.1867966364529505 1344.464255809784 1480.5713300704956
55.94304150368797 -3.1867966364529505 SE 55.942829371653616 -3.1865845044185948 1344.464255809784 1479.3213300704956
55.942829371653616 -3.1865845044185948 NW 55.94304150368797 -3.1867966364529505 1344.464255809784 1478.0713300704956
55.94304150368797 -3.1867966364529505 ESE 55.94292669865826 -3.186519472593197 1344.464255809784 1476.8213300704956
55.94292669865826 -3.186519472593197 W 55.94292669865826 -3.1868194725931973 1344.464255809784 1475.5713300704956
55.94292669865826 -3.1868194725931973 ENE 55.94304150368797 -3.186542308733444 1344.464255809784 1474.3213300704956
55.94304150368797 -3.186542308733444 WSW 55.94292669865826 -3.1868194725931973 1344.464255809784 1473.0713300704956
55.94292669865826 -3.1868194725931973 SE 55.942714566623906 -3.1866073405588415 1344.464255809784 1471.8213300704956
55.942714566623906 -3.1866073405588415 NW 55.94292669865826 -3.1868194725931973 1344.464255809784 1470.5713300704956
55.94292669865826 -3.1868194725931973 SSW 55.942649534798505 -3.186934277622907 1368.5465693473816 1588.0696439743042
55.942649534798505 -3.186934277622907 N 55.94294953479851 -3.186934277622907 1368.5465693473816 1586.8196439743042
55.94294953479851 -3.186934277622907 S 55.942649534798505 -3.186934277622907 1368.5465693473816 1585.5696439743042
55.942649534798505 -3.186934277622907 N 55.94294953479851 -3.186934277622907 1368.5465693473816 1584.3196439743042
55.94294953479851 -3.186934277622907 S 55.942649534798505 -3.186934277622907 1368.5465693473816 1583.0696439743042
55.942649534798505 -3.186934277622907 NW 55.94286166683286 -3.1871464096572626 1398.3154845237732 1585.08788895607
55.94286166683286 -3.1871464096572626 ESE 55.94274686180315 -3.186869245797509 1398.3154845237732 1583.83788895607
55.94274686180315 -3.186869245797509 WSW 55.94263205677344 -3.1871464096572626 1446.3368468284607 1678.6047575473785
55.94263205677344 -3.1871464096572626 ENE 55.94274686180315 -3.186869245797509 1446.3368468284607 1677.3547575473785
55.94274686180315 -3.186869245797509 NW 55.94295899383751 -3.187081377831865 1446.3368468284607 1676.1047575473785
55.94295899383751 -3.187081377831865 SE 55.94274686180315 -3.186869245797509 1446.3368468284607 1674.8547575473785
55.94274686180315 -3.186869245797509 ESE 55.94263205677344 -3.186592081937756 1483.7783980369568 1686.173371553421
55.94263205677344 -3.186592081937756 W 55.94263205677344 -3.186892081937756 1483.7783980369568 1684.923371553421
55.94263205677344 -3.186892081937756 E 55.94263205677344 -3.186592081937756 1483.7783980369568 1683.673371553421
55.94263205677344 -3.186592081937756 WNW 55.94274686180315 -3.186869245797509 1483.7783980369568 1682.423371553421
55.94274686180315 -3.186869245797509 ENE 55.94286166683286 -3.186592081937756 1483.7783980369568 1681.173371553421
55.94286166683286 -3.186592081937756 WSW 55.94274686180315 -3.186869245797509 1483.7783980369568 1679.923371553421
55.94274686180315 -3.186869245797509 ENE 55.94286166683286 -3.186592081937756 1483.7783980369568 1678.673371553421
55.94286166683286 -3.186592081937756 SW 55.942649534798505 -3.1868042139721116 1483.7783980369568 1677.423371553421
55.942649534798505 -3.1868042139721116 ENE 55.942764339828216 -3.186527050112358 1492.3797917366028 1777.576333284378
55.942764339828216 -3.186527050112358 WSW 55.942649534798505 -3.1868042139721116 1492.3797917366028 1776.326333284378
55.942649534798505 -3.1868042139721116 E 55.942649534798505 -3.1865042139721114 1600.63276720047 1818.2060062885284
55.942649534798505 -3.1865042139721114 W 55.942649534798505 -3.1868042139721116 1600.63276720047 1816.9560062885284
55.942649534798505 -3.1868042139721116 ENE 55.942764339828216 -3.186527050112358 1600.63276720047 1815.7060062885284
55.942764339828216 -3.186527050112358 N 55.94306433982822 -3.186527050112358 1600.63276720047 1814.4560062885284
55.94306433982822 -3.186527050112358 S 55.942764339828216 -3.186527050112358 1600.63276720047 1813.2060062885284
55.942764339828216 -3.186527050112358 NNE 55.94304150368797 -3.1864122450826486 1675.2827305793762 1881.041692018509
55.94304150368797 -3.1864122450826486 SW 55.942829371653616 -3.1866243771170044 1675.2827305793762 1879.791692018509
55.942829371653616 -3.1866243771170044 NE 55.94304150368797 -3.1864122450826486 1675.2827305793762 1878.541692018509
55.94304150368797 -3.1864122450826486 SW 55.942829371653616 -3.1866243771170044 1675.2827305793762 1877.291692018509
55.942829371653616 -3.1866243771170044 NNW 55.94310653551337 -3.186739182146714 1696.9486927986145 1967.8480732440948
55.94310653551337 -3.186739182146714 SE 55.942894403479016 -3.186527050112358 1696.9486927986145 1966.5980732440948
55.942894403479016 -3.186527050112358 NW 55.94310653551337 -3.186739182146714 1696.9486927986145 1965.3480732440948
55.94310653551337 -3.186739182146714 NE 55.94331866754773 -3.186527050112358 1702.9280843734741 1965.0669883489609
55.94331866754773 -3.186527050112358 SW 55.94310653551337 -3.186739182146714 1702.9280843734741 1963.8169883489609
55.94310653551337 -3.186739182146714 NE 55.94331866754773 -3.186527050112358 1702.9280843734741 1962.5669883489609
55.94331866754773 -3.186527050112358 W 55.94331866754773 -3.1868270501123583 1702.9280843734741 1961.3169883489609
55.94331866754773 -3.1868270501123583 E 55.94331866754773 -3.186527050112358 1702.9280843734741 1960.0669883489609
55.94331866754773 -3.186527050112358 W 55.94331866754773 -3.1868270501123583 1702.9280843734741 1958.8169883489609
55.94331866754773 -3.1868270501123583 E 55.94331866754773 -3.186527050112358 1702.9280843734741 1957.5669883489609
55.94331866754773 -3.186527050112358 W 55.94331866754773 -3.1868270501123583 1702.9280843734741 1956.3169883489609
55.94331866754773 -3.1868270501123583 E 55.94331866754773 -3.186527050112358 1702.9280843734741 1955.0669883489609
55.94331866754773 -3.186527050112358 NW 55.943530799582085 -3.186739182146714 1814.5903234481812 1992.8695434331894
55.943530799582085 -3.186739182146714 SE 55.94331866754773 -3.186527050112358 1814.5903234481812 1991.6195434331894
55.94331866754773 -3.186527050112358 NW 55.943530799582085 -3.186739182146714 1814.5903234481812 1990.3695434331894
55.943530799582085 -3.186739182146714 SSE 55.94325363572233 -3.1866243771170044 1814.5903234481812 1989.1195434331894
55.94325363572233 -3.1866243771170044 NNW 55.943530799582085 -3.186739182146714 1814.5903234481812 1987.8695434331894
55.943530799582085 -3.186739182146714 E 55.943530799582085 -3.1864391821467137 1849.5269079208374 1993.7808765172958
55.943530799582085 -3.1864391821467137 W 55.943530799582085 -3.186739182146714 1849.5269079208374 1992.5308765172958
55.943530799582085 -3.186739182146714 ESE 55.943415994552375 -3.1864620182869605 1849.5269079208374 1991.2808765172958
55.943415994552375 -3.1864620182869605 WNW 55.943530799582085 -3.186739182146714 1849.5269079208374 1990.0308765172958
55.943530799582085 -3.186739182146714 N 55.94383079958209 -3.186739182146714 1963.5530004501343 2041.4196857213974
55.94383079958209 -3.186739182146714 S 55.943530799582085 -3.186739182146714 1963.5530004501343 2040.1696857213974
55.943530799582085 -3.186739182146714 ENE 55.943645604611795 -3.1864620182869605 1967.6151204109192 2068.880485892296
55.943645604611795 -3.1864620182869605 WSW 55.943530799582085 -3.186739182146714 1967.6151204109192 2067.630485892296
55.943530799582085 -3.186739182146714 ENE 55.943645604611795 -3.1864620182869605 1967.6151204109192 2066.380485892296
55.943645604611795 -3.1864620182869605 WSW 55.943530799582085 -3.186739182146714 1967.6151204109192 2065.130485892296
55.943530799582085 -3.186739182146714 NE 55.94374293161644 -3.186527050112358 2042.8623356819153 2129.2390369176865
