55.944425 -3.188396 S 55.944125 -3.188396 0.0 248.75
55.944125 -3.188396 N 55.944425 -3.188396 0.0 247.5
55.944425 -3.188396 ESE 55.94431019497029 -3.1881188361402466 0.0 246.25
55.94431019497029 -3.1881188361402466 WNW 55.944425 -3.188396 0.0 245.0
55.944425 -3.188396 E 55.944425 -3.188096 0.0 243.75
55.944425 -3.188096 W 55.944425 -3.188396 0.0 242.5
55.944425 -3.188396 E 55.944425 -3.188096 0.0 241.25
55.944425 -3.188096 NW 55.94463713203436 -3.1883081320343556 0.0 240.0
55.94463713203436 -3.1883081320343556 E 55.94463713203436 -3.1880081320343554 0.0 238.75
55.94463713203436 -3.1880081320343554 W 55.94463713203436 -3.1883081320343556 0.0 237.5
55.94463713203436 -3.1883081320343556 SW 55.944425 -3.1885202640687114 0.0 236.25
55.944425 -3.1885202640687114 NE 55.94463713203436 -3.1883081320343556 0.0 235.0
55.94463713203436 -3.1883081320343556 N 55.94493713203436 -3.1883081320343556 0.0 233.75
55.94493713203436 -3.1883081320343556 S 55.94463713203436 -3.1883081320343556 0.0 232.5
55.94463713203436 -3.1883081320343556 NNW 55.944914295894115 -3.188422937064065 0.0 231.25
55.944914295894115 -3.188422937064065 S 55.94461429589411 -3.188422937064065 0.0 230.0
55.94461429589411 -3.188422937064065 NNW 55.94489145975387 -3.1885377420937746 0.0 228.75
55.94489145975387 -3.1885377420937746 S 55.944591459753866 -3.1885377420937746 0.0 227.5
55.944591459753866 -3.1885377420937746 N 55.94489145975387 -3.1885377420937746 0.0 226.25
55.94489145975387 -3.1885377420937746 SSW 55.94461429589411 -3.188652547123484 0.0 225.0
55.94461429589411 -3.188652547123484 NW 55.94482642792847 -3.18886467915784 79.8250503540039 299.2795104980469
55.94482642792847 -3.18886467915784 SE 55.94461429589411 -3.188652547123484 79.8250503540039 298.0295104980469
55.94461429589411 -3.188652547123484 ENE 55.94472910092382 -3.1883753832637307 79.8250503540039 296.7795104980469
55.94472910092382 -3.1883753832637307 WSW 55.94461429589411 -3.188652547123484 79.8250503540039 295.5295104980469
55.94461429589411 -3.188652547123484 E 55.94461429589411 -3.188352547123484 79.8250503540039 294.2795104980469
55.94461429589411 -3.188352547123484 WSW 55.9444994908644 -3.1886297109832373 79.8250503540039 293.0295104980469
55.9444994908644 -3.1886297109832373 ENE 55.94461429589411 -3.188352547123484 79.8250503540039 291.7795104980469
55.94461429589411 -3.188352547123484 WSW 55.9444994908644 -3.1886297109832373 79.8250503540039 290.5295104980469
55.9444994908644 -3.1886297109832373 NW 55.94471162289876 -3.188841843017593 79.8250503540039 289.2795104980469
55.94471162289876 -3.188841843017593 SE 55.9444994908644 -3.1886297109832373 79.8250503540039 288.0295104980469
55.9444994908644 -3.1886297109832373 S 55.9441994908644 -3.1886297109832373 79.8250503540039 286.7795104980469
55.9441994908644 -3.1886297109832373 N 55.9444994908644 -3.1886297109832373 79.8250503540039 285.5295104980469
55.9444994908644 -3.1886297109832373 SSW 55.944222327004645 -3.188744516012947 79.8250503540039 284.2795104980469
55.944222327004645 -3.188744516012947 NNE 55.9444994908644 -3.1886297109832373 79.8250503540039 283.0295104980469
55.9444994908644 -3.1886297109832373 WSW 55.94438468583469 -3.1889068748429907 79.8250503540039 281.7795104980469
55.94438468583469 -3.1889068748429907 ENE 55.9444994908644 -3.1886297109832373 79.8250503540039 280.5295104980469
55.9444994908644 -3.1886297109832373 W 55.9444994908644 -3.1889297109832375 79.8250503540039 279.2795104980469
55.9444994908644 -3.1889297109832375 E 55.9444994908644 -3.1886297109832373 79.8250503540039 278.0295104980469
55.9444994908644 -3.1886297109832373 SSE 55.944222327004645 -3.188514905953528 79.8250503540039 276.7795104980469
55.944222327004645 -3.188514905953528 NNW 55.9444994908644 -3.1886297109832373 79.8250503540039 275.5295104980469
55.9444994908644 -3.1886297109832373 NW 55.94471162289876 -3.188841843017593 79.8250503540039 274.2795104980469
55.94471162289876 -3.188841843017593 S 55.944411622898755 -3.188841843017593 79.8250503540039 273.0295104980469
55.944411622898755 -3.188841843017593 N 55.94471162289876 -3.188841843017593 79.8250503540039 271.7795104980469
55.94471162289876 -3.188841843017593 NW 55.944923754933114 -3.189053975051949 141.63306045532227 284.96615505218506
55.944923754933114 -3.189053975051949 SE 55.94471162289876 -3.188841843017593 141.63306045532227 283.71615505218506
55.94471162289876 -3.188841843017593 NNW 55.944988786758515 -3.1889566480473026 141.63306045532227 282.46615505218506
55.944988786758515 -3.1889566480473026 SE 55.94477665472416 -3.188744516012947 151.21348094940186 315.5999975204468
55.94477665472416 -3.188744516012947 NW 55.944988786758515 -3.1889566480473026 151.21348094940186 314.3499975204468
55.944988786758515 -3.1889566480473026 SE 55.94477665472416 -3.188744516012947 151.21348094940186 313.0999975204468
55.94477665472416 -3.188744516012947 NW 55.944988786758515 -3.1889566480473026 151.21348094940186 311.8499975204468
55.944988786758515 -3.1889566480473026 SE 55.94477665472416 -3.188744516012947 151.21348094940186 310.5999975204468
55.94477665472416 -3.188744516012947 N 55.94507665472416 -3.188744516012947 151.21348094940186 309.3499975204468
55.94507665472416 -3.188744516012947 S 55.94477665472416 -3.188744516012947 151.21348094940186 308.0999975204468
55.94477665472416 -3.188744516012947 SE 55.9445645226898 -3.188532383978591 151.21348094940186 306.8499975204468
55.9445645226898 -3.188532383978591 NW 55.94477665472416 -3.188744516012947 151.21348094940186 305.5999975204468
55.94477665472416 -3.188744516012947 WSW 55.94466184969445 -3.1890216798727002 151.21348094940186 304.3499975204468
55.94466184969445 -3.1890216798727002 ESE 55.94454704466474 -3.188744516012947 161.44144821166992 357.34238719940186
55.94454704466474 -3.188744516012947 WSW 55.94443223963503 -3.1890216798727002 161.44144821166992 356.09238719940186
55.94443223963503 -3.1890216798727002 ENE 55.94454704466474 -3.188744516012947 161.44144821166992 354.84238719940186
55.94454704466474 -3.188744516012947 WSW 55.94443223963503 -3.1890216798727002 161.44144821166992 353.59238719940186
55.94443223963503 -3.1890216798727002 SE 55.94422010760067 -3.1888095478383445 233.18219375610352 443.21270275115967
55.94422010760067 -3.1888095478383445 NNW 55.94449727146043 -3.188924352868054 233.18219375610352 441.96270275115967
55.94449727146043 -3.188924352868054 S 55.944197271460425 -3.188924352868054 233.18219375610352 440.71270275115967
55.944197271460425 -3.188924352868054 NE 55.94440940349478 -3.188712220833698 233.18219375610352 439.46270275115967
55.94440940349478 -3.188712220833698 W 55.94440940349478 -3.1890122208336984 233.18219375610352 438.21270275115967
55.94440940349478 -3.1890122208336984 SE 55.944197271460425 -3.1888000887993426 233.18219375610352 436.96270275115967
55.944197271460425 -3.1888000887993426 NW 55.94440940349478 -3.1890122208336984 233.18219375610352 435.71270275115967
55.94440940349478 -3.1890122208336984 SSE 55.944132239635024 -3.188897415803989 233.18219375610352 434.46270275115967
55.944132239635024 -3.188897415803989 NNW 55.94440940349478 -3.1890122208336984 233.18219375610352 433.21270275115967
55.94440940349478 -3.1890122208336984 S 55.94410940349478 -3.1890122208336984 233.18219375610352 431.96270275115967
55.94410940349478 -3.1890122208336984 WNW 55.94422420852449 -3.189289384693452 233.18219375610352 430.71270275115967
55.94422420852449 -3.189289384693452 SE 55.94401207649013 -3.189077252659096 233.18219375610352 429.46270275115967
55.94401207649013 -3.189077252659096 NW 55.94422420852449 -3.189289384693452 233.18219375610352 428.21270275115967
55.94422420852449 -3.189289384693452 SSW 55.94394704466473 -3.1894041897231613 335.68503189086914 433.0466265678406
55.94394704466473 -3.1894041897231613 N 55.944247044664735 -3.1894041897231613 335.68503189086914 431.7966265678406
55.944247044664735 -3.1894041897231613 W 55.944247044664735 -3.1897041897231615 335.68503189086914 430.5466265678406
55.944247044664735 -3.1897041897231615 E 55.944247044664735 -3.1894041897231613 335.68503189086914 429.2966265678406
55.944247044664735 -3.1894041897231613 S 55.94394704466473 -3.1894041897231613 335.68503189086914 428.0466265678406
55.94394704466473 -3.1894041897231613 NNE 55.94422420852449 -3.189289384693452 335.68503189086914 426.7966265678406
55.94422420852449 -3.189289384693452 SSE 55.94394704466473 -3.1891745796637423 335.68503189086914 425.5466265678406
55.94394704466473 -3.1891745796637423 NNW 55.94422420852449 -3.189289384693452 335.68503189086914 424.2966265678406
55.94422420852449 -3.189289384693452 SSE 55.94394704466473 -3.1891745796637423 335.68503189086914 423.0466265678406
55.94394704466473 -3.1891745796637423 NNE 55.94422420852449 -3.189059774634033 335.68503189086914 421.7966265678406
55.94422420852449 -3.189059774634033 SSW 55.94394704466473 -3.1891745796637423 335.68503189086914 420.5466265678406
55.94394704466473 -3.1891745796637423 NE 55.94415917669909 -3.1889624476293865 335.68503189086914 419.2966265678406
55.94415917669909 -3.1889624476293865 SSW 55.94388201283933 -3.189077252659096 335.68503189086914 418.0466265678406
55.94388201283933 -3.189077252659096 NNE 55.94415917669909 -3.1889624476293865 335.68503189086914 416.7966265678406
55.94415917669909 -3.1889624476293865 SE 55.94394704466473 -3.1887503155950307 335.68503189086914 415.5466265678406
55.94394704466473 -3.1887503155950307 NNW 55.94422420852449 -3.1888651206247403 335.68503189086914 414.2966265678406
55.94422420852449 -3.1888651206247403 SSE 55.94394704466473 -3.1887503155950307 335.68503189086914 413.0466265678406
55.94394704466473 -3.1887503155950307 NNW 55.94422420852449 -3.1888651206247403 335.68503189086914 411.7966265678406
55.94422420852449 -3.1888651206247403 SSE 55.94394704466473 -3.1887503155950307 335.68503189086914 410.5466265678406
55.94394704466473 -3.1887503155950307 SSE 55.943669880804975 -3.1886355105653212 335.68503189086914 409.2966265678406
55.943669880804975 -3.1886355105653212 NNW 55.94394704466473 -3.1887503155950307 335.68503189086914 408.0466265678406
55.94394704466473 -3.1887503155950307 S 55.94364704466473 -3.1887503155950307 335.68503189086914 406.7966265678406
55.94364704466473 -3.1887503155950307 NNE 55.943924208524486 -3.1886355105653212 335.68503189086914 405.5466265678406
55.943924208524486 -3.1886355105653212 SSW 55.94364704466473 -3.1887503155950307 335.68503189086914 404.2966265678406
55.94364704466473 -3.1887503155950307 NNE 55.943924208524486 -3.1886355105653212 335.68503189086914 403.0466265678406
55.943924208524486 -3.1886355105653212 SSW 55.94364704466473 -3.1887503155950307 335.68503189086914 401.7966265678406
55.94364704466473 -3.1887503155950307 ENE 55.94376184969444 -3.1884731517352773 335.68503189086914 400.5466265678406
55.94376184969444 -3.1884731517352773 SW 55.94354971766008 -3.188685283769633 335.68503189086914 399.2966265678406
55.94354971766008 -3.188685283769633 ENE 55.943664522689794 -3.1884081199098797 408.1808280944824 494.6195559501648
55.943664522689794 -3.1884081199098797 WSW 55.94354971766008 -3.188685283769633 408.1808280944824 493.3695559501648
55.94354971766008 -3.188685283769633 ENE 55.943664522689794 -3.1884081199098797 408.1808280944824 492.1195559501648
55.943664522689794 -3.1884081199098797 SSW 55.94338735883004 -3.188522924939589 408.1808280944824 490.8695559501648
55.94338735883004 -3.188522924939589 N 55.94368735883004 -3.188522924939589 408.1808280944824 489.6195559501648
55.94368735883004 -3.188522924939589 S 55.94338735883004 -3.188522924939589 408.1808280944824 488.3695559501648
55.94338735883004 -3.188522924939589 ENE 55.94350216385975 -3.188245761079836 408.1808280944824 487.1195559501648
55.94350216385975 -3.188245761079836 WSW 55.94338735883004 -3.188522924939589 408.1808280944824 485.8695559501648
55.94338735883004 -3.188522924939589 WSW 55.94327255380033 -3.1888000887993426 408.1808280944824 484.6195559501648
55.94327255380033 -3.1888000887993426 NE 55.94348468583468 -3.188587956764987 489.1293067932129 573.1500506401062
55.94348468583468 -3.188587956764987 SW 55.94327255380033 -3.1888000887993426 489.1293067932129 571.9000506401062
55.94327255380033 -3.1888000887993426 NNE 55.94354971766008 -3.188685283769633 489.1293067932129 570.6500506401062
55.94354971766008 -3.188685283769633 SSW 55.94327255380033 -3.1888000887993426 489.1293067932129 569.4000506401062
55.94327255380033 -3.1888000887993426 N 55.94357255380033 -3.1888000887993426 492.58724331855774 578.0188851356506
55.94357255380033 -3.1888000887993426 S 55.94327255380033 -3.1888000887993426 492.58724331855774 576.7688851356506
55.94327255380033 -3.1888000887993426 N 55.94357255380033 -3.1888000887993426 492.58724331855774 575.5188851356506
55.94357255380033 -3.1888000887993426 N 55.94387255380033 -3.1888000887993426 492.58724331855774 574.2688851356506
55.94387255380033 -3.1888000887993426 SSE 55.943595389940576 -3.188685283769633 492.58724331855774 573.0188851356506
55.943595389940576 -3.188685283769633 NE 55.94380752197493 -3.1884731517352773 510.0280010700226 633.4750962257385
55.94380752197493 -3.1884731517352773 SW 55.943595389940576 -3.188685283769633 510.0280010700226 632.2250962257385
55.943595389940576 -3.188685283769633 NNW 55.94387255380033 -3.1888000887993426 510.0280010700226 630.9750962257385
55.94387255380033 -3.1888000887993426 NNE 55.94414971766009 -3.188685283769633 510.0280010700226 629.7250962257385
55.94414971766009 -3.188685283769633 SSW 55.94387255380033 -3.1888000887993426 510.0280010700226 628.4750962257385
55.94387255380033 -3.1888000887993426 W 55.94387255380033 -3.189100088799343 510.0280010700226 627.2250962257385
55.94387255380033 -3.189100088799343 E 55.94387255380033 -3.1888000887993426 510.0280010700226 625.9750962257385
55.94387255380033 -3.1888000887993426 W 55.94387255380033 -3.189100088799343 510.0280010700226 624.7250962257385
55.94387255380033 -3.189100088799343 SW 55.943660421765976 -3.1893122208336986 526.8581116199493 687.7265381813049
55.943660421765976 -3.1893122208336986 NE 55.94387255380033 -3.189100088799343 526.8581116199493 686.4765381813049
55.94387255380033 -3.189100088799343 SSW 55.943595389940576 -3.1892148938290523 526.8581116199493 685.2265381813049
55.943595389940576 -3.1892148938290523 NNE 55.94387255380033 -3.189100088799343 526.8581116199493 683.9765381813049
55.94387255380033 -3.189100088799343 N 55.944172553800335 -3.189100088799343 612.9242279529572 798.5771851539612
55.944172553800335 -3.189100088799343 SSW 55.94389538994058 -3.1892148938290523 612.9242279529572 797.3271851539612
55.94389538994058 -3.1892148938290523 SSE 55.94361822608082 -3.189100088799343 612.9242279529572 796.0771851539612
55.94361822608082 -3.189100088799343 NW 55.94383035811518 -3.1893122208336986 612.9242279529572 794.8271851539612
55.94383035811518 -3.1893122208336986 SE 55.94361822608082 -3.189100088799343 612.9242279529572 793.5771851539612
55.94361822608082 -3.189100088799343 WNW 55.94373303111053 -3.189377252659096 661.744925737381 881.3115906715393
55.94373303111053 -3.189377252659096 E 55.94373303111053 -3.189077252659096 661.744925737381 880.0615906715393
55.94373303111053 -3.189077252659096 W 55.94373303111053 -3.189377252659096 661.744925737381 878.8115906715393
55.94373303111053 -3.189377252659096 SW 55.94352089907618 -3.189589384693452 661.744925737381 877.5615906715393
55.94352089907618 -3.189589384693452 NE 55.94373303111053 -3.189377252659096 661.744925737381 876.3115906715393
55.94373303111053 -3.189377252659096 N 55.944033031110536 -3.189377252659096 661.744925737381 875.0615906715393
55.944033031110536 -3.189377252659096 S 55.94373303111053 -3.189377252659096 661.744925737381 873.8115906715393
55.94373303111053 -3.189377252659096 N 55.944033031110536 -3.189377252659096 661.744925737381 872.5615906715393
55.944033031110536 -3.189377252659096 S 55.94373303111053 -3.189377252659096 661.744925737381 871.3115906715393
55.94373303111053 -3.189377252659096 N 55.944033031110536 -3.189377252659096 661.744925737381 870.0615906715393
55.944033031110536 -3.189377252659096 SW 55.94382089907618 -3.189589384693452 764.0768578052521 906.8380494117737
55.94382089907618 -3.189589384693452 N 55.94412089907618 -3.189589384693452 764.0768578052521 905.5880494117737
55.94412089907618 -3.189589384693452 S 55.94382089907618 -3.189589384693452 764.0768578052521 904.3380494117737
55.94382089907618 -3.189589384693452 NNW 55.944098062935936 -3.1897041897231615 847.3889458179474 949.4473977088928
55.944098062935936 -3.1897041897231615 SSE 55.94382089907618 -3.189589384693452 847.3889458179474 948.1973977088928
55.94382089907618 -3.189589384693452 SE 55.94360876704182 -3.189377252659096 847.3889458179474 946.9473977088928
55.94360876704182 -3.189377252659096 NW 55.94382089907618 -3.189589384693452 847.3889458179474 945.6973977088928
55.94382089907618 -3.189589384693452 SW 55.94360876704182 -3.1898015167278078 893.5785057544708 1051.058626651764
55.94360876704182 -3.1898015167278078 NE 55.94382089907618 -3.189589384693452 893.5785057544708 1049.808626651764
55.94382089907618 -3.189589384693452 W 55.94382089907618 -3.189889384693452 893.5785057544708 1048.558626651764
55.94382089907618 -3.189889384693452 ESE 55.94370609404647 -3.1896122208336988 893.5785057544708 1047.308626651764
55.94370609404647 -3.1896122208336988 NW 55.943918226080825 -3.1898243528680545 1006.9768211841583 1169.2422890663147
55.943918226080825 -3.1898243528680545 SE 55.94370609404647 -3.1896122208336988 1006.9768211841583 1167.9922890663147
55.94370609404647 -3.1896122208336988 NW 55.943918226080825 -3.1898243528680545 1006.9768211841583 1166.7422890663147
55.943918226080825 -3.1898243528680545 SSW 55.94364106222107 -3.189939157897764 1131.4838860034943 1183.047733783722
55.94364106222107 -3.189939157897764 N 55.94394106222107 -3.189939157897764 1157.795478105545 1244.060215473175
55.94394106222107 -3.189939157897764 E 55.94394106222107 -3.189639157897764 1157.795478105545 1242.810215473175
55.94394106222107 -3.189639157897764 WNW 55.94405586725078 -3.1899163217575173 1184.842078447342 1318.3164410591125
55.94405586725078 -3.1899163217575173 ESE 55.94394106222107 -3.189639157897764 1184.842078447342 1317.0664410591125
55.94394106222107 -3.189639157897764 WNW 55.94405586725078 -3.1899163217575173 1184.842078447342 1315.8164410591125
55.94405586725078 -3.1899163217575173 NNW 55.94433303111054 -3.190031126787227 1184.842078447342 1314.5664410591125
55.94433303111054 -3.190031126787227 SSE 55.94405586725078 -3.1899163217575173 1184.842078447342 1313.3164410591125
55.94405586725078 -3.1899163217575173 W 55.94405586725078 -3.1902163217575175 1248.379462480545 1338.1533341407776
55.94405586725078 -3.1902163217575175 E 55.94405586725078 -3.1899163217575173 1248.379462480545 1336.9033341407776
55.94405586725078 -3.1899163217575173 SW 55.943843735216426 -3.190128453791873 1248.379462480545 1335.6533341407776
55.943843735216426 -3.190128453791873 NNE 55.94412089907618 -3.1900136487621635 1324.0031502246857 1336.1227470636368
55.94412089907618 -3.1900136487621635 SSE 55.943843735216426 -3.189898843732454 1324.0031502246857 1334.8727470636368
55.943843735216426 -3.189898843732454 NNW 55.94412089907618 -3.1900136487621635 1324.0031502246857 1333.6227470636368
55.94412089907618 -3.1900136487621635 SSW 55.943843735216426 -3.190128453791873 1324.0031502246857 1332.3727470636368
55.943843735216426 -3.190128453791873 NNE 55.94412089907618 -3.1900136487621635 1324.0031502246857 1331.1227470636368
55.94412089907618 -3.1900136487621635 WSW 55.94400609404647 -3.190290812621917 1324.0031502246857 1329.8727470636368
55.94400609404647 -3.190290812621917 E 55.94400609404647 -3.1899908126219167 1400.7592461109161 1346.738723397255
55.94400609404647 -3.1899908126219167 SW 55.943793962012116 -3.1902029446562725 1429.545644044876 1448.76866877079
55.943793962012116 -3.1902029446562725 NE 55.94400609404647 -3.1899908126219167 1429.545644044876 1447.51866877079
55.94400609404647 -3.1899908126219167 WSW 55.94389128901676 -3.19026797648167 1429.545644044876 1446.26866877079
55.94389128901676 -3.19026797648167 ENE 55.94400609404647 -3.1899908126219167 1429.545644044876 1445.01866877079
55.94400609404647 -3.1899908126219167 S 55.94370609404647 -3.1899908126219167 1429.545644044876 1443.76866877079
55.94370609404647 -3.1899908126219167 NNW 55.943983257906226 -3.1901056176516263 1475.4317753314972 1448.8557077646255
55.943983257906226 -3.1901056176516263 SSW 55.94370609404647 -3.1902204226813358 1475.4317753314972 1447.6057077646255
55.94370609404647 -3.1902204226813358 ESE 55.94359128901676 -3.1899432588215824 1475.4317753314972 1446.3557077646255
55.94359128901676 -3.1899432588215824 WNW 55.94370609404647 -3.1902204226813358 1475.4317753314972 1445.1057077646255
55.94370609404647 -3.1902204226813358 NNE 55.943983257906226 -3.1901056176516263 1475.4317753314972 1443.8557077646255
55.943983257906226 -3.1901056176516263 WSW 55.943868452876515 -3.1903827815113797 1554.9222538471222 1500.6856600046158
55.943868452876515 -3.1903827815113797 E 55.943868452876515 -3.1900827815113795 1554.9222538471222 1499.4356600046158
55.943868452876515 -3.1900827815113795 W 55.943868452876515 -3.1903827815113797 1554.9222538471222 1498.1856600046158
55.943868452876515 -3.1903827815113797 NE 55.94408058491087 -3.190170649477024 1554.9222538471222 1496.9356600046158
55.94408058491087 -3.190170649477024 SW 55.943868452876515 -3.1903827815113797 1554.9222538471222 1495.6856600046158
55.943868452876515 -3.1903827815113797 SSE 55.94359128901676 -3.19026797648167 1554.9222538471222 1494.4356600046158
55.94359128901676 -3.19026797648167 NNW 55.943868452876515 -3.1903827815113797 1554.9222538471222 1493.1856600046158
55.943868452876515 -3.1903827815113797 SW 55.94365632084216 -3.1905949135457354 1554.9222538471222 1491.9356600046158
55.94365632084216 -3.1905949135457354 NE 55.943868452876515 -3.1903827815113797 1554.9222538471222 1490.6856600046158
55.943868452876515 -3.1903827815113797 NE 55.94408058491087 -3.190170649477024 1554.9222538471222 1489.4356600046158
55.94408058491087 -3.190170649477024 SW 55.943868452876515 -3.1903827815113797 1554.9222538471222 1488.1856600046158
55.943868452876515 -3.1903827815113797 NNW 55.94414561673627 -3.190497586541089 1554.9222538471222 1486.9356600046158
55.94414561673627 -3.190497586541089 SSE 55.943868452876515 -3.1903827815113797 1554.9222538471222 1485.6856600046158
55.943868452876515 -3.1903827815113797 E 55.943868452876515 -3.1900827815113795 1554.9222538471222 1484.4356600046158
55.943868452876515 -3.1900827815113795 W 55.943868452876515 -3.1903827815113797 1554.9222538471222 1483.1856600046158
55.943868452876515 -3.1903827815113797 SW 55.94365632084216 -3.1905949135457354 1554.9222538471222 1481.9356600046158
55.94365632084216 -3.1905949135457354 NE 55.943868452876515 -3.1903827815113797 1554.9222538471222 1480.6856600046158
55.943868452876515 -3.1903827815113797 SW 55.94365632084216 -3.1905949135457354 1554.9222538471222 1479.4356600046158
55.94365632084216 -3.1905949135457354 NNE 55.943933484701915 -3.190480108516026 1634.7098438739777 1545.9983736276627
55.943933484701915 -3.190480108516026 WNW 55.944048289731626 -3.1907572723757793 1714.6541492938995 1556.0830351114273
55.944048289731626 -3.1907572723757793 ESE 55.943933484701915 -3.190480108516026 1714.6541492938995 1554.8330351114273
55.943933484701915 -3.190480108516026 NNE 55.94421064856167 -3.1903653034863164 1828.6131031513214 1618.9534269571304
55.94421064856167 -3.1903653034863164 SSW 55.943933484701915 -3.190480108516026 1828.6131031513214 1617.7034269571304
55.943933484701915 -3.190480108516026 NNE 55.94421064856167 -3.1903653034863164 1828.6131031513214 1616.4534269571304
55.94421064856167 -3.1903653034863164 WSW 55.94409584353196 -3.19064246734607 1828.6131031513214 1615.2034269571304
55.94409584353196 -3.19064246734607 SE 55.943883711497605 -3.190430335311714 1839.8607428073883 1634.076304078102
55.943883711497605 -3.190430335311714 NW 55.94409584353196 -3.19064246734607 1839.8607428073883 1632.826304078102
55.94409584353196 -3.19064246734607 SE 55.943883711497605 -3.190430335311714 1839.8607428073883 1631.576304078102
55.943883711497605 -3.190430335311714 NW 55.94409584353196 -3.19064246734607 1839.8607428073883 1630.326304078102
55.94409584353196 -3.19064246734607 N 55.944395843531964 -3.19064246734607 1889.106588602066 1728.4479242563248
55.944395843531964 -3.19064246734607 S 55.94409584353196 -3.19064246734607 1889.106588602066 1727.1979242563248
55.94409584353196 -3.19064246734607 N 55.944395843531964 -3.19064246734607 1889.106588602066 1725.9479242563248
55.944395843531964 -3.19064246734607 S 55.94409584353196 -3.19064246734607 1889.106588602066 1724.6979242563248
55.94409584353196 -3.19064246734607 NNE 55.94437300739172 -3.1905276623163603 2008.0306532382965 1779.8665796518326
55.94437300739172 -3.1905276623163603 SW 55.94416087535736 -3.190739794350716 2008.0306532382965 1778.6165796518326
55.94416087535736 -3.190739794350716 N 55.944460875357365 -3.190739794350716 2008.0306532382965 1777.3665796518326
55.944460875357365 -3.190739794350716 SE 55.94424874332301 -3.1905276623163603 2008.0306532382965 1776.1165796518326
55.94424874332301 -3.1905276623163603 NW 55.944460875357365 -3.190739794350716 2008.0306532382965 1774.8665796518326
55.944460875357365 -3.190739794350716 ESE 55.944346070327654 -3.1904626304909627 2008.0306532382965 1773.6165796518326
55.944346070327654 -3.1904626304909627 WNW 55.944460875357365 -3.190739794350716 2008.0306532382965 1772.3665796518326
55.944460875357365 -3.190739794350716 SSW 55.94418371149761 -3.1908545993804256 2008.0306532382965 1771.1165796518326
55.94418371149761 -3.1908545993804256 NNE 55.944460875357365 -3.190739794350716 2008.0306532382965 1769.8665796518326
55.944460875357365 -3.190739794350716 SW 55.94424874332301 -3.190951926385072 2008.0306532382965 1768.6165796518326
55.94424874332301 -3.190951926385072 NE 55.944460875357365 -3.190739794350716 2008.0306532382965 1767.3665796518326
55.944460875357365 -3.190739794350716 SW 55.94424874332301 -3.190951926385072 2008.0306532382965 1766.1165796518326
55.94424874332301 -3.190951926385072 ENE 55.94436354835272 -3.1906747625253185 2008.0306532382965 1764.8665796518326
55.94436354835272 -3.1906747625253185 WSW 55.94424874332301 -3.190951926385072 2008.0306532382965 1763.6165796518326
55.94424874332301 -3.190951926385072 N 55.94454874332301 -3.190951926385072 2008.0306532382965 1762.3665796518326
55.94454874332301 -3.190951926385072 S 55.94424874332301 -3.190951926385072 2008.0306532382965 1761.1165796518326
55.94424874332301 -3.190951926385072 NW 55.944460875357365 -3.1911640584194276 2008.0306532382965 1759.8665796518326
55.944460875357365 -3.1911640584194276 ESE 55.944346070327654 -3.1908868945596742 2008.0306532382965 1758.6165796518326
55.944346070327654 -3.1908868945596742 WNW 55.944460875357365 -3.1911640584194276 2008.0306532382965 1757.3665796518326
55.944460875357365 -3.1911640584194276 ESE 55.944346070327654 -3.1908868945596742 2008.0306532382965 1756.1165796518326
55.944346070327654 -3.1908868945596742 N 55.94464607032766 -3.1908868945596742 2008.0306532382965 1754.8665796518326
55.94464607032766 -3.1908868945596742 WSW 55.94453126529795 -3.1911640584194276 2008.0306532382965 1753.6165796518326
55.94453126529795 -3.1911640584194276 ENE 55.94464607032766 -3.1908868945596742 2008.0306532382965 1752.3665796518326
55.94464607032766 -3.1908868945596742 SW 55.9444339382933 -3.19109902659403 2008.0306532382965 1751.1165796518326
55.9444339382933 -3.19109902659403 NNE 55.94471110215306 -3.1909842215643205 2008.0306532382965 1749.8665796518326
55.94471110215306 -3.1909842215643205 SSW 55.9444339382933 -3.19109902659403 2008.0306532382965 1748.6165796518326
55.9444339382933 -3.19109902659403 NW 55.94464607032766 -3.1913111586283858 2008.0306532382965 1747.3665796518326
55.94464607032766 -3.1913111586283858 SE 55.9444339382933 -3.19109902659403 2008.0306532382965 1746.1165796518326
55.9444339382933 -3.19109902659403 NW 55.94464607032766 -3.1913111586283858 2008.0306532382965 1744.8665796518326
