55.944425 -3.188396 NNE 55.94470216385976 -3.1882811949702905 0.0 248.75
55.94470216385976 -3.1882811949702905 S 55.944402163859756 -3.1882811949702905 0.0 247.5
55.944402163859756 -3.1882811949702905 WSW 55.944287358830046 -3.188558358830044 0.0 246.25
55.944287358830046 -3.188558358830044 ENE 55.944402163859756 -3.1882811949702905 0.0 245.0
55.944402163859756 -3.1882811949702905 SW 55.9441900318254 -3.1884933270046463 0.0 243.75
55.9441900318254 -3.1884933270046463 ENE 55.94430483685511 -3.188216163144893 0.0 242.5
55.94430483685511 -3.188216163144893 WSW 55.9441900318254 -3.1884933270046463 0.0 241.25
55.9441900318254 -3.1884933270046463 ENE 55.94430483685511 -3.188216163144893 0.0 240.0
55.94430483685511 -3.188216163144893 WSW 55.9441900318254 -3.1884933270046463 0.0 238.75
55.9441900318254 -3.1884933270046463 SE 55.943977899791044 -3.1882811949702905 0.0 237.5
55.943977899791044 -3.1882811949702905 NW 55.9441900318254 -3.1884933270046463 0.0 236.25
55.9441900318254 -3.1884933270046463 SE 55.943977899791044 -3.1882811949702905 0.0 235.0
55.943977899791044 -3.1882811949702905 NW 55.9441900318254 -3.1884933270046463 0.0 233.75
55.9441900318254 -3.1884933270046463 SSE 55.94391286796564 -3.1883785219749368 0.0 232.5
55.94391286796564 -3.1883785219749368 NNW 55.9441900318254 -3.1884933270046463 0.0 231.25
55.9441900318254 -3.1884933270046463 SSE 55.94391286796564 -3.1883785219749368 0.0 230.0
55.94391286796564 -3.1883785219749368 NNW 55.9441900318254 -3.1884933270046463 0.0 228.75
55.9441900318254 -3.1884933270046463 S 55.9438900318254 -3.1884933270046463 0.0 227.5
55.9438900318254 -3.1884933270046463 N 55.9441900318254 -3.1884933270046463 0.0 226.25
55.9441900318254 -3.1884933270046463 S 55.9438900318254 -3.1884933270046463 0.0 225.0
55.9438900318254 -3.1884933270046463 NNW 55.944167195685154 -3.188608132034356 0.0 223.75
55.944167195685154 -3.188608132034356 SSE 55.9438900318254 -3.1884933270046463 0.0 222.5
55.9438900318254 -3.1884933270046463 NE 55.94410216385975 -3.1882811949702905 0.0 221.25
55.94410216385975 -3.1882811949702905 SW 55.9438900318254 -3.1884933270046463 0.0 220.0
55.9438900318254 -3.1884933270046463 E 55.9438900318254 -3.188193327004646 0.0 218.75
55.9438900318254 -3.188193327004646 W 55.9438900318254 -3.1884933270046463 0.0 217.5
55.9438900318254 -3.1884933270046463 E 55.9438900318254 -3.188193327004646 0.0 216.25
55.9438900318254 -3.188193327004646 W 55.9438900318254 -3.1884933270046463 0.0 215.0
55.9438900318254 -3.1884933270046463 E 55.9438900318254 -3.188193327004646 0.0 213.75
55.9438900318254 -3.188193327004646 WSW 55.94377522679569 -3.1884704908643995 0.0 212.5
55.94377522679569 -3.1884704908643995 ENE 55.9438900318254 -3.188193327004646 0.0 211.25
55.9438900318254 -3.188193327004646 NNW 55.944167195685154 -3.1883081320343556 0.0 210.0
55.944167195685154 -3.1883081320343556 SSE 55.9438900318254 -3.188193327004646 0.0 208.75
55.9438900318254 -3.188193327004646 SSW 55.94361286796564 -3.1883081320343556 0.0 207.5
55.94361286796564 -3.1883081320343556 NNE 55.9438900318254 -3.188193327004646 0.0 206.25
55.9438900318254 -3.188193327004646 SSW 55.94361286796564 -3.1883081320343556 0.0 205.0
55.94361286796564 -3.1883081320343556 NE 55.943825 -3.188096 0.0 203.75
55.943825 -3.188096 SW 55.94361286796564 -3.1883081320343556 0.0 202.5
55.94361286796564 -3.1883081320343556 NE 55.943825 -3.188096 0.0 201.25
55.943825 -3.188096 SW 55.94361286796564 -3.1883081320343556 0.0 200.0
55.94361286796564 -3.1883081320343556 ENE 55.94372767299535 -3.188030968174602 0.0 198.75
55.94372767299535 -3.188030968174602 WSW 55.94361286796564 -3.1883081320343556 0.0 197.5
55.94361286796564 -3.1883081320343556 E 55.94361286796564 -3.1880081320343554 0.0 196.25
55.94361286796564 -3.1880081320343554 W 55.94361286796564 -3.1883081320343556 0.0 195.0
55.94361286796564 -3.1883081320343556 E 55.94361286796564 -3.1880081320343554 0.0 193.75
55.94361286796564 -3.1880081320343554 NW 55.943825 -3.188220264068711 0.0 192.5
55.943825 -3.188220264068711 SE 55.94361286796564 -3.1880081320343554 0.0 191.25
55.94361286796564 -3.1880081320343554 ESE 55.94349806293593 -3.187730968174602 0.0 190.0
55.94349806293593 -3.187730968174602 WNW 55.94361286796564 -3.1880081320343554 0.0 188.75
55.94361286796564 -3.1880081320343554 NE 55.943825 -3.1877959999999996 0.0 187.5
55.943825 -3.1877959999999996 SW 55.94361286796564 -3.1880081320343554 0.0 186.25
55.94361286796564 -3.1880081320343554 NNE 55.9438900318254 -3.187893327004646 0.0 185.0
55.9438900318254 -3.187893327004646 SW 55.94367789979104 -3.1881054590390017 0.0 183.75
55.94367789979104 -3.1881054590390017 NNE 55.9439550636508 -3.187990654009292 0.0 182.5
55.9439550636508 -3.187990654009292 SW 55.94374293161644 -3.188202786043648 0.0 181.25
55.94374293161644 -3.188202786043648 NE 55.9439550636508 -3.187990654009292 0.0 180.0
55.9439550636508 -3.187990654009292 WSW 55.94384025862109 -3.1882678178690456 0.0 178.75
55.94384025862109 -3.1882678178690456 ENE 55.9439550636508 -3.187990654009292 0.0 177.5
55.9439550636508 -3.187990654009292 W 55.9439550636508 -3.1882906540092923 0.0 176.25
55.9439550636508 -3.1882906540092923 E 55.9439550636508 -3.187990654009292 0.0 175.0
55.9439550636508 -3.187990654009292 WSW 55.94384025862109 -3.1882678178690456 0.0 173.75
55.94384025862109 -3.1882678178690456 NE 55.94405239065544 -3.18805568583469 0.0 172.5
55.94405239065544 -3.18805568583469 WSW 55.94393758562573 -3.188332849694443 0.0 171.25
55.94393758562573 -3.188332849694443 ENE 55.94405239065544 -3.18805568583469 0.0 170.0
55.94405239065544 -3.18805568583469 WSW 55.94393758562573 -3.188332849694443 0.0 168.75
55.94393758562573 -3.188332849694443 ENE 55.94405239065544 -3.18805568583469 0.0 167.5
55.94405239065544 -3.18805568583469 WNW 55.944167195685154 -3.188332849694443 0.0 166.25
55.944167195685154 -3.188332849694443 E 55.944167195685154 -3.188032849694443 0.0 165.0
55.944167195685154 -3.188032849694443 W 55.944167195685154 -3.188332849694443 0.0 163.75
55.944167195685154 -3.188332849694443 E 55.944167195685154 -3.188032849694443 0.0 162.5
55.944167195685154 -3.188032849694443 WNW 55.944282000714864 -3.1883100135541964 0.0 161.25
55.944282000714864 -3.1883100135541964 ESE 55.944167195685154 -3.188032849694443 0.0 160.0
55.944167195685154 -3.188032849694443 WNW 55.944282000714864 -3.1883100135541964 0.0 158.75
55.944282000714864 -3.1883100135541964 ESE 55.944167195685154 -3.188032849694443 0.0 157.5
55.944167195685154 -3.188032849694443 WNW 55.944282000714864 -3.1883100135541964 0.0 156.25
55.944282000714864 -3.1883100135541964 ENE 55.944396805744574 -3.188032849694443 0.0 155.0
55.944396805744574 -3.188032849694443 WSW 55.944282000714864 -3.1883100135541964 0.0 153.75
55.944282000714864 -3.1883100135541964 ENE 55.944396805744574 -3.188032849694443 0.0 152.5
55.944396805744574 -3.188032849694443 WSW 55.944282000714864 -3.1883100135541964 0.0 151.25
55.944282000714864 -3.1883100135541964 NNW 55.94455916457462 -3.188424818583906 0.0 150.0
55.94455916457462 -3.188424818583906 SSE 55.944282000714864 -3.1883100135541964 0.0 148.75
55.944282000714864 -3.1883100135541964 ENE 55.944396805744574 -3.188032849694443 0.0 147.5
55.944396805744574 -3.188032849694443 WSW 55.944282000714864 -3.1883100135541964 0.0 146.25
55.944282000714864 -3.1883100135541964 NNW 55.94455916457462 -3.188424818583906 0.0 145.0
55.94455916457462 -3.188424818583906 SE 55.944347032540264 -3.18821268654955 0.0 143.75
55.944347032540264 -3.18821268654955 NW 55.94455916457462 -3.188424818583906 0.0 142.5
55.94455916457462 -3.188424818583906 SE 55.944347032540264 -3.18821268654955 0.0 141.25
55.944347032540264 -3.18821268654955 NNW 55.94462419640002 -3.1883274915792597 0.0 140.0
55.94462419640002 -3.1883274915792597 SSE 55.944347032540264 -3.18821268654955 0.0 138.75
55.944347032540264 -3.18821268654955 N 55.94464703254027 -3.18821268654955 0.0 137.5
55.94464703254027 -3.18821268654955 S 55.944347032540264 -3.18821268654955 0.0 136.25
55.944347032540264 -3.18821268654955 N 55.94464703254027 -3.18821268654955 0.0 135.0
55.94464703254027 -3.18821268654955 E 55.94464703254027 -3.18791268654955 0.0 133.75
55.94464703254027 -3.18791268654955 W 55.94464703254027 -3.18821268654955 0.0 132.5
55.94464703254027 -3.18821268654955 E 55.94464703254027 -3.18791268654955 0.0 131.25
55.94464703254027 -3.18791268654955 W 55.94464703254027 -3.18821268654955 0.0 130.0
55.94464703254027 -3.18821268654955 WSW 55.94453222751056 -3.1884898504093035 0.0 128.75
55.94453222751056 -3.1884898504093035 ENE 55.94464703254027 -3.18821268654955 0.0 127.5
55.94464703254027 -3.18821268654955 NNW 55.944924196400024 -3.1883274915792597 0.0 126.25
55.944924196400024 -3.1883274915792597 SSE 55.94464703254027 -3.18821268654955 0.0 125.0
55.94464703254027 -3.18821268654955 WNW 55.94476183756998 -3.1884898504093035 0.0 123.75
55.94476183756998 -3.1884898504093035 ESE 55.94464703254027 -3.18821268654955 0.0 122.5
55.94464703254027 -3.18821268654955 WSW 55.94453222751056 -3.1884898504093035 0.0 121.25
55.94453222751056 -3.1884898504093035 NNE 55.94480939137031 -3.188375045379594 0.0 120.0
55.94480939137031 -3.188375045379594 SSW 55.94453222751056 -3.1884898504093035 0.0 118.75
55.94453222751056 -3.1884898504093035 NNE 55.94480939137031 -3.188375045379594 0.0 117.5
55.94480939137031 -3.188375045379594 WNW 55.944924196400024 -3.1886522092393474 0.0 116.25
55.944924196400024 -3.1886522092393474 ESE 55.94480939137031 -3.188375045379594 0.0 115.0
55.94480939137031 -3.188375045379594 N 55.945109391370316 -3.188375045379594 0.0 113.75
55.945109391370316 -3.188375045379594 S 55.94480939137031 -3.188375045379594 0.0 112.5
55.94480939137031 -3.188375045379594 N 55.945109391370316 -3.188375045379594 0.0 111.25
55.945109391370316 -3.188375045379594 S 55.94480939137031 -3.188375045379594 0.0 110.0
55.94480939137031 -3.188375045379594 NE 55.94502152340467 -3.1881629133452383 0.0 108.75
55.94502152340467 -3.1881629133452383 SW 55.94480939137031 -3.188375045379594 0.0 107.5
55.94480939137031 -3.188375045379594 NE 55.94502152340467 -3.1881629133452383 0.0 106.25
55.94502152340467 -3.1881629133452383 WSW 55.94490671837496 -3.1884400772049917 0.0 105.0
55.94490671837496 -3.1884400772049917 E 55.94490671837496 -3.1881400772049915 0.0 103.75
55.94490671837496 -3.1881400772049915 W 55.94490671837496 -3.1884400772049917 0.0 102.5
55.94490671837496 -3.1884400772049917 ENE 55.94502152340467 -3.1881629133452383 0.0 101.25
55.94502152340467 -3.1881629133452383 SSE 55.94474435954491 -3.1880481083155288 0.0 100.0
55.94474435954491 -3.1880481083155288 NNW 55.94502152340467 -3.1881629133452383 0.0 98.75
55.94502152340467 -3.1881629133452383 E 55.94502152340467 -3.187862913345238 0.0 97.5
55.94502152340467 -3.187862913345238 W 55.94502152340467 -3.1881629133452383 0.0 96.25
55.94502152340467 -3.1881629133452383 NE 55.945233655439026 -3.1879507813108825 0.0 95.0
55.945233655439026 -3.1879507813108825 SW 55.94502152340467 -3.1881629133452383 0.0 93.75
55.94502152340467 -3.1881629133452383 NE 55.945233655439026 -3.1879507813108825 0.0 92.5
55.945233655439026 -3.1879507813108825 SSW 55.94495649157927 -3.188065586340592 0.0 91.25
55.94495649157927 -3.188065586340592 NNE 55.945233655439026 -3.1879507813108825 0.0 90.0
55.945233655439026 -3.1879507813108825 SSW 55.94495649157927 -3.188065586340592 0.0 88.75
55.94495649157927 -3.188065586340592 E 55.94495649157927 -3.187765586340592 0.0 87.5
55.94495649157927 -3.187765586340592 W 55.94495649157927 -3.188065586340592 0.0 86.25
55.94495649157927 -3.188065586340592 ESE 55.94484168654956 -3.1877884224808386 0.0 85.0
55.94484168654956 -3.1877884224808386 W 55.94484168654956 -3.188088422480839 86.39970397949219 130.51942825317383
55.94484168654956 -3.188088422480839 ESE 55.94472688151985 -3.1878112586210854 86.39970397949219 129.26942825317383
55.94472688151985 -3.1878112586210854 WNW 55.94484168654956 -3.188088422480839 86.39970397949219 128.01942825317383
55.94484168654956 -3.188088422480839 ESE 55.94472688151985 -3.1878112586210854 86.39970397949219 126.76942825317383
55.94472688151985 -3.1878112586210854 W 55.94472688151985 -3.1881112586210856 86.39970397949219 125.51942825317383
55.94472688151985 -3.1881112586210856 E 55.94472688151985 -3.1878112586210854 86.39970397949219 124.26942825317383
55.94472688151985 -3.1878112586210854 W 55.94472688151985 -3.1881112586210856 86.39970397949219 123.01942825317383
55.94472688151985 -3.1881112586210856 NE 55.944939013554205 -3.18789912658673 86.39970397949219 121.76942825317383
55.944939013554205 -3.18789912658673 SW 55.94472688151985 -3.1881112586210856 86.39970397949219 120.51942825317383
55.94472688151985 -3.1881112586210856 N 55.94502688151985 -3.1881112586210856 86.39970397949219 119.26942825317383
55.94502688151985 -3.1881112586210856 S 55.94472688151985 -3.1881112586210856 86.39970397949219 118.01942825317383
55.94472688151985 -3.1881112586210856 NNE 55.945004045379605 -3.187996453591376 155.8287811279297 203.96030807495117
55.945004045379605 -3.187996453591376 SSW 55.94472688151985 -3.1881112586210856 155.8287811279297 202.71030807495117
55.94472688151985 -3.1881112586210856 NNE 55.945004045379605 -3.187996453591376 155.8287811279297 201.46030807495117
55.945004045379605 -3.187996453591376 S 55.9447040453796 -3.187996453591376 155.8287811279297 200.21030807495117
55.9447040453796 -3.187996453591376 N 55.945004045379605 -3.187996453591376 155.8287811279297 198.96030807495117
55.945004045379605 -3.187996453591376 E 55.945004045379605 -3.187696453591376 155.8287811279297 197.71030807495117
55.945004045379605 -3.187696453591376 W 55.945004045379605 -3.187996453591376 155.8287811279297 196.46030807495117
55.945004045379605 -3.187996453591376 ENE 55.945118850409315 -3.1877192897316227 184.55717849731445 247.5245590209961
55.945118850409315 -3.1877192897316227 W 55.945118850409315 -3.188019289731623 184.55717849731445 246.2745590209961
55.945118850409315 -3.188019289731623 E 55.945118850409315 -3.1877192897316227 184.55717849731445 245.0245590209961
55.945118850409315 -3.1877192897316227 NW 55.94533098244367 -3.1879314217659784 184.55717849731445 243.7745590209961
55.94533098244367 -3.1879314217659784 SE 55.945118850409315 -3.1877192897316227 184.55717849731445 242.5245590209961
55.945118850409315 -3.1877192897316227 NW 55.94533098244367 -3.1879314217659784 184.55717849731445 241.2745590209961
55.94533098244367 -3.1879314217659784 SE 55.945118850409315 -3.1877192897316227 184.55717849731445 240.0245590209961
55.945118850409315 -3.1877192897316227 NNW 55.94539601426907 -3.187834094761332 184.55717849731445 238.7745590209961
55.94539601426907 -3.187834094761332 SSE 55.945118850409315 -3.1877192897316227 184.55717849731445 237.5245590209961
55.945118850409315 -3.1877192897316227 N 55.94541885040932 -3.1877192897316227 184.55717849731445 236.2745590209961
55.94541885040932 -3.1877192897316227 S 55.945118850409315 -3.1877192897316227 184.55717849731445 235.0245590209961
55.945118850409315 -3.1877192897316227 NNE 55.94539601426907 -3.187604484701913 294.92001724243164 271.9372749328613
55.94539601426907 -3.187604484701913 SSW 55.945118850409315 -3.1877192897316227 294.92001724243164 270.6872749328613
55.945118850409315 -3.1877192897316227 NNE 55.94539601426907 -3.187604484701913 294.92001724243164 269.4372749328613
55.94539601426907 -3.187604484701913 SSW 55.945118850409315 -3.1877192897316227 294.92001724243164 268.1872749328613
55.945118850409315 -3.1877192897316227 NNE 55.94539601426907 -3.187604484701913 294.92001724243164 266.9372749328613
55.94539601426907 -3.187604484701913 SSE 55.945118850409315 -3.1874896796722036 299.40794944763184 303.5941505432129
55.945118850409315 -3.1874896796722036 NNW 55.94539601426907 -3.187604484701913 299.40794944763184 302.3441505432129
55.94539601426907 -3.187604484701913 NNE 55.94567317812883 -3.1874896796722036 299.40794944763184 301.0941505432129
55.94567317812883 -3.1874896796722036 SSW 55.94539601426907 -3.187604484701913 299.40794944763184 299.8441505432129
55.94539601426907 -3.187604484701913 ENE 55.94551081929878 -3.1873273208421598 418.5258159637451 420.3578453063965
55.94551081929878 -3.1873273208421598 WSW 55.94539601426907 -3.187604484701913 418.5258159637451 419.1078453063965
55.94539601426907 -3.187604484701913 SSE 55.945118850409315 -3.1874896796722036 418.5258159637451 417.8578453063965
55.945118850409315 -3.1874896796722036 NNW 55.94539601426907 -3.187604484701913 418.5258159637451 416.6078453063965
55.94539601426907 -3.187604484701913 NE 55.94560814630343 -3.1873923526675574 418.5258159637451 415.3578453063965
55.94560814630343 -3.1873923526675574 WSW 55.94549334127372 -3.187669516527311 418.5258159637451 414.1078453063965
55.94549334127372 -3.187669516527311 SSW 55.94521617741396 -3.1877843215570203 418.5258159637451 412.8578453063965
55.94521617741396 -3.1877843215570203 NNE 55.94549334127372 -3.187669516527311 418.5258159637451 411.6078453063965
55.94549334127372 -3.187669516527311 WSW 55.94537853624401 -3.187946680387064 497.90602684020996 438.4122772216797
55.94537853624401 -3.187946680387064 ENE 55.94549334127372 -3.187669516527311 497.90602684020996 437.1622772216797
55.94549334127372 -3.187669516527311 WNW 55.94560814630343 -3.187946680387064 497.90602684020996 435.9122772216797
55.94560814630343 -3.187946680387064 ESE 55.94549334127372 -3.187669516527311 497.90602684020996 434.6622772216797
55.94549334127372 -3.187669516527311 NW 55.945705473308074 -3.1878816485616666 497.90602684020996 433.4122772216797
55.945705473308074 -3.1878816485616666 SE 55.94549334127372 -3.187669516527311 497.90602684020996 432.1622772216797
55.94549334127372 -3.187669516527311 NW 55.945705473308074 -3.1878816485616666 497.90602684020996 430.9122772216797
55.945705473308074 -3.1878816485616666 E 55.945705473308074 -3.1875816485616664 497.90602684020996 429.6622772216797
55.945705473308074 -3.1875816485616664 WNW 55.945820278337784 -3.1878588124214198 497.90602684020996 428.4122772216797
55.945820278337784 -3.1878588124214198 ESE 55.945705473308074 -3.1875816485616664 497.90602684020996 427.1622772216797
55.945705473308074 -3.1875816485616664 WNW 55.945820278337784 -3.1878588124214198 497.90602684020996 425.9122772216797
55.945820278337784 -3.1878588124214198 ESE 55.945705473308074 -3.1875816485616664 497.90602684020996 424.6622772216797
55.945705473308074 -3.1875816485616664 WNW 55.945820278337784 -3.1878588124214198 497.90602684020996 423.4122772216797
55.945820278337784 -3.1878588124214198 E 55.945820278337784 -3.1875588124214196 497.90602684020996 422.1622772216797
55.945820278337784 -3.1875588124214196 W 55.945820278337784 -3.1878588124214198 497.90602684020996 420.9122772216797
55.945820278337784 -3.1878588124214198 E 55.945820278337784 -3.1875588124214196 497.90602684020996 419.6622772216797
55.945820278337784 -3.1875588124214196 W 55.945820278337784 -3.1878588124214198 497.90602684020996 418.4122772216797
55.945820278337784 -3.1878588124214198 E 55.945820278337784 -3.1875588124214196 497.90602684020996 417.1622772216797
55.945820278337784 -3.1875588124214196 W 55.945820278337784 -3.1878588124214198 497.90602684020996 415.9122772216797
55.945820278337784 -3.1878588124214198 E 55.945820278337784 -3.1875588124214196 497.90602684020996 414.6622772216797
55.945820278337784 -3.1875588124214196 NW 55.94603241037214 -3.1877709444557754 541.295919418335 508.4886779785156
55.94603241037214 -3.1877709444557754 SE 55.945820278337784 -3.1875588124214196 541.295919418335 507.2386779785156
55.945820278337784 -3.1875588124214196 WNW 55.945935083367495 -3.187835976281173 541.295919418335 505.9886779785156
55.945935083367495 -3.187835976281173 ESE 55.945820278337784 -3.1875588124214196 541.295919418335 504.7386779785156
55.945820278337784 -3.1875588124214196 NW 55.94603241037214 -3.1877709444557754 541.295919418335 503.4886779785156
55.94603241037214 -3.1877709444557754 SSW 55.945755246512384 -3.187885749485485 541.295919418335 502.2386779785156
55.945755246512384 -3.187885749485485 NNE 55.94603241037214 -3.1877709444557754 541.295919418335 500.9886779785156
55.94603241037214 -3.1877709444557754 SSW 55.945755246512384 -3.187885749485485 541.295919418335 499.7386779785156
55.945755246512384 -3.187885749485485 NNE 55.94603241037214 -3.1877709444557754 541.295919418335 498.4886779785156
55.94603241037214 -3.1877709444557754 SSW 55.945755246512384 -3.187885749485485 541.295919418335 497.2386779785156
55.945755246512384 -3.187885749485485 NNE 55.94603241037214 -3.1877709444557754 541.295919418335 495.9886779785156
55.94603241037214 -3.1877709444557754 SW 55.945820278337784 -3.187983076490131 541.295919418335 494.7386779785156
55.945820278337784 -3.187983076490131 NNW 55.94609744219754 -3.1880978815198406 541.295919418335 493.4886779785156
55.94609744219754 -3.1880978815198406 SSE 55.945820278337784 -3.187983076490131 541.295919418335 492.2386779785156
55.945820278337784 -3.187983076490131 S 55.94552027833778 -3.187983076490131 541.295919418335 490.9886779785156
55.94552027833778 -3.187983076490131 N 55.945820278337784 -3.187983076490131 541.295919418335 489.7386779785156
55.945820278337784 -3.187983076490131 SSW 55.94554311447803 -3.1880978815198406 541.295919418335 488.4886779785156
55.94554311447803 -3.1880978815198406 NNE 55.945820278337784 -3.187983076490131 541.295919418335 487.2386779785156
55.945820278337784 -3.187983076490131 SSW 55.94554311447803 -3.1880978815198406 541.295919418335 485.9886779785156
55.94554311447803 -3.1880978815198406 NNE 55.945820278337784 -3.187983076490131 541.295919418335 484.7386779785156
55.945820278337784 -3.187983076490131 S 55.94552027833778 -3.187983076490131 541.295919418335 483.4886779785156
55.94552027833778 -3.187983076490131 N 55.945820278337784 -3.187983076490131 541.295919418335 482.2386779785156
55.945820278337784 -3.187983076490131 S 55.94552027833778 -3.187983076490131 541.295919418335 480.9886779785156
55.94552027833778 -3.187983076490131 ENE 55.94563508336749 -3.1877059126303777 575.8152141571045 584.6621322631836
55.94563508336749 -3.1877059126303777 WSW 55.94552027833778 -3.187983076490131 575.8152141571045 583.4121322631836
55.94552027833778 -3.187983076490131 ENE 55.94563508336749 -3.1877059126303777 575.8152141571045 582.1621322631836
55.94563508336749 -3.1877059126303777 WSW 55.94552027833778 -3.187983076490131 575.8152141571045 580.9121322631836
55.94552027833778 -3.187983076490131 ENE 55.94563508336749 -3.1877059126303777 575.8152141571045 579.6621322631836
55.94563508336749 -3.1877059126303777 WSW 55.94552027833778 -3.187983076490131 575.8152141571045 578.4121322631836
55.94552027833778 -3.187983076490131 E 55.94552027833778 -3.187683076490131 575.8152141571045 577.1621322631836
55.94552027833778 -3.187683076490131 W 55.94552027833778 -3.187983076490131 575.8152141571045 575.9121322631836
55.94552027833778 -3.187983076490131 E 55.94552027833778 -3.187683076490131 575.8152141571045 574.6621322631836
55.94552027833778 -3.187683076490131 NW 55.94573241037214 -3.1878952085244867 575.8152141571045 573.4121322631836
55.94573241037214 -3.1878952085244867 SSE 55.94545524651238 -3.187780403494777 575.8152141571045 572.1621322631836
55.94545524651238 -3.187780403494777 NNW 55.94573241037214 -3.1878952085244867 575.8152141571045 570.9121322631836
55.94573241037214 -3.1878952085244867 SSE 55.94545524651238 -3.187780403494777 575.8152141571045 569.6621322631836
55.94545524651238 -3.187780403494777 NNW 55.94573241037214 -3.1878952085244867 575.8152141571045 568.4121322631836
55.94573241037214 -3.1878952085244867 NNW 55.946009574231894 -3.188010013554196 575.8152141571045 567.1621322631836
55.946009574231894 -3.188010013554196 S 55.94570957423189 -3.188010013554196 599.577730178833 621.8888473510742
55.94570957423189 -3.188010013554196 NNW 55.94598673809165 -3.1881248185839057 599.577730178833 620.6388473510742
55.94598673809165 -3.1881248185839057 S 55.945686738091645 -3.1881248185839057 599.577730178833 619.3888473510742
55.945686738091645 -3.1881248185839057 N 55.94598673809165 -3.1881248185839057 599.577730178833 618.1388473510742
55.94598673809165 -3.1881248185839057 S 55.945686738091645 -3.1881248185839057 599.577730178833 616.8888473510742
55.945686738091645 -3.1881248185839057 NNE 55.9459639019514 -3.188010013554196 599.577730178833 615.6388473510742
55.9459639019514 -3.188010013554196 SSW 55.945686738091645 -3.1881248185839057 599.577730178833 614.3888473510742
55.945686738091645 -3.1881248185839057 NNW 55.9459639019514 -3.1882396236136152 599.577730178833 613.1388473510742
55.9459639019514 -3.1882396236136152 SSW 55.945686738091645 -3.1883544286433247 599.577730178833 611.8888473510742
55.945686738091645 -3.1883544286433247 NNE 55.9459639019514 -3.1882396236136152 599.577730178833 610.6388473510742
55.9459639019514 -3.1882396236136152 SSW 55.945686738091645 -3.1883544286433247 599.577730178833 609.3888473510742
55.945686738091645 -3.1883544286433247 N 55.94598673809165 -3.1883544286433247 599.577730178833 608.1388473510742
55.94598673809165 -3.1883544286433247 S 55.945686738091645 -3.1883544286433247 599.577730178833 606.8888473510742
55.945686738091645 -3.1883544286433247 N 55.94598673809165 -3.1883544286433247 599.577730178833 605.6388473510742
