55.944425 -3.188396 SW 55.944212867965646 -3.188608132034356 0.0 248.75
55.944212867965646 -3.188608132034356 NE 55.944425 -3.188396 0.0 247.5
55.944425 -3.188396 ESE 55.94431019497029 -3.1881188361402466 0.0 246.25
55.94431019497029 -3.1881188361402466 WNW 55.944425 -3.188396 0.0 245.0
55.944425 -3.188396 SE 55.944212867965646 -3.1881838679656442 0.0 243.75
55.944212867965646 -3.1881838679656442 NW 55.944425 -3.188396 0.0 242.5
55.944425 -3.188396 ESE 55.94431019497029 -3.1881188361402466 0.0 241.25
55.94431019497029 -3.1881188361402466 SSW 55.944033031110536 -3.188233641169956 0.0 240.0
55.944033031110536 -3.188233641169956 E 55.944033031110536 -3.187933641169956 0.0 238.75
55.944033031110536 -3.187933641169956 WNW 55.944147836140246 -3.1882108050297093 0.0 237.5
55.944147836140246 -3.1882108050297093 W 55.944147836140246 -3.1885108050297095 0.0 236.25
55.944147836140246 -3.1885108050297095 ESE 55.944033031110536 -3.188233641169956 0.0 235.0
55.944033031110536 -3.188233641169956 WNW 55.944147836140246 -3.1885108050297095 0.0 233.75
55.944147836140246 -3.1885108050297095 N 55.94444783614025 -3.1885108050297095 0.0 232.5
55.94444783614025 -3.1885108050297095 SSW 55.94417067228049 -3.188625610059419 0.0 231.25
55.94417067228049 -3.188625610059419 NNE 55.94444783614025 -3.1885108050297095 0.0 230.0
55.94444783614025 -3.1885108050297095 SSW 55.94417067228049 -3.188625610059419 0.0 228.75
55.94417067228049 -3.188625610059419 NE 55.94438280431485 -3.1884134780250633 0.0 227.5
55.94438280431485 -3.1884134780250633 SSW 55.94410564045509 -3.1885282830547728 0.0 226.25
55.94410564045509 -3.1885282830547728 S 55.94380564045509 -3.1885282830547728 0.0 225.0
55.94380564045509 -3.1885282830547728 ESE 55.94369083542538 -3.1882511191950194 30.843772888183594 287.52480697631836
55.94369083542538 -3.1882511191950194 W 55.94369083542538 -3.1885511191950195 30.843772888183594 286.27480697631836
55.94369083542538 -3.1885511191950195 SSE 55.94341367156562 -3.18843631416531 30.843772888183594 285.02480697631836
55.94341367156562 -3.18843631416531 NNW 55.94369083542538 -3.1885511191950195 30.843772888183594 283.77480697631836
55.94369083542538 -3.1885511191950195 S 55.943390835425376 -3.1885511191950195 99.1198501586914 349.20771408081055
55.943390835425376 -3.1885511191950195 WSW 55.943276030395666 -3.188828283054773 99.1198501586914 347.95771408081055
55.943276030395666 -3.188828283054773 NNE 55.94355319425542 -3.1887134780250634 99.1198501586914 346.70771408081055
55.94355319425542 -3.1887134780250634 N 55.943853194255425 -3.1887134780250634 99.1198501586914 345.45771408081055
55.943853194255425 -3.1887134780250634 S 55.94355319425542 -3.1887134780250634 99.1198501586914 344.20771408081055
55.94355319425542 -3.1887134780250634 N 55.943853194255425 -3.1887134780250634 99.1198501586914 342.95771408081055
55.943853194255425 -3.1887134780250634 WSW 55.943738389225715 -3.188990641884817 99.1198501586914 341.70771408081055
55.943738389225715 -3.188990641884817 ENE 55.943853194255425 -3.1887134780250634 99.1198501586914 340.45771408081055
55.943853194255425 -3.1887134780250634 NNW 55.94413035811518 -3.188828283054773 99.1198501586914 339.20771408081055
55.94413035811518 -3.188828283054773 SE 55.943918226080825 -3.188616151020417 122.21903991699219 374.48584747314453
55.943918226080825 -3.188616151020417 W 55.943918226080825 -3.1889161510204174 122.21903991699219 373.23584747314453
55.943918226080825 -3.1889161510204174 NW 55.94413035811518 -3.189128283054773 122.21903991699219 371.98584747314453
55.94413035811518 -3.189128283054773 WSW 55.94401555308547 -3.1894054469145265 122.21903991699219 370.73584747314453
55.94401555308547 -3.1894054469145265 ENE 55.94413035811518 -3.189128283054773 122.21903991699219 369.48584747314453
55.94413035811518 -3.189128283054773 SSW 55.943853194255425 -3.1892430880844826 122.21903991699219 368.23584747314453
55.943853194255425 -3.1892430880844826 N 55.94415319425543 -3.1892430880844826 122.21903991699219 366.98584747314453
55.94415319425543 -3.1892430880844826 WNW 55.94426799928514 -3.189520251944236 122.21903991699219 365.73584747314453
55.94426799928514 -3.189520251944236 ESE 55.94415319425543 -3.1892430880844826 122.21903991699219 364.48584747314453
55.94415319425543 -3.1892430880844826 WSW 55.94403838922572 -3.189520251944236 122.21903991699219 363.23584747314453
55.94403838922572 -3.189520251944236 NNW 55.944315553085474 -3.1896350569739456 170.1079216003418 387.62551498413086
55.944315553085474 -3.1896350569739456 SSE 55.94403838922572 -3.189520251944236 170.1079216003418 386.37551498413086
55.94403838922572 -3.189520251944236 NW 55.944250521260074 -3.189732383978592 218.98056411743164 483.0317039489746
55.944250521260074 -3.189732383978592 S 55.94395052126007 -3.189732383978592 288.3894691467285 574.9602470397949
55.94395052126007 -3.189732383978592 NNW 55.94422768511983 -3.1898471890083013 288.3894691467285 573.7102470397949
55.94422768511983 -3.1898471890083013 ESE 55.94411288009012 -3.189570025148548 288.3894691467285 572.4602470397949
55.94411288009012 -3.189570025148548 WNW 55.94422768511983 -3.1898471890083013 288.3894691467285 571.2102470397949
55.94422768511983 -3.1898471890083013 N 55.94452768511983 -3.1898471890083013 288.3894691467285 569.9602470397949
55.94452768511983 -3.1898471890083013 S 55.94422768511983 -3.1898471890083013 288.3894691467285 568.7102470397949
55.94422768511983 -3.1898471890083013 N 55.94452768511983 -3.1898471890083013 288.3894691467285 567.4602470397949
55.94452768511983 -3.1898471890083013 SW 55.944315553085474 -3.190059321042657 382.9473686218262 638.6233711242676
55.944315553085474 -3.190059321042657 NE 55.94452768511983 -3.1898471890083013 382.9473686218262 637.3733711242676
55.94452768511983 -3.1898471890083013 W 55.94452768511983 -3.1901471890083015 382.9473686218262 636.1233711242676
55.94452768511983 -3.1901471890083015 E 55.94452768511983 -3.1898471890083013 382.9473686218262 634.8733711242676
55.94452768511983 -3.1898471890083013 WSW 55.94441288009012 -3.1901243528680547 382.9473686218262 633.6233711242676
55.94441288009012 -3.1901243528680547 W 55.94441288009012 -3.190424352868055 460.3499565124512 652.4158153533936
55.94441288009012 -3.190424352868055 E 55.94441288009012 -3.1901243528680547 460.3499565124512 651.1658153533936
55.94441288009012 -3.1901243528680547 SE 55.94420074805576 -3.189912220833699 460.3499565124512 649.9158153533936
55.94420074805576 -3.189912220833699 E 55.94420074805576 -3.1896122208336988 460.3499565124512 648.6658153533936
55.94420074805576 -3.1896122208336988 W 55.94420074805576 -3.189912220833699 460.3499565124512 647.4158153533936
55.94420074805576 -3.189912220833699 S 55.94390074805576 -3.189912220833699 460.3499565124512 646.1658153533936
55.94390074805576 -3.189912220833699 NNE 55.94417791191552 -3.1897974158039895 460.3499565124512 644.9158153533936
55.94417791191552 -3.1897974158039895 S 55.943877911915514 -3.1897974158039895 460.3499565124512 643.6658153533936
55.943877911915514 -3.1897974158039895 W 55.943877911915514 -3.1900974158039896 501.2299575805664 727.9226131439209
55.943877911915514 -3.1900974158039896 E 55.943877911915514 -3.1897974158039895 501.2299575805664 726.6726131439209
55.943877911915514 -3.1897974158039895 S 55.94357791191551 -3.1897974158039895 501.2299575805664 725.4226131439209
55.94357791191551 -3.1897974158039895 NE 55.94379004394987 -3.1895852837696337 501.2299575805664 724.1726131439209
55.94379004394987 -3.1895852837696337 SSW 55.94351288009011 -3.189700088799343 501.2299575805664 722.9226131439209
55.94351288009011 -3.189700088799343 W 55.94351288009011 -3.1900000887993434 501.2299575805664 721.6726131439209
55.94351288009011 -3.1900000887993434 NNE 55.94379004394987 -3.189885283769634 501.2299575805664 720.4226131439209
55.94379004394987 -3.189885283769634 SSW 55.94351288009011 -3.1900000887993434 501.2299575805664 719.1726131439209
55.94351288009011 -3.1900000887993434 WNW 55.94362768511982 -3.190277252659097 625.6361541748047 748.7851314544678
55.94362768511982 -3.190277252659097 NE 55.94383981715418 -3.190065120624741 625.6361541748047 747.5351314544678
55.94383981715418 -3.190065120624741 NW 55.944051949188534 -3.190277252659097 717.1787948608398 871.2677364349365
55.944051949188534 -3.190277252659097 SE 55.94383981715418 -3.190065120624741 717.1787948608398 870.0177364349365
55.94383981715418 -3.190065120624741 NW 55.944051949188534 -3.190277252659097 717.1787948608398 868.7677364349365
55.944051949188534 -3.190277252659097 SE 55.94383981715418 -3.190065120624741 717.1787948608398 867.5177364349365
55.94383981715418 -3.190065120624741 NW 55.944051949188534 -3.190277252659097 717.1787948608398 866.2677364349365
55.944051949188534 -3.190277252659097 SW 55.94383981715418 -3.1904893846934526 717.1787948608398 865.0177364349365
55.94383981715418 -3.1904893846934526 NE 55.944051949188534 -3.190277252659097 717.1787948608398 863.7677364349365
55.944051949188534 -3.190277252659097 SW 55.94383981715418 -3.1904893846934526 717.1787948608398 862.5177364349365
55.94383981715418 -3.1904893846934526 WNW 55.94395462218389 -3.190766548553206 717.1787948608398 861.2677364349365
55.94395462218389 -3.190766548553206 E 55.94395462218389 -3.1904665485532058 838.746337890625 937.2714366912842
55.94395462218389 -3.1904665485532058 N 55.94425462218389 -3.1904665485532058 838.746337890625 936.0214366912842
55.94425462218389 -3.1904665485532058 SSW 55.943977458324134 -3.1905813535829153 838.746337890625 934.7714366912842
55.943977458324134 -3.1905813535829153 N 55.94427745832414 -3.1905813535829153 838.746337890625 933.5214366912842
55.94427745832414 -3.1905813535829153 NE 55.944489590358494 -3.1903692215485595 838.746337890625 932.2714366912842
55.944489590358494 -3.1903692215485595 SW 55.94427745832414 -3.1905813535829153 838.746337890625 931.0214366912842
55.94427745832414 -3.1905813535829153 NE 55.944489590358494 -3.1903692215485595 838.746337890625 929.7714366912842
55.944489590358494 -3.1903692215485595 SW 55.94427745832414 -3.1905813535829153 838.746337890625 928.5214366912842
55.94427745832414 -3.1905813535829153 WSW 55.94416265329443 -3.1908585174426687 838.746337890625 927.2714366912842
55.94416265329443 -3.1908585174426687 E 55.94416265329443 -3.1905585174426685 845.2277989387512 1006.3043727874756
55.94416265329443 -3.1905585174426685 W 55.94416265329443 -3.1908585174426687 845.2277989387512 1005.0543727874756
55.94416265329443 -3.1908585174426687 NNW 55.94443981715418 -3.190973322472378 845.2277989387512 1003.8043727874756
55.94443981715418 -3.190973322472378 SE 55.94422768511983 -3.1907611904380224 845.2277989387512 1002.5543727874756
55.94422768511983 -3.1907611904380224 N 55.94452768511983 -3.1907611904380224 845.2277989387512 1001.3043727874756
55.94452768511983 -3.1907611904380224 SE 55.944315553085474 -3.1905490584036666 845.2277989387512 1000.0543727874756
55.944315553085474 -3.1905490584036666 NW 55.94452768511983 -3.1907611904380224 845.2277989387512 998.8043727874756
55.94452768511983 -3.1907611904380224 NNE 55.94480484897959 -3.190646385408313 845.2277989387512 997.5543727874756
55.94480484897959 -3.190646385408313 SSW 55.94452768511983 -3.1907611904380224 845.2277989387512 996.3043727874756
55.94452768511983 -3.1907611904380224 NNE 55.94480484897959 -3.190646385408313 845.2277989387512 995.0543727874756
55.94480484897959 -3.190646385408313 WNW 55.9449196540093 -3.1909235492680663 851.6364240646362 1112.949743270874
55.9449196540093 -3.1909235492680663 SSE 55.94464249014954 -3.190808744238357 851.6364240646362 1111.699743270874
55.94464249014954 -3.190808744238357 NNW 55.9449196540093 -3.1909235492680663 851.6364240646362 1110.449743270874
55.9449196540093 -3.1909235492680663 SSE 55.94464249014954 -3.190808744238357 851.6364240646362 1109.199743270874
55.94464249014954 -3.190808744238357 W 55.94464249014954 -3.191108744238357 851.6364240646362 1107.949743270874
55.94464249014954 -3.191108744238357 SE 55.944430358115184 -3.1908966122040012 851.6364240646362 1106.699743270874
55.944430358115184 -3.1908966122040012 NW 55.94464249014954 -3.191108744238357 851.6364240646362 1105.449743270874
55.94464249014954 -3.191108744238357 SE 55.944430358115184 -3.1908966122040012 851.6364240646362 1104.199743270874
55.944430358115184 -3.1908966122040012 NNW 55.94470752197494 -3.1910114172337107 851.6364240646362 1102.949743270874
55.94470752197494 -3.1910114172337107 WNW 55.94482232700465 -3.191288581093464 851.6364240646362 1101.699743270874
55.94482232700465 -3.191288581093464 S 55.94452232700465 -3.191288581093464 873.5944623947144 1218.797773361206
55.94452232700465 -3.191288581093464 N 55.94482232700465 -3.191288581093464 873.5944623947144 1217.547773361206
55.94482232700465 -3.191288581093464 S 55.94452232700465 -3.191288581093464 873.5944623947144 1216.297773361206
55.94452232700465 -3.191288581093464 NNE 55.944799490864405 -3.1911737760637546 873.5944623947144 1215.047773361206
55.944799490864405 -3.1911737760637546 SSW 55.94452232700465 -3.191288581093464 873.5944623947144 1213.797773361206
55.94452232700465 -3.191288581093464 NE 55.944734459039005 -3.1910764490591084 873.5944623947144 1212.547773361206
55.944734459039005 -3.1910764490591084 WSW 55.944619654009294 -3.1913536129188618 873.5944623947144 1211.297773361206
55.944619654009294 -3.1913536129188618 WNW 55.944734459039005 -3.191630776778615 873.5944623947144 1210.047773361206
55.944734459039005 -3.191630776778615 SSW 55.94445729517925 -3.1917455818083247 873.5944623947144 1208.797773361206
55.94445729517925 -3.1917455818083247 NE 55.944669427213604 -3.191533449773969 873.5944623947144 1207.547773361206
55.944669427213604 -3.191533449773969 SW 55.94445729517925 -3.1917455818083247 873.5944623947144 1206.297773361206
55.94445729517925 -3.1917455818083247 ENE 55.94457210020896 -3.1914684179485713 880.7024374008179 1280.437910079956
55.94457210020896 -3.1914684179485713 WSW 55.94445729517925 -3.1917455818083247 880.7024374008179 1279.187910079956
55.94445729517925 -3.1917455818083247 W 55.94445729517925 -3.192045581808325 880.7024374008179 1277.937910079956
55.94445729517925 -3.192045581808325 E 55.94445729517925 -3.1917455818083247 880.7024374008179 1276.687910079956
55.94445729517925 -3.1917455818083247 ESE 55.94434249014954 -3.1914684179485713 981.0381689071655 1315.5564861297607
55.94434249014954 -3.1914684179485713 WNW 55.94445729517925 -3.1917455818083247 981.0381689071655 1314.3064861297607
55.94445729517925 -3.1917455818083247 SSW 55.94418013131949 -3.191860386838034 981.0381689071655 1313.0564861297607
55.94418013131949 -3.191860386838034 NNW 55.94445729517925 -3.1919751918677437 981.0381689071655 1311.8064861297607
55.94445729517925 -3.1919751918677437 SSE 55.94418013131949 -3.191860386838034 981.0381689071655 1310.5564861297607
55.94418013131949 -3.191860386838034 SW 55.943967999285135 -3.19207251887239 981.0381689071655 1309.3064861297607
55.943967999285135 -3.19207251887239 NE 55.94418013131949 -3.191860386838034 981.0381689071655 1308.0564861297607
55.94418013131949 -3.191860386838034 WSW 55.94406532628978 -3.1921375506977876 1016.6943960189819 1419.6491985321045
55.94406532628978 -3.1921375506977876 ENE 55.94418013131949 -3.191860386838034 1016.6943960189819 1418.3991985321045
55.94418013131949 -3.191860386838034 WSW 55.94406532628978 -3.1921375506977876 1016.6943960189819 1417.1491985321045
55.94406532628978 -3.1921375506977876 SW 55.943853194255425 -3.1923496827321434 1120.3503484725952 1461.204065322876
55.943853194255425 -3.1923496827321434 SSE 55.94357603039567 -3.192234877702434 1120.3503484725952 1459.954065322876
55.94357603039567 -3.192234877702434 NNW 55.943853194255425 -3.1923496827321434 1120.3503484725952 1458.704065322876
55.943853194255425 -3.1923496827321434 SSW 55.94357603039567 -3.192464487761853 1120.3503484725952 1457.454065322876
55.94357603039567 -3.192464487761853 NE 55.943788162430025 -3.192252355727497 1120.3503484725952 1456.204065322876
55.943788162430025 -3.192252355727497 S 55.94348816243002 -3.192252355727497 1120.3503484725952 1454.954065322876
55.94348816243002 -3.192252355727497 NNE 55.94376532628978 -3.1921375506977876 1120.3503484725952 1453.704065322876
55.94376532628978 -3.1921375506977876 ESE 55.94365052126007 -3.191860386838034 1120.3503484725952 1452.454065322876
55.94365052126007 -3.191860386838034 WSW 55.94353571623036 -3.1921375506977876 1120.3503484725952 1451.204065322876
55.94353571623036 -3.1921375506977876 E 55.94353571623036 -3.1918375506977874 1205.6749792099 1545.9315433502197
55.94353571623036 -3.1918375506977874 E 55.94353571623036 -3.191537550697787 1261.8246908187866 1572.571590423584
55.94353571623036 -3.191537550697787 WNW 55.94365052126007 -3.1918147145575406 1261.8246908187866 1571.321590423584
55.94365052126007 -3.1918147145575406 NNW 55.943927685119824 -3.19192951958725 1261.8246908187866 1570.071590423584
55.943927685119824 -3.19192951958725 SSE 55.94365052126007 -3.1918147145575406 1261.8246908187866 1568.821590423584
55.94365052126007 -3.1918147145575406 NE 55.943862653294424 -3.191602582523185 1261.8246908187866 1567.571590423584
55.943862653294424 -3.191602582523185 S 55.94356265329442 -3.191602582523185 1261.8246908187866 1566.321590423584
55.94356265329442 -3.191602582523185 NNW 55.94383981715418 -3.1917173875528944 1261.8246908187866 1565.071590423584
55.94383981715418 -3.1917173875528944 SSE 55.94356265329442 -3.191602582523185 1261.8246908187866 1563.821590423584
55.94356265329442 -3.191602582523185 ESE 55.94344784826471 -3.1913254186634314 1261.8246908187866 1562.571590423584
55.94344784826471 -3.1913254186634314 W 55.94344784826471 -3.1916254186634316 1261.8246908187866 1561.321590423584
55.94344784826471 -3.1916254186634316 ESE 55.943333043235 -3.1913482548036782 1261.8246908187866 1560.071590423584
55.943333043235 -3.1913482548036782 N 55.943633043235 -3.1913482548036782 1261.8246908187866 1558.821590423584
55.943633043235 -3.1913482548036782 SSE 55.94335587937525 -3.1912334497739687 1261.8246908187866 1557.571590423584
55.94335587937525 -3.1912334497739687 NE 55.9435680114096 -3.191021317739613 1261.8246908187866 1556.321590423584
55.9435680114096 -3.191021317739613 WSW 55.94345320637989 -3.1912984815993664 1261.8246908187866 1555.071590423584
55.94345320637989 -3.1912984815993664 NE 55.94366533841425 -3.1910863495650106 1321.0724668502808 1569.8553886413574
55.94366533841425 -3.1910863495650106 WNW 55.94378014344396 -3.191363513424764 1321.0724668502808 1568.6053886413574
55.94378014344396 -3.191363513424764 ESE 55.94366533841425 -3.1910863495650106 1321.0724668502808 1567.3553886413574
55.94366533841425 -3.1910863495650106 WNW 55.94378014344396 -3.191363513424764 1321.0724668502808 1566.1053886413574
55.94378014344396 -3.191363513424764 SSE 55.9435029795842 -3.1912487083950545 1321.0724668502808 1564.8553886413574
55.9435029795842 -3.1912487083950545 W 55.9435029795842 -3.1915487083950547 1321.0724668502808 1563.6053886413574
55.9435029795842 -3.1915487083950547 E 55.9435029795842 -3.1912487083950545 1321.0724668502808 1562.3553886413574
55.9435029795842 -3.1912487083950545 SSE 55.943225815724446 -3.191133903365345 1321.0724668502808 1561.1053886413574
55.943225815724446 -3.191133903365345 SSW 55.94294865186469 -3.1912487083950545 1321.0724668502808 1559.8553886413574
55.94294865186469 -3.1912487083950545 NE 55.943160783899046 -3.1910365763606987 1321.0724668502808 1558.6053886413574
55.943160783899046 -3.1910365763606987 SW 55.94294865186469 -3.1912487083950545 1321.0724668502808 1557.3553886413574
55.94294865186469 -3.1912487083950545 S 55.94264865186469 -3.1912487083950545 1348.8666219711304 1651.6782035827637
55.94264865186469 -3.1912487083950545 NNW 55.94292581572444 -3.191363513424764 1348.8666219711304 1650.4282035827637
55.94292581572444 -3.191363513424764 S 55.94262581572444 -3.191363513424764 1348.8666219711304 1649.1782035827637
55.94262581572444 -3.191363513424764 N 55.94292581572444 -3.191363513424764 1348.8666219711304 1647.9282035827637
55.94292581572444 -3.191363513424764 ENE 55.943040620754154 -3.1910863495650106 1348.8666219711304 1646.6782035827637
55.943040620754154 -3.1910863495650106 WSW 55.94292581572444 -3.191363513424764 1348.8666219711304 1645.4282035827637
55.94292581572444 -3.191363513424764 SW 55.94271368369009 -3.1915756454591198 1348.8666219711304 1644.1782035827637
55.94271368369009 -3.1915756454591198 NNW 55.942990847549844 -3.1916904504888293 1348.8666219711304 1642.9282035827637
55.942990847549844 -3.1916904504888293 S 55.94269084754984 -3.1916904504888293 1348.8666219711304 1641.6782035827637
55.94269084754984 -3.1916904504888293 W 55.94269084754984 -3.1919904504888295 1348.8666219711304 1640.4282035827637
55.94269084754984 -3.1919904504888295 ENE 55.94280565257955 -3.191713286629076 1348.8666219711304 1639.1782035827637
55.94280565257955 -3.191713286629076 W 55.94280565257955 -3.1920132866290762 1348.8666219711304 1637.9282035827637
55.94280565257955 -3.1920132866290762 E 55.94280565257955 -3.191713286629076 1348.8666219711304 1636.6782035827637
55.94280565257955 -3.191713286629076 W 55.94280565257955 -3.1920132866290762 1348.8666219711304 1635.4282035827637
55.94280565257955 -3.1920132866290762 NW 55.94301778461391 -3.192225418663432 1348.8666219711304 1634.1782035827637
55.94301778461391 -3.192225418663432 SE 55.94280565257955 -3.1920132866290762 1348.8666219711304 1632.9282035827637
55.94280565257955 -3.1920132866290762 WNW 55.94292045760926 -3.1922904504888296 1348.8666219711304 1631.6782035827637
55.94292045760926 -3.1922904504888296 S 55.94262045760926 -3.1922904504888296 1348.8666219711304 1630.4282035827637
55.94262045760926 -3.1922904504888296 N 55.94292045760926 -3.1922904504888296 1348.8666219711304 1629.1782035827637
55.94292045760926 -3.1922904504888296 SSW 55.942643293749505 -3.192405255518539 1348.8666219711304 1627.9282035827637
55.942643293749505 -3.192405255518539 N 55.94294329374951 -3.192405255518539 1348.8666219711304 1626.6782035827637
55.94294329374951 -3.192405255518539 S 55.942643293749505 -3.192405255518539 1348.8666219711304 1625.4282035827637
55.942643293749505 -3.192405255518539 N 55.94294329374951 -3.192405255518539 1348.8666219711304 1624.1782035827637
55.94294329374951 -3.192405255518539 SSE 55.94266612988975 -3.1922904504888296 1348.8666219711304 1622.9282035827637
55.94266612988975 -3.1922904504888296 N 55.942966129889754 -3.1922904504888296 1348.8666219711304 1621.6782035827637
55.942966129889754 -3.1922904504888296 S 55.94266612988975 -3.1922904504888296 1348.8666219711304 1620.4282035827637
55.94266612988975 -3.1922904504888296 N 55.942966129889754 -3.1922904504888296 1348.8666219711304 1619.1782035827637
55.942966129889754 -3.1922904504888296 NNW 55.94324329374951 -3.192405255518539 1348.8666219711304 1617.9282035827637
55.94324329374951 -3.192405255518539 ENE 55.94335809877922 -3.1921280916587857 1348.8666219711304 1616.6782035827637
55.94335809877922 -3.1921280916587857 N 55.943658098779224 -3.1921280916587857 1348.8666219711304 1615.4282035827637
55.943658098779224 -3.1921280916587857 S 55.94335809877922 -3.1921280916587857 1348.8666219711304 1614.1782035827637
55.94335809877922 -3.1921280916587857 N 55.943658098779224 -3.1921280916587857 1348.8666219711304 1612.9282035827637
55.943658098779224 -3.1921280916587857 W 55.943658098779224 -3.192428091658786 1348.8666219711304 1611.6782035827637
55.943658098779224 -3.192428091658786 NNE 55.94393526263898 -3.1923132866290764 1348.8666219711304 1610.4282035827637
55.94393526263898 -3.1923132866290764 NNW 55.94421242649874 -3.192428091658786 1431.283164024353 1706.7420768737793
55.94421242649874 -3.192428091658786 E 55.94421242649874 -3.1921280916587857 1431.283164024353 1705.4920768737793
55.94421242649874 -3.1921280916587857 NW 55.94442455853309 -3.1923402236931415 1431.283164024353 1704.2420768737793
55.94442455853309 -3.1923402236931415 NE 55.94463669056745 -3.1921280916587857 1431.283164024353 1702.9920768737793
55.94463669056745 -3.1921280916587857 SW 55.94442455853309 -3.1923402236931415 1431.283164024353 1701.7420768737793
55.94442455853309 -3.1923402236931415 N 55.944724558533096 -3.1923402236931415 1431.283164024353 1700.4920768737793
55.944724558533096 -3.1923402236931415 E 55.944724558533096 -3.1920402236931413 1487.3787298202515 1783.054111480713
55.944724558533096 -3.1920402236931413 W 55.944724558533096 -3.1923402236931415 1487.3787298202515 1781.804111480713
55.944724558533096 -3.1923402236931415 NNE 55.94500172239285 -3.192225418663432 1487.3787298202515 1780.554111480713
55.94500172239285 -3.192225418663432 SW 55.944789590358496 -3.192437550697788 1487.3787298202515 1779.304111480713
55.944789590358496 -3.192437550697788 NE 55.94500172239285 -3.192225418663432 1487.3787298202515 1778.054111480713
55.94500172239285 -3.192225418663432 SW 55.944789590358496 -3.192437550697788 1487.3787298202515 1776.804111480713
55.944789590358496 -3.192437550697788 NE 55.94500172239285 -3.192225418663432 1487.3787298202515 1775.554111480713
55.94500172239285 -3.192225418663432 SW 55.944789590358496 -3.192437550697788 1487.3787298202515 1774.304111480713
55.944789590358496 -3.192437550697788 NNE 55.94506675421825 -3.1923227456680783 1541.6364126205444 1814.768798828125
55.94506675421825 -3.1923227456680783 NNW 55.94534391807801 -3.192437550697788 1541.6364126205444 1813.518798828125
55.94534391807801 -3.192437550697788 SSE 55.94506675421825 -3.1923227456680783 1541.6364126205444 1812.268798828125
55.94506675421825 -3.1923227456680783 S 55.94476675421825 -3.1923227456680783 1541.6364126205444 1811.018798828125
55.94476675421825 -3.1923227456680783 N 55.94506675421825 -3.1923227456680783 1541.6364126205444 1809.768798828125
55.94506675421825 -3.1923227456680783 SE 55.9448546221839 -3.1921106136337225 1552.7091331481934 1826.2405796051025
55.9448546221839 -3.1921106136337225 E 55.9448546221839 -3.1918106136337223 1566.2287940979004 1940.2704257965088
55.9448546221839 -3.1918106136337223 WSW 55.944739817154186 -3.1920877774934757 1566.2287940979004 1939.0204257965088
55.944739817154186 -3.1920877774934757 E 55.944739817154186 -3.1917877774934755 1614.5788459777832 2037.2731113433838
55.944739817154186 -3.1917877774934755 W 55.944739817154186 -3.1920877774934757 1614.5788459777832 2036.0231113433838
55.944739817154186 -3.1920877774934757 WSW 55.944625012124476 -3.192364941353229 1639.7716541290283 2056.767162322998
55.944625012124476 -3.192364941353229 E 55.944625012124476 -3.192064941353229 1639.7716541290283 2055.517162322998
55.944625012124476 -3.192064941353229 SSE 55.94434784826472 -3.1919501363235194 1639.7716541290283 2054.267162322998
55.94434784826472 -3.1919501363235194 SSE 55.94407068440496 -3.19183533129381 1639.7716541290283 2053.017162322998
55.94407068440496 -3.19183533129381 NE 55.94428281643932 -3.191623199259454 1639.7716541290283 2051.767162322998
55.94428281643932 -3.191623199259454 SE 55.94407068440496 -3.1914110672250984 1639.7716541290283 2050.517162322998
55.94407068440496 -3.1914110672250984 SSE 55.943793520545206 -3.191296262195389 1639.7716541290283 2049.267162322998
55.943793520545206 -3.191296262195389 NNW 55.94407068440496 -3.1914110672250984 1639.7716541290283 2048.017162322998
55.94407068440496 -3.1914110672250984 S 55.94377068440496 -3.1914110672250984 1639.7716541290283 2046.767162322998
55.94377068440496 -3.1914110672250984 N 55.94407068440496 -3.1914110672250984 1639.7716541290283 2045.517162322998
55.94407068440496 -3.1914110672250984 SE 55.94385855237061 -3.1911989351907426 1639.7716541290283 2044.267162322998
55.94385855237061 -3.1911989351907426 NNW 55.94413571623036 -3.191313740220452 1639.7716541290283 2043.017162322998
55.94413571623036 -3.191313740220452 NE 55.94434784826472 -3.1911016081860963 1639.7716541290283 2041.767162322998
55.94434784826472 -3.1911016081860963 N 55.94464784826472 -3.1911016081860963 1639.7716541290283 2040.517162322998
55.94464784826472 -3.1911016081860963 S 55.94434784826472 -3.1911016081860963 1639.7716541290283 2039.267162322998
55.94434784826472 -3.1911016081860963 E 55.94434784826472 -3.190801608186096 1639.7716541290283 2038.017162322998
55.94434784826472 -3.190801608186096 W 55.94434784826472 -3.1911016081860963 1639.7716541290283 2036.767162322998
