55.944425 -3.188396 NW 55.94463713203436 -3.188608132034356 0.0 248.75
55.94463713203436 -3.188608132034356 SE 55.944425 -3.188396 0.0 247.5
55.944425 -3.188396 ESE 55.94431019497029 -3.1881188361402466 0.0 246.25
55.94431019497029 -3.1881188361402466 WNW 55.944425 -3.188396 0.0 245.0
55.944425 -3.188396 E 55.944425 -3.188096 0.0 243.75
55.944425 -3.188096 W 55.944425 -3.188396 0.0 242.5
55.944425 -3.188396 E 55.944425 -3.188096 0.0 241.25
55.944425 -3.188096 NW 55.94463713203436 -3.1883081320343556 0.0 240.0
55.94463713203436 -3.1883081320343556 E 55.94463713203436 -3.1880081320343554 0.0 238.75
55.94463713203436 -3.1880081320343554 W 55.94463713203436 -3.1883081320343556 0.0 237.5
55.94463713203436 -3.1883081320343556 ESE 55.94452232700465 -3.188030968174602 0.0 236.25
55.94452232700465 -3.188030968174602 WNW 55.94463713203436 -3.1883081320343556 0.0 235.0
55.94463713203436 -3.1883081320343556 N 55.94493713203436 -3.1883081320343556 78.49140930175781 240.3429160118103
55.94493713203436 -3.1883081320343556 S 55.94463713203436 -3.1883081320343556 78.49140930175781 239.0929160118103
55.94463713203436 -3.1883081320343556 NNW 55.944914295894115 -3.188422937064065 78.49140930175781 237.8429160118103
55.944914295894115 -3.188422937064065 S 55.94461429589411 -3.188422937064065 78.49140930175781 236.5929160118103
55.94461429589411 -3.188422937064065 NNW 55.94489145975387 -3.1885377420937746 78.49140930175781 235.3429160118103
55.94489145975387 -3.1885377420937746 S 55.944591459753866 -3.1885377420937746 78.49140930175781 234.0929160118103
55.944591459753866 -3.1885377420937746 N 55.94489145975387 -3.1885377420937746 78.49140930175781 232.8429160118103
55.94489145975387 -3.1885377420937746 SW 55.94467932771951 -3.1887498741281304 78.49140930175781 231.5929160118103
55.94467932771951 -3.1887498741281304 NE 55.94489145975387 -3.1885377420937746 78.49140930175781 230.3429160118103
55.94489145975387 -3.1885377420937746 NE 55.945103591788225 -3.188325610059419 78.49140930175781 229.0929160118103
55.945103591788225 -3.188325610059419 W 55.945103591788225 -3.188625610059419 78.49140930175781 227.8429160118103
55.945103591788225 -3.188625610059419 E 55.945103591788225 -3.188325610059419 78.49140930175781 226.5929160118103
55.945103591788225 -3.188325610059419 SSE 55.94482642792847 -3.1882108050297093 78.49140930175781 225.3429160118103
55.94482642792847 -3.1882108050297093 NNW 55.945103591788225 -3.188325610059419 78.49140930175781 224.0929160118103
55.945103591788225 -3.188325610059419 N 55.94540359178823 -3.188325610059419 78.49140930175781 222.8429160118103
55.94540359178823 -3.188325610059419 S 55.945103591788225 -3.188325610059419 78.49140930175781 221.5929160118103
55.945103591788225 -3.188325610059419 ENE 55.945218396817936 -3.1880484461996654 78.49140930175781 220.3429160118103
55.945218396817936 -3.1880484461996654 WSW 55.945103591788225 -3.188325610059419 78.49140930175781 219.0929160118103
55.945103591788225 -3.188325610059419 N 55.94540359178823 -3.188325610059419 78.49140930175781 217.8429160118103
55.94540359178823 -3.188325610059419 SE 55.94519145975387 -3.188113478025063 78.49140930175781 216.5929160118103
55.94519145975387 -3.188113478025063 NW 55.94540359178823 -3.188325610059419 78.49140930175781 215.3429160118103
55.94540359178823 -3.188325610059419 S 55.945103591788225 -3.188325610059419 78.49140930175781 214.0929160118103
55.945103591788225 -3.188325610059419 N 55.94540359178823 -3.188325610059419 78.49140930175781 212.8429160118103
55.94540359178823 -3.188325610059419 NNE 55.945680755647984 -3.1882108050297093 78.49140930175781 211.5929160118103
55.945680755647984 -3.1882108050297093 SSW 55.94540359178823 -3.188325610059419 78.49140930175781 210.3429160118103
55.94540359178823 -3.188325610059419 N 55.94570359178823 -3.188325610059419 78.49140930175781 209.0929160118103
55.94570359178823 -3.188325610059419 S 55.94540359178823 -3.188325610059419 78.49140930175781 207.8429160118103
55.94540359178823 -3.188325610059419 NNE 55.945680755647984 -3.1882108050297093 78.49140930175781 206.5929160118103
55.945680755647984 -3.1882108050297093 SSW 55.94540359178823 -3.188325610059419 78.49140930175781 205.3429160118103
55.94540359178823 -3.188325610059419 NNE 55.945680755647984 -3.1882108050297093 78.49140930175781 204.0929160118103
55.945680755647984 -3.1882108050297093 SSE 55.94540359178823 -3.188096 78.49140930175781 202.8429160118103
55.94540359178823 -3.188096 N 55.94570359178823 -3.188096 78.49140930175781 201.5929160118103
55.94570359178823 -3.188096 NW 55.94591572382259 -3.1883081320343556 78.49140930175781 200.3429160118103
55.94591572382259 -3.1883081320343556 SE 55.94570359178823 -3.188096 78.49140930175781 199.0929160118103
55.94570359178823 -3.188096 NNW 55.94598075564799 -3.1882108050297093 78.49140930175781 197.8429160118103
55.94598075564799 -3.1882108050297093 SSE 55.94570359178823 -3.188096 78.49140930175781 196.5929160118103
55.94570359178823 -3.188096 NE 55.94591572382259 -3.187883867965644 78.49140930175781 195.3429160118103
55.94591572382259 -3.187883867965644 SW 55.94570359178823 -3.188096 78.49140930175781 194.0929160118103
55.94570359178823 -3.188096 ENE 55.94581839681794 -3.1878188361402464 78.49140930175781 192.8429160118103
55.94581839681794 -3.1878188361402464 WSW 55.94570359178823 -3.188096 78.49140930175781 191.5929160118103
55.94570359178823 -3.188096 ESE 55.94558878675852 -3.1878188361402464 78.49140930175781 190.3429160118103
55.94558878675852 -3.1878188361402464 W 55.94558878675852 -3.1881188361402466 78.49140930175781 189.0929160118103
55.94558878675852 -3.1881188361402466 E 55.94558878675852 -3.1878188361402464 78.49140930175781 187.8429160118103
55.94558878675852 -3.1878188361402464 W 55.94558878675852 -3.1881188361402466 78.49140930175781 186.5929160118103
55.94558878675852 -3.1881188361402466 E 55.94558878675852 -3.1878188361402464 78.49140930175781 185.3429160118103
55.94558878675852 -3.1878188361402464 NE 55.94580091879288 -3.1876067041058906 78.49140930175781 184.0929160118103
55.94580091879288 -3.1876067041058906 SW 55.94558878675852 -3.1878188361402464 78.49140930175781 182.8429160118103
55.94558878675852 -3.1878188361402464 NW 55.94580091879288 -3.188030968174602 78.49140930175781 181.5929160118103
55.94580091879288 -3.188030968174602 SE 55.94558878675852 -3.1878188361402464 78.49140930175781 180.3429160118103
55.94558878675852 -3.1878188361402464 SSE 55.945311622898764 -3.187704031110537 78.49140930175781 179.0929160118103
55.945311622898764 -3.187704031110537 NNE 55.94558878675852 -3.1875892260808274 78.49140930175781 177.8429160118103
55.94558878675852 -3.1875892260808274 SSW 55.945311622898764 -3.187704031110537 78.49140930175781 176.5929160118103
55.945311622898764 -3.187704031110537 NE 55.94552375493312 -3.187491899076181 78.49140930175781 175.3429160118103
55.94552375493312 -3.187491899076181 WSW 55.94540894990341 -3.1877690629359345 78.49140930175781 174.0929160118103
55.94540894990341 -3.1877690629359345 ENE 55.94552375493312 -3.187491899076181 78.49140930175781 172.8429160118103
55.94552375493312 -3.187491899076181 SW 55.945311622898764 -3.187704031110537 78.49140930175781 171.5929160118103
55.945311622898764 -3.187704031110537 NE 55.94552375493312 -3.187491899076181 78.49140930175781 170.3429160118103
55.94552375493312 -3.187491899076181 ESE 55.94540894990341 -3.1872147352164277 78.49140930175781 169.0929160118103
55.94540894990341 -3.1872147352164277 WSW 55.9452941448737 -3.187491899076181 78.49140930175781 167.8429160118103
55.9452941448737 -3.187491899076181 NE 55.945506276908056 -3.1872797670418254 78.49140930175781 166.5929160118103
55.945506276908056 -3.1872797670418254 SSW 55.9452291130483 -3.187394572071535 78.49140930175781 165.3429160118103
55.9452291130483 -3.187394572071535 NNE 55.945506276908056 -3.1872797670418254 78.49140930175781 164.0929160118103
55.945506276908056 -3.1872797670418254 SSW 55.9452291130483 -3.187394572071535 78.49140930175781 162.8429160118103
55.9452291130483 -3.187394572071535 ENE 55.94534391807801 -3.1871174082117815 78.49140930175781 161.5929160118103
55.94534391807801 -3.1871174082117815 WSW 55.9452291130483 -3.187394572071535 78.49140930175781 160.3429160118103
55.9452291130483 -3.187394572071535 ESE 55.94511430801859 -3.1871174082117815 78.49140930175781 159.0929160118103
55.94511430801859 -3.1871174082117815 NNW 55.945391471878345 -3.187232213241491 78.49140930175781 157.8429160118103
55.945391471878345 -3.187232213241491 SSE 55.94511430801859 -3.1871174082117815 78.49140930175781 156.5929160118103
55.94511430801859 -3.1871174082117815 NNW 55.945391471878345 -3.187232213241491 78.49140930175781 155.3429160118103
55.945391471878345 -3.187232213241491 N 55.94569147187835 -3.187232213241491 78.49140930175781 154.0929160118103
55.94569147187835 -3.187232213241491 S 55.945391471878345 -3.187232213241491 78.49140930175781 152.8429160118103
55.945391471878345 -3.187232213241491 WSW 55.945276666848635 -3.1875093771012444 78.49140930175781 151.5929160118103
55.945276666848635 -3.1875093771012444 ENE 55.945391471878345 -3.187232213241491 78.49140930175781 150.3429160118103
55.945391471878345 -3.187232213241491 N 55.94569147187835 -3.187232213241491 78.49140930175781 149.0929160118103
55.94569147187835 -3.187232213241491 S 55.945391471878345 -3.187232213241491 78.49140930175781 147.8429160118103
55.945391471878345 -3.187232213241491 N 55.94569147187835 -3.187232213241491 78.49140930175781 146.5929160118103
55.94569147187835 -3.187232213241491 SW 55.94547933984399 -3.1874443452758467 78.49140930175781 145.3429160118103
55.94547933984399 -3.1874443452758467 NNE 55.94575650370375 -3.1873295402461372 78.49140930175781 144.0929160118103
55.94575650370375 -3.1873295402461372 WSW 55.94564169867404 -3.1876067041058906 78.49140930175781 142.8429160118103
55.94564169867404 -3.1876067041058906 ENE 55.94575650370375 -3.1873295402461372 78.49140930175781 141.5929160118103
55.94575650370375 -3.1873295402461372 WSW 55.94564169867404 -3.1876067041058906 78.49140930175781 140.3429160118103
55.94564169867404 -3.1876067041058906 NNW 55.945918862533794 -3.1877215091356 78.49140930175781 139.0929160118103
55.945918862533794 -3.1877215091356 SSE 55.94564169867404 -3.1876067041058906 78.49140930175781 137.8429160118103
55.94564169867404 -3.1876067041058906 NW 55.945853830708394 -3.1878188361402464 78.49140930175781 136.5929160118103
55.945853830708394 -3.1878188361402464 ESE 55.945739025678684 -3.187541672280493 78.49140930175781 135.3429160118103
55.945739025678684 -3.187541672280493 WNW 55.945853830708394 -3.1878188361402464 78.49140930175781 134.0929160118103
55.945853830708394 -3.1878188361402464 N 55.9461538307084 -3.1878188361402464 78.49140930175781 132.8429160118103
55.9461538307084 -3.1878188361402464 SSW 55.94587666684864 -3.187933641169956 78.49140930175781 131.5929160118103
55.94587666684864 -3.187933641169956 NNW 55.9461538307084 -3.1880484461996654 78.49140930175781 130.3429160118103
55.9461538307084 -3.1880484461996654 SE 55.94594169867404 -3.1878363141653097 78.49140930175781 129.0929160118103
55.94594169867404 -3.1878363141653097 WNW 55.94605650370375 -3.188113478025063 78.49140930175781 127.8429160118103
55.94605650370375 -3.188113478025063 ENE 55.94617130873346 -3.1878363141653097 78.49140930175781 126.5929160118103
55.94617130873346 -3.1878363141653097 WSW 55.94605650370375 -3.188113478025063 78.49140930175781 125.3429160118103
55.94605650370375 -3.188113478025063 ENE 55.94617130873346 -3.1878363141653097 78.49140930175781 124.0929160118103
55.94617130873346 -3.1878363141653097 WSW 55.94605650370375 -3.188113478025063 78.49140930175781 122.8429160118103
55.94605650370375 -3.188113478025063 E 55.94605650370375 -3.187813478025063 78.49140930175781 121.5929160118103
55.94605650370375 -3.187813478025063 ENE 55.94617130873346 -3.1875363141653095 78.49140930175781 120.3429160118103
55.94617130873346 -3.1875363141653095 WSW 55.94605650370375 -3.187813478025063 78.49140930175781 119.0929160118103
55.94605650370375 -3.187813478025063 ESE 55.94594169867404 -3.1875363141653095 78.49140930175781 117.8429160118103
55.94594169867404 -3.1875363141653095 WNW 55.94605650370375 -3.187813478025063 78.49140930175781 116.5929160118103
55.94605650370375 -3.187813478025063 SSE 55.945779339843995 -3.1876986729953534 78.49140930175781 115.3429160118103
55.945779339843995 -3.1876986729953534 NNW 55.94605650370375 -3.187813478025063 78.49140930175781 114.0929160118103
55.94605650370375 -3.187813478025063 SSE 55.945779339843995 -3.1876986729953534 78.49140930175781 112.8429160118103
55.945779339843995 -3.1876986729953534 NE 55.94599147187835 -3.1874865409609976 78.49140930175781 111.5929160118103
55.94599147187835 -3.1874865409609976 SW 55.945779339843995 -3.1876986729953534 78.49140930175781 110.3429160118103
55.945779339843995 -3.1876986729953534 NE 55.94599147187835 -3.1874865409609976 78.49140930175781 109.0929160118103
55.94599147187835 -3.1874865409609976 ESE 55.94587666684864 -3.187209377101244 78.49140930175781 107.8429160118103
55.94587666684864 -3.187209377101244 WNW 55.94599147187835 -3.1874865409609976 78.49140930175781 106.5929160118103
55.94599147187835 -3.1874865409609976 ENE 55.94610627690806 -3.187209377101244 78.49140930175781 105.3429160118103
55.94610627690806 -3.187209377101244 SSW 55.945829113048305 -3.1873241821309537 78.49140930175781 104.0929160118103
55.945829113048305 -3.1873241821309537 NE 55.94604124508266 -3.187112050096598 78.49140930175781 102.8429160118103
55.94604124508266 -3.187112050096598 SW 55.945829113048305 -3.1873241821309537 78.49140930175781 101.5929160118103
55.945829113048305 -3.1873241821309537 NE 55.94604124508266 -3.187112050096598 78.49140930175781 100.3429160118103
55.94604124508266 -3.187112050096598 SSW 55.945764081222904 -3.1872268551263074 78.49140930175781 99.0929160118103
55.945764081222904 -3.1872268551263074 WSW 55.945649276193194 -3.187504018986061 78.49140930175781 97.8429160118103
55.945649276193194 -3.187504018986061 ENE 55.945764081222904 -3.1872268551263074 78.49140930175781 96.5929160118103
55.945764081222904 -3.1872268551263074 WNW 55.945878886252615 -3.187504018986061 78.49140930175781 95.3429160118103
55.945878886252615 -3.187504018986061 SE 55.94566675421826 -3.187291886951705 78.49140930175781 94.0929160118103
55.94566675421826 -3.187291886951705 NNW 55.945943918078015 -3.1874066919814146 78.49140930175781 92.8429160118103
55.945943918078015 -3.1874066919814146 SSE 55.94566675421826 -3.187291886951705 78.49140930175781 91.5929160118103
55.94566675421826 -3.187291886951705 NNW 55.945943918078015 -3.1874066919814146 78.49140930175781 90.3429160118103
55.945943918078015 -3.1874066919814146 SSE 55.94566675421826 -3.187291886951705 78.49140930175781 89.0929160118103
55.94566675421826 -3.187291886951705 NE 55.945878886252615 -3.1870797549173493 78.49140930175781 87.8429160118103
55.945878886252615 -3.1870797549173493 S 55.94557888625261 -3.1870797549173493 78.49140930175781 86.5929160118103
55.94557888625261 -3.1870797549173493 N 55.945878886252615 -3.1870797549173493 78.49140930175781 85.3429160118103
55.945878886252615 -3.1870797549173493 SE 55.94566675421826 -3.1868676228829935 78.49140930175781 84.0929160118103
55.94566675421826 -3.1868676228829935 NW 55.945878886252615 -3.1870797549173493 78.49140930175781 82.8429160118103
55.945878886252615 -3.1870797549173493 NNE 55.94615605011237 -3.18696494988764 78.49140930175781 81.5929160118103
55.94615605011237 -3.18696494988764 SW 55.945943918078015 -3.1871770819219956 78.49140930175781 80.3429160118103
55.945943918078015 -3.1871770819219956 NE 55.94615605011237 -3.18696494988764 78.49140930175781 79.0929160118103
55.94615605011237 -3.18696494988764 SW 55.945943918078015 -3.1871770819219956 78.49140930175781 77.8429160118103
55.945943918078015 -3.1871770819219956 NE 55.94615605011237 -3.18696494988764 78.49140930175781 76.5929160118103
55.94615605011237 -3.18696494988764 SW 55.945943918078015 -3.1871770819219956 78.49140930175781 75.3429160118103
55.945943918078015 -3.1871770819219956 NE 55.94615605011237 -3.18696494988764 78.49140930175781 74.0929160118103
55.94615605011237 -3.18696494988764 SW 55.945943918078015 -3.1871770819219956 78.49140930175781 72.8429160118103
55.945943918078015 -3.1871770819219956 ENE 55.946058723107726 -3.186899918062242 78.49140930175781 71.5929160118103
55.946058723107726 -3.186899918062242 SSW 55.94578155924797 -3.1870147230919517 78.49140930175781 70.3429160118103
55.94578155924797 -3.1870147230919517 NNE 55.946058723107726 -3.186899918062242 78.49140930175781 69.0929160118103
55.946058723107726 -3.186899918062242 E 55.946058723107726 -3.186599918062242 78.49140930175781 67.8429160118103
55.946058723107726 -3.186599918062242 W 55.946058723107726 -3.186899918062242 78.49140930175781 66.5929160118103
55.946058723107726 -3.186899918062242 ENE 55.946173528137436 -3.1866227542024887 78.49140930175781 65.3429160118103
55.946173528137436 -3.1866227542024887 W 55.946173528137436 -3.186922754202489 78.49140930175781 64.0929160118103
55.946173528137436 -3.186922754202489 SSE 55.94589636427768 -3.1868079491727794 78.49140930175781 62.8429160118103
55.94589636427768 -3.1868079491727794 NNW 55.946173528137436 -3.186922754202489 78.49140930175781 61.5929160118103
55.946173528137436 -3.186922754202489 E 55.946173528137436 -3.1866227542024887 78.49140930175781 60.3429160118103
55.946173528137436 -3.1866227542024887 W 55.946173528137436 -3.186922754202489 78.49140930175781 59.0929160118103
55.946173528137436 -3.186922754202489 E 55.946173528137436 -3.1866227542024887 78.49140930175781 57.8429160118103
55.946173528137436 -3.1866227542024887 SW 55.94596139610308 -3.1868348862368445 78.49140930175781 56.5929160118103
55.94596139610308 -3.1868348862368445 NE 55.946173528137436 -3.1866227542024887 78.49140930175781 55.3429160118103
55.946173528137436 -3.1866227542024887 ESE 55.946058723107726 -3.1863455903427353 78.49140930175781 54.0929160118103
55.946058723107726 -3.1863455903427353 WNW 55.946173528137436 -3.1866227542024887 78.49140930175781 52.8429160118103
55.946173528137436 -3.1866227542024887 ESE 55.946058723107726 -3.1863455903427353 78.49140930175781 51.5929160118103
55.946058723107726 -3.1863455903427353 WNW 55.946173528137436 -3.1866227542024887 78.49140930175781 50.3429160118103
55.946173528137436 -3.1866227542024887 E 55.946173528137436 -3.1863227542024886 78.49140930175781 49.0929160118103
55.946173528137436 -3.1863227542024886 W 55.946173528137436 -3.1866227542024887 78.49140930175781 47.8429160118103
55.946173528137436 -3.1866227542024887 E 55.946173528137436 -3.1863227542024886 78.49140930175781 46.5929160118103
55.946173528137436 -3.1863227542024886 W 55.946173528137436 -3.1866227542024887 78.49140930175781 45.3429160118103
55.946173528137436 -3.1866227542024887 ESE 55.946058723107726 -3.1863455903427353 78.49140930175781 44.0929160118103
55.946058723107726 -3.1863455903427353 SW 55.94584659107337 -3.186557722377091 78.49140930175781 42.8429160118103
55.94584659107337 -3.186557722377091 NE 55.946058723107726 -3.1863455903427353 78.49140930175781 41.5929160118103
55.946058723107726 -3.1863455903427353 ENE 55.946173528137436 -3.186068426482982 78.49140930175781 40.3429160118103
55.946173528137436 -3.186068426482982 WSW 55.946058723107726 -3.1863455903427353 78.49140930175781 39.0929160118103
55.946058723107726 -3.1863455903427353 ENE 55.946173528137436 -3.186068426482982 78.49140930175781 37.8429160118103
55.946173528137436 -3.186068426482982 WSW 55.946058723107726 -3.1863455903427353 78.49140930175781 36.5929160118103
55.946058723107726 -3.1863455903427353 E 55.946058723107726 -3.186045590342735 78.49140930175781 35.3429160118103
55.946058723107726 -3.186045590342735 W 55.946058723107726 -3.1863455903427353 78.49140930175781 34.0929160118103
55.946058723107726 -3.1863455903427353 ENE 55.946173528137436 -3.186068426482982 78.49140930175781 32.8429160118103
55.946173528137436 -3.186068426482982 WSW 55.946058723107726 -3.1863455903427353 78.49140930175781 31.592916011810303
55.946058723107726 -3.1863455903427353 ENE 55.946173528137436 -3.186068426482982 78.49140930175781 30.342916011810303
55.946173528137436 -3.186068426482982 WSW 55.946058723107726 -3.1863455903427353 78.49140930175781 29.092916011810303
55.946058723107726 -3.1863455903427353 E 55.946058723107726 -3.186045590342735 78.49140930175781 27.842916011810303
55.946058723107726 -3.186045590342735 WSW 55.945943918078015 -3.1863227542024886 78.49140930175781 26.592916011810303
55.945943918078015 -3.1863227542024886 ENE 55.946058723107726 -3.186045590342735 78.49140930175781 25.342916011810303
55.946058723107726 -3.186045590342735 WSW 55.945943918078015 -3.1863227542024886 78.49140930175781 24.092916011810303
55.945943918078015 -3.1863227542024886 ENE 55.946058723107726 -3.186045590342735 78.49140930175781 22.842916011810303
55.946058723107726 -3.186045590342735 SE 55.94584659107337 -3.1858334583083794 78.49140930175781 21.592916011810303
55.94584659107337 -3.1858334583083794 NW 55.946058723107726 -3.186045590342735 78.49140930175781 20.342916011810303
55.946058723107726 -3.186045590342735 ENE 55.946173528137436 -3.1857684264829818 78.49140930175781 19.092916011810303
55.946173528137436 -3.1857684264829818 W 55.946173528137436 -3.186068426482982 78.49140930175781 17.842916011810303
55.946173528137436 -3.186068426482982 E 55.946173528137436 -3.1857684264829818 78.49140930175781 16.592916011810303
55.946173528137436 -3.1857684264829818 W 55.946173528137436 -3.186068426482982 78.49140930175781 15.342916011810303
55.946173528137436 -3.186068426482982 SE 55.94596139610308 -3.185856294448626 78.49140930175781 14.092916011810303
55.94596139610308 -3.185856294448626 NW 55.946173528137436 -3.186068426482982 78.49140930175781 12.842916011810303
55.946173528137436 -3.186068426482982 SE 55.94596139610308 -3.185856294448626 78.49140930175781 11.592916011810303
55.94596139610308 -3.185856294448626 NW 55.946173528137436 -3.186068426482982 78.49140930175781 10.342916011810303
55.946173528137436 -3.186068426482982 SE 55.94596139610308 -3.185856294448626 78.49140930175781 9.092916011810303
55.94596139610308 -3.185856294448626 WNW 55.94607620113279 -3.1861334583083796 78.49140930175781 7.842916011810303
55.94607620113279 -3.1861334583083796 SE 55.945864069098434 -3.185921326274024 177.3128662109375 119.65484380722046
55.945864069098434 -3.185921326274024 NNW 55.94614123295819 -3.1860361313037333 177.3128662109375 118.40484380722046
55.94614123295819 -3.1860361313037333 SSE 55.945864069098434 -3.185921326274024 177.3128662109375 117.15484380722046
55.945864069098434 -3.185921326274024 N 55.94616406909844 -3.185921326274024 177.3128662109375 115.90484380722046
55.94616406909844 -3.185921326274024 S 55.945864069098434 -3.185921326274024 177.3128662109375 114.65484380722046
55.945864069098434 -3.185921326274024 ENE 55.945978874128144 -3.1856441624142704 231.24511337280273 153.45398092269897
55.945978874128144 -3.1856441624142704 WSW 55.945864069098434 -3.185921326274024 231.24511337280273 152.20398092269897
55.945864069098434 -3.185921326274024 SW 55.94565193706408 -3.1861334583083796 231.24511337280273 150.95398092269897
55.94565193706408 -3.1861334583083796 NNW 55.945929100923834 -3.186248263338089 231.24511337280273 149.70398092269897
55.945929100923834 -3.186248263338089 SW 55.94571696888948 -3.186460395372445 231.24511337280273 148.45398092269897
55.94571696888948 -3.186460395372445 NE 55.945929100923834 -3.186248263338089 231.24511337280273 147.20398092269897
55.945929100923834 -3.186248263338089 W 55.945929100923834 -3.1865482633380893 231.24511337280273 145.95398092269897
55.945929100923834 -3.1865482633380893 ENE 55.946043905953545 -3.186271099478336 231.24511337280273 144.70398092269897
55.946043905953545 -3.186271099478336 WSW 55.945929100923834 -3.1865482633380893 231.24511337280273 143.45398092269897
55.945929100923834 -3.1865482633380893 ENE 55.946043905953545 -3.186271099478336 231.24511337280273 142.20398092269897
55.946043905953545 -3.186271099478336 SW 55.94583177391919 -3.1864832315126916 231.24511337280273 140.95398092269897
55.94583177391919 -3.1864832315126916 NE 55.946043905953545 -3.186271099478336 231.24511337280273 139.70398092269897
55.946043905953545 -3.186271099478336 S 55.94574390595354 -3.186271099478336 231.24511337280273 138.45398092269897
55.94574390595354 -3.186271099478336 NW 55.9459560379879 -3.1864832315126916 231.24511337280273 137.20398092269897
55.9459560379879 -3.1864832315126916 SE 55.94574390595354 -3.186271099478336 231.24511337280273 135.95398092269897
55.94574390595354 -3.186271099478336 NNW 55.9460210698133 -3.1863859045080454 231.24511337280273 134.70398092269897
55.9460210698133 -3.1863859045080454 SSE 55.94574390595354 -3.186271099478336 231.24511337280273 133.45398092269897
55.94574390595354 -3.186271099478336 SW 55.945531773919186 -3.1864832315126916 231.24511337280273 132.20398092269897
55.945531773919186 -3.1864832315126916 NE 55.94574390595354 -3.186271099478336 231.24511337280273 130.95398092269897
55.94574390595354 -3.186271099478336 SW 55.945531773919186 -3.1864832315126916 231.24511337280273 129.70398092269897
55.945531773919186 -3.1864832315126916 NNE 55.94580893777894 -3.186368426482982 231.24511337280273 128.45398092269897
55.94580893777894 -3.186368426482982 SSW 55.945531773919186 -3.1864832315126916 231.24511337280273 127.20398092269897
55.945531773919186 -3.1864832315126916 N 55.94583177391919 -3.1864832315126916 231.24511337280273 125.95398092269897
55.94583177391919 -3.1864832315126916 S 55.945531773919186 -3.1864832315126916 231.24511337280273 124.70398092269897
55.945531773919186 -3.1864832315126916 E 55.945531773919186 -3.1861832315126914 231.24511337280273 123.45398092269897
55.945531773919186 -3.1861832315126914 W 55.945531773919186 -3.1864832315126916 231.24511337280273 122.20398092269897
55.945531773919186 -3.1864832315126916 E 55.945531773919186 -3.1861832315126914 231.24511337280273 120.95398092269897
55.945531773919186 -3.1861832315126914 SW 55.94531964188483 -3.186395363547047 231.24511337280273 119.70398092269897
55.94531964188483 -3.186395363547047 E 55.94531964188483 -3.186095363547047 231.24511337280273 118.45398092269897
55.94531964188483 -3.186095363547047 WSW 55.94520483685512 -3.1863725274068004 231.24511337280273 117.20398092269897
55.94520483685512 -3.1863725274068004 ENE 55.94531964188483 -3.186095363547047 231.24511337280273 115.95398092269897
55.94531964188483 -3.186095363547047 WSW 55.94520483685512 -3.1863725274068004 231.24511337280273 114.70398092269897
55.94520483685512 -3.1863725274068004 ESE 55.94509003182541 -3.186095363547047 231.24511337280273 113.45398092269897
55.94509003182541 -3.186095363547047 WNW 55.94520483685512 -3.1863725274068004 231.24511337280273 112.20398092269897
55.94520483685512 -3.1863725274068004 ESE 55.94509003182541 -3.186095363547047 231.24511337280273 110.95398092269897
55.94509003182541 -3.186095363547047 WNW 55.94520483685512 -3.1863725274068004 231.24511337280273 109.70398092269897
55.94520483685512 -3.1863725274068004 SSE 55.94492767299536 -3.186257722377091 231.24511337280273 108.45398092269897
55.94492767299536 -3.186257722377091 NNW 55.94520483685512 -3.1863725274068004 231.24511337280273 107.20398092269897
55.94520483685512 -3.1863725274068004 SE 55.94499270482076 -3.1861603953724447 231.24511337280273 105.95398092269897
55.94499270482076 -3.1861603953724447 NW 55.94520483685512 -3.1863725274068004 231.24511337280273 104.70398092269897
55.94520483685512 -3.1863725274068004 WNW 55.94531964188483 -3.186649691266554 231.24511337280273 103.45398092269897
55.94531964188483 -3.186649691266554 ESE 55.94520483685512 -3.1863725274068004 231.24511337280273 102.20398092269897
55.94520483685512 -3.1863725274068004 NNE 55.945482000714875 -3.186257722377091 231.24511337280273 100.95398092269897
55.945482000714875 -3.186257722377091 WSW 55.945367195685165 -3.1865348862368443 231.24511337280273 99.70398092269897
55.945367195685165 -3.1865348862368443 W 55.945367195685165 -3.1868348862368445 261.1534881591797 133.21471548080444
55.945367195685165 -3.1868348862368445 E 55.945367195685165 -3.1865348862368443 261.1534881591797 131.96471548080444
