55.944425 -3.188396 NNE 55.94470216385976 -3.1882811949702905 0.0 248.75
55.94470216385976 -3.1882811949702905 S 55.944402163859756 -3.1882811949702905 0.0 247.5
55.944402163859756 -3.1882811949702905 WSW 55.944287358830046 -3.188558358830044 0.0 246.25
55.944287358830046 -3.188558358830044 ENE 55.944402163859756 -3.1882811949702905 0.0 245.0
55.944402163859756 -3.1882811949702905 SW 55.9441900318254 -3.1884933270046463 0.0 243.75
55.9441900318254 -3.1884933270046463 ENE 55.94430483685511 -3.188216163144893 0.0 242.5
55.94430483685511 -3.188216163144893 WSW 55.9441900318254 -3.1884933270046463 0.0 241.25
55.9441900318254 -3.1884933270046463 S 55.9438900318254 -3.1884933270046463 0.0 240.0
55.9438900318254 -3.1884933270046463 N 55.9441900318254 -3.1884933270046463 0.0 238.75
55.9441900318254 -3.1884933270046463 SSE 55.94391286796564 -3.1883785219749368 0.0 237.5
55.94391286796564 -3.1883785219749368 NNW 55.9441900318254 -3.1884933270046463 0.0 236.25
55.9441900318254 -3.1884933270046463 SE 55.943977899791044 -3.1882811949702905 0.0 235.0
55.943977899791044 -3.1882811949702905 NW 55.9441900318254 -3.1884933270046463 0.0 233.75
55.9441900318254 -3.1884933270046463 SSE 55.94391286796564 -3.1883785219749368 0.0 232.5
55.94391286796564 -3.1883785219749368 NNW 55.9441900318254 -3.1884933270046463 0.0 231.25
55.9441900318254 -3.1884933270046463 SSE 55.94391286796564 -3.1883785219749368 0.0 230.0
55.94391286796564 -3.1883785219749368 NNW 55.9441900318254 -3.1884933270046463 0.0 228.75
55.9441900318254 -3.1884933270046463 S 55.9438900318254 -3.1884933270046463 0.0 227.5
55.9438900318254 -3.1884933270046463 N 55.9441900318254 -3.1884933270046463 0.0 226.25
55.9441900318254 -3.1884933270046463 S 55.9438900318254 -3.1884933270046463 0.0 225.0
55.9438900318254 -3.1884933270046463 NNW 55.944167195685154 -3.188608132034356 0.0 223.75
55.944167195685154 -3.188608132034356 SSE 55.9438900318254 -3.1884933270046463 0.0 222.5
55.9438900318254 -3.1884933270046463 NNW 55.944167195685154 -3.188608132034356 0.0 221.25
55.944167195685154 -3.188608132034356 SSE 55.9438900318254 -3.1884933270046463 0.0 220.0
55.9438900318254 -3.1884933270046463 WNW 55.94400483685511 -3.1887704908643997 0.0 218.75
55.94400483685511 -3.1887704908643997 ESE 55.9438900318254 -3.1884933270046463 0.0 217.5
55.9438900318254 -3.1884933270046463 WNW 55.94400483685511 -3.1887704908643997 0.0 216.25
55.94400483685511 -3.1887704908643997 SSE 55.94372767299535 -3.18865568583469 0.0 215.0
55.94372767299535 -3.18865568583469 NNW 55.94400483685511 -3.1887704908643997 0.0 213.75
55.94400483685511 -3.1887704908643997 SSE 55.94372767299535 -3.18865568583469 0.0 212.5
55.94372767299535 -3.18865568583469 WNW 55.94384247802506 -3.1889328496944436 0.0 211.25
55.94384247802506 -3.1889328496944436 ESE 55.94372767299535 -3.18865568583469 0.0 210.0
55.94372767299535 -3.18865568583469 WNW 55.94384247802506 -3.1889328496944436 0.0 208.75
55.94384247802506 -3.1889328496944436 ESE 55.94372767299535 -3.18865568583469 0.0 207.5
55.94372767299535 -3.18865568583469 WNW 55.94384247802506 -3.1889328496944436 0.0 206.25
55.94384247802506 -3.1889328496944436 ESE 55.94372767299535 -3.18865568583469 0.0 205.0
55.94372767299535 -3.18865568583469 S 55.94342767299535 -3.18865568583469 0.0 203.75
55.94342767299535 -3.18865568583469 N 55.94372767299535 -3.18865568583469 0.0 202.5
55.94372767299535 -3.18865568583469 SSE 55.943450509135594 -3.1885408808049807 0.0 201.25
55.943450509135594 -3.1885408808049807 NNW 55.94372767299535 -3.18865568583469 0.0 200.0
55.94372767299535 -3.18865568583469 ESE 55.94361286796564 -3.1883785219749368 0.0 198.75
55.94361286796564 -3.1883785219749368 W 55.94361286796564 -3.188678521974937 0.0 197.5
55.94361286796564 -3.188678521974937 E 55.94361286796564 -3.1883785219749368 0.0 196.25
55.94361286796564 -3.1883785219749368 WSW 55.94349806293593 -3.18865568583469 0.0 195.0
55.94349806293593 -3.18865568583469 E 55.94349806293593 -3.18835568583469 0.0 193.75
55.94349806293593 -3.18835568583469 W 55.94349806293593 -3.18865568583469 0.0 192.5
55.94349806293593 -3.18865568583469 ESE 55.94338325790622 -3.1883785219749368 0.0 191.25
55.94338325790622 -3.1883785219749368 WNW 55.94349806293593 -3.18865568583469 0.0 190.0
55.94349806293593 -3.18865568583469 SE 55.943285930901574 -3.1884435538003344 0.0 188.75
55.943285930901574 -3.1884435538003344 NW 55.94349806293593 -3.18865568583469 0.0 187.5
55.94349806293593 -3.18865568583469 SE 55.943285930901574 -3.1884435538003344 0.0 186.25
55.943285930901574 -3.1884435538003344 NW 55.94349806293593 -3.18865568583469 0.0 185.0
55.94349806293593 -3.18865568583469 SSE 55.943220899076174 -3.1885408808049807 0.0 183.75
55.943220899076174 -3.1885408808049807 NNW 55.94349806293593 -3.18865568583469 0.0 182.5
55.94349806293593 -3.18865568583469 SSE 55.943220899076174 -3.1885408808049807 0.0 181.25
55.943220899076174 -3.1885408808049807 NNW 55.94349806293593 -3.18865568583469 0.0 180.0
55.94349806293593 -3.18865568583469 WSW 55.94338325790622 -3.1889328496944436 0.0 178.75
55.94338325790622 -3.1889328496944436 ENE 55.94349806293593 -3.18865568583469 0.0 177.5
55.94349806293593 -3.18865568583469 SW 55.943285930901574 -3.188867817869046 0.0 176.25
55.943285930901574 -3.188867817869046 NE 55.94349806293593 -3.18865568583469 0.0 175.0
55.94349806293593 -3.18865568583469 WSW 55.94338325790622 -3.1889328496944436 0.0 173.75
55.94338325790622 -3.1889328496944436 NW 55.943595389940576 -3.1891449817287993 0.0 172.5
55.943595389940576 -3.1891449817287993 SE 55.94338325790622 -3.1889328496944436 0.0 171.25
55.94338325790622 -3.1889328496944436 ENE 55.94349806293593 -3.18865568583469 0.0 170.0
55.94349806293593 -3.18865568583469 WSW 55.94338325790622 -3.1889328496944436 0.0 168.75
55.94338325790622 -3.1889328496944436 NNE 55.943660421765976 -3.188818044664734 0.0 167.5
55.943660421765976 -3.188818044664734 SSW 55.94338325790622 -3.1889328496944436 0.0 166.25
55.94338325790622 -3.1889328496944436 NNW 55.943660421765976 -3.189047654724153 0.0 165.0
55.943660421765976 -3.189047654724153 SSE 55.94338325790622 -3.1889328496944436 0.0 163.75
55.94338325790622 -3.1889328496944436 NW 55.943595389940576 -3.1891449817287993 0.0 162.5
55.943595389940576 -3.1891449817287993 SE 55.94338325790622 -3.1889328496944436 0.0 161.25
55.94338325790622 -3.1889328496944436 NNW 55.943660421765976 -3.189047654724153 0.0 160.0
55.943660421765976 -3.189047654724153 SE 55.94344828973162 -3.1888355226897973 0.0 158.75
55.94344828973162 -3.1888355226897973 NNE 55.94372545359138 -3.188720717660088 0.0 157.5
55.94372545359138 -3.188720717660088 SSW 55.94344828973162 -3.1888355226897973 0.0 156.25
55.94344828973162 -3.1888355226897973 SSW 55.943171125871864 -3.188950327719507 0.0 155.0
55.943171125871864 -3.188950327719507 NNE 55.94344828973162 -3.1888355226897973 0.0 153.75
55.94344828973162 -3.1888355226897973 E 55.94344828973162 -3.188535522689797 0.0 152.5
55.94344828973162 -3.188535522689797 W 55.94344828973162 -3.1888355226897973 0.0 151.25
55.94344828973162 -3.1888355226897973 E 55.94344828973162 -3.188535522689797 0.0 150.0
55.94344828973162 -3.188535522689797 W 55.94344828973162 -3.1888355226897973 0.0 148.75
55.94344828973162 -3.1888355226897973 SE 55.943236157697264 -3.1886233906554415 0.0 147.5
55.943236157697264 -3.1886233906554415 NW 55.94344828973162 -3.1888355226897973 0.0 146.25
55.94344828973162 -3.1888355226897973 NNE 55.94372545359138 -3.188720717660088 0.0 145.0
55.94372545359138 -3.188720717660088 SSW 55.94344828973162 -3.1888355226897973 0.0 143.75
55.94344828973162 -3.1888355226897973 N 55.94374828973162 -3.1888355226897973 0.0 142.5
55.94374828973162 -3.1888355226897973 SSE 55.943471125871866 -3.188720717660088 0.0 141.25
55.943471125871866 -3.188720717660088 NNW 55.94374828973162 -3.1888355226897973 0.0 140.0
55.94374828973162 -3.1888355226897973 S 55.94344828973162 -3.1888355226897973 0.0 138.75
55.94344828973162 -3.1888355226897973 NNE 55.94372545359138 -3.188720717660088 0.0 137.5
55.94372545359138 -3.188720717660088 S 55.943425453591374 -3.188720717660088 0.0 136.25
55.943425453591374 -3.188720717660088 NNW 55.94370261745113 -3.1888355226897973 0.0 135.0
55.94370261745113 -3.1888355226897973 NE 55.94391474948549 -3.1886233906554415 0.0 133.75
55.94391474948549 -3.1886233906554415 SW 55.94370261745113 -3.1888355226897973 0.0 132.5
55.94370261745113 -3.1888355226897973 NE 55.94391474948549 -3.1886233906554415 0.0 131.25
55.94391474948549 -3.1886233906554415 WSW 55.943799944455776 -3.188900554515195 0.0 130.0
55.943799944455776 -3.188900554515195 NE 55.94401207649013 -3.188688422480839 0.0 128.75
55.94401207649013 -3.188688422480839 W 55.94401207649013 -3.1889884224808394 0.0 127.5
55.94401207649013 -3.1889884224808394 E 55.94401207649013 -3.188688422480839 0.0 126.25
55.94401207649013 -3.188688422480839 WNW 55.94412688151984 -3.1889655863405926 0.0 125.0
55.94412688151984 -3.1889655863405926 ESE 55.94401207649013 -3.188688422480839 0.0 123.75
55.94401207649013 -3.188688422480839 NNW 55.94428924034989 -3.1888032275105487 0.0 122.5
55.94428924034989 -3.1888032275105487 SSE 55.94401207649013 -3.188688422480839 0.0 121.25
55.94401207649013 -3.188688422480839 NNE 55.94428924034989 -3.1885736174511297 0.0 120.0
55.94428924034989 -3.1885736174511297 SSW 55.94401207649013 -3.188688422480839 0.0 118.75
55.94401207649013 -3.188688422480839 NNE 55.94428924034989 -3.1885736174511297 0.0 117.5
55.94428924034989 -3.1885736174511297 SSW 55.94401207649013 -3.188688422480839 0.0 116.25
55.94401207649013 -3.188688422480839 NNE 55.94428924034989 -3.1885736174511297 0.0 115.0
55.94428924034989 -3.1885736174511297 SSW 55.94401207649013 -3.188688422480839 0.0 113.75
55.94401207649013 -3.188688422480839 NNE 55.94428924034989 -3.1885736174511297 0.0 112.5
55.94428924034989 -3.1885736174511297 WNW 55.9444040453796 -3.188850781310883 0.0 111.25
55.9444040453796 -3.188850781310883 ESE 55.94428924034989 -3.1885736174511297 0.0 110.0
55.94428924034989 -3.1885736174511297 WSW 55.94417443532018 -3.188850781310883 87.91107177734375 147.9592514038086
55.94417443532018 -3.188850781310883 ENE 55.94428924034989 -3.1885736174511297 87.91107177734375 146.7092514038086
55.94428924034989 -3.1885736174511297 ENE 55.9444040453796 -3.1882964535913763 87.91107177734375 145.4592514038086
55.9444040453796 -3.1882964535913763 WSW 55.94428924034989 -3.1885736174511297 87.91107177734375 144.2092514038086
55.94428924034989 -3.1885736174511297 ENE 55.9444040453796 -3.1882964535913763 87.91107177734375 142.9592514038086
55.9444040453796 -3.1882964535913763 S 55.944104045379596 -3.1882964535913763 87.91107177734375 141.7092514038086
55.944104045379596 -3.1882964535913763 N 55.9444040453796 -3.1882964535913763 87.91107177734375 140.4592514038086
55.9444040453796 -3.1882964535913763 SSE 55.94412688151984 -3.1881816485616667 87.91107177734375 139.2092514038086
55.94412688151984 -3.1881816485616667 NNW 55.9444040453796 -3.1882964535913763 87.91107177734375 137.9592514038086
55.9444040453796 -3.1882964535913763 SSE 55.94412688151984 -3.1881816485616667 87.91107177734375 136.7092514038086
55.94412688151984 -3.1881816485616667 NNW 55.9444040453796 -3.1882964535913763 87.91107177734375 135.4592514038086
55.9444040453796 -3.1882964535913763 SSE 55.94412688151984 -3.1881816485616667 87.91107177734375 134.2092514038086
55.94412688151984 -3.1881816485616667 NNE 55.9444040453796 -3.1880668435319572 87.91107177734375 132.9592514038086
55.9444040453796 -3.1880668435319572 SSW 55.94412688151984 -3.1881816485616667 87.91107177734375 131.7092514038086
55.94412688151984 -3.1881816485616667 NE 55.9443390135542 -3.187969516527311 87.91107177734375 130.4592514038086
55.9443390135542 -3.187969516527311 SW 55.94412688151984 -3.1881816485616667 87.91107177734375 129.2092514038086
55.94412688151984 -3.1881816485616667 W 55.94412688151984 -3.188481648561667 87.91107177734375 127.9592514038086
55.94412688151984 -3.188481648561667 E 55.94412688151984 -3.1881816485616667 87.91107177734375 126.7092514038086
55.94412688151984 -3.1881816485616667 N 55.944426881519846 -3.1881816485616667 92.87088584899902 175.6291046142578
55.944426881519846 -3.1881816485616667 S 55.94412688151984 -3.1881816485616667 92.87088584899902 174.3791046142578
55.94412688151984 -3.1881816485616667 SE 55.94391474948549 -3.187969516527311 92.87088584899902 173.1291046142578
55.94391474948549 -3.187969516527311 NW 55.94412688151984 -3.1881816485616667 92.87088584899902 171.8791046142578
55.94412688151984 -3.1881816485616667 SW 55.94391474948549 -3.1883937805960225 92.87088584899902 170.6291046142578
55.94391474948549 -3.1883937805960225 NE 55.94412688151984 -3.1881816485616667 92.87088584899902 169.3791046142578
55.94412688151984 -3.1881816485616667 W 55.94412688151984 -3.188481648561667 92.87088584899902 168.1291046142578
55.94412688151984 -3.188481648561667 E 55.94412688151984 -3.1881816485616667 92.87088584899902 166.8791046142578
55.94412688151984 -3.1881816485616667 WNW 55.94424168654955 -3.18845881242142 92.87088584899902 165.6291046142578
55.94424168654955 -3.18845881242142 E 55.94424168654955 -3.18815881242142 92.87088584899902 164.3791046142578
55.94424168654955 -3.18815881242142 WSW 55.94412688151984 -3.1884359762811734 92.87088584899902 163.1291046142578
55.94412688151984 -3.1884359762811734 SE 55.94391474948549 -3.1882238442468176 92.87088584899902 161.8791046142578
55.94391474948549 -3.1882238442468176 NW 55.94412688151984 -3.1884359762811734 92.87088584899902 160.6291046142578
55.94412688151984 -3.1884359762811734 SW 55.94391474948549 -3.188648108315529 92.87088584899902 159.3791046142578
55.94391474948549 -3.188648108315529 NE 55.94412688151984 -3.1884359762811734 92.87088584899902 158.1291046142578
55.94412688151984 -3.1884359762811734 SSE 55.943849717660086 -3.188321171251464 92.87088584899902 156.8791046142578
55.943849717660086 -3.188321171251464 NNW 55.94412688151984 -3.1884359762811734 92.87088584899902 155.6291046142578
55.94412688151984 -3.1884359762811734 SE 55.94391474948549 -3.1882238442468176 92.87088584899902 154.3791046142578
55.94391474948549 -3.1882238442468176 NW 55.94412688151984 -3.1884359762811734 92.87088584899902 153.1291046142578
55.94412688151984 -3.1884359762811734 SE 55.94391474948549 -3.1882238442468176 92.87088584899902 151.8791046142578
55.94391474948549 -3.1882238442468176 WNW 55.9440295545152 -3.188501008106571 92.87088584899902 150.6291046142578
55.9440295545152 -3.188501008106571 SE 55.94381742248084 -3.1882888760722152 92.87088584899902 149.3791046142578
55.94381742248084 -3.1882888760722152 NW 55.9440295545152 -3.188501008106571 92.87088584899902 148.1291046142578
55.9440295545152 -3.188501008106571 SE 55.94381742248084 -3.1882888760722152 92.87088584899902 146.8791046142578
55.94381742248084 -3.1882888760722152 NW 55.9440295545152 -3.188501008106571 92.87088584899902 145.6291046142578
55.9440295545152 -3.188501008106571 SE 55.94381742248084 -3.1882888760722152 92.87088584899902 144.3791046142578
55.94381742248084 -3.1882888760722152 NNW 55.9440945863406 -3.1884036811019247 92.87088584899902 143.1291046142578
55.9440945863406 -3.1884036811019247 SSE 55.94381742248084 -3.1882888760722152 92.87088584899902 141.8791046142578
55.94381742248084 -3.1882888760722152 NE 55.9440295545152 -3.1880767440378595 92.87088584899902 140.6291046142578
55.9440295545152 -3.1880767440378595 SW 55.94381742248084 -3.1882888760722152 92.87088584899902 139.3791046142578
55.94381742248084 -3.1882888760722152 NE 55.9440295545152 -3.1880767440378595 92.87088584899902 138.1291046142578
55.9440295545152 -3.1880767440378595 SW 55.94381742248084 -3.1882888760722152 92.87088584899902 136.8791046142578
55.94381742248084 -3.1882888760722152 NE 55.9440295545152 -3.1880767440378595 92.87088584899902 135.6291046142578
55.9440295545152 -3.1880767440378595 WSW 55.94391474948549 -3.188353907897613 92.87088584899902 134.3791046142578
55.94391474948549 -3.188353907897613 ENE 55.9440295545152 -3.1880767440378595 92.87088584899902 133.1291046142578
55.9440295545152 -3.1880767440378595 W 55.9440295545152 -3.1883767440378596 92.87088584899902 131.8791046142578
55.9440295545152 -3.1883767440378596 E 55.9440295545152 -3.1880767440378595 92.87088584899902 130.6291046142578
55.9440295545152 -3.1880767440378595 NE 55.94424168654955 -3.1878646120035037 92.87088584899902 129.3791046142578
55.94424168654955 -3.1878646120035037 SW 55.9440295545152 -3.1880767440378595 92.87088584899902 128.1291046142578
55.9440295545152 -3.1880767440378595 ENE 55.94414435954491 -3.187799580178106 92.87088584899902 126.87910461425781
55.94414435954491 -3.187799580178106 WSW 55.9440295545152 -3.1880767440378595 92.87088584899902 125.62910461425781
55.9440295545152 -3.1880767440378595 N 55.9443295545152 -3.1880767440378595 92.87088584899902 124.37910461425781
55.9443295545152 -3.1880767440378595 SSE 55.94405239065544 -3.18796193900815 92.87088584899902 123.12910461425781
55.94405239065544 -3.18796193900815 NNW 55.9443295545152 -3.1880767440378595 92.87088584899902 121.87910461425781
55.9443295545152 -3.1880767440378595 SW 55.94411742248084 -3.1882888760722152 92.87088584899902 120.62910461425781
55.94411742248084 -3.1882888760722152 NE 55.9443295545152 -3.1880767440378595 92.87088584899902 119.37910461425781
55.9443295545152 -3.1880767440378595 WSW 55.94421474948549 -3.188353907897613 147.7188205718994 188.84929656982422
55.94421474948549 -3.188353907897613 ENE 55.9443295545152 -3.1880767440378595 147.7188205718994 187.59929656982422
55.9443295545152 -3.1880767440378595 W 55.9443295545152 -3.1883767440378596 147.7188205718994 186.34929656982422
55.9443295545152 -3.1883767440378596 ENE 55.94444435954491 -3.1880995801781062 147.7188205718994 185.09929656982422
55.94444435954491 -3.1880995801781062 SW 55.944232227510554 -3.188311712212462 147.7188205718994 183.84929656982422
55.944232227510554 -3.188311712212462 NE 55.94444435954491 -3.1880995801781062 147.7188205718994 182.59929656982422
55.94444435954491 -3.1880995801781062 WNW 55.94455916457462 -3.1883767440378596 147.7188205718994 181.34929656982422
55.94455916457462 -3.1883767440378596 ESE 55.94444435954491 -3.1880995801781062 147.7188205718994 180.09929656982422
55.94444435954491 -3.1880995801781062 WNW 55.94455916457462 -3.1883767440378596 147.7188205718994 178.84929656982422
55.94455916457462 -3.1883767440378596 ESE 55.94444435954491 -3.1880995801781062 147.7188205718994 177.59929656982422
55.94444435954491 -3.1880995801781062 WNW 55.94455916457462 -3.1883767440378596 147.7188205718994 176.34929656982422
55.94455916457462 -3.1883767440378596 ENE 55.94467396960433 -3.1880995801781062 147.7188205718994 175.09929656982422
55.94467396960433 -3.1880995801781062 W 55.94467396960433 -3.1883995801781064 147.7188205718994 173.84929656982422
55.94467396960433 -3.1883995801781064 E 55.94467396960433 -3.1880995801781062 147.7188205718994 172.59929656982422
55.94467396960433 -3.1880995801781062 W 55.94467396960433 -3.1883995801781064 147.7188205718994 171.34929656982422
55.94467396960433 -3.1883995801781064 SSW 55.944396805744574 -3.188514385207816 147.7188205718994 170.09929656982422
55.944396805744574 -3.188514385207816 NNE 55.94467396960433 -3.1883995801781064 147.7188205718994 168.84929656982422
55.94467396960433 -3.1883995801781064 SE 55.944461837569975 -3.1881874481437507 147.7188205718994 167.59929656982422
55.944461837569975 -3.1881874481437507 NW 55.94467396960433 -3.1883995801781064 147.7188205718994 166.34929656982422
55.94467396960433 -3.1883995801781064 NNW 55.94495113346409 -3.188514385207816 147.7188205718994 165.09929656982422
55.94495113346409 -3.188514385207816 SSE 55.94467396960433 -3.1883995801781064 147.7188205718994 163.84929656982422
55.94467396960433 -3.1883995801781064 N 55.944973969604334 -3.1883995801781064 147.7188205718994 162.59929656982422
55.944973969604334 -3.1883995801781064 S 55.94467396960433 -3.1883995801781064 147.7188205718994 161.34929656982422
55.94467396960433 -3.1883995801781064 NNE 55.94495113346409 -3.188284775148397 147.7188205718994 160.09929656982422
55.94495113346409 -3.188284775148397 SSW 55.94467396960433 -3.1883995801781064 147.7188205718994 158.84929656982422
55.94467396960433 -3.1883995801781064 N 55.944973969604334 -3.1883995801781064 147.7188205718994 157.59929656982422
55.944973969604334 -3.1883995801781064 SSE 55.94469680574458 -3.188284775148397 147.7188205718994 156.34929656982422
55.94469680574458 -3.188284775148397 NNW 55.944973969604334 -3.1883995801781064 147.7188205718994 155.09929656982422
55.944973969604334 -3.1883995801781064 SSE 55.94469680574458 -3.188284775148397 147.7188205718994 153.84929656982422
55.94469680574458 -3.188284775148397 NNW 55.944973969604334 -3.1883995801781064 147.7188205718994 152.59929656982422
55.944973969604334 -3.1883995801781064 SSE 55.94469680574458 -3.188284775148397 147.7188205718994 151.34929656982422
55.94469680574458 -3.188284775148397 NNW 55.944973969604334 -3.1883995801781064 147.7188205718994 150.09929656982422
55.944973969604334 -3.1883995801781064 ENE 55.945088774634044 -3.188122416318353 147.7188205718994 148.84929656982422
55.945088774634044 -3.188122416318353 WSW 55.944973969604334 -3.1883995801781064 147.7188205718994 147.59929656982422
55.944973969604334 -3.1883995801781064 NE 55.94518610163869 -3.1881874481437507 147.7188205718994 146.34929656982422
55.94518610163869 -3.1881874481437507 WSW 55.94507129660898 -3.188464612003504 147.7188205718994 145.09929656982422
55.94507129660898 -3.188464612003504 ESE 55.94495649157927 -3.1881874481437507 147.7188205718994 143.84929656982422
55.94495649157927 -3.1881874481437507 WNW 55.94507129660898 -3.188464612003504 147.7188205718994 142.59929656982422
55.94507129660898 -3.188464612003504 S 55.94477129660898 -3.188464612003504 147.7188205718994 141.34929656982422
55.94477129660898 -3.188464612003504 NNW 55.94504846046873 -3.1885794170332136 147.7188205718994 140.09929656982422
55.94504846046873 -3.1885794170332136 SW 55.94483632843438 -3.1887915490675693 147.7188205718994 138.84929656982422
55.94483632843438 -3.1887915490675693 NE 55.94504846046873 -3.1885794170332136 147.7188205718994 137.59929656982422
55.94504846046873 -3.1885794170332136 NNE 55.94532562432849 -3.188464612003504 147.7188205718994 136.34929656982422
55.94532562432849 -3.188464612003504 SSW 55.94504846046873 -3.1885794170332136 147.7188205718994 135.09929656982422
55.94504846046873 -3.1885794170332136 SW 55.94483632843438 -3.1887915490675693 147.7188205718994 133.84929656982422
55.94483632843438 -3.1887915490675693 NE 55.94504846046873 -3.1885794170332136 147.7188205718994 132.59929656982422
55.94504846046873 -3.1885794170332136 SW 55.94483632843438 -3.1887915490675693 147.7188205718994 131.34929656982422
55.94483632843438 -3.1887915490675693 NE 55.94504846046873 -3.1885794170332136 147.7188205718994 130.09929656982422
55.94504846046873 -3.1885794170332136 SW 55.94483632843438 -3.1887915490675693 147.7188205718994 128.84929656982422
55.94483632843438 -3.1887915490675693 W 55.94483632843438 -3.1890915490675695 147.7188205718994 127.59929656982422
55.94483632843438 -3.1890915490675695 E 55.94483632843438 -3.1887915490675693 147.7188205718994 126.34929656982422
55.94483632843438 -3.1887915490675693 S 55.944536328434374 -3.1887915490675693 147.7188205718994 125.09929656982422
55.944536328434374 -3.1887915490675693 N 55.94483632843438 -3.1887915490675693 147.7188205718994 123.84929656982422
55.94483632843438 -3.1887915490675693 NE 55.94504846046873 -3.1885794170332136 147.7188205718994 122.59929656982422
55.94504846046873 -3.1885794170332136 SW 55.94483632843438 -3.1887915490675693 147.7188205718994 121.34929656982422
55.94483632843438 -3.1887915490675693 NNW 55.94511349229413 -3.188906354097279 147.7188205718994 120.09929656982422
55.94511349229413 -3.188906354097279 SSE 55.94483632843438 -3.1887915490675693 147.7188205718994 118.84929656982422
55.94483632843438 -3.1887915490675693 WNW 55.94495113346409 -3.1890687129273227 147.7188205718994 117.59929656982422
55.94495113346409 -3.1890687129273227 ESE 55.94483632843438 -3.1887915490675693 147.7188205718994 116.34929656982422
55.94483632843438 -3.1887915490675693 W 55.94483632843438 -3.1890915490675695 147.7188205718994 115.09929656982422
55.94483632843438 -3.1890915490675695 E 55.94483632843438 -3.1887915490675693 147.7188205718994 113.84929656982422
55.94483632843438 -3.1887915490675693 W 55.94483632843438 -3.1890915490675695 147.7188205718994 112.59929656982422
55.94483632843438 -3.1890915490675695 ENE 55.94495113346409 -3.188814385207816 147.7188205718994 111.34929656982422
55.94495113346409 -3.188814385207816 WSW 55.94483632843438 -3.1890915490675695 147.7188205718994 110.09929656982422
55.94483632843438 -3.1890915490675695 ENE 55.94495113346409 -3.188814385207816 147.7188205718994 108.84929656982422
55.94495113346409 -3.188814385207816 WSW 55.94483632843438 -3.1890915490675695 147.7188205718994 107.59929656982422
55.94483632843438 -3.1890915490675695 NNE 55.94511349229413 -3.18897674403786 147.7188205718994 106.34929656982422
55.94511349229413 -3.18897674403786 S 55.94481349229413 -3.18897674403786 147.7188205718994 105.09929656982422
55.94481349229413 -3.18897674403786 N 55.94511349229413 -3.18897674403786 147.7188205718994 103.84929656982422
55.94511349229413 -3.18897674403786 SSE 55.94483632843438 -3.1888619390081505 147.7188205718994 102.59929656982422
55.94483632843438 -3.1888619390081505 NNW 55.94511349229413 -3.18897674403786 147.7188205718994 101.34929656982422
55.94511349229413 -3.18897674403786 ESE 55.94499868726442 -3.1886995801781066 147.7188205718994 100.09929656982422
55.94499868726442 -3.1886995801781066 NW 55.94521081929878 -3.1889117122124624 147.7188205718994 98.84929656982422
55.94521081929878 -3.1889117122124624 SE 55.94499868726442 -3.1886995801781066 147.7188205718994 97.59929656982422
