55.944425 -3.188396 S 55.944125 -3.188396 0.0 248.75
55.944125 -3.188396 N 55.944425 -3.188396 0.0 247.5
55.944425 -3.188396 ESE 55.94431019497029 -3.1881188361402466 0.0 246.25
55.94431019497029 -3.1881188361402466 WNW 55.944425 -3.188396 0.0 245.0
55.944425 -3.188396 SE 55.944212867965646 -3.1881838679656442 0.0 243.75
55.944212867965646 -3.1881838679656442 NW 55.944425 -3.188396 0.0 242.5
55.944425 -3.188396 ESE 55.94431019497029 -3.1881188361402466 0.0 241.25
55.94431019497029 -3.1881188361402466 SSW 55.944033031110536 -3.188233641169956 0.0 240.0
55.944033031110536 -3.188233641169956 E 55.944033031110536 -3.187933641169956 0.0 238.75
55.944033031110536 -3.187933641169956 WNW 55.944147836140246 -3.1882108050297093 0.0 237.5
55.944147836140246 -3.1882108050297093 W 55.944147836140246 -3.1885108050297095 0.0 236.25
55.944147836140246 -3.1885108050297095 ESE 55.944033031110536 -3.188233641169956 0.0 235.0
55.944033031110536 -3.188233641169956 WNW 55.944147836140246 -3.1885108050297095 0.0 233.75
55.944147836140246 -3.1885108050297095 N 55.94444783614025 -3.1885108050297095 0.0 232.5
55.94444783614025 -3.1885108050297095 SSW 55.94417067228049 -3.188625610059419 0.0 231.25
55.94417067228049 -3.188625610059419 NNE 55.94444783614025 -3.1885108050297095 0.0 230.0
55.94444783614025 -3.1885108050297095 SSW 55.94417067228049 -3.188625610059419 0.0 228.75
55.94417067228049 -3.188625610059419 NE 55.94438280431485 -3.1884134780250633 0.0 227.5
55.94438280431485 -3.1884134780250633 SSW 55.94410564045509 -3.1885282830547728 0.0 226.25
55.94410564045509 -3.1885282830547728 S 55.94380564045509 -3.1885282830547728 0.0 225.0
55.94380564045509 -3.1885282830547728 SE 55.94359350842073 -3.188316151020417 0.0 223.75
55.94359350842073 -3.188316151020417 WNW 55.94370831345044 -3.1885933148801704 0.0 222.5
55.94370831345044 -3.1885933148801704 SSE 55.94343114959069 -3.188478509850461 0.0 221.25
55.94343114959069 -3.188478509850461 N 55.94373114959069 -3.188478509850461 0.0 220.0
55.94373114959069 -3.188478509850461 SSE 55.94345398573093 -3.1883637048207514 0.0 218.75
55.94345398573093 -3.1883637048207514 SSW 55.94317682187118 -3.188478509850461 0.0 217.5
55.94317682187118 -3.188478509850461 NNE 55.94345398573093 -3.1883637048207514 0.0 216.25
55.94345398573093 -3.1883637048207514 E 55.94345398573093 -3.188063704820751 0.0 215.0
55.94345398573093 -3.188063704820751 WNW 55.943568790760644 -3.1883408686805046 0.0 213.75
55.943568790760644 -3.1883408686805046 WSW 55.94345398573093 -3.188618032540258 0.0 212.5
55.94345398573093 -3.188618032540258 ENE 55.943568790760644 -3.1883408686805046 0.0 211.25
55.943568790760644 -3.1883408686805046 E 55.943568790760644 -3.1880408686805044 0.0 210.0
55.943568790760644 -3.1880408686805044 SW 55.94335665872629 -3.18825300071486 17.5024471282959 217.0530023574829
55.94335665872629 -3.18825300071486 ENE 55.943471463756 -3.1879758368551068 17.5024471282959 215.8030023574829
55.943471463756 -3.1879758368551068 E 55.943471463756 -3.1876758368551066 54.571237564086914 276.7674913406372
55.943471463756 -3.1876758368551066 NW 55.943683595790354 -3.1878879688894624 54.571237564086914 275.5174913406372
55.943683595790354 -3.1878879688894624 SE 55.943471463756 -3.1876758368551066 54.571237564086914 274.2674913406372
55.943471463756 -3.1876758368551066 NW 55.943683595790354 -3.1878879688894624 54.571237564086914 273.0174913406372
55.943683595790354 -3.1878879688894624 SE 55.943471463756 -3.1876758368551066 54.571237564086914 271.7674913406372
55.943471463756 -3.1876758368551066 N 55.943771463756 -3.1876758368551066 54.571237564086914 270.5174913406372
55.943771463756 -3.1876758368551066 ESE 55.94365665872629 -3.187398672995353 54.571237564086914 269.2674913406372
55.94365665872629 -3.187398672995353 NW 55.94386879076065 -3.187610805029709 54.571237564086914 268.0174913406372
55.94386879076065 -3.187610805029709 N 55.94416879076065 -3.187610805029709 54.571237564086914 266.7674913406372
55.94416879076065 -3.187610805029709 N 55.94446879076065 -3.187610805029709 54.571237564086914 265.5174913406372
55.94446879076065 -3.187610805029709 S 55.94416879076065 -3.187610805029709 54.571237564086914 264.2674913406372
55.94416879076065 -3.187610805029709 WSW 55.94405398573094 -3.1878879688894624 54.571237564086914 263.0174913406372
55.94405398573094 -3.1878879688894624 ENE 55.94416879076065 -3.187610805029709 54.571237564086914 261.7674913406372
55.94416879076065 -3.187610805029709 WSW 55.94405398573094 -3.1878879688894624 54.571237564086914 260.5174913406372
55.94405398573094 -3.1878879688894624 NE 55.944266117765295 -3.1876758368551066 54.571237564086914 259.2674913406372
55.944266117765295 -3.1876758368551066 SW 55.94405398573094 -3.1878879688894624 54.571237564086914 258.0174913406372
55.94405398573094 -3.1878879688894624 NNE 55.944331149590695 -3.187773163859753 54.571237564086914 256.7674913406372
55.944331149590695 -3.187773163859753 ESE 55.944216344560985 -3.1874959999999994 96.4290714263916 330.13263416290283
55.944216344560985 -3.1874959999999994 WNW 55.944331149590695 -3.187773163859753 96.4290714263916 328.88263416290283
55.944331149590695 -3.187773163859753 NNW 55.94460831345045 -3.1878879688894624 96.4290714263916 327.63263416290283
55.94460831345045 -3.1878879688894624 S 55.94430831345045 -3.1878879688894624 96.4290714263916 326.38263416290283
55.94430831345045 -3.1878879688894624 N 55.94460831345045 -3.1878879688894624 96.4290714263916 325.13263416290283
55.94460831345045 -3.1878879688894624 S 55.94430831345045 -3.1878879688894624 96.4290714263916 323.88263416290283
55.94430831345045 -3.1878879688894624 N 55.94460831345045 -3.1878879688894624 96.4290714263916 322.63263416290283
55.94460831345045 -3.1878879688894624 WSW 55.94449350842074 -3.1881651327492158 96.4290714263916 321.38263416290283
55.94449350842074 -3.1881651327492158 ENE 55.94460831345045 -3.1878879688894624 96.4290714263916 320.13263416290283
55.94460831345045 -3.1878879688894624 SSE 55.944331149590695 -3.187773163859753 96.4290714263916 318.88263416290283
55.944331149590695 -3.187773163859753 NNW 55.94460831345045 -3.1878879688894624 96.4290714263916 317.63263416290283
55.94460831345045 -3.1878879688894624 N 55.944908313450455 -3.1878879688894624 200.25488471984863 428.29741382598877
55.944908313450455 -3.1878879688894624 SW 55.9446961814161 -3.188100100923818 200.25488471984863 427.04741382598877
55.9446961814161 -3.188100100923818 NNW 55.944973345275855 -3.1882149059535276 200.25488471984863 425.79741382598877
55.944973345275855 -3.1882149059535276 SSE 55.9446961814161 -3.188100100923818 200.25488471984863 424.54741382598877
55.9446961814161 -3.188100100923818 WSW 55.94458137638639 -3.1883772647835715 200.25488471984863 423.29741382598877
55.94458137638639 -3.1883772647835715 NNE 55.944858540246145 -3.188262459753862 200.25488471984863 422.04741382598877
55.944858540246145 -3.188262459753862 SSW 55.94458137638639 -3.1883772647835715 200.25488471984863 420.79741382598877
55.94458137638639 -3.1883772647835715 WSW 55.94446657135668 -3.188654428643325 200.25488471984863 419.54741382598877
55.94446657135668 -3.188654428643325 ENE 55.94458137638639 -3.1883772647835715 200.25488471984863 418.29741382598877
55.94458137638639 -3.1883772647835715 WSW 55.94446657135668 -3.188654428643325 200.25488471984863 417.04741382598877
55.94446657135668 -3.188654428643325 ENE 55.94458137638639 -3.1883772647835715 200.25488471984863 415.79741382598877
55.94458137638639 -3.1883772647835715 WSW 55.94446657135668 -3.188654428643325 200.25488471984863 414.54741382598877
55.94446657135668 -3.188654428643325 NE 55.944678703391034 -3.188442296608969 200.25488471984863 413.29741382598877
55.944678703391034 -3.188442296608969 SW 55.94446657135668 -3.188654428643325 200.25488471984863 412.04741382598877
55.94446657135668 -3.188654428643325 WSW 55.94435176632697 -3.1889315925030783 200.25488471984863 410.79741382598877
55.94435176632697 -3.1889315925030783 NE 55.944563898361324 -3.1887194604687226 200.25488471984863 409.54741382598877
55.944563898361324 -3.1887194604687226 SW 55.94435176632697 -3.1889315925030783 200.25488471984863 408.29741382598877
55.94435176632697 -3.1889315925030783 NNW 55.944628930186724 -3.189046397532788 200.25488471984863 407.04741382598877
55.944628930186724 -3.189046397532788 SSW 55.94435176632697 -3.1891612025624974 200.25488471984863 405.79741382598877
55.94435176632697 -3.1891612025624974 N 55.94465176632697 -3.1891612025624974 308.13626289367676 429.8126001358032
55.94465176632697 -3.1891612025624974 SSW 55.944374602467214 -3.189276007592207 308.13626289367676 428.5626001358032
55.944374602467214 -3.189276007592207 NNE 55.94465176632697 -3.1891612025624974 308.13626289367676 427.3126001358032
55.94465176632697 -3.1891612025624974 N 55.94495176632697 -3.1891612025624974 398.89441871643066 483.6100664138794
55.94495176632697 -3.1891612025624974 S 55.94465176632697 -3.1891612025624974 398.89441871643066 482.3600664138794
55.94465176632697 -3.1891612025624974 N 55.94495176632697 -3.1891612025624974 398.89441871643066 481.1100664138794
55.94495176632697 -3.1891612025624974 SSW 55.94467460246722 -3.189276007592207 516.2043781280518 539.2617845535278
55.94467460246722 -3.189276007592207 NNE 55.94495176632697 -3.1891612025624974 516.2043781280518 538.0117845535278
55.94495176632697 -3.1891612025624974 SSW 55.94467460246722 -3.189276007592207 516.2043781280518 536.7617845535278
55.94467460246722 -3.189276007592207 NW 55.94488673450157 -3.1894881396265626 516.2043781280518 535.5117845535278
55.94488673450157 -3.1894881396265626 SE 55.94467460246722 -3.189276007592207 516.2043781280518 534.2617845535278
55.94467460246722 -3.189276007592207 NW 55.94488673450157 -3.1894881396265626 516.2043781280518 533.0117845535278
55.94488673450157 -3.1894881396265626 N 55.945186734501576 -3.1894881396265626 638.5220050811768 580.2841005325317
55.945186734501576 -3.1894881396265626 W 55.945186734501576 -3.189788139626563 638.5220050811768 579.0341005325317
55.945186734501576 -3.189788139626563 E 55.945186734501576 -3.1894881396265626 638.5220050811768 577.7841005325317
55.945186734501576 -3.1894881396265626 WNW 55.945301539531286 -3.189765303486316 638.5220050811768 576.5341005325317
55.945301539531286 -3.189765303486316 ESE 55.945186734501576 -3.1894881396265626 638.5220050811768 575.2841005325317
55.945186734501576 -3.1894881396265626 ENE 55.945301539531286 -3.1892109757668092 638.5220050811768 574.0341005325317
55.945301539531286 -3.1892109757668092 W 55.945301539531286 -3.1895109757668094 638.5220050811768 572.7841005325317
55.945301539531286 -3.1895109757668094 NNE 55.94557870339104 -3.1893961707371 651.9181251525879 632.8039560317993
55.94557870339104 -3.1893961707371 WSW 55.94546389836133 -3.1896733345968533 651.9181251525879 631.5539560317993
55.94546389836133 -3.1896733345968533 ENE 55.94557870339104 -3.1893961707371 651.9181251525879 630.3039560317993
55.94557870339104 -3.1893961707371 W 55.94557870339104 -3.1896961707371 651.9181251525879 629.0539560317993
55.94557870339104 -3.1896961707371 ENE 55.94569350842075 -3.1894190068773467 676.1095085144043 749.6961679458618
55.94569350842075 -3.1894190068773467 SW 55.9454813763864 -3.1896311389117025 676.1095085144043 748.4461679458618
55.9454813763864 -3.1896311389117025 NNE 55.94575854024615 -3.189516333881993 676.1095085144043 747.1961679458618
55.94575854024615 -3.189516333881993 ENE 55.945873345275864 -3.1892391700222396 676.1095085144043 745.9461679458618
55.945873345275864 -3.1892391700222396 E 55.945873345275864 -3.1889391700222394 676.1095085144043 744.6961679458618
55.945873345275864 -3.1889391700222394 SW 55.94566121324151 -3.189151302056595 676.1095085144043 743.4461679458618
55.94566121324151 -3.189151302056595 NE 55.945873345275864 -3.1889391700222394 676.1095085144043 742.1961679458618
55.945873345275864 -3.1889391700222394 SW 55.94566121324151 -3.189151302056595 676.1095085144043 740.9461679458618
55.94566121324151 -3.189151302056595 E 55.94566121324151 -3.188851302056595 676.1095085144043 739.6961679458618
55.94566121324151 -3.188851302056595 WSW 55.9455464082118 -3.1891284659163484 676.1095085144043 738.4461679458618
55.9455464082118 -3.1891284659163484 E 55.9455464082118 -3.188828465916348 798.4704170227051 755.218997001648
55.9455464082118 -3.188828465916348 W 55.9455464082118 -3.1891284659163484 798.4704170227051 753.968997001648
55.9455464082118 -3.1891284659163484 E 55.9455464082118 -3.188828465916348 798.4704170227051 752.718997001648
55.9455464082118 -3.188828465916348 NNW 55.94582357207155 -3.1889432709460577 798.4704170227051 751.468997001648
55.94582357207155 -3.1889432709460577 SSE 55.9455464082118 -3.188828465916348 798.4704170227051 750.218997001648
55.9455464082118 -3.188828465916348 ESE 55.94543160318209 -3.1885513020565948 798.4704170227051 748.968997001648
55.94543160318209 -3.1885513020565948 W 55.94543160318209 -3.188851302056595 798.4704170227051 747.718997001648
55.94543160318209 -3.188851302056595 NW 55.94564373521644 -3.1890634340909507 906.0257225036621 813.0072507858276
55.94564373521644 -3.1890634340909507 S 55.94534373521644 -3.1890634340909507 906.0257225036621 811.7572507858276
55.94534373521644 -3.1890634340909507 NW 55.945555867250796 -3.1892755661253065 906.0257225036621 810.5072507858276
55.945555867250796 -3.1892755661253065 SE 55.94534373521644 -3.1890634340909507 906.0257225036621 809.2572507858276
55.94534373521644 -3.1890634340909507 W 55.94534373521644 -3.189363434090951 906.0257225036621 808.0072507858276
55.94534373521644 -3.189363434090951 ESE 55.94522893018673 -3.1890862702311975 906.0257225036621 806.7572507858276
55.94522893018673 -3.1890862702311975 E 55.94522893018673 -3.1887862702311973 906.0257225036621 805.5072507858276
55.94522893018673 -3.1887862702311973 ENE 55.94534373521644 -3.188509106371444 906.0257225036621 804.2572507858276
55.94534373521644 -3.188509106371444 WSW 55.94522893018673 -3.1887862702311973 906.0257225036621 803.0072507858276
55.94522893018673 -3.1887862702311973 N 55.94552893018673 -3.1887862702311973 906.0257225036621 801.7572507858276
55.94552893018673 -3.1887862702311973 S 55.94522893018673 -3.1887862702311973 906.0257225036621 800.5072507858276
55.94522893018673 -3.1887862702311973 SSW 55.94495176632697 -3.188901075260907 990.5664482116699 870.4147291183472
55.94495176632697 -3.188901075260907 NE 55.94516389836133 -3.188688943226551 1010.8370399475098 930.9094343185425
55.94516389836133 -3.188688943226551 SW 55.94495176632697 -3.188901075260907 1010.8370399475098 929.6594343185425
55.94495176632697 -3.188901075260907 N 55.945251766326976 -3.188901075260907 1063.3983459472656 987.1079893112183
55.945251766326976 -3.188901075260907 S 55.94495176632697 -3.188901075260907 1063.3983459472656 985.8579893112183
55.94495176632697 -3.188901075260907 WSW 55.94483696129726 -3.1891782391206602 1155.1920471191406 1035.3759832382202
55.94483696129726 -3.1891782391206602 E 55.94483696129726 -3.18887823912066 1155.1920471191406 1034.1259832382202
55.94483696129726 -3.18887823912066 NW 55.94504909333162 -3.189090371155016 1158.2293846607208 1153.252142906189
55.94504909333162 -3.189090371155016 SE 55.94483696129726 -3.18887823912066 1158.2293846607208 1152.002142906189
55.94483696129726 -3.18887823912066 SSW 55.944559797437506 -3.1889930441503695 1158.2293846607208 1150.752142906189
55.944559797437506 -3.1889930441503695 WSW 55.944444992407796 -3.189270208010123 1158.2293846607208 1149.502142906189
55.944444992407796 -3.189270208010123 S 55.94414499240779 -3.189270208010123 1282.4575340747833 1210.9100713729858
55.94414499240779 -3.189270208010123 WNW 55.9442597974375 -3.1895473718698764 1282.4575340747833 1209.6600713729858
55.9442597974375 -3.1895473718698764 ESE 55.94414499240779 -3.189270208010123 1282.4575340747833 1208.4100713729858
55.94414499240779 -3.189270208010123 SSE 55.943867828548036 -3.1891554029804134 1282.4575340747833 1207.1600713729858
55.943867828548036 -3.1891554029804134 N 55.94416782854804 -3.1891554029804134 1282.4575340747833 1205.9100713729858
55.94416782854804 -3.1891554029804134 S 55.943867828548036 -3.1891554029804134 1282.4575340747833 1204.6600713729858
55.943867828548036 -3.1891554029804134 NNE 55.94414499240779 -3.189040597950704 1282.4575340747833 1203.4100713729858
55.94414499240779 -3.189040597950704 E 55.94414499240779 -3.1887405979507037 1282.4575340747833 1202.1600713729858
55.94414499240779 -3.1887405979507037 WNW 55.9442597974375 -3.189017761810457 1282.4575340747833 1200.9100713729858
55.9442597974375 -3.189017761810457 SSW 55.94398263357775 -3.1891325668401667 1361.7469856739044 1287.759123802185
55.94398263357775 -3.1891325668401667 S 55.943682633577744 -3.1891325668401667 1361.7469856739044 1286.509123802185
55.943682633577744 -3.1891325668401667 W 55.943682633577744 -3.189432566840167 1361.7469856739044 1285.259123802185
55.943682633577744 -3.189432566840167 E 55.943682633577744 -3.1891325668401667 1361.7469856739044 1284.009123802185
55.943682633577744 -3.1891325668401667 SE 55.94347050154339 -3.188920434805811 1361.7469856739044 1282.759123802185
55.94347050154339 -3.188920434805811 WNW 55.9435853065731 -3.1891975986655643 1452.9985191822052 1358.5875616073608
55.9435853065731 -3.1891975986655643 SSE 55.94330814271334 -3.189082793635855 1452.9985191822052 1357.3375616073608
55.94330814271334 -3.189082793635855 WNW 55.94342294774305 -3.189359957495608 1515.0524170398712 1385.245930671692
55.94342294774305 -3.189359957495608 SSW 55.943145783883296 -3.1894747625253177 1515.0524170398712 1383.995930671692
55.943145783883296 -3.1894747625253177 NNE 55.94342294774305 -3.189359957495608 1515.0524170398712 1382.745930671692
55.94342294774305 -3.189359957495608 WSW 55.94330814271334 -3.1896371213553616 1515.0524170398712 1381.495930671692
55.94330814271334 -3.1896371213553616 E 55.94330814271334 -3.1893371213553614 1605.535266160965 1419.315052986145
55.94330814271334 -3.1893371213553614 W 55.94330814271334 -3.1896371213553616 1605.535266160965 1418.065052986145
55.94330814271334 -3.1896371213553616 SW 55.943096010678985 -3.1898492533897174 1658.7293274402618 1526.5958909988403
55.943096010678985 -3.1898492533897174 NE 55.94330814271334 -3.1896371213553616 1658.7293274402618 1525.3458909988403
55.94330814271334 -3.1896371213553616 SW 55.943096010678985 -3.1898492533897174 1658.7293274402618 1524.0958909988403
55.943096010678985 -3.1898492533897174 NW 55.94330814271334 -3.190061385424073 1658.7293274402618 1522.8458909988403
55.94330814271334 -3.190061385424073 S 55.94300814271334 -3.190061385424073 1658.7293274402618 1521.5958909988403
55.94300814271334 -3.190061385424073 WNW 55.94312294774305 -3.1903385492838265 1658.7293274402618 1520.3458909988403
55.94312294774305 -3.1903385492838265 ESE 55.94300814271334 -3.190061385424073 1658.7293274402618 1519.0958909988403
55.94300814271334 -3.190061385424073 NW 55.943220274747695 -3.190273517458429 1658.7293274402618 1517.8458909988403
55.943220274747695 -3.190273517458429 SSW 55.94294311088794 -3.1903883224881384 1658.7293274402618 1516.5958909988403
55.94294311088794 -3.1903883224881384 NNE 55.943220274747695 -3.190273517458429 1658.7293274402618 1515.3458909988403
55.943220274747695 -3.190273517458429 NNW 55.94349743860745 -3.1903883224881384 1658.7293274402618 1514.0958909988403
55.94349743860745 -3.1903883224881384 SSE 55.943220274747695 -3.190273517458429 1658.7293274402618 1512.8458909988403
55.943220274747695 -3.190273517458429 NNW 55.94349743860745 -3.1903883224881384 1658.7293274402618 1511.5958909988403
55.94349743860745 -3.1903883224881384 SSW 55.943220274747695 -3.190503127517848 1658.7293274402618 1510.3458909988403
55.943220274747695 -3.190503127517848 NNW 55.94349743860745 -3.1906179325475574 1658.7293274402618 1509.0958909988403
55.94349743860745 -3.1906179325475574 SSE 55.943220274747695 -3.190503127517848 1658.7293274402618 1507.8458909988403
55.943220274747695 -3.190503127517848 W 55.943220274747695 -3.190803127517848 1658.7293274402618 1506.5958909988403
55.943220274747695 -3.190803127517848 SE 55.94300814271334 -3.1905909954834923 1658.7293274402618 1505.3458909988403
55.94300814271334 -3.1905909954834923 WNW 55.94312294774305 -3.1908681593432457 1658.7293274402618 1504.0958909988403
55.94312294774305 -3.1908681593432457 ENE 55.94323775277276 -3.1905909954834923 1658.7293274402618 1502.8458909988403
55.94323775277276 -3.1905909954834923 SW 55.9430256207384 -3.190803127517848 1658.7293274402618 1501.5958909988403
55.9430256207384 -3.190803127517848 NW 55.94323775277276 -3.191015259552204 1658.7293274402618 1500.3458909988403
55.94323775277276 -3.191015259552204 SW 55.9430256207384 -3.1912273915865597 1658.7293274402618 1499.0958909988403
55.9430256207384 -3.1912273915865597 NNE 55.94330278459816 -3.19111258655685 1658.7293274402618 1497.8458909988403
55.94330278459816 -3.19111258655685 NW 55.943514916632516 -3.191324718591206 1658.7293274402618 1496.5958909988403
55.943514916632516 -3.191324718591206 SE 55.94330278459816 -3.19111258655685 1658.7293274402618 1495.3458909988403
55.94330278459816 -3.19111258655685 WNW 55.94341758962787 -3.1913897504166036 1658.7293274402618 1494.0958909988403
55.94341758962787 -3.1913897504166036 NNE 55.94369475348763 -3.191274945386894 1773.4399902820587 1610.2020235061646
55.94369475348763 -3.191274945386894 SW 55.94348262145327 -3.19148707742125 1773.4399902820587 1608.9520235061646
55.94348262145327 -3.19148707742125 NE 55.94369475348763 -3.191274945386894 1773.4399902820587 1607.7020235061646
55.94369475348763 -3.191274945386894 NW 55.94390688552198 -3.19148707742125 1773.4399902820587 1606.4520235061646
55.94390688552198 -3.19148707742125 SE 55.94369475348763 -3.191274945386894 1773.4399902820587 1605.2020235061646
55.94369475348763 -3.191274945386894 NNE 55.94397191734738 -3.1911601403571845 1773.4399902820587 1603.9520235061646
55.94397191734738 -3.1911601403571845 S 55.94367191734738 -3.1911601403571845 1773.4399902820587 1602.7020235061646
55.94367191734738 -3.1911601403571845 SSE 55.943394753487624 -3.191045335327475 1773.4399902820587 1601.4520235061646
55.943394753487624 -3.191045335327475 NW 55.94360688552198 -3.191257467361831 1773.4399902820587 1600.2020235061646
55.94360688552198 -3.191257467361831 S 55.94330688552198 -3.191257467361831 1773.4399902820587 1598.9520235061646
55.94330688552198 -3.191257467361831 S 55.943006885521974 -3.191257467361831 1773.4399902820587 1597.7020235061646
55.943006885521974 -3.191257467361831 ESE 55.942892080492264 -3.1909803035020774 1773.4399902820587 1596.4520235061646
55.942892080492264 -3.1909803035020774 W 55.942892080492264 -3.1912803035020776 1773.4399902820587 1595.2020235061646
55.942892080492264 -3.1912803035020776 SE 55.94267994845791 -3.191068171467722 1773.4399902820587 1593.9520235061646
55.94267994845791 -3.191068171467722 WNW 55.94279475348762 -3.191345335327475 1773.4399902820587 1592.7020235061646
55.94279475348762 -3.191345335327475 E 55.94279475348762 -3.191045335327475 1773.4399902820587 1591.4520235061646
55.94279475348762 -3.191045335327475 W 55.94279475348762 -3.191345335327475 1773.4399902820587 1590.2020235061646
55.94279475348762 -3.191345335327475 ENE 55.94290955851733 -3.191068171467722 1773.4399902820587 1588.9520235061646
55.94290955851733 -3.191068171467722 W 55.94290955851733 -3.191368171467722 1773.4399902820587 1587.7020235061646
55.94290955851733 -3.191368171467722 ENE 55.94302436354704 -3.1910910076079686 1773.4399902820587 1586.4520235061646
55.94302436354704 -3.1910910076079686 WSW 55.94290955851733 -3.191368171467722 1773.4399902820587 1585.2020235061646
55.94290955851733 -3.191368171467722 SW 55.94269742648297 -3.1915803035020778 1773.4399902820587 1583.9520235061646
55.94269742648297 -3.1915803035020778 NNW 55.94297459034273 -3.1916951085317873 1773.4399902820587 1582.7020235061646
55.94297459034273 -3.1916951085317873 S 55.942674590342726 -3.1916951085317873 1773.4399902820587 1581.4520235061646
55.942674590342726 -3.1916951085317873 W 55.942674590342726 -3.1919951085317875 1773.4399902820587 1580.2020235061646
55.942674590342726 -3.1919951085317875 NNE 55.94295175420248 -3.191880303502078 1868.3213074207306 1618.0840311050415
55.94295175420248 -3.191880303502078 SSW 55.942674590342726 -3.1919951085317875 1868.3213074207306 1616.8340311050415
55.942674590342726 -3.1919951085317875 NNE 55.94295175420248 -3.191880303502078 1868.3213074207306 1615.5840311050415
55.94295175420248 -3.191880303502078 SW 55.942739622168126 -3.1920924355364337 1868.3213074207306 1614.3340311050415
55.942739622168126 -3.1920924355364337 NW 55.94295175420248 -3.1923045675707895 1868.3213074207306 1613.0840311050415
55.94295175420248 -3.1923045675707895 SSE 55.942674590342726 -3.19218976254108 1964.6317627429962 1701.4726495742798
55.942674590342726 -3.19218976254108 NNW 55.94295175420248 -3.1923045675707895 1964.6317627429962 1700.2226495742798
55.94295175420248 -3.1923045675707895 SSE 55.942674590342726 -3.19218976254108 1964.6317627429962 1698.9726495742798
55.942674590342726 -3.19218976254108 NW 55.94288672237708 -3.1924018945754358 1964.6317627429962 1697.7226495742798
55.94288672237708 -3.1924018945754358 SE 55.942674590342726 -3.19218976254108 1964.6317627429962 1696.4726495742798
55.942674590342726 -3.19218976254108 WNW 55.942789395372436 -3.1924669264008334 1964.6317627429962 1695.2226495742798
55.942789395372436 -3.1924669264008334 NE 55.94300152740679 -3.1922547943664776 1964.6317627429962 1693.9726495742798
55.94300152740679 -3.1922547943664776 SSW 55.942724363547036 -3.192369599396187 1964.6317627429962 1692.7226495742798
55.942724363547036 -3.192369599396187 E 55.942724363547036 -3.192069599396187 1964.6317627429962 1691.4726495742798
55.942724363547036 -3.192069599396187 NW 55.94293649558139 -3.1922817314305427 1964.6317627429962 1690.2226495742798
55.94293649558139 -3.1922817314305427 NNW 55.94321365944115 -3.1923965364602522 2070.785380601883 1709.4865198135376
55.94321365944115 -3.1923965364602522 NE 55.943425791475505 -3.1921844044258965 2103.9593727588654 1754.3711786270142
55.943425791475505 -3.1921844044258965 SW 55.94321365944115 -3.1923965364602522 2103.9593727588654 1753.1211786270142
55.94321365944115 -3.1923965364602522 NE 55.943425791475505 -3.1921844044258965 2103.9593727588654 1751.8711786270142
55.943425791475505 -3.1921844044258965 NNE 55.94370295533526 -3.192069599396187 2103.9593727588654 1750.6211786270142
55.94370295533526 -3.192069599396187 SSW 55.943425791475505 -3.1921844044258965 2103.9593727588654 1749.3711786270142
55.943425791475505 -3.1921844044258965 NE 55.94363792350986 -3.1919722723915407 2184.9011147022247 1826.9925088882446
55.94363792350986 -3.1919722723915407 SE 55.943425791475505 -3.191760140357185 2184.9011147022247 1825.7425088882446
55.943425791475505 -3.191760140357185 N 55.94372579147551 -3.191760140357185 2184.9011147022247 1824.4925088882446
55.94372579147551 -3.191760140357185 WNW 55.94384059650522 -3.1920373042169383 2184.9011147022247 1823.2425088882446
55.94384059650522 -3.1920373042169383 ESE 55.94372579147551 -3.191760140357185 2184.9011147022247 1821.9925088882446
55.94372579147551 -3.191760140357185 W 55.94372579147551 -3.192060140357185 2184.9011147022247 1820.7425088882446
55.94372579147551 -3.192060140357185 NNE 55.944002955335264 -3.1919453353274756 2184.9011147022247 1819.4925088882446
55.944002955335264 -3.1919453353274756 SSW 55.94372579147551 -3.192060140357185 2184.9011147022247 1818.2425088882446
55.94372579147551 -3.192060140357185 W 55.94372579147551 -3.1923601403571853 2187.5154910087585 1825.168622970581
55.94372579147551 -3.1923601403571853 NE 55.943937923509864 -3.1921480083228295 2187.5154910087585 1823.918622970581
55.943937923509864 -3.1921480083228295 WSW 55.943823118480154 -3.192425172182583 2241.3283381462097 1870.3439197540283
55.943823118480154 -3.192425172182583 ENE 55.943937923509864 -3.1921480083228295 2241.3283381462097 1869.0939197540283
