55.944425 -3.188396 E 55.944425 -3.188096 0.0 248.75
55.944425 -3.188096 WNW 55.94453980502971 -3.1883731638597532 0.0 247.5
55.94453980502971 -3.1883731638597532 SE 55.94432767299536 -3.1881610318253975 0.0 246.25
55.94432767299536 -3.1881610318253975 NW 55.94453980502971 -3.1883731638597532 0.0 245.0
55.94453980502971 -3.1883731638597532 SSE 55.944262641169956 -3.1882583588300437 0.0 243.75
55.944262641169956 -3.1882583588300437 NNW 55.94453980502971 -3.1883731638597532 0.0 242.5
55.94453980502971 -3.1883731638597532 SSE 55.944262641169956 -3.1882583588300437 0.0 241.25
55.944262641169956 -3.1882583588300437 NNW 55.94453980502971 -3.1883731638597532 0.0 240.0
55.94453980502971 -3.1883731638597532 ESE 55.944425 -3.188096 0.0 238.75
55.944425 -3.188096 WNW 55.94453980502971 -3.1883731638597532 0.0 237.5
55.94453980502971 -3.1883731638597532 ESE 55.944425 -3.188096 0.0 236.25
55.944425 -3.188096 NW 55.94463713203436 -3.1883081320343556 0.0 235.0
55.94463713203436 -3.1883081320343556 E 55.94463713203436 -3.1880081320343554 0.0 233.75
55.94463713203436 -3.1880081320343554 W 55.94463713203436 -3.1883081320343556 0.0 232.5
55.94463713203436 -3.1883081320343556 NNW 55.944914295894115 -3.188422937064065 0.0 231.25
55.944914295894115 -3.188422937064065 SSE 55.94463713203436 -3.1883081320343556 0.0 230.0
55.94463713203436 -3.1883081320343556 E 55.94463713203436 -3.1880081320343554 0.0 228.75
55.94463713203436 -3.1880081320343554 W 55.94463713203436 -3.1883081320343556 0.0 227.5
55.94463713203436 -3.1883081320343556 NNW 55.944914295894115 -3.188422937064065 0.0 226.25
55.944914295894115 -3.188422937064065 SSE 55.94463713203436 -3.1883081320343556 0.0 225.0
55.94463713203436 -3.1883081320343556 NW 55.944849264068715 -3.1885202640687114 0.0 223.75
55.944849264068715 -3.1885202640687114 E 55.944849264068715 -3.188220264068711 0.0 222.5
55.944849264068715 -3.188220264068711 W 55.944849264068715 -3.1885202640687114 0.0 221.25
55.944849264068715 -3.1885202640687114 E 55.944849264068715 -3.188220264068711 0.0 220.0
55.944849264068715 -3.188220264068711 W 55.944849264068715 -3.1885202640687114 0.0 218.75
55.944849264068715 -3.1885202640687114 E 55.944849264068715 -3.188220264068711 0.0 217.5
55.944849264068715 -3.188220264068711 NW 55.94506139610307 -3.188432396103067 0.0 216.25
55.94506139610307 -3.188432396103067 SE 55.944849264068715 -3.188220264068711 0.0 215.0
55.944849264068715 -3.188220264068711 WNW 55.944964069098425 -3.1884974279284646 0.0 213.75
55.944964069098425 -3.1884974279284646 ESE 55.944849264068715 -3.188220264068711 0.0 212.5
55.944849264068715 -3.188220264068711 ENE 55.944964069098425 -3.1879431002089578 0.0 211.25
55.944964069098425 -3.1879431002089578 WSW 55.944849264068715 -3.188220264068711 0.0 210.0
55.944849264068715 -3.188220264068711 E 55.944849264068715 -3.187920264068711 0.0 208.75
55.944849264068715 -3.187920264068711 W 55.944849264068715 -3.188220264068711 0.0 207.5
55.944849264068715 -3.188220264068711 ENE 55.944964069098425 -3.1879431002089578 0.0 206.25
55.944964069098425 -3.1879431002089578 WSW 55.944849264068715 -3.188220264068711 0.0 205.0
55.944849264068715 -3.188220264068711 ENE 55.944964069098425 -3.1879431002089578 0.0 203.75
55.944964069098425 -3.1879431002089578 SSW 55.94468690523867 -3.1880579052386673 0.0 202.5
55.94468690523867 -3.1880579052386673 NNE 55.944964069098425 -3.1879431002089578 0.0 201.25
55.944964069098425 -3.1879431002089578 SSW 55.94468690523867 -3.1880579052386673 0.0 200.0
55.94468690523867 -3.1880579052386673 NNE 55.944964069098425 -3.1879431002089578 0.0 198.75
55.944964069098425 -3.1879431002089578 SSW 55.94468690523867 -3.1880579052386673 0.0 197.5
55.94468690523867 -3.1880579052386673 NNW 55.944964069098425 -3.188172710268377 0.0 196.25
55.944964069098425 -3.188172710268377 SSE 55.94468690523867 -3.1880579052386673 0.0 195.0
55.94468690523867 -3.1880579052386673 NE 55.944899037273025 -3.1878457732043115 0.0 193.75
55.944899037273025 -3.1878457732043115 SSW 55.94462187341327 -3.187960578234021 0.0 192.5
55.94462187341327 -3.187960578234021 NNW 55.944899037273025 -3.1880753832637305 0.0 191.25
55.944899037273025 -3.1880753832637305 SSE 55.94462187341327 -3.187960578234021 0.0 190.0
55.94462187341327 -3.187960578234021 SSW 55.94434470955351 -3.1880753832637305 0.0 188.75
55.94434470955351 -3.1880753832637305 NNE 55.94462187341327 -3.187960578234021 0.0 187.5
55.94462187341327 -3.187960578234021 ESE 55.94450706838356 -3.1876834143742676 0.0 186.25
55.94450706838356 -3.1876834143742676 WNW 55.94462187341327 -3.187960578234021 0.0 185.0
55.94462187341327 -3.187960578234021 SE 55.94440974137891 -3.1877484461996652 0.0 183.75
55.94440974137891 -3.1877484461996652 NNW 55.94468690523867 -3.1878632512293748 0.0 182.5
55.94468690523867 -3.1878632512293748 SSE 55.94440974137891 -3.1877484461996652 0.0 181.25
55.94440974137891 -3.1877484461996652 NNW 55.94468690523867 -3.1878632512293748 0.0 180.0
55.94468690523867 -3.1878632512293748 SSE 55.94440974137891 -3.1877484461996652 0.0 178.75
55.94440974137891 -3.1877484461996652 NNW 55.94468690523867 -3.1878632512293748 0.0 177.5
55.94468690523867 -3.1878632512293748 SE 55.94447477320431 -3.187651119195019 0.0 176.25
55.94447477320431 -3.187651119195019 ENE 55.94458957823402 -3.1873739553352656 120.5016860961914 269.02825927734375
55.94458957823402 -3.1873739553352656 WSW 55.94447477320431 -3.187651119195019 120.5016860961914 267.77825927734375
55.94447477320431 -3.187651119195019 SW 55.944262641169956 -3.1878632512293748 120.5016860961914 266.52825927734375
55.944262641169956 -3.1878632512293748 NE 55.94447477320431 -3.187651119195019 120.5016860961914 265.27825927734375
55.94447477320431 -3.187651119195019 SSW 55.944197609344556 -3.1877659242247285 120.5016860961914 264.02825927734375
55.944197609344556 -3.1877659242247285 NE 55.94440974137891 -3.1875537921903727 120.5016860961914 262.77825927734375
55.94440974137891 -3.1875537921903727 SSW 55.944132577519156 -3.1876685972200822 120.5016860961914 261.52825927734375
55.944132577519156 -3.1876685972200822 E 55.944132577519156 -3.187368597220082 120.5016860961914 260.27825927734375
55.944132577519156 -3.187368597220082 W 55.944132577519156 -3.1876685972200822 120.5016860961914 259.02825927734375
55.944132577519156 -3.1876685972200822 E 55.944132577519156 -3.187368597220082 120.5016860961914 257.77825927734375
55.944132577519156 -3.187368597220082 WNW 55.944247382548866 -3.1876457610798354 120.5016860961914 256.52825927734375
55.944247382548866 -3.1876457610798354 E 55.944247382548866 -3.1873457610798352 120.5016860961914 255.27825927734375
55.944247382548866 -3.1873457610798352 W 55.944247382548866 -3.1876457610798354 120.5016860961914 254.02825927734375
55.944247382548866 -3.1876457610798354 ENE 55.94436218757858 -3.187368597220082 120.5016860961914 252.77825927734375
55.94436218757858 -3.187368597220082 NW 55.94457431961293 -3.187580729254438 120.5016860961914 251.52825927734375
55.94457431961293 -3.187580729254438 SE 55.94436218757858 -3.187368597220082 120.5016860961914 250.27825927734375
55.94436218757858 -3.187368597220082 SSE 55.94408502371882 -3.1872537921903725 120.5016860961914 249.02825927734375
55.94408502371882 -3.1872537921903725 NNW 55.94436218757858 -3.187368597220082 120.5016860961914 247.77825927734375
55.94436218757858 -3.187368597220082 NE 55.94457431961293 -3.1871564651857263 120.5016860961914 246.52825927734375
55.94457431961293 -3.1871564651857263 SW 55.94436218757858 -3.187368597220082 120.5016860961914 245.27825927734375
55.94436218757858 -3.187368597220082 NNE 55.94463935143833 -3.1872537921903725 120.5016860961914 244.02825927734375
55.94463935143833 -3.1872537921903725 SSW 55.94436218757858 -3.187368597220082 120.5016860961914 242.77825927734375
55.94436218757858 -3.187368597220082 NNE 55.94463935143833 -3.1872537921903725 120.5016860961914 241.52825927734375
55.94463935143833 -3.1872537921903725 SSW 55.94436218757858 -3.187368597220082 120.5016860961914 240.27825927734375
55.94436218757858 -3.187368597220082 NNE 55.94463935143833 -3.1872537921903725 120.5016860961914 239.02825927734375
55.94463935143833 -3.1872537921903725 WSW 55.94452454640862 -3.187530956050126 120.5016860961914 237.77825927734375
55.94452454640862 -3.187530956050126 E 55.94452454640862 -3.1872309560501257 120.5016860961914 236.52825927734375
55.94452454640862 -3.1872309560501257 WNW 55.94463935143833 -3.187508119909879 120.5016860961914 235.27825927734375
55.94463935143833 -3.187508119909879 ESE 55.94452454640862 -3.1872309560501257 120.5016860961914 234.02825927734375
55.94452454640862 -3.1872309560501257 N 55.944824546408626 -3.1872309560501257 120.5016860961914 232.77825927734375
55.944824546408626 -3.1872309560501257 S 55.94452454640862 -3.1872309560501257 120.5016860961914 231.52825927734375
55.94452454640862 -3.1872309560501257 N 55.944824546408626 -3.1872309560501257 120.5016860961914 230.27825927734375
55.944824546408626 -3.1872309560501257 S 55.94452454640862 -3.1872309560501257 120.5016860961914 229.02825927734375
55.94452454640862 -3.1872309560501257 N 55.944824546408626 -3.1872309560501257 120.5016860961914 227.77825927734375
55.944824546408626 -3.1872309560501257 S 55.94452454640862 -3.1872309560501257 120.5016860961914 226.52825927734375
55.94452454640862 -3.1872309560501257 NE 55.94473667844298 -3.18701882401577 120.5016860961914 225.27825927734375
55.94473667844298 -3.18701882401577 WSW 55.94462187341327 -3.1872959878755234 120.5016860961914 224.02825927734375
55.94462187341327 -3.1872959878755234 ENE 55.94473667844298 -3.18701882401577 120.5016860961914 222.77825927734375
55.94473667844298 -3.18701882401577 WSW 55.94462187341327 -3.1872959878755234 120.5016860961914 221.52825927734375
55.94462187341327 -3.1872959878755234 ENE 55.94473667844298 -3.18701882401577 120.5016860961914 220.27825927734375
55.94473667844298 -3.18701882401577 WSW 55.94462187341327 -3.1872959878755234 120.5016860961914 219.02825927734375
55.94462187341327 -3.1872959878755234 NE 55.944834005447625 -3.1870838558411676 120.5016860961914 217.77825927734375
55.944834005447625 -3.1870838558411676 WSW 55.944719200417914 -3.187361019700921 120.5016860961914 216.52825927734375
55.944719200417914 -3.187361019700921 ENE 55.944834005447625 -3.1870838558411676 120.5016860961914 215.27825927734375
55.944834005447625 -3.1870838558411676 WNW 55.944948810477335 -3.187361019700921 120.5016860961914 214.02825927734375
55.944948810477335 -3.187361019700921 ESE 55.944834005447625 -3.1870838558411676 120.5016860961914 212.77825927734375
55.944834005447625 -3.1870838558411676 NNW 55.94511116930738 -3.187198660870877 230.83057403564453 266.2461814880371
55.94511116930738 -3.187198660870877 SSE 55.944834005447625 -3.1870838558411676 230.83057403564453 264.9961814880371
55.944834005447625 -3.1870838558411676 NNW 55.94511116930738 -3.187198660870877 230.83057403564453 263.7461814880371
55.94511116930738 -3.187198660870877 SE 55.944899037273025 -3.1869865288365213 318.2769012451172 286.24615478515625
55.944899037273025 -3.1869865288365213 NW 55.94511116930738 -3.187198660870877 318.2769012451172 284.99615478515625
55.94511116930738 -3.187198660870877 NNE 55.94538833316714 -3.1870838558411676 318.2769012451172 283.74615478515625
55.94538833316714 -3.1870838558411676 SSW 55.94511116930738 -3.187198660870877 318.2769012451172 282.49615478515625
55.94511116930738 -3.187198660870877 N 55.945411169307384 -3.187198660870877 318.2769012451172 281.24615478515625
55.945411169307384 -3.187198660870877 S 55.94511116930738 -3.187198660870877 318.2769012451172 279.99615478515625
55.94511116930738 -3.187198660870877 N 55.945411169307384 -3.187198660870877 318.2769012451172 278.74615478515625
55.945411169307384 -3.187198660870877 S 55.94511116930738 -3.187198660870877 318.2769012451172 277.49615478515625
55.94511116930738 -3.187198660870877 N 55.945411169307384 -3.187198660870877 318.2769012451172 276.24615478515625
55.945411169307384 -3.187198660870877 S 55.94511116930738 -3.187198660870877 318.2769012451172 274.99615478515625
55.94511116930738 -3.187198660870877 N 55.945411169307384 -3.187198660870877 318.2769012451172 273.74615478515625
55.945411169307384 -3.187198660870877 S 55.94511116930738 -3.187198660870877 318.2769012451172 272.49615478515625
55.94511116930738 -3.187198660870877 N 55.945411169307384 -3.187198660870877 318.2769012451172 271.24615478515625
55.945411169307384 -3.187198660870877 SW 55.94519903727303 -3.187410792905233 334.78319549560547 306.58728408813477
55.94519903727303 -3.187410792905233 NNE 55.945476201132784 -3.1872959878755234 334.78319549560547 305.33728408813477
55.945476201132784 -3.1872959878755234 ESE 55.945361396103074 -3.18701882401577 334.78319549560547 304.08728408813477
55.945361396103074 -3.18701882401577 WNW 55.945476201132784 -3.1872959878755234 334.78319549560547 302.83728408813477
55.945476201132784 -3.1872959878755234 ESE 55.945361396103074 -3.18701882401577 334.78319549560547 301.58728408813477
55.945361396103074 -3.18701882401577 NW 55.94557352813743 -3.1872309560501257 334.78319549560547 300.33728408813477
55.94557352813743 -3.1872309560501257 ESE 55.94545872310772 -3.1869537921903723 438.11095428466797 338.8210639953613
55.94545872310772 -3.1869537921903723 WNW 55.94557352813743 -3.1872309560501257 438.11095428466797 337.5710639953613
55.94557352813743 -3.1872309560501257 ESE 55.94545872310772 -3.1869537921903723 438.11095428466797 336.3210639953613
55.94545872310772 -3.1869537921903723 NW 55.945670855142076 -3.187165924224728 438.11095428466797 335.0710639953613
55.945670855142076 -3.187165924224728 ESE 55.945556050112366 -3.1868887603649747 438.11095428466797 333.8210639953613
55.945556050112366 -3.1868887603649747 WNW 55.945670855142076 -3.187165924224728 438.11095428466797 332.5710639953613
55.945670855142076 -3.187165924224728 ESE 55.945556050112366 -3.1868887603649747 438.11095428466797 331.3210639953613
55.945556050112366 -3.1868887603649747 WNW 55.945670855142076 -3.187165924224728 438.11095428466797 330.0710639953613
55.945670855142076 -3.187165924224728 ESE 55.945556050112366 -3.1868887603649747 438.11095428466797 328.8210639953613
55.945556050112366 -3.1868887603649747 WNW 55.945670855142076 -3.187165924224728 438.11095428466797 327.5710639953613
55.945670855142076 -3.187165924224728 E 55.945670855142076 -3.186865924224728 438.11095428466797 326.3210639953613
55.945670855142076 -3.186865924224728 WSW 55.945556050112366 -3.1871430880844813 438.11095428466797 325.0710639953613
55.945556050112366 -3.1871430880844813 ENE 55.945670855142076 -3.186865924224728 438.11095428466797 323.8210639953613
55.945670855142076 -3.186865924224728 W 55.945670855142076 -3.187165924224728 438.11095428466797 322.5710639953613
55.945670855142076 -3.187165924224728 E 55.945670855142076 -3.186865924224728 438.11095428466797 321.3210639953613
55.945670855142076 -3.186865924224728 NW 55.94588298717643 -3.1870780562590837 438.11095428466797 320.0710639953613
55.94588298717643 -3.1870780562590837 SE 55.945670855142076 -3.186865924224728 438.11095428466797 318.8210639953613
55.945670855142076 -3.186865924224728 NW 55.94588298717643 -3.1870780562590837 438.11095428466797 317.5710639953613
55.94588298717643 -3.1870780562590837 ESE 55.94576818214672 -3.1868008923993303 438.11095428466797 316.3210639953613
55.94576818214672 -3.1868008923993303 W 55.94576818214672 -3.1871008923993305 438.11095428466797 315.0710639953613
55.94576818214672 -3.1871008923993305 NE 55.94598031418108 -3.1868887603649747 534.7606964111328 433.1283988952637
55.94598031418108 -3.1868887603649747 WSW 55.94586550915137 -3.187165924224728 534.7606964111328 431.8783988952637
55.94586550915137 -3.187165924224728 NE 55.946077641185724 -3.1869537921903723 534.7606964111328 430.6283988952637
55.946077641185724 -3.1869537921903723 SW 55.94586550915137 -3.187165924224728 534.7606964111328 429.3783988952637
55.94586550915137 -3.187165924224728 NNE 55.946142673011124 -3.1870511191950186 534.7606964111328 428.1283988952637
55.946142673011124 -3.1870511191950186 SSW 55.94586550915137 -3.187165924224728 534.7606964111328 426.8783988952637
55.94586550915137 -3.187165924224728 NNE 55.946142673011124 -3.1870511191950186 534.7606964111328 425.6283988952637
55.946142673011124 -3.1870511191950186 SSW 55.94586550915137 -3.187165924224728 534.7606964111328 424.3783988952637
55.94586550915137 -3.187165924224728 NNE 55.946142673011124 -3.1870511191950186 534.7606964111328 423.1283988952637
55.946142673011124 -3.1870511191950186 S 55.94584267301112 -3.1870511191950186 534.7606964111328 421.8783988952637
55.94584267301112 -3.1870511191950186 N 55.946142673011124 -3.1870511191950186 534.7606964111328 420.6283988952637
55.946142673011124 -3.1870511191950186 SE 55.94593054097677 -3.186838987160663 534.7606964111328 419.3783988952637
55.94593054097677 -3.186838987160663 NW 55.946142673011124 -3.1870511191950186 534.7606964111328 418.1283988952637
55.946142673011124 -3.1870511191950186 SE 55.94593054097677 -3.186838987160663 534.7606964111328 416.8783988952637
55.94593054097677 -3.186838987160663 NNW 55.946207704836524 -3.1869537921903723 534.7606964111328 415.6283988952637
55.946207704836524 -3.1869537921903723 SSE 55.94593054097677 -3.186838987160663 534.7606964111328 414.3783988952637
55.94593054097677 -3.186838987160663 SSE 55.94565337711701 -3.1867241821309533 534.7606964111328 413.1283988952637
55.94565337711701 -3.1867241821309533 NNW 55.94593054097677 -3.186838987160663 534.7606964111328 411.8783988952637
55.94593054097677 -3.186838987160663 W 55.94593054097677 -3.187138987160663 534.7606964111328 410.6283988952637
55.94593054097677 -3.187138987160663 ESE 55.94581573594706 -3.1868618233009096 583.9687423706055 453.3562469482422
55.94581573594706 -3.1868618233009096 WSW 55.94570093091735 -3.187138987160663 583.9687423706055 452.1062469482422
55.94570093091735 -3.187138987160663 ENE 55.94581573594706 -3.1868618233009096 583.9687423706055 450.8562469482422
55.94581573594706 -3.1868618233009096 ENE 55.94593054097677 -3.186584659441156 583.9687423706055 449.6062469482422
55.94593054097677 -3.186584659441156 WSW 55.94581573594706 -3.1868618233009096 583.9687423706055 448.3562469482422
55.94581573594706 -3.1868618233009096 NNW 55.946092899806814 -3.186976628330619 583.9687423706055 447.1062469482422
55.946092899806814 -3.186976628330619 SSE 55.94581573594706 -3.1868618233009096 583.9687423706055 445.8562469482422
55.94581573594706 -3.1868618233009096 WSW 55.94570093091735 -3.187138987160663 583.9687423706055 444.6062469482422
55.94570093091735 -3.187138987160663 ENE 55.94581573594706 -3.1868618233009096 583.9687423706055 443.3562469482422
55.94581573594706 -3.1868618233009096 ENE 55.94593054097677 -3.186584659441156 583.9687423706055 442.1062469482422
55.94593054097677 -3.186584659441156 W 55.94593054097677 -3.1868846594411564 583.9687423706055 440.8562469482422
55.94593054097677 -3.1868846594411564 ENE 55.94604534600648 -3.186607495581403 583.9687423706055 439.6062469482422
55.94604534600648 -3.186607495581403 WSW 55.94593054097677 -3.1868846594411564 583.9687423706055 438.3562469482422
55.94593054097677 -3.1868846594411564 ENE 55.94604534600648 -3.186607495581403 583.9687423706055 437.1062469482422
55.94604534600648 -3.186607495581403 SSW 55.94576818214672 -3.1867223006111125 678.9481735229492 466.1716766357422
55.94576818214672 -3.1867223006111125 NNE 55.94604534600648 -3.186607495581403 678.9481735229492 464.9216766357422
55.94604534600648 -3.186607495581403 SSE 55.94576818214672 -3.1864926905516935 678.9481735229492 463.6716766357422
55.94576818214672 -3.1864926905516935 NNW 55.94604534600648 -3.186607495581403 678.9481735229492 462.4216766357422
55.94604534600648 -3.186607495581403 SSE 55.94576818214672 -3.1864926905516935 678.9481735229492 461.1716766357422
55.94576818214672 -3.1864926905516935 NNW 55.94604534600648 -3.186607495581403 678.9481735229492 459.9216766357422
55.94604534600648 -3.186607495581403 SSW 55.94576818214672 -3.1867223006111125 678.9481735229492 458.6716766357422
55.94576818214672 -3.1867223006111125 N 55.946068182146725 -3.1867223006111125 678.9481735229492 457.4216766357422
55.946068182146725 -3.1867223006111125 S 55.94576818214672 -3.1867223006111125 678.9481735229492 456.1716766357422
55.94576818214672 -3.1867223006111125 NE 55.94598031418108 -3.1865101685767567 678.9481735229492 454.9216766357422
55.94598031418108 -3.1865101685767567 SW 55.94576818214672 -3.1867223006111125 678.9481735229492 453.6716766357422
55.94576818214672 -3.1867223006111125 ESE 55.94565337711701 -3.186445136751359 678.9481735229492 452.4216766357422
55.94565337711701 -3.186445136751359 WNW 55.94576818214672 -3.1867223006111125 678.9481735229492 451.1716766357422
55.94576818214672 -3.1867223006111125 SE 55.945556050112366 -3.1865101685767567 678.9481735229492 449.9216766357422
55.945556050112366 -3.1865101685767567 WNW 55.945670855142076 -3.18678733243651 678.9481735229492 448.6716766357422
55.945670855142076 -3.18678733243651 ESE 55.945556050112366 -3.1865101685767567 678.9481735229492 447.4216766357422
55.945556050112366 -3.1865101685767567 NNW 55.94583321397212 -3.1866249736064662 678.9481735229492 446.1716766357422
55.94583321397212 -3.1866249736064662 SSE 55.945556050112366 -3.1865101685767567 678.9481735229492 444.9216766357422
55.945556050112366 -3.1865101685767567 W 55.945556050112366 -3.186810168576757 678.9481735229492 443.6716766357422
55.945556050112366 -3.186810168576757 ESE 55.945441245082655 -3.1865330047170035 679.2759506106377 551.3543548583984
55.945441245082655 -3.1865330047170035 W 55.945441245082655 -3.1868330047170037 788.6934158205986 646.7220611572266
55.945441245082655 -3.1868330047170037 E 55.945441245082655 -3.1865330047170035 788.6934158205986 645.4720611572266
55.945441245082655 -3.1865330047170035 SSE 55.9451640812229 -3.186418199687294 788.6934158205986 644.2220611572266
55.9451640812229 -3.186418199687294 NNW 55.945441245082655 -3.1865330047170035 788.6934158205986 642.9720611572266
55.945441245082655 -3.1865330047170035 S 55.94514124508265 -3.1865330047170035 788.6934158205986 641.7220611572266
55.94514124508265 -3.1865330047170035 N 55.945441245082655 -3.1865330047170035 788.6934158205986 640.4720611572266
55.945441245082655 -3.1865330047170035 S 55.94514124508265 -3.1865330047170035 788.6934158205986 639.2220611572266
55.94514124508265 -3.1865330047170035 N 55.945441245082655 -3.1865330047170035 788.6934158205986 637.9720611572266
55.945441245082655 -3.1865330047170035 SW 55.9452291130483 -3.1867451367513593 788.6934158205986 636.7220611572266
55.9452291130483 -3.1867451367513593 NE 55.945441245082655 -3.1865330047170035 788.6934158205986 635.4720611572266
55.945441245082655 -3.1865330047170035 WSW 55.945326440052945 -3.186810168576757 788.6934158205986 634.2220611572266
55.945326440052945 -3.186810168576757 ENE 55.945441245082655 -3.1865330047170035 788.6934158205986 632.9720611572266
55.945441245082655 -3.1865330047170035 SW 55.9452291130483 -3.1867451367513593 788.6934158205986 631.7220611572266
55.9452291130483 -3.1867451367513593 E 55.9452291130483 -3.186445136751359 788.6934158205986 630.4720611572266
55.9452291130483 -3.186445136751359 W 55.9452291130483 -3.1867451367513593 788.6934158205986 629.2220611572266
55.9452291130483 -3.1867451367513593 ESE 55.94511430801859 -3.186467972891606 788.6934158205986 627.9720611572266
55.94511430801859 -3.186467972891606 W 55.94511430801859 -3.186767972891606 834.4903709292412 653.8140048980713
55.94511430801859 -3.186767972891606 E 55.94511430801859 -3.186467972891606 834.4903709292412 652.5640048980713
55.94511430801859 -3.186467972891606 W 55.94511430801859 -3.186767972891606 834.4903709292412 651.3140048980713
55.94511430801859 -3.186767972891606 ESE 55.94499950298888 -3.1864908090318527 914.6890785098076 694.6676273345947
55.94499950298888 -3.1864908090318527 WNW 55.94511430801859 -3.186767972891606 914.6890785098076 693.4176273345947
55.94511430801859 -3.186767972891606 ESE 55.94499950298888 -3.1864908090318527 914.6890785098076 692.1676273345947
55.94499950298888 -3.1864908090318527 WNW 55.94511430801859 -3.186767972891606 914.6890785098076 690.9176273345947
55.94511430801859 -3.186767972891606 SE 55.94490217598423 -3.1865558408572503 968.3076965212822 770.926965713501
55.94490217598423 -3.1865558408572503 NW 55.94511430801859 -3.186767972891606 968.3076965212822 769.676965713501
55.94511430801859 -3.186767972891606 SE 55.94490217598423 -3.1865558408572503 968.3076965212822 768.426965713501
55.94490217598423 -3.1865558408572503 NW 55.94511430801859 -3.186767972891606 968.3076965212822 767.176965713501
55.94511430801859 -3.186767972891606 SSE 55.94483714415883 -3.1866531678618966 968.3076965212822 765.926965713501
55.94483714415883 -3.1866531678618966 NNW 55.94511430801859 -3.186767972891606 968.3076965212822 764.676965713501
55.94511430801859 -3.186767972891606 SSE 55.94483714415883 -3.1866531678618966 968.3076965212822 763.426965713501
55.94483714415883 -3.1866531678618966 NNW 55.94511430801859 -3.186767972891606 968.3076965212822 762.176965713501
55.94511430801859 -3.186767972891606 ESE 55.94499950298888 -3.1864908090318527 968.3076965212822 760.926965713501
55.94499950298888 -3.1864908090318527 WNW 55.94511430801859 -3.186767972891606 968.3076965212822 759.676965713501
55.94511430801859 -3.186767972891606 NNW 55.945391471878345 -3.1868827779213156 968.3076965212822 758.426965713501
55.945391471878345 -3.1868827779213156 SSE 55.94511430801859 -3.186767972891606 968.3076965212822 757.176965713501
55.94511430801859 -3.186767972891606 SSE 55.94483714415883 -3.1866531678618966 968.3076965212822 755.926965713501
55.94483714415883 -3.1866531678618966 NNW 55.94511430801859 -3.186767972891606 968.3076965212822 754.676965713501
55.94511430801859 -3.186767972891606 NNW 55.945391471878345 -3.1868827779213156 968.3076965212822 753.426965713501
55.945391471878345 -3.1868827779213156 SSE 55.94511430801859 -3.186767972891606 968.3076965212822 752.176965713501
55.94511430801859 -3.186767972891606 NNW 55.945391471878345 -3.1868827779213156 968.3076965212822 750.926965713501
55.945391471878345 -3.1868827779213156 SSW 55.94511430801859 -3.186997582951025 1082.2444946169853 844.0928211212158
55.94511430801859 -3.186997582951025 NNE 55.945391471878345 -3.1868827779213156 1082.2444946169853 842.8428211212158
55.945391471878345 -3.1868827779213156 SSW 55.94511430801859 -3.186997582951025 1082.2444946169853 841.5928211212158
55.94511430801859 -3.186997582951025 NNW 55.945391471878345 -3.1871123879807346 1082.2444946169853 840.3428211212158
55.945391471878345 -3.1871123879807346 SSE 55.94511430801859 -3.186997582951025 1082.2444946169853 839.0928211212158
55.94511430801859 -3.186997582951025 ESE 55.94499950298888 -3.1867204190912717 1082.2444946169853 837.8428211212158
55.94499950298888 -3.1867204190912717 WNW 55.94511430801859 -3.186997582951025 1082.2444946169853 836.5928211212158
55.94511430801859 -3.186997582951025 ESE 55.94499950298888 -3.1867204190912717 1082.2444946169853 835.3428211212158
55.94499950298888 -3.1867204190912717 WSW 55.94488469795917 -3.186997582951025 1082.2444946169853 834.0928211212158
55.94488469795917 -3.186997582951025 ENE 55.94499950298888 -3.1867204190912717 1082.2444946169853 832.8428211212158
