55.944425 -3.188396 SW 55.944212867965646 -3.188608132034356 0.0 248.75
55.944212867965646 -3.188608132034356 NE 55.944425 -3.188396 0.0 247.5
55.944425 -3.188396 E 55.944425 -3.188096 0.0 246.25
55.944425 -3.188096 W 55.944425 -3.188396 0.0 245.0
55.944425 -3.188396 E 55.944425 -3.188096 0.0 243.75
55.944425 -3.188096 NW 55.94463713203436 -3.1883081320343556 0.0 242.5
55.94463713203436 -3.1883081320343556 SE 55.944425 -3.188096 0.0 241.25
55.944425 -3.188096 NW 55.94463713203436 -3.1883081320343556 0.0 240.0
55.94463713203436 -3.1883081320343556 ENE 55.94475193706407 -3.188030968174602 0.0 238.75
55.94475193706407 -3.188030968174602 WSW 55.94463713203436 -3.1883081320343556 0.0 237.5
55.94463713203436 -3.1883081320343556 N 55.94493713203436 -3.1883081320343556 0.0 236.25
55.94493713203436 -3.1883081320343556 S 55.94463713203436 -3.1883081320343556 0.0 235.0
55.94463713203436 -3.1883081320343556 NNW 55.944914295894115 -3.188422937064065 0.0 233.75
55.944914295894115 -3.188422937064065 S 55.94461429589411 -3.188422937064065 0.0 232.5
55.94461429589411 -3.188422937064065 NNW 55.94489145975387 -3.1885377420937746 0.0 231.25
55.94489145975387 -3.1885377420937746 S 55.944591459753866 -3.1885377420937746 0.0 230.0
55.944591459753866 -3.1885377420937746 N 55.94489145975387 -3.1885377420937746 0.0 228.75
55.94489145975387 -3.1885377420937746 SSW 55.94461429589411 -3.188652547123484 0.0 227.5
55.94461429589411 -3.188652547123484 WSW 55.9444994908644 -3.1889297109832375 0.0 226.25
55.9444994908644 -3.1889297109832375 ENE 55.94461429589411 -3.188652547123484 0.0 225.0
55.94461429589411 -3.188652547123484 WSW 55.9444994908644 -3.1889297109832375 0.0 223.75
55.9444994908644 -3.1889297109832375 ENE 55.94461429589411 -3.188652547123484 0.0 222.5
55.94461429589411 -3.188652547123484 E 55.94461429589411 -3.188352547123484 0.0 221.25
55.94461429589411 -3.188352547123484 WSW 55.9444994908644 -3.1886297109832373 0.0 220.0
55.9444994908644 -3.1886297109832373 ENE 55.94461429589411 -3.188352547123484 0.0 218.75
55.94461429589411 -3.188352547123484 WSW 55.9444994908644 -3.1886297109832373 0.0 217.5
55.9444994908644 -3.1886297109832373 NNE 55.94477665472416 -3.188514905953528 0.0 216.25
55.94477665472416 -3.188514905953528 SSW 55.9444994908644 -3.1886297109832373 0.0 215.0
55.9444994908644 -3.1886297109832373 SSE 55.944222327004645 -3.188514905953528 0.0 213.75
55.944222327004645 -3.188514905953528 NNW 55.9444994908644 -3.1886297109832373 0.0 212.5
55.9444994908644 -3.1886297109832373 S 55.9441994908644 -3.1886297109832373 0.0 211.25
55.9441994908644 -3.1886297109832373 N 55.9444994908644 -3.1886297109832373 0.0 210.0
55.9444994908644 -3.1886297109832373 SSW 55.944222327004645 -3.188744516012947 0.0 208.75
55.944222327004645 -3.188744516012947 NNE 55.9444994908644 -3.1886297109832373 0.0 207.5
55.9444994908644 -3.1886297109832373 WSW 55.94438468583469 -3.1889068748429907 0.0 206.25
55.94438468583469 -3.1889068748429907 ENE 55.9444994908644 -3.1886297109832373 0.0 205.0
55.9444994908644 -3.1886297109832373 W 55.9444994908644 -3.1889297109832375 0.0 203.75
55.9444994908644 -3.1889297109832375 E 55.9444994908644 -3.1886297109832373 0.0 202.5
55.9444994908644 -3.1886297109832373 NNW 55.94477665472416 -3.188744516012947 0.0 201.25
55.94477665472416 -3.188744516012947 SSE 55.9444994908644 -3.1886297109832373 0.0 200.0
55.9444994908644 -3.1886297109832373 NW 55.94471162289876 -3.188841843017593 0.0 198.75
55.94471162289876 -3.188841843017593 S 55.944411622898755 -3.188841843017593 0.0 197.5
55.944411622898755 -3.188841843017593 N 55.94471162289876 -3.188841843017593 0.0 196.25
55.94471162289876 -3.188841843017593 SE 55.9444994908644 -3.1886297109832373 0.0 195.0
55.9444994908644 -3.1886297109832373 NW 55.94471162289876 -3.188841843017593 0.0 193.75
55.94471162289876 -3.188841843017593 WSW 55.94459681786905 -3.1891190068773465 0.0 192.5
55.94459681786905 -3.1891190068773465 ENE 55.94471162289876 -3.188841843017593 0.0 191.25
55.94471162289876 -3.188841843017593 WNW 55.94482642792847 -3.1891190068773465 0.0 190.0
55.94482642792847 -3.1891190068773465 ESE 55.94471162289876 -3.188841843017593 0.0 188.75
55.94471162289876 -3.188841843017593 S 55.944411622898755 -3.188841843017593 0.0 187.5
55.944411622898755 -3.188841843017593 N 55.94471162289876 -3.188841843017593 0.0 186.25
55.94471162289876 -3.188841843017593 S 55.944411622898755 -3.188841843017593 0.0 185.0
55.944411622898755 -3.188841843017593 WNW 55.944526427928466 -3.1891190068773465 0.0 183.75
55.944526427928466 -3.1891190068773465 ESE 55.944411622898755 -3.188841843017593 0.0 182.5
55.944411622898755 -3.188841843017593 SW 55.9441994908644 -3.189053975051949 0.0 181.25
55.9441994908644 -3.189053975051949 NE 55.944411622898755 -3.188841843017593 0.0 180.0
55.944411622898755 -3.188841843017593 SSE 55.944134459039 -3.1887270379878836 0.0 178.75
55.944134459039 -3.1887270379878836 NNW 55.944411622898755 -3.188841843017593 0.0 177.5
55.944411622898755 -3.188841843017593 W 55.944411622898755 -3.1891418430175933 0.0 176.25
55.944411622898755 -3.1891418430175933 SE 55.9441994908644 -3.1889297109832375 0.0 175.0
55.9441994908644 -3.1889297109832375 NW 55.944411622898755 -3.1891418430175933 0.0 173.75
55.944411622898755 -3.1891418430175933 SSE 55.944134459039 -3.189027037987884 0.0 172.5
55.944134459039 -3.189027037987884 WNW 55.94424926406871 -3.189304201847637 0.0 171.25
55.94424926406871 -3.189304201847637 SE 55.94403713203435 -3.1890920698132814 0.0 170.0
55.94403713203435 -3.1890920698132814 NW 55.94424926406871 -3.189304201847637 0.0 168.75
55.94424926406871 -3.189304201847637 SE 55.94403713203435 -3.1890920698132814 0.0 167.5
55.94403713203435 -3.1890920698132814 NW 55.94424926406871 -3.189304201847637 0.0 166.25
55.94424926406871 -3.189304201847637 WSW 55.944134459039 -3.1895813657073906 0.0 165.0
55.944134459039 -3.1895813657073906 ENE 55.94424926406871 -3.189304201847637 0.0 163.75
55.94424926406871 -3.189304201847637 SSW 55.94397210020895 -3.1894190068773467 0.0 162.5
55.94397210020895 -3.1894190068773467 NNE 55.94424926406871 -3.189304201847637 0.0 161.25
55.94424926406871 -3.189304201847637 SE 55.94403713203435 -3.1890920698132814 0.0 160.0
55.94403713203435 -3.1890920698132814 W 55.94403713203435 -3.1893920698132816 0.0 158.75
55.94403713203435 -3.1893920698132816 E 55.94403713203435 -3.1890920698132814 0.0 157.5
55.94403713203435 -3.1890920698132814 W 55.94403713203435 -3.1893920698132816 0.0 156.25
55.94403713203435 -3.1893920698132816 E 55.94403713203435 -3.1890920698132814 0.0 155.0
55.94403713203435 -3.1890920698132814 ENE 55.94415193706406 -3.188814905953528 0.0 153.75
55.94415193706406 -3.188814905953528 WSW 55.94403713203435 -3.1890920698132814 0.0 152.5
55.94403713203435 -3.1890920698132814 E 55.94403713203435 -3.1887920698132812 0.0 151.25
55.94403713203435 -3.1887920698132812 W 55.94403713203435 -3.1890920698132814 0.0 150.0
55.94403713203435 -3.1890920698132814 E 55.94403713203435 -3.1887920698132812 0.0 148.75
55.94403713203435 -3.1887920698132812 SSW 55.9437599681746 -3.1889068748429907 0.0 147.5
55.9437599681746 -3.1889068748429907 NNE 55.94403713203435 -3.1887920698132812 0.0 146.25
55.94403713203435 -3.1887920698132812 NW 55.94424926406871 -3.189004201847637 0.0 145.0
55.94424926406871 -3.189004201847637 SE 55.94403713203435 -3.1887920698132812 0.0 143.75
55.94403713203435 -3.1887920698132812 SSE 55.9437599681746 -3.1886772647835717 0.0 142.5
55.9437599681746 -3.1886772647835717 NNW 55.94403713203435 -3.1887920698132812 0.0 141.25
55.94403713203435 -3.1887920698132812 S 55.94373713203435 -3.1887920698132812 0.0 140.0
55.94373713203435 -3.1887920698132812 NNE 55.94401429589411 -3.1886772647835717 0.0 138.75
55.94401429589411 -3.1886772647835717 S 55.943714295894104 -3.1886772647835717 22.27290916442871 243.39128875732422
55.943714295894104 -3.1886772647835717 NW 55.94392642792846 -3.1888893968179275 22.27290916442871 242.14128875732422
55.94392642792846 -3.1888893968179275 SE 55.943714295894104 -3.1886772647835717 22.27290916442871 240.89128875732422
55.943714295894104 -3.1886772647835717 S 55.9434142958941 -3.1886772647835717 22.27290916442871 239.64128875732422
55.9434142958941 -3.1886772647835717 N 55.943714295894104 -3.1886772647835717 22.27290916442871 238.39128875732422
55.943714295894104 -3.1886772647835717 SW 55.94350216385975 -3.1888893968179275 116.24540519714355 356.29554748535156
55.94350216385975 -3.1888893968179275 NE 55.943714295894104 -3.1886772647835717 116.24540519714355 355.04554748535156
55.943714295894104 -3.1886772647835717 SSE 55.94343713203435 -3.188562459753862 116.24540519714355 353.79554748535156
55.94343713203435 -3.188562459753862 NNW 55.943714295894104 -3.1886772647835717 116.24540519714355 352.54554748535156
55.943714295894104 -3.1886772647835717 SE 55.94350216385975 -3.188465132749216 116.24540519714355 351.29554748535156
55.94350216385975 -3.188465132749216 N 55.94380216385975 -3.188465132749216 116.24540519714355 350.04554748535156
55.94380216385975 -3.188465132749216 S 55.94350216385975 -3.188465132749216 116.24540519714355 348.79554748535156
55.94350216385975 -3.188465132749216 WNW 55.94361696888946 -3.1887422966089694 116.24540519714355 347.54554748535156
55.94361696888946 -3.1887422966089694 ESE 55.94350216385975 -3.188465132749216 116.24540519714355 346.29554748535156
55.94350216385975 -3.188465132749216 WSW 55.94338735883004 -3.1887422966089694 116.24540519714355 345.04554748535156
55.94338735883004 -3.1887422966089694 E 55.94338735883004 -3.188442296608969 116.24540519714355 343.79554748535156
55.94338735883004 -3.188442296608969 W 55.94338735883004 -3.1887422966089694 116.24540519714355 342.54554748535156
55.94338735883004 -3.1887422966089694 E 55.94338735883004 -3.188442296608969 116.24540519714355 341.29554748535156
55.94338735883004 -3.188442296608969 W 55.94338735883004 -3.1887422966089694 116.24540519714355 340.04554748535156
55.94338735883004 -3.1887422966089694 NNE 55.943664522689794 -3.18862749157926 116.24540519714355 338.79554748535156
55.943664522689794 -3.18862749157926 SSW 55.94338735883004 -3.1887422966089694 116.24540519714355 337.54554748535156
55.94338735883004 -3.1887422966089694 WNW 55.94350216385975 -3.1890194604687228 116.24540519714355 336.29554748535156
55.94350216385975 -3.1890194604687228 E 55.94350216385975 -3.1887194604687226 116.24540519714355 335.04554748535156
55.94350216385975 -3.1887194604687226 NW 55.943714295894104 -3.1889315925030783 116.24540519714355 333.79554748535156
55.943714295894104 -3.1889315925030783 ESE 55.94359949086439 -3.188654428643325 116.24540519714355 332.54554748535156
55.94359949086439 -3.188654428643325 WNW 55.943714295894104 -3.1889315925030783 116.24540519714355 331.29554748535156
55.943714295894104 -3.1889315925030783 ESE 55.94359949086439 -3.188654428643325 116.24540519714355 330.04554748535156
55.94359949086439 -3.188654428643325 NW 55.94381162289875 -3.1888665606776807 234.57340049743652 330.6697875261307
55.94381162289875 -3.1888665606776807 WNW 55.94392642792846 -3.189143724537434 234.57340049743652 329.4197875261307
55.94392642792846 -3.189143724537434 ESE 55.94381162289875 -3.1888665606776807 234.57340049743652 328.1697875261307
55.94381162289875 -3.1888665606776807 WNW 55.94392642792846 -3.189143724537434 234.57340049743652 326.9197875261307
55.94392642792846 -3.189143724537434 ENE 55.94404123295817 -3.1888665606776807 234.57340049743652 325.6697875261307
55.94404123295817 -3.1888665606776807 SW 55.943829100923814 -3.1890786927120365 269.3835849761963 443.3657637834549
55.943829100923814 -3.1890786927120365 NE 55.94404123295817 -3.1888665606776807 269.3835849761963 442.1157637834549
55.94404123295817 -3.1888665606776807 WSW 55.94392642792846 -3.189143724537434 269.3835849761963 440.8657637834549
55.94392642792846 -3.189143724537434 WSW 55.94381162289875 -3.1894208883971875 269.3835849761963 439.6157637834549
55.94381162289875 -3.1894208883971875 ENE 55.94392642792846 -3.189143724537434 269.3835849761963 438.3657637834549
55.94392642792846 -3.189143724537434 SE 55.943714295894104 -3.1889315925030783 269.3835849761963 437.1157637834549
55.943714295894104 -3.1889315925030783 NW 55.94392642792846 -3.189143724537434 269.3835849761963 435.8657637834549
55.94392642792846 -3.189143724537434 W 55.94392642792846 -3.1894437245374343 269.3835849761963 434.6157637834549
55.94392642792846 -3.1894437245374343 ENE 55.94404123295817 -3.189166560677681 269.3835849761963 433.3657637834549
55.94404123295817 -3.189166560677681 WSW 55.94392642792846 -3.1894437245374343 269.3835849761963 432.1157637834549
55.94392642792846 -3.1894437245374343 W 55.94392642792846 -3.1897437245374345 269.3835849761963 430.8657637834549
55.94392642792846 -3.1897437245374345 E 55.94392642792846 -3.1894437245374343 269.3835849761963 429.6157637834549
55.94392642792846 -3.1894437245374343 SSE 55.9436492640687 -3.189328919507725 269.3835849761963 428.3657637834549
55.9436492640687 -3.189328919507725 NNW 55.94392642792846 -3.1894437245374343 269.3835849761963 427.1157637834549
55.94392642792846 -3.1894437245374343 SSE 55.9436492640687 -3.189328919507725 269.3835849761963 425.8657637834549
55.9436492640687 -3.189328919507725 NNW 55.94392642792846 -3.1894437245374343 269.3835849761963 424.6157637834549
55.94392642792846 -3.1894437245374343 SSE 55.9436492640687 -3.189328919507725 269.3835849761963 423.3657637834549
55.9436492640687 -3.189328919507725 NNW 55.94392642792846 -3.1894437245374343 269.3835849761963 422.1157637834549
55.94392642792846 -3.1894437245374343 SSE 55.9436492640687 -3.189328919507725 269.3835849761963 420.8657637834549
55.9436492640687 -3.189328919507725 ESE 55.94353445903899 -3.1890517556479714 269.3835849761963 419.6157637834549
55.94353445903899 -3.1890517556479714 WNW 55.9436492640687 -3.189328919507725 269.3835849761963 418.3657637834549
55.9436492640687 -3.189328919507725 SSE 55.94337210020895 -3.1892141144780153 269.3835849761963 417.1157637834549
55.94337210020895 -3.1892141144780153 N 55.94367210020895 -3.1892141144780153 269.3835849761963 415.8657637834549
55.94367210020895 -3.1892141144780153 SSE 55.94339493634919 -3.1890993094483058 269.3835849761963 414.6157637834549
55.94339493634919 -3.1890993094483058 NNW 55.94367210020895 -3.1892141144780153 269.3835849761963 413.3657637834549
55.94367210020895 -3.1892141144780153 NNE 55.943949264068706 -3.1890993094483058 269.3835849761963 412.1157637834549
55.943949264068706 -3.1890993094483058 SSW 55.94367210020895 -3.1892141144780153 269.3835849761963 410.8657637834549
55.94367210020895 -3.1892141144780153 ENE 55.94378690523866 -3.188936950618262 269.3835849761963 409.6157637834549
55.94378690523866 -3.188936950618262 SW 55.943574773204304 -3.1891490826526177 329.1521625518799 466.8519011735916
55.943574773204304 -3.1891490826526177 NW 55.94378690523866 -3.1893612146869734 408.041223526001 521.8619071245193
55.94378690523866 -3.1893612146869734 SE 55.943574773204304 -3.1891490826526177 408.041223526001 520.6119071245193
55.943574773204304 -3.1891490826526177 WSW 55.943459968174594 -3.189426246512371 408.041223526001 519.3619071245193
55.943459968174594 -3.189426246512371 ENE 55.943574773204304 -3.1891490826526177 408.041223526001 518.1119071245193
55.943574773204304 -3.1891490826526177 S 55.9432747732043 -3.1891490826526177 432.88550758361816 636.8859931230545
55.9432747732043 -3.1891490826526177 N 55.943574773204304 -3.1891490826526177 432.88550758361816 635.6359931230545
55.943574773204304 -3.1891490826526177 SSW 55.94329760934455 -3.189263887682327 541.0350360870361 704.0532981157303
55.94329760934455 -3.189263887682327 NNE 55.943574773204304 -3.1891490826526177 541.0350360870361 702.8032981157303
55.943574773204304 -3.1891490826526177 SSE 55.94329760934455 -3.189034277622908 541.0350360870361 701.5532981157303
55.94329760934455 -3.189034277622908 NNW 55.943574773204304 -3.1891490826526177 541.0350360870361 700.3032981157303
55.943574773204304 -3.1891490826526177 SSW 55.94329760934455 -3.189263887682327 541.0350360870361 699.0532981157303
55.94329760934455 -3.189263887682327 N 55.94359760934455 -3.189263887682327 541.0350360870361 697.8032981157303
55.94359760934455 -3.189263887682327 SSW 55.943320445484794 -3.1893786927120367 541.0350360870361 696.5532981157303
55.943320445484794 -3.1893786927120367 W 55.943320445484794 -3.189678692712037 541.0350360870361 695.3032981157303
55.943320445484794 -3.189678692712037 E 55.943320445484794 -3.1893786927120367 541.0350360870361 694.0532981157303
55.943320445484794 -3.1893786927120367 WNW 55.943435250514504 -3.18965585657179 626.7074146270752 697.9848376512527
55.943435250514504 -3.18965585657179 ESE 55.943320445484794 -3.1893786927120367 626.7074146270752 696.7348376512527
55.943320445484794 -3.1893786927120367 W 55.943320445484794 -3.189678692712037 626.7074146270752 695.4848376512527
55.943320445484794 -3.189678692712037 E 55.943320445484794 -3.1893786927120367 626.7074146270752 694.2348376512527
55.943320445484794 -3.1893786927120367 SW 55.94310831345044 -3.1895908247463924 626.7074146270752 692.9848376512527
55.94310831345044 -3.1895908247463924 NE 55.943320445484794 -3.1893786927120367 626.7074146270752 691.7348376512527
55.943320445484794 -3.1893786927120367 W 55.943320445484794 -3.189678692712037 626.7074146270752 690.4848376512527
55.943320445484794 -3.189678692712037 ENE 55.943435250514504 -3.1894015288522835 626.7074146270752 689.2348376512527
55.943435250514504 -3.1894015288522835 W 55.943435250514504 -3.1897015288522836 635.2558698654175 736.9673587083817
55.943435250514504 -3.1897015288522836 ESE 55.943320445484794 -3.1894243649925302 635.2558698654175 735.7173587083817
55.943320445484794 -3.1894243649925302 W 55.943320445484794 -3.1897243649925304 635.2558698654175 734.4673587083817
55.943320445484794 -3.1897243649925304 ENE 55.943435250514504 -3.189447201132777 635.2558698654175 733.2173587083817
55.943435250514504 -3.189447201132777 WSW 55.943320445484794 -3.1897243649925304 635.2558698654175 731.9673587083817
55.943320445484794 -3.1897243649925304 SE 55.94310831345044 -3.1895122329581747 635.2558698654175 730.7173587083817
55.94310831345044 -3.1895122329581747 NW 55.943320445484794 -3.1897243649925304 635.2558698654175 729.4673587083817
55.943320445484794 -3.1897243649925304 SE 55.94310831345044 -3.1895122329581747 635.2558698654175 728.2173587083817
55.94310831345044 -3.1895122329581747 NW 55.943320445484794 -3.1897243649925304 635.2558698654175 726.9673587083817
55.943320445484794 -3.1897243649925304 SSE 55.94304328162504 -3.189609559962821 635.2558698654175 725.7173587083817
55.94304328162504 -3.189609559962821 N 55.94334328162504 -3.189609559962821 635.2558698654175 724.4673587083817
55.94334328162504 -3.189609559962821 SSW 55.943066117765284 -3.1897243649925304 635.2558698654175 723.2173587083817
55.943066117765284 -3.1897243649925304 NNE 55.94334328162504 -3.189609559962821 635.2558698654175 721.9673587083817
55.94334328162504 -3.189609559962821 SSW 55.943066117765284 -3.1897243649925304 635.2558698654175 720.7173587083817
55.943066117765284 -3.1897243649925304 N 55.94336611776529 -3.1897243649925304 635.2558698654175 719.4673587083817
55.94336611776529 -3.1897243649925304 S 55.943066117765284 -3.1897243649925304 635.2558698654175 718.2173587083817
55.943066117765284 -3.1897243649925304 NW 55.94327824979964 -3.189936497026886 740.2535886764526 740.6838847398758
55.94327824979964 -3.189936497026886 ESE 55.94316344476993 -3.189659333167133 740.2535886764526 739.4338847398758
55.94316344476993 -3.189659333167133 WNW 55.94327824979964 -3.189936497026886 740.2535886764526 738.1838847398758
55.94327824979964 -3.189936497026886 ESE 55.94316344476993 -3.189659333167133 740.2535886764526 736.9338847398758
55.94316344476993 -3.189659333167133 W 55.94316344476993 -3.189959333167133 740.2535886764526 735.6838847398758
55.94316344476993 -3.189959333167133 E 55.94316344476993 -3.189659333167133 740.2535886764526 734.4338847398758
55.94316344476993 -3.189659333167133 W 55.94316344476993 -3.189959333167133 740.2535886764526 733.1838847398758
55.94316344476993 -3.189959333167133 SE 55.94295131273557 -3.189747201132777 856.2103910446167 766.8848239183426
55.94295131273557 -3.189747201132777 NW 55.94316344476993 -3.189959333167133 856.2103910446167 765.6348239183426
55.94316344476993 -3.189959333167133 SE 55.94295131273557 -3.189747201132777 856.2103910446167 764.3848239183426
55.94295131273557 -3.189747201132777 NNW 55.94322847659533 -3.1898620061624867 856.2103910446167 763.1348239183426
55.94322847659533 -3.1898620061624867 WSW 55.94311367156562 -3.19013917002224 856.2103910446167 761.8848239183426
55.94311367156562 -3.19013917002224 ENE 55.94322847659533 -3.1898620061624867 856.2103910446167 760.6348239183426
55.94322847659533 -3.1898620061624867 SW 55.943016344560974 -3.1900741381968425 856.2103910446167 759.3848239183426
55.943016344560974 -3.1900741381968425 NW 55.94322847659533 -3.1902862702311983 856.2103910446167 758.1348239183426
55.94322847659533 -3.1902862702311983 SE 55.943016344560974 -3.1900741381968425 856.2103910446167 756.8848239183426
55.943016344560974 -3.1900741381968425 W 55.943016344560974 -3.1903741381968427 856.2103910446167 755.6348239183426
55.943016344560974 -3.1903741381968427 E 55.943016344560974 -3.1900741381968425 856.2103910446167 754.3848239183426
55.943016344560974 -3.1900741381968425 WNW 55.943131149590684 -3.190351302056596 932.0315198898315 835.8051577806473
55.943131149590684 -3.190351302056596 ESE 55.943016344560974 -3.1900741381968425 932.0315198898315 834.5551577806473
55.943016344560974 -3.1900741381968425 NW 55.94322847659533 -3.1902862702311983 932.0315198898315 833.3051577806473
55.94322847659533 -3.1902862702311983 SSE 55.94295131273557 -3.1901714652014888 1036.3791303634644 914.2701617479324
55.94295131273557 -3.1901714652014888 NNW 55.94322847659533 -3.1902862702311983 1036.3791303634644 913.0201617479324
55.94322847659533 -3.1902862702311983 SSE 55.94295131273557 -3.1901714652014888 1036.3791303634644 911.7701617479324
55.94295131273557 -3.1901714652014888 NNW 55.94322847659533 -3.1902862702311983 1036.3791303634644 910.5201617479324
55.94322847659533 -3.1902862702311983 ESE 55.94311367156562 -3.190009106371445 1081.0971403121948 944.4049121141434
55.94311367156562 -3.190009106371445 WNW 55.94322847659533 -3.1902862702311983 1081.0971403121948 943.1549121141434
55.94322847659533 -3.1902862702311983 NW 55.943440608629686 -3.190498402265554 1122.5119581222534 1022.7197161912918
55.943440608629686 -3.190498402265554 SE 55.94322847659533 -3.1902862702311983 1122.5119581222534 1021.4697161912918
55.94322847659533 -3.1902862702311983 NE 55.943440608629686 -3.1900741381968425 1122.5119581222534 1020.2197161912918
55.943440608629686 -3.1900741381968425 SSW 55.94316344476993 -3.190188943226552 1122.5119581222534 1018.9697161912918
55.94316344476993 -3.190188943226552 NNE 55.943440608629686 -3.1900741381968425 1122.5119581222534 1017.7197161912918
55.943440608629686 -3.1900741381968425 SSW 55.94316344476993 -3.190188943226552 1122.5119581222534 1016.4697161912918
55.94316344476993 -3.190188943226552 NNE 55.943440608629686 -3.1900741381968425 1122.5119581222534 1015.2197161912918
55.943440608629686 -3.1900741381968425 NE 55.94365274066404 -3.1898620061624867 1122.5119581222534 1013.9697161912918
55.94365274066404 -3.1898620061624867 SSW 55.943375576804286 -3.1899768111921962 1122.5119581222534 1012.7197161912918
55.943375576804286 -3.1899768111921962 N 55.94367557680429 -3.1899768111921962 1122.5119581222534 1011.4697161912918
55.94367557680429 -3.1899768111921962 SSE 55.94339841294453 -3.1898620061624867 1182.140986442566 1124.089390873909
55.94339841294453 -3.1898620061624867 NNW 55.94367557680429 -3.1899768111921962 1182.140986442566 1122.839390873909
55.94367557680429 -3.1899768111921962 ESE 55.94356077177458 -3.189699647332443 1296.2404890060425 1151.6263266801834
55.94356077177458 -3.189699647332443 WNW 55.94367557680429 -3.1899768111921962 1296.2404890060425 1150.3763266801834
55.94367557680429 -3.1899768111921962 SSW 55.94339841294453 -3.1900916162219057 1296.2404890060425 1149.1263266801834
55.94339841294453 -3.1900916162219057 NNE 55.94367557680429 -3.1899768111921962 1296.2404890060425 1147.8763266801834
55.94367557680429 -3.1899768111921962 E 55.94367557680429 -3.189676811192196 1296.2404890060425 1146.6263266801834
55.94367557680429 -3.189676811192196 WNW 55.943790381834 -3.1899539750519494 1296.2404890060425 1145.3763266801834
55.943790381834 -3.1899539750519494 ESE 55.94367557680429 -3.189676811192196 1296.2404890060425 1144.1263266801834
55.94367557680429 -3.189676811192196 NW 55.943887708838645 -3.189888943226552 1296.2404890060425 1142.8763266801834
55.943887708838645 -3.189888943226552 ESE 55.943772903808934 -3.1896117793667984 1296.2404890060425 1141.6263266801834
55.943772903808934 -3.1896117793667984 WNW 55.943887708838645 -3.189888943226552 1296.2404890060425 1140.3763266801834
55.943887708838645 -3.189888943226552 ESE 55.943772903808934 -3.1896117793667984 1296.2404890060425 1139.1263266801834
55.943772903808934 -3.1896117793667984 WNW 55.943887708838645 -3.189888943226552 1296.2404890060425 1137.8763266801834
55.943887708838645 -3.189888943226552 NNW 55.9441648726984 -3.1900037482562613 1296.2404890060425 1136.6263266801834
55.9441648726984 -3.1900037482562613 SSE 55.943887708838645 -3.189888943226552 1296.2404890060425 1135.3763266801834
55.943887708838645 -3.189888943226552 ENE 55.944002513868355 -3.1896117793667984 1296.2404890060425 1134.1263266801834
55.944002513868355 -3.1896117793667984 W 55.944002513868355 -3.1899117793667986 1296.2404890060425 1132.8763266801834
55.944002513868355 -3.1899117793667986 E 55.944002513868355 -3.1896117793667984 1296.2404890060425 1131.6263266801834
55.944002513868355 -3.1896117793667984 W 55.944002513868355 -3.1899117793667986 1296.2404890060425 1130.3763266801834
55.944002513868355 -3.1899117793667986 E 55.944002513868355 -3.1896117793667984 1296.2404890060425 1129.1263266801834
55.944002513868355 -3.1896117793667984 W 55.944002513868355 -3.1899117793667986 1296.2404890060425 1127.8763266801834
55.944002513868355 -3.1899117793667986 SSE 55.9437253500086 -3.189796974337089 1296.2404890060425 1126.6263266801834
55.9437253500086 -3.189796974337089 NNW 55.944002513868355 -3.1899117793667986 1296.2404890060425 1125.3763266801834
