55.944425 -3.188396 NNE 55.94470216385976 -3.1882811949702905 0.0 248.75
55.94470216385976 -3.1882811949702905 S 55.944402163859756 -3.1882811949702905 0.0 247.5
55.944402163859756 -3.1882811949702905 WSW 55.944287358830046 -3.188558358830044 0.0 246.25
55.944287358830046 -3.188558358830044 ENE 55.944402163859756 -3.1882811949702905 0.0 245.0
55.944402163859756 -3.1882811949702905 SW 55.9441900318254 -3.1884933270046463 0.0 243.75
55.9441900318254 -3.1884933270046463 ENE 55.94430483685511 -3.188216163144893 0.0 242.5
55.94430483685511 -3.188216163144893 WSW 55.9441900318254 -3.1884933270046463 0.0 241.25
55.9441900318254 -3.1884933270046463 NE 55.944402163859756 -3.1882811949702905 0.0 240.0
55.944402163859756 -3.1882811949702905 SW 55.9441900318254 -3.1884933270046463 0.0 238.75
55.9441900318254 -3.1884933270046463 S 55.9438900318254 -3.1884933270046463 0.0 237.5
55.9438900318254 -3.1884933270046463 N 55.9441900318254 -3.1884933270046463 0.0 236.25
55.9441900318254 -3.1884933270046463 SE 55.943977899791044 -3.1882811949702905 0.0 235.0
55.943977899791044 -3.1882811949702905 NW 55.9441900318254 -3.1884933270046463 0.0 233.75
55.9441900318254 -3.1884933270046463 SSE 55.94391286796564 -3.1883785219749368 0.0 232.5
55.94391286796564 -3.1883785219749368 NNW 55.9441900318254 -3.1884933270046463 0.0 231.25
55.9441900318254 -3.1884933270046463 SSE 55.94391286796564 -3.1883785219749368 0.0 230.0
55.94391286796564 -3.1883785219749368 NNW 55.9441900318254 -3.1884933270046463 0.0 228.75
55.9441900318254 -3.1884933270046463 S 55.9438900318254 -3.1884933270046463 0.0 227.5
55.9438900318254 -3.1884933270046463 N 55.9441900318254 -3.1884933270046463 0.0 226.25
55.9441900318254 -3.1884933270046463 S 55.9438900318254 -3.1884933270046463 0.0 225.0
55.9438900318254 -3.1884933270046463 NNW 55.944167195685154 -3.188608132034356 0.0 223.75
55.944167195685154 -3.188608132034356 SSE 55.9438900318254 -3.1884933270046463 0.0 222.5
55.9438900318254 -3.1884933270046463 NE 55.94410216385975 -3.1882811949702905 0.0 221.25
55.94410216385975 -3.1882811949702905 SW 55.9438900318254 -3.1884933270046463 0.0 220.0
55.9438900318254 -3.1884933270046463 WNW 55.94400483685511 -3.1887704908643997 0.0 218.75
55.94400483685511 -3.1887704908643997 ESE 55.9438900318254 -3.1884933270046463 0.0 217.5
55.9438900318254 -3.1884933270046463 WNW 55.94400483685511 -3.1887704908643997 0.0 216.25
55.94400483685511 -3.1887704908643997 SSE 55.94372767299535 -3.18865568583469 0.0 215.0
55.94372767299535 -3.18865568583469 NNW 55.94400483685511 -3.1887704908643997 0.0 213.75
55.94400483685511 -3.1887704908643997 SSE 55.94372767299535 -3.18865568583469 0.0 212.5
55.94372767299535 -3.18865568583469 WNW 55.94384247802506 -3.1889328496944436 0.0 211.25
55.94384247802506 -3.1889328496944436 ESE 55.94372767299535 -3.18865568583469 0.0 210.0
55.94372767299535 -3.18865568583469 WNW 55.94384247802506 -3.1889328496944436 0.0 208.75
55.94384247802506 -3.1889328496944436 ESE 55.94372767299535 -3.18865568583469 0.0 207.5
55.94372767299535 -3.18865568583469 SSW 55.943450509135594 -3.1887704908643997 0.0 206.25
55.943450509135594 -3.1887704908643997 NNE 55.94372767299535 -3.18865568583469 0.0 205.0
55.94372767299535 -3.18865568583469 S 55.94342767299535 -3.18865568583469 0.0 203.75
55.94342767299535 -3.18865568583469 N 55.94372767299535 -3.18865568583469 0.0 202.5
55.94372767299535 -3.18865568583469 SSE 55.943450509135594 -3.1885408808049807 0.0 201.25
55.943450509135594 -3.1885408808049807 NNW 55.94372767299535 -3.18865568583469 0.0 200.0
55.94372767299535 -3.18865568583469 ESE 55.94361286796564 -3.1883785219749368 0.0 198.75
55.94361286796564 -3.1883785219749368 WNW 55.94372767299535 -3.18865568583469 0.0 197.5
55.94372767299535 -3.18865568583469 ESE 55.94361286796564 -3.1883785219749368 0.0 196.25
55.94361286796564 -3.1883785219749368 S 55.94331286796564 -3.1883785219749368 0.0 195.0
55.94331286796564 -3.1883785219749368 N 55.94361286796564 -3.1883785219749368 0.0 193.75
55.94361286796564 -3.1883785219749368 NW 55.943825 -3.1885906540092925 0.0 192.5
55.943825 -3.1885906540092925 SE 55.94361286796564 -3.1883785219749368 0.0 191.25
55.94361286796564 -3.1883785219749368 SW 55.943400735931284 -3.1885906540092925 0.0 190.0
55.943400735931284 -3.1885906540092925 NE 55.94361286796564 -3.1883785219749368 0.0 188.75
55.94361286796564 -3.1883785219749368 WSW 55.94349806293593 -3.18865568583469 0.0 187.5
55.94349806293593 -3.18865568583469 ESE 55.94338325790622 -3.1883785219749368 0.0 186.25
55.94338325790622 -3.1883785219749368 WNW 55.94349806293593 -3.18865568583469 0.0 185.0
55.94349806293593 -3.18865568583469 SE 55.943285930901574 -3.1884435538003344 0.0 183.75
55.943285930901574 -3.1884435538003344 NW 55.94349806293593 -3.18865568583469 0.0 182.5
55.94349806293593 -3.18865568583469 ESE 55.94338325790622 -3.1883785219749368 0.0 181.25
55.94338325790622 -3.1883785219749368 WNW 55.94349806293593 -3.18865568583469 0.0 180.0
55.94349806293593 -3.18865568583469 ESE 55.94338325790622 -3.1883785219749368 0.0 178.75
55.94338325790622 -3.1883785219749368 N 55.94368325790622 -3.1883785219749368 0.0 177.5
55.94368325790622 -3.1883785219749368 S 55.94338325790622 -3.1883785219749368 0.0 176.25
55.94338325790622 -3.1883785219749368 NNW 55.943660421765976 -3.1884933270046463 0.0 175.0
55.943660421765976 -3.1884933270046463 SSE 55.94338325790622 -3.1883785219749368 0.0 173.75
55.94338325790622 -3.1883785219749368 N 55.94368325790622 -3.1883785219749368 0.0 172.5
55.94368325790622 -3.1883785219749368 S 55.94338325790622 -3.1883785219749368 0.0 171.25
55.94338325790622 -3.1883785219749368 ENE 55.94349806293593 -3.1881013581151834 0.0 170.0
55.94349806293593 -3.1881013581151834 WSW 55.94338325790622 -3.1883785219749368 0.0 168.75
55.94338325790622 -3.1883785219749368 ENE 55.94349806293593 -3.1881013581151834 0.0 167.5
55.94349806293593 -3.1881013581151834 WSW 55.94338325790622 -3.1883785219749368 0.0 166.25
55.94338325790622 -3.1883785219749368 NE 55.943595389940576 -3.188166389940581 0.0 165.0
55.943595389940576 -3.188166389940581 SW 55.94338325790622 -3.1883785219749368 0.0 163.75
55.94338325790622 -3.1883785219749368 ENE 55.94349806293593 -3.1881013581151834 0.0 162.5
55.94349806293593 -3.1881013581151834 WSW 55.94338325790622 -3.1883785219749368 0.0 161.25
55.94338325790622 -3.1883785219749368 ENE 55.94349806293593 -3.1881013581151834 0.0 160.0
55.94349806293593 -3.1881013581151834 WSW 55.94338325790622 -3.1883785219749368 0.0 158.75
55.94338325790622 -3.1883785219749368 ENE 55.94349806293593 -3.1881013581151834 0.0 157.5
55.94349806293593 -3.1881013581151834 NE 55.943710194970286 -3.1878892260808276 16.337589263916016 277.6933364868164
55.943710194970286 -3.1878892260808276 SW 55.94349806293593 -3.1881013581151834 16.337589263916016 276.4433364868164
55.94349806293593 -3.1881013581151834 ESE 55.94338325790622 -3.18782419425543 16.337589263916016 275.1933364868164
55.94338325790622 -3.18782419425543 WNW 55.94349806293593 -3.1881013581151834 16.337589263916016 273.9433364868164
55.94349806293593 -3.1881013581151834 ESE 55.94338325790622 -3.18782419425543 16.337589263916016 272.6933364868164
55.94338325790622 -3.18782419425543 W 55.94338325790622 -3.18812419425543 46.39704513549805 355.71189880371094
55.94338325790622 -3.18812419425543 E 55.94338325790622 -3.18782419425543 46.39704513549805 354.46189880371094
55.94338325790622 -3.18782419425543 WSW 55.94326845287651 -3.1881013581151834 143.27093124389648 361.5396203994751
55.94326845287651 -3.1881013581151834 ENE 55.94338325790622 -3.18782419425543 143.27093124389648 360.2896203994751
55.94338325790622 -3.18782419425543 WSW 55.94326845287651 -3.1881013581151834 143.27093124389648 359.0396203994751
55.94326845287651 -3.1881013581151834 ESE 55.9431536478468 -3.18782419425543 143.27093124389648 357.7896203994751
55.9431536478468 -3.18782419425543 WNW 55.94326845287651 -3.1881013581151834 143.27093124389648 356.5396203994751
55.94326845287651 -3.1881013581151834 ESE 55.9431536478468 -3.18782419425543 143.27093124389648 355.2896203994751
55.9431536478468 -3.18782419425543 WNW 55.94326845287651 -3.1881013581151834 143.27093124389648 354.0396203994751
55.94326845287651 -3.1881013581151834 ESE 55.9431536478468 -3.18782419425543 143.27093124389648 352.7896203994751
55.9431536478468 -3.18782419425543 WSW 55.94303884281709 -3.1881013581151834 182.99530410766602 376.85980892181396
55.94303884281709 -3.1881013581151834 ENE 55.9431536478468 -3.18782419425543 182.99530410766602 375.60980892181396
55.9431536478468 -3.18782419425543 SSE 55.94287648398704 -3.1877093892257204 182.99530410766602 374.35980892181396
55.94287648398704 -3.1877093892257204 NNW 55.9431536478468 -3.18782419425543 182.99530410766602 373.10980892181396
55.9431536478468 -3.18782419425543 SSE 55.94287648398704 -3.1877093892257204 182.99530410766602 371.85980892181396
55.94287648398704 -3.1877093892257204 NNW 55.9431536478468 -3.18782419425543 182.99530410766602 370.60980892181396
55.9431536478468 -3.18782419425543 SSW 55.94287648398704 -3.1879389992851395 182.99530410766602 369.35980892181396
55.94287648398704 -3.1879389992851395 N 55.943176483987045 -3.1879389992851395 182.99530410766602 368.10980892181396
55.943176483987045 -3.1879389992851395 S 55.94287648398704 -3.1879389992851395 182.99530410766602 366.85980892181396
55.94287648398704 -3.1879389992851395 N 55.943176483987045 -3.1879389992851395 182.99530410766602 365.60980892181396
55.943176483987045 -3.1879389992851395 SW 55.94296435195269 -3.1881511313194952 182.99530410766602 364.35980892181396
55.94296435195269 -3.1881511313194952 NE 55.943176483987045 -3.1879389992851395 182.99530410766602 363.10980892181396
55.943176483987045 -3.1879389992851395 SW 55.94296435195269 -3.1881511313194952 182.99530410766602 361.85980892181396
55.94296435195269 -3.1881511313194952 NE 55.943176483987045 -3.1879389992851395 182.99530410766602 360.60980892181396
55.943176483987045 -3.1879389992851395 SW 55.94296435195269 -3.1881511313194952 182.99530410766602 359.35980892181396
55.94296435195269 -3.1881511313194952 ENE 55.9430791569824 -3.187873967459742 242.9406852722168 412.5741262435913
55.9430791569824 -3.187873967459742 WSW 55.94296435195269 -3.1881511313194952 242.9406852722168 411.3241262435913
55.94296435195269 -3.1881511313194952 ESE 55.94284954692298 -3.187873967459742 242.9406852722168 410.0741262435913
55.94284954692298 -3.187873967459742 W 55.94284954692298 -3.188173967459742 365.5883369445801 496.9655981063843
55.94284954692298 -3.188173967459742 E 55.94284954692298 -3.187873967459742 365.5883369445801 495.7155981063843
55.94284954692298 -3.187873967459742 W 55.94284954692298 -3.188173967459742 365.5883369445801 494.4655981063843
55.94284954692298 -3.188173967459742 NE 55.943061678957335 -3.1879618354253862 443.62585830688477 556.4392805099487
55.943061678957335 -3.1879618354253862 W 55.943061678957335 -3.1882618354253864 484.190975189209 572.5009679794312
55.943061678957335 -3.1882618354253864 SE 55.94284954692298 -3.1880497033910307 558.9757423400879 693.2378149032593
55.94284954692298 -3.1880497033910307 NW 55.943061678957335 -3.1882618354253864 558.9757423400879 691.9878149032593
55.943061678957335 -3.1882618354253864 NNW 55.94333884281709 -3.188376640455096 558.9757423400879 690.7378149032593
55.94333884281709 -3.188376640455096 SSE 55.943061678957335 -3.1882618354253864 558.9757423400879 689.4878149032593
55.943061678957335 -3.1882618354253864 WNW 55.943176483987045 -3.18853899928514 558.9757423400879 688.2378149032593
55.943176483987045 -3.18853899928514 ESE 55.943061678957335 -3.1882618354253864 558.9757423400879 686.9878149032593
55.943061678957335 -3.1882618354253864 W 55.943061678957335 -3.1885618354253866 558.9757423400879 685.7378149032593
55.943061678957335 -3.1885618354253866 E 55.943061678957335 -3.1882618354253864 558.9757423400879 684.4878149032593
55.943061678957335 -3.1882618354253864 W 55.943061678957335 -3.1885618354253866 558.9757423400879 683.2378149032593
55.943061678957335 -3.1885618354253866 E 55.943061678957335 -3.1882618354253864 558.9757423400879 681.9878149032593
55.943061678957335 -3.1882618354253864 W 55.943061678957335 -3.1885618354253866 558.9757423400879 680.7378149032593
55.943061678957335 -3.1885618354253866 SSE 55.94278451509758 -3.188447030395677 558.9757423400879 679.4878149032593
55.94278451509758 -3.188447030395677 N 55.94308451509758 -3.188447030395677 558.9757423400879 678.2378149032593
55.94308451509758 -3.188447030395677 S 55.94278451509758 -3.188447030395677 558.9757423400879 676.9878149032593
55.94278451509758 -3.188447030395677 NE 55.942996647131935 -3.1882348983613213 558.9757423400879 675.7378149032593
55.942996647131935 -3.1882348983613213 SSW 55.94271948327218 -3.188349703391031 662.162784576416 785.6307363510132
55.94271948327218 -3.188349703391031 NNE 55.942996647131935 -3.1882348983613213 662.162784576416 784.3807363510132
55.942996647131935 -3.1882348983613213 SSW 55.94271948327218 -3.188349703391031 662.162784576416 783.1307363510132
55.94271948327218 -3.188349703391031 E 55.94271948327218 -3.1880497033910307 757.6446495056152 884.8927297592163
55.94271948327218 -3.1880497033910307 W 55.94271948327218 -3.188349703391031 757.6446495056152 883.6427297592163
55.94271948327218 -3.188349703391031 ENE 55.94283428830189 -3.1880725395312774 854.6386756896973 961.9484548568726
55.94283428830189 -3.1880725395312774 SW 55.94262215626753 -3.188284671565633 854.6386756896973 960.6984548568726
55.94262215626753 -3.188284671565633 W 55.94262215626753 -3.1885846715656334 956.8123359680176 1016.9804983139038
55.94262215626753 -3.1885846715656334 ENE 55.94273696129724 -3.18830750770588 956.8123359680176 1015.7304983139038
55.94273696129724 -3.18830750770588 W 55.94273696129724 -3.18860750770588 1031.990436553955 1023.5652484893799
55.94273696129724 -3.18860750770588 E 55.94273696129724 -3.18830750770588 1031.990436553955 1022.3152484893799
55.94273696129724 -3.18830750770588 W 55.94273696129724 -3.18860750770588 1031.990436553955 1021.0652484893799
55.94273696129724 -3.18860750770588 ENE 55.94285176632695 -3.188330343846127 1042.6505613327026 1134.6065998077393
55.94285176632695 -3.188330343846127 W 55.94285176632695 -3.188630343846127 1091.003005027771 1180.0593166351318
55.94285176632695 -3.188630343846127 SE 55.9426396342926 -3.188418211811771 1115.8003492355347 1188.1125946044922
55.9426396342926 -3.188418211811771 NW 55.94285176632695 -3.188630343846127 1115.8003492355347 1186.8625946044922
55.94285176632695 -3.188630343846127 WSW 55.94273696129724 -3.1889075077058804 1201.7251691818237 1225.9352111816406
55.94273696129724 -3.1889075077058804 E 55.94273696129724 -3.18860750770588 1201.7251691818237 1224.6852111816406
55.94273696129724 -3.18860750770588 NNW 55.943014125157 -3.1887223127355897 1201.7251691818237 1223.4352111816406
55.943014125157 -3.1887223127355897 S 55.942714125156996 -3.1887223127355897 1201.7251691818237 1222.1852111816406
55.942714125156996 -3.1887223127355897 N 55.943014125157 -3.1887223127355897 1201.7251691818237 1220.9352111816406
55.943014125157 -3.1887223127355897 SSE 55.94273696129724 -3.18860750770588 1201.7251691818237 1219.6852111816406
55.94273696129724 -3.18860750770588 NNW 55.943014125157 -3.1887223127355897 1201.7251691818237 1218.4352111816406
55.943014125157 -3.1887223127355897 SE 55.94280199312264 -3.188510180701234 1205.6256229877472 1263.786937713623
55.94280199312264 -3.188510180701234 NW 55.943014125157 -3.1887223127355897 1205.6256229877472 1262.536937713623
55.943014125157 -3.1887223127355897 ESE 55.94289932012729 -3.1884451488758363 1205.6256229877472 1261.286937713623
55.94289932012729 -3.1884451488758363 WNW 55.943014125157 -3.1887223127355897 1205.6256229877472 1260.036937713623
55.943014125157 -3.1887223127355897 ESE 55.94289932012729 -3.1884451488758363 1205.6256229877472 1258.786937713623
55.94289932012729 -3.1884451488758363 WNW 55.943014125157 -3.1887223127355897 1205.6256229877472 1257.536937713623
55.943014125157 -3.1887223127355897 ESE 55.94289932012729 -3.1884451488758363 1205.6256229877472 1256.286937713623
55.94289932012729 -3.1884451488758363 WNW 55.943014125157 -3.1887223127355897 1205.6256229877472 1255.036937713623
55.943014125157 -3.1887223127355897 ESE 55.94289932012729 -3.1884451488758363 1205.6256229877472 1253.786937713623
55.94289932012729 -3.1884451488758363 W 55.94289932012729 -3.1887451488758365 1223.26553273201 1371.6267433166504
55.94289932012729 -3.1887451488758365 E 55.94289932012729 -3.1884451488758363 1223.26553273201 1370.3767433166504
55.94289932012729 -3.1884451488758363 NW 55.943111452161645 -3.188657280910192 1223.26553273201 1369.1267433166504
55.943111452161645 -3.188657280910192 ESE 55.942996647131935 -3.1883801170504387 1281.045691728592 1391.990623474121
55.942996647131935 -3.1883801170504387 NW 55.94320877916629 -3.1885922490847944 1281.045691728592 1390.740623474121
55.94320877916629 -3.1885922490847944 SE 55.942996647131935 -3.1883801170504387 1281.045691728592 1389.490623474121
55.942996647131935 -3.1883801170504387 NW 55.94320877916629 -3.1885922490847944 1281.045691728592 1388.240623474121
55.94320877916629 -3.1885922490847944 SE 55.942996647131935 -3.1883801170504387 1281.045691728592 1386.990623474121
55.942996647131935 -3.1883801170504387 N 55.94329664713194 -3.1883801170504387 1349.563185930252 1444.0593452453613
55.94329664713194 -3.1883801170504387 SSE 55.94301948327218 -3.188265312020729 1393.122611284256 1452.0030918121338
55.94301948327218 -3.188265312020729 NNW 55.94329664713194 -3.1883801170504387 1393.122611284256 1450.7530918121338
55.94329664713194 -3.1883801170504387 SSE 55.94301948327218 -3.188265312020729 1393.122611284256 1449.5030918121338
55.94301948327218 -3.188265312020729 N 55.943319483272184 -3.188265312020729 1498.1557381153107 1493.288408279419
55.943319483272184 -3.188265312020729 SW 55.94310735123783 -3.188477444055085 1498.1557381153107 1492.038408279419
55.94310735123783 -3.188477444055085 NE 55.943319483272184 -3.188265312020729 1498.1557381153107 1490.788408279419
55.943319483272184 -3.188265312020729 WSW 55.94320467824247 -3.1885424758804826 1498.1557381153107 1489.538408279419
55.94320467824247 -3.1885424758804826 ENE 55.943319483272184 -3.188265312020729 1498.1557381153107 1488.288408279419
55.943319483272184 -3.188265312020729 E 55.943319483272184 -3.187965312020729 1498.1557381153107 1487.038408279419
55.943319483272184 -3.187965312020729 W 55.943319483272184 -3.188265312020729 1498.1557381153107 1485.788408279419
55.943319483272184 -3.188265312020729 ENE 55.943434288301894 -3.1879881481609758 1498.1557381153107 1484.538408279419
55.943434288301894 -3.1879881481609758 WSW 55.943319483272184 -3.188265312020729 1498.1557381153107 1483.288408279419
55.943319483272184 -3.188265312020729 E 55.943319483272184 -3.187965312020729 1498.1557381153107 1482.038408279419
55.943319483272184 -3.187965312020729 W 55.943319483272184 -3.188265312020729 1498.1557381153107 1480.788408279419
55.943319483272184 -3.188265312020729 SSE 55.94304231941243 -3.1881505069910197 1498.1557381153107 1479.538408279419
55.94304231941243 -3.1881505069910197 NNW 55.943319483272184 -3.188265312020729 1498.1557381153107 1478.288408279419
55.943319483272184 -3.188265312020729 SSE 55.94304231941243 -3.1881505069910197 1498.1557381153107 1477.038408279419
55.94304231941243 -3.1881505069910197 N 55.94334231941243 -3.1881505069910197 1498.1557381153107 1475.788408279419
55.94334231941243 -3.1881505069910197 S 55.94304231941243 -3.1881505069910197 1498.1557381153107 1474.538408279419
55.94304231941243 -3.1881505069910197 N 55.94334231941243 -3.1881505069910197 1498.1557381153107 1473.288408279419
55.94334231941243 -3.1881505069910197 SSE 55.943065155552674 -3.18803570196131 1498.1557381153107 1472.038408279419
55.943065155552674 -3.18803570196131 NNW 55.94334231941243 -3.1881505069910197 1498.1557381153107 1470.788408279419
55.94334231941243 -3.1881505069910197 SSE 55.943065155552674 -3.18803570196131 1498.1557381153107 1469.538408279419
55.943065155552674 -3.18803570196131 NNW 55.94334231941243 -3.1881505069910197 1498.1557381153107 1468.288408279419
55.94334231941243 -3.1881505069910197 E 55.94334231941243 -3.1878505069910195 1498.1557381153107 1467.038408279419
55.94334231941243 -3.1878505069910195 W 55.94334231941243 -3.1881505069910197 1498.1557381153107 1465.788408279419
55.94334231941243 -3.1881505069910197 E 55.94334231941243 -3.1878505069910195 1498.1557381153107 1464.538408279419
55.94334231941243 -3.1878505069910195 WSW 55.94322751438272 -3.188127670850773 1541.0867187976837 1555.189447402954
55.94322751438272 -3.188127670850773 ENE 55.94334231941243 -3.1878505069910195 1541.0867187976837 1553.939447402954
55.94334231941243 -3.1878505069910195 SW 55.943130187378074 -3.1880626390253752 1541.0867187976837 1552.689447402954
55.943130187378074 -3.1880626390253752 NE 55.94334231941243 -3.1878505069910195 1541.0867187976837 1551.439447402954
55.94334231941243 -3.1878505069910195 NE 55.943554451446786 -3.1876383749566637 1657.4603531360626 1658.107759475708
55.943554451446786 -3.1876383749566637 SW 55.94334231941243 -3.1878505069910195 1657.4603531360626 1656.857759475708
55.94334231941243 -3.1878505069910195 E 55.94334231941243 -3.1875505069910193 1657.4603531360626 1655.607759475708
55.94334231941243 -3.1875505069910193 W 55.94334231941243 -3.1878505069910195 1657.4603531360626 1654.357759475708
55.94334231941243 -3.1878505069910195 WSW 55.94322751438272 -3.188127670850773 1657.4603531360626 1653.107759475708
55.94322751438272 -3.188127670850773 ENE 55.94334231941243 -3.1878505069910195 1657.4603531360626 1651.857759475708
55.94334231941243 -3.1878505069910195 NW 55.943554451446786 -3.1880626390253752 1657.4603531360626 1650.607759475708
55.943554451446786 -3.1880626390253752 SE 55.94334231941243 -3.1878505069910195 1657.4603531360626 1649.357759475708
55.94334231941243 -3.1878505069910195 NNW 55.94361948327219 -3.187965312020729 1657.4603531360626 1648.107759475708
55.94361948327219 -3.187965312020729 SSE 55.94334231941243 -3.1878505069910195 1657.4603531360626 1646.857759475708
55.94334231941243 -3.1878505069910195 NNW 55.94361948327219 -3.187965312020729 1657.4603531360626 1645.607759475708
55.94361948327219 -3.187965312020729 SSE 55.94334231941243 -3.1878505069910195 1657.4603531360626 1644.357759475708
55.94334231941243 -3.1878505069910195 N 55.94364231941243 -3.1878505069910195 1657.4603531360626 1643.107759475708
55.94364231941243 -3.1878505069910195 SSE 55.94336515555268 -3.18773570196131 1663.6034424304962 1742.7059116363525
55.94336515555268 -3.18773570196131 NNW 55.94364231941243 -3.1878505069910195 1663.6034424304962 1741.4559116363525
55.94364231941243 -3.1878505069910195 SSE 55.94336515555268 -3.18773570196131 1663.6034424304962 1740.2059116363525
55.94336515555268 -3.18773570196131 NNW 55.94364231941243 -3.1878505069910195 1663.6034424304962 1738.9559116363525
55.94364231941243 -3.1878505069910195 ESE 55.94352751438272 -3.187573343131266 1663.6034424304962 1737.7059116363525
55.94352751438272 -3.187573343131266 WNW 55.94364231941243 -3.1878505069910195 1663.6034424304962 1736.4559116363525
55.94364231941243 -3.1878505069910195 NNE 55.94391948327219 -3.18773570196131 1663.6034424304962 1735.2059116363525
55.94391948327219 -3.18773570196131 SSW 55.94364231941243 -3.1878505069910195 1663.6034424304962 1733.9559116363525
55.94364231941243 -3.1878505069910195 N 55.943942319412436 -3.1878505069910195 1675.183378458023 1798.2955951690674
55.943942319412436 -3.1878505069910195 S 55.94364231941243 -3.1878505069910195 1675.183378458023 1797.0455951690674
55.94364231941243 -3.1878505069910195 N 55.943942319412436 -3.1878505069910195 1675.183378458023 1795.7955951690674
55.943942319412436 -3.1878505069910195 S 55.94364231941243 -3.1878505069910195 1675.183378458023 1794.5455951690674
55.94364231941243 -3.1878505069910195 N 55.943942319412436 -3.1878505069910195 1675.183378458023 1793.2955951690674
55.943942319412436 -3.1878505069910195 SE 55.94373018737808 -3.1876383749566637 1675.183378458023 1792.0455951690674
55.94373018737808 -3.1876383749566637 NW 55.943942319412436 -3.1878505069910195 1675.183378458023 1790.7955951690674
55.943942319412436 -3.1878505069910195 ENE 55.944057124442146 -3.187573343131266 1775.641386270523 1900.9220371246338
55.944057124442146 -3.187573343131266 WSW 55.943942319412436 -3.1878505069910195 1775.641386270523 1899.6720371246338
55.943942319412436 -3.1878505069910195 SSE 55.94366515555268 -3.18773570196131 1786.9548361301422 2014.823823928833
55.94366515555268 -3.18773570196131 NNW 55.943942319412436 -3.1878505069910195 1786.9548361301422 2013.573823928833
55.943942319412436 -3.1878505069910195 NW 55.94415445144679 -3.1880626390253752 1786.9548361301422 2012.323823928833
55.94415445144679 -3.1880626390253752 SE 55.943942319412436 -3.1878505069910195 1786.9548361301422 2011.073823928833
55.943942319412436 -3.1878505069910195 N 55.94424231941244 -3.1878505069910195 1786.9548361301422 2009.823823928833
55.94424231941244 -3.1878505069910195 S 55.943942319412436 -3.1878505069910195 1786.9548361301422 2008.573823928833
55.943942319412436 -3.1878505069910195 N 55.94424231941244 -3.1878505069910195 1786.9548361301422 2007.323823928833
55.94424231941244 -3.1878505069910195 S 55.943942319412436 -3.1878505069910195 1786.9548361301422 2006.073823928833
55.943942319412436 -3.1878505069910195 W 55.943942319412436 -3.1881505069910197 1786.9548361301422 2004.823823928833
55.943942319412436 -3.1881505069910197 ESE 55.943827514382725 -3.1878733431312662 1786.9548361301422 2003.573823928833
55.943827514382725 -3.1878733431312662 NW 55.94403964641708 -3.188085475165622 1786.9548361301422 2002.323823928833
55.94403964641708 -3.188085475165622 SE 55.943827514382725 -3.1878733431312662 1786.9548361301422 2001.073823928833
55.943827514382725 -3.1878733431312662 WNW 55.943942319412436 -3.1881505069910197 1786.9548361301422 1999.823823928833
55.943942319412436 -3.1881505069910197 SE 55.94373018737808 -3.187938374956664 1786.9548361301422 1998.573823928833
55.94373018737808 -3.187938374956664 NW 55.943942319412436 -3.1881505069910197 1786.9548361301422 1997.323823928833
55.943942319412436 -3.1881505069910197 SSE 55.94366515555268 -3.18803570196131 1813.940401315689 2067.3579654693604
55.94366515555268 -3.18803570196131 NNW 55.943942319412436 -3.1881505069910197 1813.940401315689 2066.1079654693604
55.943942319412436 -3.1881505069910197 W 55.943942319412436 -3.18845050699102 1813.940401315689 2064.8579654693604
55.943942319412436 -3.18845050699102 E 55.943942319412436 -3.1881505069910197 1813.940401315689 2063.6079654693604
55.943942319412436 -3.1881505069910197 N 55.94424231941244 -3.1881505069910197 1813.940401315689 2062.3579654693604
55.94424231941244 -3.1881505069910197 S 55.943942319412436 -3.1881505069910197 1813.940401315689 2061.1079654693604
