55.944425 -3.188396 WNW 55.94453980502971 -3.1886731638597534 0.0 248.75
55.94453980502971 -3.1886731638597534 E 55.94453980502971 -3.1883731638597532 0.0 247.5
55.94453980502971 -3.1883731638597532 SE 55.94432767299536 -3.1881610318253975 0.0 246.25
55.94432767299536 -3.1881610318253975 NW 55.94453980502971 -3.1883731638597532 0.0 245.0
55.94453980502971 -3.1883731638597532 SSE 55.944262641169956 -3.1882583588300437 0.0 243.75
55.944262641169956 -3.1882583588300437 NNW 55.94453980502971 -3.1883731638597532 0.0 242.5
55.94453980502971 -3.1883731638597532 SSE 55.944262641169956 -3.1882583588300437 0.0 241.25
55.944262641169956 -3.1882583588300437 NNW 55.94453980502971 -3.1883731638597532 0.0 240.0
55.94453980502971 -3.1883731638597532 ESE 55.944425 -3.188096 0.0 238.75
55.944425 -3.188096 WNW 55.94453980502971 -3.1883731638597532 0.0 237.5
55.94453980502971 -3.1883731638597532 ESE 55.944425 -3.188096 0.0 236.25
55.944425 -3.188096 NW 55.94463713203436 -3.1883081320343556 0.0 235.0
55.94463713203436 -3.1883081320343556 E 55.94463713203436 -3.1880081320343554 0.0 233.75
55.94463713203436 -3.1880081320343554 W 55.94463713203436 -3.1883081320343556 0.0 232.5
55.94463713203436 -3.1883081320343556 W 55.94463713203436 -3.188608132034356 0.0 231.25
55.94463713203436 -3.188608132034356 E 55.94463713203436 -3.1883081320343556 0.0 230.0
55.94463713203436 -3.1883081320343556 NNW 55.944914295894115 -3.188422937064065 0.0 228.75
55.944914295894115 -3.188422937064065 SSE 55.94463713203436 -3.1883081320343556 0.0 227.5
55.94463713203436 -3.1883081320343556 NNW 55.944914295894115 -3.188422937064065 0.0 226.25
55.944914295894115 -3.188422937064065 S 55.94461429589411 -3.188422937064065 0.0 225.0
55.94461429589411 -3.188422937064065 N 55.944914295894115 -3.188422937064065 0.0 223.75
55.944914295894115 -3.188422937064065 S 55.94461429589411 -3.188422937064065 0.0 222.5
55.94461429589411 -3.188422937064065 N 55.944914295894115 -3.188422937064065 0.0 221.25
55.944914295894115 -3.188422937064065 SSE 55.94463713203436 -3.1883081320343556 0.0 220.0
55.94463713203436 -3.1883081320343556 N 55.94493713203436 -3.1883081320343556 0.0 218.75
55.94493713203436 -3.1883081320343556 ESE 55.94482232700465 -3.188030968174602 0.0 217.5
55.94482232700465 -3.188030968174602 WNW 55.94493713203436 -3.1883081320343556 0.0 216.25
55.94493713203436 -3.1883081320343556 SE 55.944725000000005 -3.188096 0.0 215.0
55.944725000000005 -3.188096 WNW 55.944839805029716 -3.1883731638597532 0.0 213.75
55.944839805029716 -3.1883731638597532 E 55.944839805029716 -3.188073163859753 0.0 212.5
55.944839805029716 -3.188073163859753 W 55.944839805029716 -3.1883731638597532 0.0 211.25
55.944839805029716 -3.1883731638597532 E 55.944839805029716 -3.188073163859753 0.0 210.0
55.944839805029716 -3.188073163859753 N 55.94513980502972 -3.188073163859753 0.0 208.75
55.94513980502972 -3.188073163859753 SSE 55.94486264116996 -3.1879583588300435 0.0 207.5
55.94486264116996 -3.1879583588300435 NW 55.94507477320432 -3.1881704908643993 0.0 206.25
55.94507477320432 -3.1881704908643993 SE 55.94486264116996 -3.1879583588300435 0.0 205.0
55.94486264116996 -3.1879583588300435 SSE 55.944585477310206 -3.187843553800334 0.0 203.75
55.944585477310206 -3.187843553800334 NNW 55.94486264116996 -3.1879583588300435 0.0 202.5
55.94486264116996 -3.1879583588300435 SSW 55.944585477310206 -3.188073163859753 0.0 201.25
55.944585477310206 -3.188073163859753 NNE 55.94486264116996 -3.1879583588300435 0.0 200.0
55.94486264116996 -3.1879583588300435 SSW 55.944585477310206 -3.188073163859753 0.0 198.75
55.944585477310206 -3.188073163859753 N 55.94488547731021 -3.188073163859753 0.0 197.5
55.94488547731021 -3.188073163859753 S 55.944585477310206 -3.188073163859753 0.0 196.25
55.944585477310206 -3.188073163859753 NNE 55.94486264116996 -3.1879583588300435 0.0 195.0
55.94486264116996 -3.1879583588300435 S 55.94456264116996 -3.1879583588300435 0.0 193.75
55.94456264116996 -3.1879583588300435 N 55.94486264116996 -3.1879583588300435 0.0 192.5
55.94486264116996 -3.1879583588300435 S 55.94456264116996 -3.1879583588300435 0.0 191.25
55.94456264116996 -3.1879583588300435 NNW 55.944839805029716 -3.188073163859753 0.0 190.0
55.944839805029716 -3.188073163859753 SSE 55.94456264116996 -3.1879583588300435 0.0 188.75
55.94456264116996 -3.1879583588300435 SE 55.9443505091356 -3.1877462267956878 0.0 187.5
55.9443505091356 -3.1877462267956878 NW 55.94456264116996 -3.1879583588300435 0.0 186.25
55.94456264116996 -3.1879583588300435 ENE 55.94467744619967 -3.18768119497029 0.0 185.0
55.94467744619967 -3.18768119497029 WSW 55.94456264116996 -3.1879583588300435 0.0 183.75
55.94456264116996 -3.1879583588300435 ESE 55.94444783614025 -3.18768119497029 0.0 182.5
55.94444783614025 -3.18768119497029 NW 55.944659968174605 -3.187893327004646 0.0 181.25
55.944659968174605 -3.187893327004646 SSE 55.94438280431485 -3.1877785219749364 0.0 180.0
55.94438280431485 -3.1877785219749364 N 55.94468280431485 -3.1877785219749364 0.0 178.75
55.94468280431485 -3.1877785219749364 S 55.94438280431485 -3.1877785219749364 0.0 177.5
55.94438280431485 -3.1877785219749364 N 55.94468280431485 -3.1877785219749364 0.0 176.25
55.94468280431485 -3.1877785219749364 SSE 55.944405640455095 -3.187663716945227 0.0 175.0
55.944405640455095 -3.187663716945227 N 55.9447056404551 -3.187663716945227 0.0 173.75
55.9447056404551 -3.187663716945227 S 55.944405640455095 -3.187663716945227 0.0 172.5
55.944405640455095 -3.187663716945227 SW 55.94419350842074 -3.1878758489795826 0.0 171.25
55.94419350842074 -3.1878758489795826 NE 55.944405640455095 -3.187663716945227 0.0 170.0
55.944405640455095 -3.187663716945227 S 55.94410564045509 -3.187663716945227 0.0 168.75
55.94410564045509 -3.187663716945227 N 55.944405640455095 -3.187663716945227 0.0 167.5
55.944405640455095 -3.187663716945227 SSE 55.94412847659534 -3.1875489119155174 0.0 166.25
55.94412847659534 -3.1875489119155174 E 55.94412847659534 -3.187248911915517 0.0 165.0
55.94412847659534 -3.187248911915517 W 55.94412847659534 -3.1875489119155174 0.0 163.75
55.94412847659534 -3.1875489119155174 E 55.94412847659534 -3.187248911915517 0.0 162.5
55.94412847659534 -3.187248911915517 WNW 55.94424328162505 -3.1875260757752706 0.0 161.25
55.94424328162505 -3.1875260757752706 ESE 55.94412847659534 -3.187248911915517 0.0 160.0
55.94412847659534 -3.187248911915517 WNW 55.94424328162505 -3.1875260757752706 0.0 158.75
55.94424328162505 -3.1875260757752706 NE 55.944455413659405 -3.187313943740915 0.0 157.5
55.944455413659405 -3.187313943740915 S 55.9441554136594 -3.187313943740915 0.0 156.25
55.9441554136594 -3.187313943740915 NNW 55.94443257751916 -3.1874287487706243 0.0 155.0
55.94443257751916 -3.1874287487706243 SSE 55.9441554136594 -3.187313943740915 0.0 153.75
55.9441554136594 -3.187313943740915 W 55.9441554136594 -3.187613943740915 0.0 152.5
55.9441554136594 -3.187613943740915 ESE 55.94404060862969 -3.1873367798811616 0.0 151.25
55.94404060862969 -3.1873367798811616 NW 55.94425274066405 -3.1875489119155174 0.0 150.0
55.94425274066405 -3.1875489119155174 SE 55.94404060862969 -3.1873367798811616 0.0 148.75
55.94404060862969 -3.1873367798811616 NNE 55.94431777248945 -3.187221974851452 0.0 147.5
55.94431777248945 -3.187221974851452 S 55.944017772489445 -3.187221974851452 0.0 146.25
55.944017772489445 -3.187221974851452 ENE 55.944132577519156 -3.1869448109916987 0.0 145.0
55.944132577519156 -3.1869448109916987 WSW 55.944017772489445 -3.187221974851452 0.0 143.75
55.944017772489445 -3.187221974851452 E 55.944017772489445 -3.186921974851452 0.0 142.5
55.944017772489445 -3.186921974851452 W 55.944017772489445 -3.187221974851452 0.0 141.25
55.944017772489445 -3.187221974851452 ENE 55.944132577519156 -3.1869448109916987 0.0 140.0
55.944132577519156 -3.1869448109916987 WSW 55.944017772489445 -3.187221974851452 0.0 138.75
55.944017772489445 -3.187221974851452 NNE 55.9442949363492 -3.1871071698217426 0.0 137.5
55.9442949363492 -3.1871071698217426 SSW 55.944017772489445 -3.187221974851452 0.0 136.25
55.944017772489445 -3.187221974851452 ESE 55.943902967459735 -3.1869448109916987 0.0 135.0
55.943902967459735 -3.1869448109916987 WNW 55.944017772489445 -3.187221974851452 0.0 133.75
55.944017772489445 -3.187221974851452 SE 55.94380564045509 -3.1870098428170963 0.0 132.5
55.94380564045509 -3.1870098428170963 NW 55.944017772489445 -3.187221974851452 0.0 131.25
55.944017772489445 -3.187221974851452 S 55.94371777248944 -3.187221974851452 0.0 130.0
55.94371777248944 -3.187221974851452 N 55.944017772489445 -3.187221974851452 0.0 128.75
55.944017772489445 -3.187221974851452 S 55.94371777248944 -3.187221974851452 0.0 127.5
55.94371777248944 -3.187221974851452 NNE 55.9439949363492 -3.1871071698217426 0.0 126.25
55.9439949363492 -3.1871071698217426 S 55.943694936349196 -3.1871071698217426 0.0 125.0
55.943694936349196 -3.1871071698217426 N 55.9439949363492 -3.1871071698217426 0.0 123.75
55.9439949363492 -3.1871071698217426 S 55.943694936349196 -3.1871071698217426 0.0 122.5
55.943694936349196 -3.1871071698217426 E 55.943694936349196 -3.1868071698217424 53.32801818847656 210.1085205078125
55.943694936349196 -3.1868071698217424 W 55.943694936349196 -3.1871071698217426 53.32801818847656 208.8585205078125
55.943694936349196 -3.1871071698217426 SW 55.94348280431484 -3.1873193018560984 53.32801818847656 207.6085205078125
55.94348280431484 -3.1873193018560984 NE 55.943694936349196 -3.1871071698217426 53.32801818847656 206.3585205078125
55.943694936349196 -3.1871071698217426 SW 55.94348280431484 -3.1873193018560984 53.32801818847656 205.1085205078125
55.94348280431484 -3.1873193018560984 NE 55.943694936349196 -3.1871071698217426 53.32801818847656 203.8585205078125
55.943694936349196 -3.1871071698217426 SW 55.94348280431484 -3.1873193018560984 53.32801818847656 202.6085205078125
55.94348280431484 -3.1873193018560984 N 55.94378280431484 -3.1873193018560984 53.32801818847656 201.3585205078125
55.94378280431484 -3.1873193018560984 S 55.94348280431484 -3.1873193018560984 53.32801818847656 200.1085205078125
55.94348280431484 -3.1873193018560984 NNW 55.9437599681746 -3.187434106885808 53.32801818847656 198.8585205078125
55.9437599681746 -3.187434106885808 S 55.943459968174594 -3.187434106885808 53.32801818847656 197.6085205078125
55.943459968174594 -3.187434106885808 N 55.9437599681746 -3.187434106885808 53.32801818847656 196.3585205078125
55.9437599681746 -3.187434106885808 S 55.943459968174594 -3.187434106885808 53.32801818847656 195.1085205078125
55.943459968174594 -3.187434106885808 N 55.9437599681746 -3.187434106885808 53.32801818847656 193.8585205078125
55.9437599681746 -3.187434106885808 S 55.943459968174594 -3.187434106885808 53.32801818847656 192.6085205078125
55.943459968174594 -3.187434106885808 NW 55.94367210020895 -3.1876462389201636 53.32801818847656 191.3585205078125
55.94367210020895 -3.1876462389201636 SE 55.943459968174594 -3.187434106885808 53.32801818847656 190.1085205078125
55.943459968174594 -3.187434106885808 NE 55.94367210020895 -3.187221974851452 168.05357360839844 240.14237594604492
55.94367210020895 -3.187221974851452 SW 55.943459968174594 -3.187434106885808 168.05357360839844 238.89237594604492
55.943459968174594 -3.187434106885808 SSW 55.94318280431484 -3.1875489119155174 168.05357360839844 237.64237594604492
55.94318280431484 -3.1875489119155174 NNE 55.943459968174594 -3.187434106885808 168.05357360839844 236.39237594604492
55.943459968174594 -3.187434106885808 SSW 55.94318280431484 -3.1875489119155174 168.05357360839844 235.14237594604492
55.94318280431484 -3.1875489119155174 N 55.94348280431484 -3.1875489119155174 168.05357360839844 233.89237594604492
55.94348280431484 -3.1875489119155174 SSW 55.94320564045508 -3.187663716945227 168.05357360839844 232.64237594604492
55.94320564045508 -3.187663716945227 NNE 55.94348280431484 -3.1875489119155174 168.05357360839844 231.39237594604492
55.94348280431484 -3.1875489119155174 S 55.94318280431484 -3.1875489119155174 168.05357360839844 230.14237594604492
55.94318280431484 -3.1875489119155174 NE 55.94339493634919 -3.1873367798811616 168.05357360839844 228.89237594604492
55.94339493634919 -3.1873367798811616 SW 55.94318280431484 -3.1875489119155174 168.05357360839844 227.64237594604492
55.94318280431484 -3.1875489119155174 S 55.942882804314834 -3.1875489119155174 168.05357360839844 226.39237594604492
55.942882804314834 -3.1875489119155174 N 55.94318280431484 -3.1875489119155174 168.05357360839844 225.14237594604492
55.94318280431484 -3.1875489119155174 NE 55.94339493634919 -3.1873367798811616 168.05357360839844 223.89237594604492
55.94339493634919 -3.1873367798811616 SW 55.94318280431484 -3.1875489119155174 168.05357360839844 222.64237594604492
55.94318280431484 -3.1875489119155174 S 55.942882804314834 -3.1875489119155174 168.05357360839844 221.39237594604492
55.942882804314834 -3.1875489119155174 N 55.94318280431484 -3.1875489119155174 168.05357360839844 220.14237594604492
55.94318280431484 -3.1875489119155174 S 55.942882804314834 -3.1875489119155174 168.05357360839844 218.89237594604492
55.942882804314834 -3.1875489119155174 NNE 55.94315996817459 -3.187434106885808 168.05357360839844 217.64237594604492
55.94315996817459 -3.187434106885808 SSW 55.942882804314834 -3.1875489119155174 168.05357360839844 216.39237594604492
55.942882804314834 -3.1875489119155174 NNE 55.94315996817459 -3.187434106885808 168.05357360839844 215.14237594604492
55.94315996817459 -3.187434106885808 SSW 55.942882804314834 -3.1875489119155174 168.05357360839844 213.89237594604492
55.942882804314834 -3.1875489119155174 NE 55.94309493634919 -3.1873367798811616 168.05357360839844 212.64237594604492
55.94309493634919 -3.1873367798811616 SSW 55.942817772489434 -3.187451584910871 168.05357360839844 211.39237594604492
55.942817772489434 -3.187451584910871 NNE 55.94309493634919 -3.1873367798811616 168.05357360839844 210.14237594604492
55.94309493634919 -3.1873367798811616 SSW 55.942817772489434 -3.187451584910871 168.05357360839844 208.89237594604492
55.942817772489434 -3.187451584910871 NNE 55.94309493634919 -3.1873367798811616 168.05357360839844 207.64237594604492
55.94309493634919 -3.1873367798811616 ESE 55.94298013131948 -3.187059616021408 168.05357360839844 206.39237594604492
55.94298013131948 -3.187059616021408 WNW 55.94309493634919 -3.1873367798811616 168.05357360839844 205.14237594604492
55.94309493634919 -3.1873367798811616 NE 55.94330706838355 -3.187124647846806 168.05357360839844 203.89237594604492
55.94330706838355 -3.187124647846806 SW 55.94309493634919 -3.1873367798811616 168.05357360839844 202.64237594604492
55.94309493634919 -3.1873367798811616 N 55.94339493634919 -3.1873367798811616 168.05357360839844 201.39237594604492
55.94339493634919 -3.1873367798811616 S 55.94309493634919 -3.1873367798811616 168.05357360839844 200.14237594604492
55.94309493634919 -3.1873367798811616 NNW 55.94337210020895 -3.187451584910871 168.05357360839844 198.89237594604492
55.94337210020895 -3.187451584910871 SSE 55.94309493634919 -3.1873367798811616 168.05357360839844 197.64237594604492
55.94309493634919 -3.1873367798811616 NNW 55.94337210020895 -3.187451584910871 168.05357360839844 196.39237594604492
55.94337210020895 -3.187451584910871 ESE 55.94325729517924 -3.1871744210511177 168.05357360839844 195.14237594604492
55.94325729517924 -3.1871744210511177 WNW 55.94337210020895 -3.187451584910871 168.05357360839844 193.89237594604492
55.94337210020895 -3.187451584910871 E 55.94337210020895 -3.187151584910871 168.05357360839844 192.64237594604492
55.94337210020895 -3.187151584910871 W 55.94337210020895 -3.187451584910871 168.05357360839844 191.39237594604492
55.94337210020895 -3.187451584910871 ESE 55.94325729517924 -3.1871744210511177 168.05357360839844 190.14237594604492
55.94325729517924 -3.1871744210511177 SSE 55.94298013131948 -3.187059616021408 168.05357360839844 188.89237594604492
55.94298013131948 -3.187059616021408 NNW 55.94325729517924 -3.1871744210511177 168.05357360839844 187.64237594604492
55.94325729517924 -3.1871744210511177 WNW 55.94337210020895 -3.187451584910871 168.05357360839844 186.39237594604492
55.94337210020895 -3.187451584910871 ESE 55.94325729517924 -3.1871744210511177 168.05357360839844 185.14237594604492
55.94325729517924 -3.1871744210511177 SE 55.94304516314488 -3.186962289016762 168.05357360839844 183.89237594604492
55.94304516314488 -3.186962289016762 NW 55.94325729517924 -3.1871744210511177 168.05357360839844 182.64237594604492
55.94325729517924 -3.1871744210511177 NNE 55.94353445903899 -3.187059616021408 168.05357360839844 181.39237594604492
55.94353445903899 -3.187059616021408 SSW 55.94325729517924 -3.1871744210511177 168.05357360839844 180.14237594604492
55.94325729517924 -3.1871744210511177 NNE 55.94353445903899 -3.187059616021408 168.05357360839844 178.89237594604492
55.94353445903899 -3.187059616021408 SSW 55.94325729517924 -3.1871744210511177 168.05357360839844 177.64237594604492
55.94325729517924 -3.1871744210511177 NNE 55.94353445903899 -3.187059616021408 168.05357360839844 176.39237594604492
55.94353445903899 -3.187059616021408 SW 55.94332232700464 -3.187271748055764 168.05357360839844 175.14237594604492
55.94332232700464 -3.187271748055764 NE 55.94353445903899 -3.187059616021408 168.05357360839844 173.89237594604492
55.94353445903899 -3.187059616021408 E 55.94353445903899 -3.186759616021408 168.05357360839844 172.64237594604492
55.94353445903899 -3.186759616021408 WSW 55.94341965400928 -3.1870367798811614 168.05357360839844 171.39237594604492
55.94341965400928 -3.1870367798811614 ENE 55.94353445903899 -3.186759616021408 168.05357360839844 170.14237594604492
55.94353445903899 -3.186759616021408 SW 55.94332232700464 -3.1869717480557638 168.05357360839844 168.89237594604492
55.94332232700464 -3.1869717480557638 ENE 55.94343713203435 -3.1866945841960104 168.05357360839844 167.64237594604492
55.94343713203435 -3.1866945841960104 WSW 55.94332232700464 -3.1869717480557638 168.05357360839844 166.39237594604492
55.94332232700464 -3.1869717480557638 ENE 55.94343713203435 -3.1866945841960104 168.05357360839844 165.14237594604492
55.94343713203435 -3.1866945841960104 WSW 55.94332232700464 -3.1869717480557638 168.05357360839844 163.89237594604492
55.94332232700464 -3.1869717480557638 ESE 55.94320752197493 -3.1866945841960104 168.05357360839844 162.64237594604492
55.94320752197493 -3.1866945841960104 W 55.94320752197493 -3.1869945841960106 168.05357360839844 161.39237594604492
55.94320752197493 -3.1869945841960106 ESE 55.943092716945216 -3.186717420336257 168.05357360839844 160.14237594604492
55.943092716945216 -3.186717420336257 WNW 55.94320752197493 -3.1869945841960106 168.05357360839844 158.89237594604492
55.94320752197493 -3.1869945841960106 NNE 55.94348468583468 -3.186879779166301 168.05357360839844 157.64237594604492
55.94348468583468 -3.186879779166301 SSW 55.94320752197493 -3.1869945841960106 168.05357360839844 156.39237594604492
55.94320752197493 -3.1869945841960106 NNW 55.94348468583468 -3.18710938922572 168.05357360839844 155.14237594604492
55.94348468583468 -3.18710938922572 SE 55.94327255380033 -3.1868972571913643 168.05357360839844 153.89237594604492
55.94327255380033 -3.1868972571913643 NW 55.94348468583468 -3.18710938922572 168.05357360839844 152.64237594604492
55.94348468583468 -3.18710938922572 E 55.94348468583468 -3.18680938922572 168.05357360839844 151.39237594604492
55.94348468583468 -3.18680938922572 SSE 55.94320752197493 -3.1866945841960104 168.05357360839844 150.14237594604492
55.94320752197493 -3.1866945841960104 NNW 55.94348468583468 -3.18680938922572 168.05357360839844 148.89237594604492
55.94348468583468 -3.18680938922572 SSE 55.94320752197493 -3.1866945841960104 168.05357360839844 147.64237594604492
55.94320752197493 -3.1866945841960104 WNW 55.94332232700464 -3.1869717480557638 168.05357360839844 146.39237594604492
55.94332232700464 -3.1869717480557638 SE 55.94311019497028 -3.186759616021408 168.05357360839844 145.14237594604492
55.94311019497028 -3.186759616021408 W 55.94311019497028 -3.187059616021408 168.05357360839844 143.89237594604492
55.94311019497028 -3.187059616021408 E 55.94311019497028 -3.186759616021408 168.05357360839844 142.64237594604492
55.94311019497028 -3.186759616021408 S 55.94281019497028 -3.186759616021408 168.05357360839844 141.39237594604492
55.94281019497028 -3.186759616021408 N 55.94311019497028 -3.186759616021408 168.05357360839844 140.14237594604492
55.94311019497028 -3.186759616021408 SSE 55.942833031110524 -3.1866448109916985 168.05357360839844 138.89237594604492
55.942833031110524 -3.1866448109916985 NNW 55.94311019497028 -3.186759616021408 168.05357360839844 137.64237594604492
55.94311019497028 -3.186759616021408 SSE 55.942833031110524 -3.1866448109916985 168.05357360839844 136.39237594604492
55.942833031110524 -3.1866448109916985 NNW 55.94311019497028 -3.186759616021408 168.05357360839844 135.14237594604492
55.94311019497028 -3.186759616021408 S 55.94281019497028 -3.186759616021408 168.05357360839844 133.89237594604492
55.94281019497028 -3.186759616021408 N 55.94311019497028 -3.186759616021408 168.05357360839844 132.64237594604492
55.94311019497028 -3.186759616021408 S 55.94281019497028 -3.186759616021408 168.05357360839844 131.39237594604492
55.94281019497028 -3.186759616021408 NW 55.943022327004634 -3.1869717480557638 168.05357360839844 130.14237594604492
55.943022327004634 -3.1869717480557638 SE 55.94281019497028 -3.186759616021408 168.05357360839844 128.89237594604492
55.94281019497028 -3.186759616021408 NW 55.943022327004634 -3.1869717480557638 168.05357360839844 127.64237594604492
55.943022327004634 -3.1869717480557638 SSE 55.94274516314488 -3.1868569430260543 168.05357360839844 126.39237594604492
55.94274516314488 -3.1868569430260543 NW 55.942957295179234 -3.18706907506041 168.05357360839844 125.14237594604492
55.942957295179234 -3.18706907506041 NNW 55.94323445903899 -3.1871838800901195 168.05357360839844 123.89237594604492
55.94323445903899 -3.1871838800901195 SSE 55.942957295179234 -3.18706907506041 168.05357360839844 122.64237594604492
55.942957295179234 -3.18706907506041 SSW 55.94268013131948 -3.1871838800901195 168.05357360839844 121.39237594604492
55.94268013131948 -3.1871838800901195 NNE 55.942957295179234 -3.18706907506041 168.05357360839844 120.14237594604492
55.942957295179234 -3.18706907506041 WNW 55.943072100208944 -3.1873462389201634 168.05357360839844 118.89237594604492
55.943072100208944 -3.1873462389201634 SE 55.94285996817459 -3.1871341068858077 168.05357360839844 117.64237594604492
55.94285996817459 -3.1871341068858077 WNW 55.9429747732043 -3.187411270745561 168.05357360839844 116.39237594604492
55.9429747732043 -3.187411270745561 SE 55.94276264116994 -3.1871991387112053 168.05357360839844 115.14237594604492
55.94276264116994 -3.1871991387112053 NW 55.9429747732043 -3.187411270745561 168.05357360839844 113.89237594604492
55.9429747732043 -3.187411270745561 SE 55.94276264116994 -3.1871991387112053 168.05357360839844 112.64237594604492
55.94276264116994 -3.1871991387112053 WSW 55.94264783614023 -3.1874763025709587 168.05357360839844 111.39237594604492
55.94264783614023 -3.1874763025709587 ENE 55.94276264116994 -3.1871991387112053 168.05357360839844 110.14237594604492
55.94276264116994 -3.1871991387112053 WSW 55.94264783614023 -3.1874763025709587 168.05357360839844 108.89237594604492
55.94264783614023 -3.1874763025709587 ENE 55.94276264116994 -3.1871991387112053 168.05357360839844 107.64237594604492
55.94276264116994 -3.1871991387112053 WSW 55.94264783614023 -3.1874763025709587 168.05357360839844 106.39237594604492
55.94264783614023 -3.1874763025709587 E 55.94264783614023 -3.1871763025709585 168.05357360839844 105.14237594604492
55.94264783614023 -3.1871763025709585 W 55.94264783614023 -3.1874763025709587 168.05357360839844 103.89237594604492
55.94264783614023 -3.1874763025709587 E 55.94264783614023 -3.1871763025709585 168.05357360839844 102.64237594604492
55.94264783614023 -3.1871763025709585 W 55.94264783614023 -3.1874763025709587 168.05357360839844 101.39237594604492
55.94264783614023 -3.1874763025709587 WNW 55.94276264116994 -3.187753466430712 177.54796504974365 174.28558731079102
55.94276264116994 -3.187753466430712 ESE 55.94264783614023 -3.1874763025709587 177.54796504974365 173.03558731079102
55.94264783614023 -3.1874763025709587 N 55.942947836140235 -3.1874763025709587 177.54796504974365 171.78558731079102
55.942947836140235 -3.1874763025709587 SSW 55.94267067228048 -3.187591107600668 177.54796504974365 170.53558731079102
55.94267067228048 -3.187591107600668 NNE 55.942947836140235 -3.1874763025709587 177.54796504974365 169.28558731079102
55.942947836140235 -3.1874763025709587 SSW 55.94267067228048 -3.187591107600668 177.54796504974365 168.03558731079102
55.94267067228048 -3.187591107600668 NNE 55.942947836140235 -3.1874763025709587 177.54796504974365 166.78558731079102
55.942947836140235 -3.1874763025709587 SSW 55.94267067228048 -3.187591107600668 177.54796504974365 165.53558731079102
55.94267067228048 -3.187591107600668 E 55.94267067228048 -3.187291107600668 177.54796504974365 164.28558731079102
55.94267067228048 -3.187291107600668 W 55.94267067228048 -3.187591107600668 177.54796504974365 163.03558731079102
55.94267067228048 -3.187591107600668 W 55.94267067228048 -3.1878911076006684 188.0375623703003 181.66963958740234
55.94267067228048 -3.1878911076006684 E 55.94267067228048 -3.187591107600668 188.0375623703003 180.41963958740234
55.94267067228048 -3.187591107600668 WNW 55.94278547731019 -3.1878682714604216 188.0375623703003 179.16963958740234
55.94278547731019 -3.1878682714604216 ESE 55.94267067228048 -3.187591107600668 188.0375623703003 177.91963958740234
55.94267067228048 -3.187591107600668 WNW 55.94278547731019 -3.1878682714604216 188.0375623703003 176.66963958740234
55.94278547731019 -3.1878682714604216 ESE 55.94267067228048 -3.187591107600668 188.0375623703003 175.41963958740234
55.94267067228048 -3.187591107600668 NNW 55.942947836140235 -3.1877059126303777 188.0375623703003 174.16963958740234
55.942947836140235 -3.1877059126303777 S 55.94264783614023 -3.1877059126303777 188.0375623703003 172.91963958740234
55.94264783614023 -3.1877059126303777 N 55.942947836140235 -3.1877059126303777 188.0375623703003 171.66963958740234
