55.944425 -3.188396 SSE 55.944147836140246 -3.1882811949702905 0.0 248.75
55.944147836140246 -3.1882811949702905 NNW 55.944425 -3.188396 0.0 247.5
55.944425 -3.188396 ESE 55.94431019497029 -3.1881188361402466 0.0 246.25
55.94431019497029 -3.1881188361402466 WNW 55.944425 -3.188396 0.0 245.0
55.944425 -3.188396 SE 55.944212867965646 -3.1881838679656442 0.0 243.75
55.944212867965646 -3.1881838679656442 NW 55.944425 -3.188396 0.0 242.5
55.944425 -3.188396 ESE 55.94431019497029 -3.1881188361402466 0.0 241.25
55.94431019497029 -3.1881188361402466 SSE 55.944033031110536 -3.188004031110537 0.0 240.0
55.944033031110536 -3.188004031110537 NNW 55.94431019497029 -3.1881188361402466 0.0 238.75
55.94431019497029 -3.1881188361402466 S 55.94401019497029 -3.1881188361402466 0.0 237.5
55.94401019497029 -3.1881188361402466 NNW 55.944287358830046 -3.188233641169956 0.0 236.25
55.944287358830046 -3.188233641169956 SSE 55.94401019497029 -3.1881188361402466 0.0 235.0
55.94401019497029 -3.1881188361402466 WNW 55.944125 -3.188396 0.0 233.75
55.944125 -3.188396 ESE 55.94401019497029 -3.1881188361402466 0.0 232.5
55.94401019497029 -3.1881188361402466 NNW 55.944287358830046 -3.188233641169956 0.0 231.25
55.944287358830046 -3.188233641169956 SW 55.94407522679569 -3.188445773204312 0.0 230.0
55.94407522679569 -3.188445773204312 ENE 55.9441900318254 -3.1881686093445585 0.0 228.75
55.9441900318254 -3.1881686093445585 WSW 55.94407522679569 -3.188445773204312 0.0 227.5
55.94407522679569 -3.188445773204312 WNW 55.9441900318254 -3.1887229370640653 0.0 226.25
55.9441900318254 -3.1887229370640653 E 55.9441900318254 -3.188422937064065 0.0 225.0
55.9441900318254 -3.188422937064065 W 55.9441900318254 -3.1887229370640653 0.0 223.75
55.9441900318254 -3.1887229370640653 E 55.9441900318254 -3.188422937064065 0.0 222.5
55.9441900318254 -3.188422937064065 NNW 55.94446719568516 -3.1885377420937746 0.0 221.25
55.94446719568516 -3.1885377420937746 S 55.944167195685154 -3.1885377420937746 0.0 220.0
55.944167195685154 -3.1885377420937746 S 55.94386719568515 -3.1885377420937746 0.0 218.75
55.94386719568515 -3.1885377420937746 SSW 55.943590031825394 -3.188652547123484 0.0 217.5
55.943590031825394 -3.188652547123484 NNE 55.94386719568515 -3.1885377420937746 0.0 216.25
55.94386719568515 -3.1885377420937746 WSW 55.94375239065544 -3.188814905953528 0.0 215.0
55.94375239065544 -3.188814905953528 ENE 55.94386719568515 -3.1885377420937746 0.0 213.75
55.94386719568515 -3.1885377420937746 WSW 55.94375239065544 -3.188814905953528 0.0 212.5
55.94375239065544 -3.188814905953528 ESE 55.94363758562573 -3.1885377420937746 0.0 211.25
55.94363758562573 -3.1885377420937746 WNW 55.94375239065544 -3.188814905953528 0.0 210.0
55.94375239065544 -3.188814905953528 SE 55.943540258621084 -3.1886027739191722 0.0 208.75
55.943540258621084 -3.1886027739191722 NE 55.94375239065544 -3.1883906418848165 0.0 207.5
55.94375239065544 -3.1883906418848165 SSW 55.943475226795684 -3.188505446914526 0.0 206.25
55.943475226795684 -3.188505446914526 NNE 55.94375239065544 -3.1883906418848165 0.0 205.0
55.94375239065544 -3.1883906418848165 SSW 55.943475226795684 -3.188505446914526 0.0 203.75
55.943475226795684 -3.188505446914526 S 55.94317522679568 -3.188505446914526 0.0 202.5
55.94317522679568 -3.188505446914526 NNW 55.94345239065544 -3.1886202519442355 0.0 201.25
55.94345239065544 -3.1886202519442355 W 55.94345239065544 -3.1889202519442357 0.0 200.0
55.94345239065544 -3.1889202519442357 ENE 55.94356719568515 -3.1886430880844823 0.0 198.75
55.94356719568515 -3.1886430880844823 WSW 55.94345239065544 -3.1889202519442357 0.0 197.5
55.94345239065544 -3.1889202519442357 SW 55.94324025862108 -3.1891323839785914 0.0 196.25
55.94324025862108 -3.1891323839785914 NNE 55.94351742248084 -3.189017578948882 0.0 195.0
55.94351742248084 -3.189017578948882 WSW 55.94340261745113 -3.1892947428086353 0.0 193.75
55.94340261745113 -3.1892947428086353 WSW 55.94328781242142 -3.1895719066683887 0.0 192.5
55.94328781242142 -3.1895719066683887 ENE 55.94340261745113 -3.1892947428086353 0.0 191.25
55.94340261745113 -3.1892947428086353 WSW 55.94328781242142 -3.1895719066683887 0.0 190.0
55.94328781242142 -3.1895719066683887 ENE 55.94340261745113 -3.1892947428086353 0.0 188.75
55.94340261745113 -3.1892947428086353 WSW 55.94328781242142 -3.1895719066683887 0.0 187.5
55.94328781242142 -3.1895719066683887 ENE 55.94340261745113 -3.1892947428086353 0.0 186.25
55.94340261745113 -3.1892947428086353 WSW 55.94328781242142 -3.1895719066683887 0.0 185.0
55.94328781242142 -3.1895719066683887 WSW 55.94317300739171 -3.189849070528142 0.0 183.75
55.94317300739171 -3.189849070528142 ENE 55.94328781242142 -3.1895719066683887 0.0 182.5
55.94328781242142 -3.1895719066683887 WSW 55.94317300739171 -3.189849070528142 0.0 181.25
55.94317300739171 -3.189849070528142 ESE 55.943058202361996 -3.1895719066683887 87.98384094238281 283.06839752197266
55.943058202361996 -3.1895719066683887 WNW 55.94317300739171 -3.189849070528142 87.98384094238281 281.81839752197266
55.94317300739171 -3.189849070528142 SSE 55.94289584353195 -3.1897342654984326 87.98384094238281 280.56839752197266
55.94289584353195 -3.1897342654984326 NNW 55.94317300739171 -3.189849070528142 87.98384094238281 279.31839752197266
55.94317300739171 -3.189849070528142 SSE 55.94289584353195 -3.1897342654984326 87.98384094238281 278.06839752197266
55.94289584353195 -3.1897342654984326 SSW 55.942618679672194 -3.189849070528142 87.98384094238281 276.81839752197266
55.942618679672194 -3.189849070528142 NNW 55.94289584353195 -3.1899638755578517 87.98384094238281 275.56839752197266
55.94289584353195 -3.1899638755578517 SSE 55.942618679672194 -3.189849070528142 87.98384094238281 274.31839752197266
55.942618679672194 -3.189849070528142 NNW 55.94289584353195 -3.1899638755578517 87.98384094238281 273.06839752197266
55.94289584353195 -3.1899638755578517 SSE 55.942618679672194 -3.189849070528142 87.98384094238281 271.81839752197266
55.942618679672194 -3.189849070528142 WNW 55.942733484701904 -3.1901262343878956 87.98384094238281 270.56839752197266
55.942733484701904 -3.1901262343878956 E 55.942733484701904 -3.1898262343878954 87.98384094238281 269.31839752197266
55.942733484701904 -3.1898262343878954 NNE 55.94301064856166 -3.189711429358186 87.98384094238281 268.06839752197266
55.94301064856166 -3.189711429358186 S 55.94271064856166 -3.189711429358186 87.98384094238281 266.81839752197266
55.94271064856166 -3.189711429358186 NE 55.942922780596014 -3.18949929732383 87.98384094238281 265.56839752197266
55.942922780596014 -3.18949929732383 SE 55.94271064856166 -3.1892871652894743 87.98384094238281 264.31839752197266
55.94271064856166 -3.1892871652894743 NW 55.942922780596014 -3.18949929732383 87.98384094238281 263.06839752197266
55.942922780596014 -3.18949929732383 ENE 55.943037585625724 -3.1892221334640767 87.98384094238281 261.81839752197266
55.943037585625724 -3.1892221334640767 WNW 55.943152390655435 -3.18949929732383 87.98384094238281 260.56839752197266
55.943152390655435 -3.18949929732383 WSW 55.943037585625724 -3.1897764611835835 87.98384094238281 259.31839752197266
55.943037585625724 -3.1897764611835835 ENE 55.943152390655435 -3.18949929732383 87.98384094238281 258.06839752197266
55.943152390655435 -3.18949929732383 E 55.943152390655435 -3.18919929732383 87.98384094238281 256.81839752197266
55.943152390655435 -3.18919929732383 ESE 55.943037585625724 -3.1889221334640765 144.20572662353516 365.1505126953125
55.943037585625724 -3.1889221334640765 WNW 55.943152390655435 -3.18919929732383 144.20572662353516 363.9005126953125
55.943152390655435 -3.18919929732383 SSW 55.94287522679568 -3.1893141023535394 182.66236877441406 403.12815856933594
55.94287522679568 -3.1893141023535394 ENE 55.94299003182539 -3.189036938493786 182.66236877441406 401.87815856933594
55.94299003182539 -3.189036938493786 SSW 55.94271286796563 -3.1891517435234955 182.66236877441406 400.62815856933594
55.94271286796563 -3.1891517435234955 NNE 55.94299003182539 -3.189036938493786 182.66236877441406 399.37815856933594
55.94299003182539 -3.189036938493786 N 55.94329003182539 -3.189036938493786 182.66236877441406 398.12815856933594
55.94329003182539 -3.189036938493786 ESE 55.94317522679568 -3.1887597746340326 182.66236877441406 396.87815856933594
55.94317522679568 -3.1887597746340326 SSE 55.942898062935924 -3.188644969604323 182.66236877441406 395.62815856933594
55.942898062935924 -3.188644969604323 NNW 55.94317522679568 -3.1887597746340326 182.66236877441406 394.37815856933594
55.94317522679568 -3.1887597746340326 ESE 55.94306042176597 -3.188482610774279 250.2574462890625 425.4404640197754
55.94306042176597 -3.188482610774279 W 55.94306042176597 -3.1887826107742794 250.2574462890625 424.1904640197754
55.94306042176597 -3.1887826107742794 E 55.94306042176597 -3.188482610774279 250.2574462890625 422.9404640197754
55.94306042176597 -3.188482610774279 W 55.94306042176597 -3.1887826107742794 250.2574462890625 421.6904640197754
55.94306042176597 -3.1887826107742794 SE 55.942848289731614 -3.1885704787399236 250.2574462890625 420.4404640197754
55.942848289731614 -3.1885704787399236 N 55.94314828973162 -3.1885704787399236 250.2574462890625 419.1904640197754
55.94314828973162 -3.1885704787399236 S 55.942848289731614 -3.1885704787399236 250.2574462890625 417.9404640197754
55.942848289731614 -3.1885704787399236 NNE 55.94312545359137 -3.188455673710214 250.2574462890625 416.6904640197754
55.94312545359137 -3.188455673710214 SE 55.942913321557015 -3.1882435416758583 250.2574462890625 415.4404640197754
55.942913321557015 -3.1882435416758583 NW 55.94312545359137 -3.188455673710214 250.2574462890625 414.1904640197754
55.94312545359137 -3.188455673710214 NNW 55.94340261745113 -3.1885704787399236 250.2574462890625 412.9404640197754
55.94340261745113 -3.1885704787399236 E 55.94340261745113 -3.1882704787399234 250.2574462890625 411.6904640197754
55.94340261745113 -3.1882704787399234 WNW 55.94351742248084 -3.188547642599677 250.2574462890625 410.4404640197754
55.94351742248084 -3.188547642599677 ESE 55.94340261745113 -3.1882704787399234 250.2574462890625 409.1904640197754
55.94340261745113 -3.1882704787399234 WSW 55.94328781242142 -3.188547642599677 250.2574462890625 407.9404640197754
55.94328781242142 -3.188547642599677 ENE 55.94340261745113 -3.1882704787399234 250.2574462890625 406.6904640197754
55.94340261745113 -3.1882704787399234 NNE 55.943679781310884 -3.188155673710214 250.2574462890625 405.4404640197754
55.943679781310884 -3.188155673710214 SW 55.94346764927653 -3.1883678057445697 250.2574462890625 404.1904640197754
55.94346764927653 -3.1883678057445697 ENE 55.94358245430624 -3.1880906418848163 357.64501953125 434.78053092956543
55.94358245430624 -3.1880906418848163 SSW 55.94330529044648 -3.188205446914526 357.64501953125 433.53053092956543
55.94330529044648 -3.188205446914526 NNE 55.94358245430624 -3.1880906418848163 357.64501953125 432.28053092956543
55.94358245430624 -3.1880906418848163 SSE 55.94330529044648 -3.1879758368551068 390.952335357666 517.9587841033936
55.94330529044648 -3.1879758368551068 NNE 55.94358245430624 -3.1878610318253973 390.952335357666 516.7087841033936
55.94358245430624 -3.1878610318253973 E 55.94358245430624 -3.187561031825397 451.60010147094727 639.5667781829834
55.94358245430624 -3.187561031825397 W 55.94358245430624 -3.1878610318253973 451.60010147094727 638.3167781829834
55.94358245430624 -3.1878610318253973 S 55.943282454306235 -3.1878610318253973 451.60010147094727 637.0667781829834
55.943282454306235 -3.1878610318253973 N 55.94358245430624 -3.1878610318253973 451.60010147094727 635.8167781829834
55.94358245430624 -3.1878610318253973 ENE 55.94369725933595 -3.187583867965644 451.60010147094727 634.5667781829834
55.94369725933595 -3.187583867965644 SW 55.94348512730159 -3.1877959999999996 451.60010147094727 633.3167781829834
55.94348512730159 -3.1877959999999996 NE 55.94369725933595 -3.187583867965644 451.60010147094727 632.0667781829834
55.94369725933595 -3.187583867965644 NW 55.943909391370305 -3.1877959999999996 553.105167388916 660.0078048706055
55.943909391370305 -3.1877959999999996 SE 55.94369725933595 -3.187583867965644 553.105167388916 658.7578048706055
55.94369725933595 -3.187583867965644 N 55.94399725933595 -3.187583867965644 553.105167388916 657.5078048706055
55.94399725933595 -3.187583867965644 SE 55.943785127301595 -3.187371735931288 632.8336296081543 770.636833190918
55.943785127301595 -3.187371735931288 SSE 55.94350796344184 -3.1872569309015786 649.9405574798584 878.0898742675781
55.94350796344184 -3.1872569309015786 N 55.94380796344184 -3.1872569309015786 649.9405574798584 876.8398742675781
55.94380796344184 -3.1872569309015786 S 55.94350796344184 -3.1872569309015786 649.9405574798584 875.5898742675781
55.94350796344184 -3.1872569309015786 N 55.94380796344184 -3.1872569309015786 649.9405574798584 874.3398742675781
55.94380796344184 -3.1872569309015786 S 55.94350796344184 -3.1872569309015786 649.9405574798584 873.0898742675781
55.94350796344184 -3.1872569309015786 WNW 55.94362276847155 -3.187534094761332 649.9405574798584 871.8398742675781
55.94362276847155 -3.187534094761332 SSE 55.94334560461179 -3.1874192897316225 649.9405574798584 870.5898742675781
55.94334560461179 -3.1874192897316225 WNW 55.9434604096415 -3.187696453591376 649.9405574798584 869.3398742675781
55.9434604096415 -3.187696453591376 ESE 55.94334560461179 -3.1874192897316225 649.9405574798584 868.0898742675781
55.94334560461179 -3.1874192897316225 SE 55.943133472577436 -3.1872071576972667 768.5664348602295 984.8752365112305
55.943133472577436 -3.1872071576972667 NNW 55.94341063643719 -3.187321962726976 768.5664348602295 983.6252365112305
55.94341063643719 -3.187321962726976 SE 55.94319850440284 -3.1871098306926204 809.5096340179443 1094.96533203125
55.94319850440284 -3.1871098306926204 NW 55.94341063643719 -3.187321962726976 809.5096340179443 1093.71533203125
55.94341063643719 -3.187321962726976 SE 55.94319850440284 -3.1871098306926204 809.5096340179443 1092.46533203125
55.94319850440284 -3.1871098306926204 N 55.94349850440284 -3.1871098306926204 847.0259685516357 1094.456494808197
55.94349850440284 -3.1871098306926204 S 55.94319850440284 -3.1871098306926204 847.0259685516357 1093.206494808197
55.94319850440284 -3.1871098306926204 W 55.94319850440284 -3.1874098306926206 847.0259685516357 1091.956494808197
55.94319850440284 -3.1874098306926206 E 55.94319850440284 -3.1871098306926204 847.0259685516357 1090.706494808197
55.94319850440284 -3.1871098306926204 ESE 55.943083699373126 -3.186832666832867 847.0259685516357 1089.456494808197
55.943083699373126 -3.186832666832867 SSE 55.94280653551337 -3.1867178618031575 904.7991847991943 1091.054996728897
55.94280653551337 -3.1867178618031575 NNW 55.943083699373126 -3.186832666832867 904.7991847991943 1089.804996728897
55.943083699373126 -3.186832666832867 SE 55.94287156733877 -3.1866205347985113 904.7991847991943 1088.554996728897
55.94287156733877 -3.1866205347985113 NW 55.943083699373126 -3.186832666832867 904.7991847991943 1087.304996728897
55.943083699373126 -3.186832666832867 SE 55.94287156733877 -3.1866205347985113 904.7991847991943 1086.054996728897
55.94287156733877 -3.1866205347985113 E 55.94287156733877 -3.186320534798511 904.7991847991943 1084.804996728897
55.94287156733877 -3.186320534798511 SE 55.942659435304414 -3.1861084027641553 904.7991847991943 1083.554996728897
55.942659435304414 -3.1861084027641553 NW 55.94287156733877 -3.186320534798511 904.7991847991943 1082.304996728897
55.94287156733877 -3.186320534798511 NNE 55.94314873119853 -3.1862057297688016 904.7991847991943 1081.054996728897
55.94314873119853 -3.1862057297688016 WSW 55.943033926168816 -3.186482893628555 972.1515941619873 1080.9421932697296
55.943033926168816 -3.186482893628555 E 55.943033926168816 -3.186182893628555 973.6254235506058 1125.3736622333527
55.943033926168816 -3.186182893628555 S 55.94273392616881 -3.186182893628555 1008.870601773262 1163.2580654621124
55.94273392616881 -3.186182893628555 N 55.943033926168816 -3.186182893628555 1008.870601773262 1162.0080654621124
55.943033926168816 -3.186182893628555 SSE 55.94275676230906 -3.1860680885988453 1008.870601773262 1160.7580654621124
55.94275676230906 -3.1860680885988453 NNE 55.943033926168816 -3.1859532835691358 1008.870601773262 1159.5080654621124
55.943033926168816 -3.1859532835691358 SW 55.94282179413446 -3.1861654156034915 1008.870601773262 1158.2580654621124
55.94282179413446 -3.1861654156034915 NE 55.943033926168816 -3.1859532835691358 1008.870601773262 1157.0080654621124
55.943033926168816 -3.1859532835691358 S 55.94273392616881 -3.1859532835691358 1012.512748837471 1252.7810146808624
55.94273392616881 -3.1859532835691358 NNE 55.94301109002857 -3.1858384785394263 1012.512748837471 1251.5310146808624
55.94301109002857 -3.1858384785394263 ENE 55.94312589505828 -3.185561314679673 1012.512748837471 1250.2810146808624
55.94312589505828 -3.185561314679673 WSW 55.94301109002857 -3.1858384785394263 1012.512748837471 1249.0310146808624
55.94301109002857 -3.1858384785394263 NE 55.943223222062926 -3.1856263465050705 1069.9255372285843 1272.391431093216
55.943223222062926 -3.1856263465050705 N 55.94352322206293 -3.1856263465050705 1104.3042565584183 1332.862637758255
55.94352322206293 -3.1856263465050705 S 55.943223222062926 -3.1856263465050705 1104.3042565584183 1331.612637758255
55.943223222062926 -3.1856263465050705 N 55.94352322206293 -3.1856263465050705 1104.3042565584183 1330.362637758255
55.94352322206293 -3.1856263465050705 SSE 55.94324605820317 -3.185511541475361 1106.9845420122147 1413.9876987934113
55.94324605820317 -3.185511541475361 NNW 55.94352322206293 -3.1856263465050705 1106.9845420122147 1412.7376987934113
55.94352322206293 -3.1856263465050705 SSE 55.94324605820317 -3.185511541475361 1106.9845420122147 1411.4876987934113
55.94324605820317 -3.185511541475361 E 55.94324605820317 -3.185211541475361 1115.8286505937576 1508.1276676654816
55.94324605820317 -3.185211541475361 SW 55.943033926168816 -3.1854236735097166 1115.8286505937576 1506.8776676654816
55.943033926168816 -3.1854236735097166 E 55.943033926168816 -3.1851236735097164 1221.3828727006912 1615.1072742938995
55.943033926168816 -3.1851236735097164 W 55.943033926168816 -3.1854236735097166 1221.3828727006912 1613.8572742938995
55.943033926168816 -3.1854236735097166 ESE 55.942919121139106 -3.185146509649963 1221.3828727006912 1612.6072742938995
55.942919121139106 -3.185146509649963 ENE 55.943033926168816 -3.1848693457902097 1290.761702656746 1708.68954205513
55.943033926168816 -3.1848693457902097 SW 55.94282179413446 -3.1850814778245655 1290.761702656746 1707.43954205513
55.94282179413446 -3.1850814778245655 ENE 55.94293659916417 -3.184804313964812 1401.0363227128983 1726.7766411304474
55.94293659916417 -3.184804313964812 NW 55.94314873119853 -3.185016445999168 1422.5177031755447 1805.3968880176544
55.94314873119853 -3.185016445999168 SE 55.94293659916417 -3.184804313964812 1422.5177031755447 1804.1468880176544
55.94293659916417 -3.184804313964812 ENE 55.94305140419388 -3.1845271501050587 1445.2203456163406 1864.5604736804962
55.94305140419388 -3.1845271501050587 W 55.94305140419388 -3.184827150105059 1445.2203456163406 1863.3104736804962
55.94305140419388 -3.184827150105059 E 55.94305140419388 -3.1845271501050587 1445.2203456163406 1862.0604736804962
55.94305140419388 -3.1845271501050587 NNW 55.94332856805364 -3.184641955134768 1445.2203456163406 1860.8104736804962
55.94332856805364 -3.184641955134768 SE 55.94311643601928 -3.1844298231004124 1445.2203456163406 1859.5604736804962
55.94311643601928 -3.1844298231004124 NNW 55.94339359987904 -3.184544628130122 1445.2203456163406 1858.3104736804962
55.94339359987904 -3.184544628130122 SE 55.94318146784468 -3.184332496095766 1447.1363583803177 1918.3406021595001
55.94318146784468 -3.184332496095766 N 55.943481467844684 -3.184332496095766 1447.1363583803177 1917.0906021595001
55.943481467844684 -3.184332496095766 W 55.943481467844684 -3.1846324960957664 1447.1363583803177 1915.8406021595001
55.943481467844684 -3.1846324960957664 E 55.943481467844684 -3.184332496095766 1447.1363583803177 1914.5906021595001
55.943481467844684 -3.184332496095766 NW 55.94369359987904 -3.184544628130122 1511.3463345766068 1924.1826984882355
55.94369359987904 -3.184544628130122 NE 55.9439057319134 -3.184332496095766 1511.3463345766068 1922.9326984882355
55.9439057319134 -3.184332496095766 S 55.943605731913394 -3.184332496095766 1515.9339658021927 2025.849194765091
55.943605731913394 -3.184332496095766 N 55.9439057319134 -3.184332496095766 1515.9339658021927 2024.599194765091
55.9439057319134 -3.184332496095766 NNW 55.94418289577315 -3.1844473011254757 1515.9339658021927 2023.349194765091
55.94418289577315 -3.1844473011254757 SSE 55.9439057319134 -3.184332496095766 1515.9339658021927 2022.099194765091
55.9439057319134 -3.184332496095766 N 55.9442057319134 -3.184332496095766 1544.180832028389 2104.035031557083
55.9442057319134 -3.184332496095766 W 55.9442057319134 -3.1846324960957664 1617.3048478364944 2166.40691113472
55.9442057319134 -3.1846324960957664 SSE 55.94392856805364 -3.184517691066057 1617.3048478364944 2165.15691113472
55.94392856805364 -3.184517691066057 NNW 55.9442057319134 -3.1846324960957664 1617.3048478364944 2163.90691113472
55.9442057319134 -3.1846324960957664 SSE 55.94392856805364 -3.184517691066057 1617.3048478364944 2162.65691113472
55.94392856805364 -3.184517691066057 WNW 55.94404337308335 -3.1847948549258103 1617.3048478364944 2161.40691113472
55.94404337308335 -3.1847948549258103 ESE 55.94392856805364 -3.184517691066057 1617.3048478364944 2160.15691113472
55.94392856805364 -3.184517691066057 W 55.94392856805364 -3.184817691066057 1617.3048478364944 2158.90691113472
55.94392856805364 -3.184817691066057 SSE 55.943651404193886 -3.1847028860363475 1617.3048478364944 2157.65691113472
55.943651404193886 -3.1847028860363475 NW 55.94386353622824 -3.1849150180707033 1721.0459977388382 2193.127484560013
55.94386353622824 -3.1849150180707033 SSW 55.943586372368486 -3.185029823100413 1721.0459977388382 2191.877484560013
55.943586372368486 -3.185029823100413 N 55.94388637236849 -3.185029823100413 1721.0459977388382 2190.627484560013
55.94388637236849 -3.185029823100413 SW 55.94367424033413 -3.1852419551347686 1764.2767411470413 2291.323689699173
55.94367424033413 -3.1852419551347686 ENE 55.94378904536384 -3.184964791275015 1764.2767411470413 2290.073689699173
55.94378904536384 -3.184964791275015 SW 55.94357691332949 -3.185176923309371 1767.3659890890121 2393.39861035347
55.94357691332949 -3.185176923309371 ENE 55.9436917183592 -3.1848997594496176 1842.2032846212387 2443.5572979450226
55.9436917183592 -3.1848997594496176 WSW 55.94357691332949 -3.185176923309371 1842.2032846212387 2442.3072979450226
55.94357691332949 -3.185176923309371 W 55.94357691332949 -3.185476923309371 1850.0740231275558 2496.562085390091
55.94357691332949 -3.185476923309371 E 55.94357691332949 -3.185176923309371 1850.0740231275558 2495.312085390091
55.94357691332949 -3.185176923309371 W 55.94357691332949 -3.185476923309371 1850.0740231275558 2494.062085390091
55.94357691332949 -3.185476923309371 ESE 55.94346210829978 -3.1851997594496178 1866.6166809797287 2544.330151796341
55.94346210829978 -3.1851997594496178 SE 55.94324997626542 -3.184987627415262 1957.9020050764084 2666.650639772415
55.94324997626542 -3.184987627415262 WNW 55.94336478129513 -3.1852647912750154 2059.5858277082443 2672.6344072818756
55.94336478129513 -3.1852647912750154 E 55.94336478129513 -3.184964791275015 2123.398957133293 2739.182724237442
55.94336478129513 -3.184964791275015 WNW 55.94347958632484 -3.1852419551347686 2123.398957133293 2737.932724237442
55.94347958632484 -3.1852419551347686 ESE 55.94336478129513 -3.184964791275015 2123.398957133293 2736.682724237442
55.94336478129513 -3.184964791275015 S 55.94306478129513 -3.184964791275015 2123.398957133293 2735.432724237442
55.94306478129513 -3.184964791275015 N 55.94336478129513 -3.184964791275015 2123.398957133293 2734.182724237442
55.94336478129513 -3.184964791275015 SSE 55.943087617435374 -3.1848499862453057 2123.398957133293 2732.932724237442
55.943087617435374 -3.1848499862453057 NNW 55.94336478129513 -3.184964791275015 2123.398957133293 2731.682724237442
55.94336478129513 -3.184964791275015 E 55.94336478129513 -3.184664791275015 2185.3873757123947 2797.463890314102
55.94336478129513 -3.184664791275015 W 55.94336478129513 -3.184964791275015 2185.3873757123947 2796.213890314102
55.94336478129513 -3.184964791275015 ENE 55.94347958632484 -3.184687627415262 2185.3873757123947 2794.963890314102
55.94347958632484 -3.184687627415262 NNW 55.9437567501846 -3.1848024324449713 2250.853386759758 2910.458030939102
55.9437567501846 -3.1848024324449713 SSE 55.94347958632484 -3.184687627415262 2250.853386759758 2909.208030939102
55.94347958632484 -3.184687627415262 NNW 55.9437567501846 -3.1848024324449713 2250.853386759758 2907.958030939102
55.9437567501846 -3.1848024324449713 ESE 55.94364194515489 -3.184525268585218 2250.853386759758 2906.708030939102
55.94364194515489 -3.184525268585218 NW 55.94385407718924 -3.1847374006195737 2250.853386759758 2905.458030939102
55.94385407718924 -3.1847374006195737 W 55.94385407718924 -3.185037400619574 2250.853386759758 2904.208030939102
55.94385407718924 -3.185037400619574 N 55.944154077189246 -3.185037400619574 2369.1892632246017 2952.6872522830963
55.944154077189246 -3.185037400619574 SW 55.94394194515489 -3.1852495326539296 2385.7061356306076 3074.507229089737
55.94394194515489 -3.1852495326539296 ESE 55.94382714012518 -3.1849723687941762 2385.7061356306076 3073.257229089737
55.94382714012518 -3.1849723687941762 WNW 55.94394194515489 -3.1852495326539296 2385.7061356306076 3072.007229089737
55.94394194515489 -3.1852495326539296 NW 55.944154077189246 -3.1854616646882854 2385.7061356306076 3070.757229089737
55.944154077189246 -3.1854616646882854 SE 55.94394194515489 -3.1852495326539296 2385.7061356306076 3069.507229089737
55.94394194515489 -3.1852495326539296 WNW 55.9440567501846 -3.185526696513683 2498.529682993889 3146.176090478897
55.9440567501846 -3.185526696513683 SSE 55.943779586324844 -3.1854118914839735 2604.267636179924 3239.609882593155
55.943779586324844 -3.1854118914839735 NNW 55.9440567501846 -3.185526696513683 2604.267636179924 3238.359882593155
55.9440567501846 -3.185526696513683 NE 55.94426888221896 -3.1853145644793273 2626.970085978508 3337.137356042862
55.94426888221896 -3.1853145644793273 W 55.94426888221896 -3.1856145644793274 2626.970085978508 3335.887356042862
55.94426888221896 -3.1856145644793274 E 55.94426888221896 -3.1853145644793273 2626.970085978508 3334.637356042862
55.94426888221896 -3.1853145644793273 WSW 55.944154077189246 -3.1855917283390807 2626.970085978508 3333.387356042862
55.944154077189246 -3.1855917283390807 ENE 55.94426888221896 -3.1853145644793273 2626.970085978508 3332.137356042862
55.94426888221896 -3.1853145644793273 E 55.94426888221896 -3.185014564479327 2626.970085978508 3330.887356042862
55.94426888221896 -3.185014564479327 W 55.94426888221896 -3.1853145644793273 2626.970085978508 3329.637356042862
55.94426888221896 -3.1853145644793273 E 55.94426888221896 -3.185014564479327 2626.970085978508 3328.387356042862
