55.944425 -3.188396 E 55.944425 -3.188096 0.0 248.75
55.944425 -3.188096 WNW 55.94453980502971 -3.1883731638597532 0.0 247.5
55.94453980502971 -3.1883731638597532 SE 55.94432767299536 -3.1881610318253975 0.0 246.25
55.94432767299536 -3.1881610318253975 NW 55.94453980502971 -3.1883731638597532 0.0 245.0
55.94453980502971 -3.1883731638597532 SSE 55.944262641169956 -3.1882583588300437 0.0 243.75
55.944262641169956 -3.1882583588300437 NNW 55.94453980502971 -3.1883731638597532 0.0 242.5
55.94453980502971 -3.1883731638597532 SSE 55.944262641169956 -3.1882583588300437 0.0 241.25
55.944262641169956 -3.1882583588300437 NNW 55.94453980502971 -3.1883731638597532 0.0 240.0
55.94453980502971 -3.1883731638597532 ESE 55.944425 -3.188096 0.0 238.75
55.944425 -3.188096 WNW 55.94453980502971 -3.1883731638597532 0.0 237.5
55.94453980502971 -3.1883731638597532 ESE 55.944425 -3.188096 0.0 236.25
55.944425 -3.188096 NW 55.94463713203436 -3.1883081320343556 0.0 235.0
55.94463713203436 -3.1883081320343556 E 55.94463713203436 -3.1880081320343554 0.0 233.75
55.94463713203436 -3.1880081320343554 W 55.94463713203436 -3.1883081320343556 0.0 232.5
55.94463713203436 -3.1883081320343556 ESE 55.94452232700465 -3.188030968174602 0.0 231.25
55.94452232700465 -3.188030968174602 WNW 55.94463713203436 -3.1883081320343556 0.0 230.0
55.94463713203436 -3.1883081320343556 SSE 55.9443599681746 -3.188193327004646 0.0 228.75
55.9443599681746 -3.188193327004646 NNW 55.94463713203436 -3.1883081320343556 0.0 227.5
55.94463713203436 -3.1883081320343556 NNW 55.944914295894115 -3.188422937064065 0.0 226.25
55.944914295894115 -3.188422937064065 SSE 55.94463713203436 -3.1883081320343556 0.0 225.0
55.94463713203436 -3.1883081320343556 NW 55.944849264068715 -3.1885202640687114 0.0 223.75
55.944849264068715 -3.1885202640687114 E 55.944849264068715 -3.188220264068711 0.0 222.5
55.944849264068715 -3.188220264068711 W 55.944849264068715 -3.1885202640687114 0.0 221.25
55.944849264068715 -3.1885202640687114 E 55.944849264068715 -3.188220264068711 0.0 220.0
55.944849264068715 -3.188220264068711 W 55.944849264068715 -3.1885202640687114 0.0 218.75
55.944849264068715 -3.1885202640687114 E 55.944849264068715 -3.188220264068711 0.0 217.5
55.944849264068715 -3.188220264068711 NW 55.94506139610307 -3.188432396103067 0.0 216.25
55.94506139610307 -3.188432396103067 SE 55.944849264068715 -3.188220264068711 0.0 215.0
55.944849264068715 -3.188220264068711 WNW 55.944964069098425 -3.1884974279284646 0.0 213.75
55.944964069098425 -3.1884974279284646 ESE 55.944849264068715 -3.188220264068711 0.0 212.5
55.944849264068715 -3.188220264068711 S 55.94454926406871 -3.188220264068711 0.0 211.25
55.94454926406871 -3.188220264068711 N 55.944849264068715 -3.188220264068711 0.0 210.0
55.944849264068715 -3.188220264068711 E 55.944849264068715 -3.187920264068711 0.0 208.75
55.944849264068715 -3.187920264068711 W 55.944849264068715 -3.188220264068711 0.0 207.5
55.944849264068715 -3.188220264068711 ENE 55.944964069098425 -3.1879431002089578 0.0 206.25
55.944964069098425 -3.1879431002089578 WSW 55.944849264068715 -3.188220264068711 0.0 205.0
55.944849264068715 -3.188220264068711 ENE 55.944964069098425 -3.1879431002089578 0.0 203.75
55.944964069098425 -3.1879431002089578 SSW 55.94468690523867 -3.1880579052386673 0.0 202.5
55.94468690523867 -3.1880579052386673 NNE 55.944964069098425 -3.1879431002089578 0.0 201.25
55.944964069098425 -3.1879431002089578 SSW 55.94468690523867 -3.1880579052386673 0.0 200.0
55.94468690523867 -3.1880579052386673 NNE 55.944964069098425 -3.1879431002089578 0.0 198.75
55.944964069098425 -3.1879431002089578 SSW 55.94468690523867 -3.1880579052386673 0.0 197.5
55.94468690523867 -3.1880579052386673 NNW 55.944964069098425 -3.188172710268377 0.0 196.25
55.944964069098425 -3.188172710268377 SSE 55.94468690523867 -3.1880579052386673 0.0 195.0
55.94468690523867 -3.1880579052386673 NE 55.944899037273025 -3.1878457732043115 0.0 193.75
55.944899037273025 -3.1878457732043115 SSW 55.94462187341327 -3.187960578234021 0.0 192.5
55.94462187341327 -3.187960578234021 NNW 55.944899037273025 -3.1880753832637305 0.0 191.25
55.944899037273025 -3.1880753832637305 SSE 55.94462187341327 -3.187960578234021 0.0 190.0
55.94462187341327 -3.187960578234021 SSW 55.94434470955351 -3.1880753832637305 0.0 188.75
55.94434470955351 -3.1880753832637305 NNE 55.94462187341327 -3.187960578234021 0.0 187.5
55.94462187341327 -3.187960578234021 ESE 55.94450706838356 -3.1876834143742676 0.0 186.25
55.94450706838356 -3.1876834143742676 WNW 55.94462187341327 -3.187960578234021 0.0 185.0
55.94462187341327 -3.187960578234021 SE 55.94440974137891 -3.1877484461996652 0.0 183.75
55.94440974137891 -3.1877484461996652 NNW 55.94468690523867 -3.1878632512293748 0.0 182.5
55.94468690523867 -3.1878632512293748 SSE 55.94440974137891 -3.1877484461996652 0.0 181.25
55.94440974137891 -3.1877484461996652 NNW 55.94468690523867 -3.1878632512293748 0.0 180.0
55.94468690523867 -3.1878632512293748 SSE 55.94440974137891 -3.1877484461996652 0.0 178.75
55.94440974137891 -3.1877484461996652 NNW 55.94468690523867 -3.1878632512293748 0.0 177.5
55.94468690523867 -3.1878632512293748 SE 55.94447477320431 -3.187651119195019 0.0 176.25
55.94447477320431 -3.187651119195019 E 55.94447477320431 -3.187351119195019 13.818113327026367 210.11017990112305
55.94447477320431 -3.187351119195019 W 55.94447477320431 -3.187651119195019 13.818113327026367 208.86017990112305
55.94447477320431 -3.187651119195019 SW 55.944262641169956 -3.1878632512293748 13.818113327026367 207.61017990112305
55.944262641169956 -3.1878632512293748 NE 55.94447477320431 -3.187651119195019 13.818113327026367 206.36017990112305
55.94447477320431 -3.187651119195019 SSW 55.944197609344556 -3.1877659242247285 13.818113327026367 205.11017990112305
55.944197609344556 -3.1877659242247285 NE 55.94440974137891 -3.1875537921903727 13.818113327026367 203.86017990112305
55.94440974137891 -3.1875537921903727 SSW 55.944132577519156 -3.1876685972200822 13.818113327026367 202.61017990112305
55.944132577519156 -3.1876685972200822 E 55.944132577519156 -3.187368597220082 13.818113327026367 201.36017990112305
55.944132577519156 -3.187368597220082 W 55.944132577519156 -3.1876685972200822 13.818113327026367 200.11017990112305
55.944132577519156 -3.1876685972200822 E 55.944132577519156 -3.187368597220082 13.818113327026367 198.86017990112305
55.944132577519156 -3.187368597220082 WNW 55.944247382548866 -3.1876457610798354 13.818113327026367 197.61017990112305
55.944247382548866 -3.1876457610798354 E 55.944247382548866 -3.1873457610798352 98.62834739685059 261.56682205200195
55.944247382548866 -3.1873457610798352 W 55.944247382548866 -3.1876457610798354 98.62834739685059 260.31682205200195
55.944247382548866 -3.1876457610798354 ENE 55.94436218757858 -3.187368597220082 98.62834739685059 259.06682205200195
55.94436218757858 -3.187368597220082 SSE 55.94408502371882 -3.1872537921903725 98.62834739685059 257.81682205200195
55.94408502371882 -3.1872537921903725 NNW 55.94436218757858 -3.187368597220082 98.62834739685059 256.56682205200195
55.94436218757858 -3.187368597220082 SSE 55.94408502371882 -3.1872537921903725 98.62834739685059 255.31682205200195
55.94408502371882 -3.1872537921903725 NW 55.944297155753176 -3.1874659242247283 98.62834739685059 254.06682205200195
55.944297155753176 -3.1874659242247283 SSE 55.94401999189342 -3.187351119195019 98.62834739685059 252.81682205200195
55.94401999189342 -3.187351119195019 NNW 55.944297155753176 -3.1874659242247283 98.62834739685059 251.56682205200195
55.944297155753176 -3.1874659242247283 SSE 55.94401999189342 -3.187351119195019 98.62834739685059 250.31682205200195
55.94401999189342 -3.187351119195019 NNE 55.944297155753176 -3.1872363141653093 98.62834739685059 249.06682205200195
55.944297155753176 -3.1872363141653093 SSW 55.94401999189342 -3.187351119195019 98.62834739685059 247.81682205200195
55.94401999189342 -3.187351119195019 NE 55.944232123927776 -3.187138987160663 98.62834739685059 246.56682205200195
55.944232123927776 -3.187138987160663 SW 55.94401999189342 -3.187351119195019 98.62834739685059 245.31682205200195
55.94401999189342 -3.187351119195019 NE 55.944232123927776 -3.187138987160663 98.62834739685059 244.06682205200195
55.944232123927776 -3.187138987160663 S 55.94393212392777 -3.187138987160663 147.62819480895996 323.49628829956055
55.94393212392777 -3.187138987160663 NW 55.94414425596213 -3.187351119195019 219.03661155700684 335.97178077697754
55.94414425596213 -3.187351119195019 SE 55.94393212392777 -3.187138987160663 219.03661155700684 334.72178077697754
55.94393212392777 -3.187138987160663 NW 55.94414425596213 -3.187351119195019 219.03661155700684 333.47178077697754
55.94414425596213 -3.187351119195019 SE 55.94393212392777 -3.187138987160663 219.03661155700684 332.22178077697754
55.94393212392777 -3.187138987160663 SW 55.94371999189342 -3.187351119195019 274.4792308807373 338.8897542953491
55.94371999189342 -3.187351119195019 NE 55.94393212392777 -3.187138987160663 274.4792308807373 337.6397542953491
55.94393212392777 -3.187138987160663 S 55.94363212392777 -3.187138987160663 274.4792308807373 336.3897542953491
55.94363212392777 -3.187138987160663 N 55.94393212392777 -3.187138987160663 274.4792308807373 335.1397542953491
55.94393212392777 -3.187138987160663 S 55.94363212392777 -3.187138987160663 274.4792308807373 333.8897542953491
55.94363212392777 -3.187138987160663 NNE 55.94390928778753 -3.1870241821309535 274.4792308807373 332.6397542953491
55.94390928778753 -3.1870241821309535 SSW 55.94363212392777 -3.187138987160663 274.4792308807373 331.3897542953491
55.94363212392777 -3.187138987160663 WSW 55.94351731889806 -3.1874161510204164 274.4792308807373 330.1397542953491
55.94351731889806 -3.1874161510204164 ENE 55.94363212392777 -3.187138987160663 274.4792308807373 328.8897542953491
55.94363212392777 -3.187138987160663 WSW 55.94351731889806 -3.1874161510204164 274.4792308807373 327.6397542953491
55.94351731889806 -3.1874161510204164 ENE 55.94363212392777 -3.187138987160663 274.4792308807373 326.3897542953491
55.94363212392777 -3.187138987160663 SW 55.943419991893414 -3.187351119195019 274.4792308807373 325.1397542953491
55.943419991893414 -3.187351119195019 NE 55.94363212392777 -3.187138987160663 274.4792308807373 323.8897542953491
55.94363212392777 -3.187138987160663 W 55.94363212392777 -3.187438987160663 274.4792308807373 322.6397542953491
55.94363212392777 -3.187438987160663 E 55.94363212392777 -3.187138987160663 274.4792308807373 321.3897542953491
55.94363212392777 -3.187138987160663 W 55.94363212392777 -3.187438987160663 274.4792308807373 320.1397542953491
55.94363212392777 -3.187438987160663 WNW 55.94374692895748 -3.1877161510204166 360.6621379852295 429.7645330429077
55.94374692895748 -3.1877161510204166 ESE 55.94363212392777 -3.187438987160663 360.6621379852295 428.5145330429077
55.94363212392777 -3.187438987160663 W 55.94363212392777 -3.1877389871606634 389.91456604003906 477.92039012908936
55.94363212392777 -3.1877389871606634 E 55.94363212392777 -3.187438987160663 389.91456604003906 476.67039012908936
55.94363212392777 -3.187438987160663 WSW 55.94351731889806 -3.1877161510204166 389.91456604003906 475.42039012908936
55.94351731889806 -3.1877161510204166 ENE 55.94363212392777 -3.187438987160663 389.91456604003906 474.17039012908936
55.94363212392777 -3.187438987160663 SSW 55.943354960068014 -3.1875537921903727 389.91456604003906 472.92039012908936
55.943354960068014 -3.1875537921903727 NNE 55.94363212392777 -3.187438987160663 389.91456604003906 471.67039012908936
55.94363212392777 -3.187438987160663 S 55.94333212392777 -3.187438987160663 389.91456604003906 470.42039012908936
55.94333212392777 -3.187438987160663 N 55.94363212392777 -3.187438987160663 389.91456604003906 469.17039012908936
55.94363212392777 -3.187438987160663 SSW 55.943354960068014 -3.1875537921903727 389.91456604003906 467.92039012908936
55.943354960068014 -3.1875537921903727 NNE 55.94363212392777 -3.187438987160663 389.91456604003906 466.67039012908936
55.94363212392777 -3.187438987160663 S 55.94333212392777 -3.187438987160663 389.91456604003906 465.42039012908936
55.94333212392777 -3.187438987160663 N 55.94363212392777 -3.187438987160663 389.91456604003906 464.17039012908936
55.94363212392777 -3.187438987160663 S 55.94333212392777 -3.187438987160663 389.91456604003906 462.92039012908936
55.94333212392777 -3.187438987160663 NW 55.943544255962124 -3.187651119195019 389.91456604003906 461.67039012908936
55.943544255962124 -3.187651119195019 SSE 55.94326709210237 -3.1875363141653095 389.91456604003906 460.42039012908936
55.94326709210237 -3.1875363141653095 N 55.94356709210237 -3.1875363141653095 389.91456604003906 459.17039012908936
55.94356709210237 -3.1875363141653095 S 55.94326709210237 -3.1875363141653095 389.91456604003906 457.92039012908936
55.94326709210237 -3.1875363141653095 WNW 55.94338189713208 -3.187813478025063 389.91456604003906 456.67039012908936
55.94338189713208 -3.187813478025063 ESE 55.94326709210237 -3.1875363141653095 389.91456604003906 455.42039012908936
55.94326709210237 -3.1875363141653095 NNW 55.943544255962124 -3.187651119195019 389.91456604003906 454.17039012908936
55.943544255962124 -3.187651119195019 SSE 55.94326709210237 -3.1875363141653095 389.91456604003906 452.92039012908936
55.94326709210237 -3.1875363141653095 ESE 55.94315228707266 -3.187259150305556 389.91456604003906 451.67039012908936
55.94315228707266 -3.187259150305556 WNW 55.94326709210237 -3.1875363141653095 389.91456604003906 450.42039012908936
55.94326709210237 -3.1875363141653095 SSW 55.94298992824261 -3.187651119195019 389.91456604003906 449.17039012908936
55.94298992824261 -3.187651119195019 NE 55.94320206027697 -3.187438987160663 389.91456604003906 447.92039012908936
55.94320206027697 -3.187438987160663 SW 55.94298992824261 -3.187651119195019 389.91456604003906 446.67039012908936
55.94298992824261 -3.187651119195019 NE 55.94320206027697 -3.187438987160663 389.91456604003906 445.42039012908936
55.94320206027697 -3.187438987160663 SW 55.94298992824261 -3.187651119195019 389.91456604003906 444.17039012908936
55.94298992824261 -3.187651119195019 ENE 55.94310473327232 -3.1873739553352656 389.91456604003906 442.92039012908936
55.94310473327232 -3.1873739553352656 WSW 55.94298992824261 -3.187651119195019 389.91456604003906 441.67039012908936
55.94298992824261 -3.187651119195019 E 55.94298992824261 -3.187351119195019 389.91456604003906 440.42039012908936
55.94298992824261 -3.187351119195019 NW 55.94320206027697 -3.1875632512293746 389.91456604003906 439.17039012908936
55.94320206027697 -3.1875632512293746 SE 55.94298992824261 -3.187351119195019 389.91456604003906 437.92039012908936
55.94298992824261 -3.187351119195019 W 55.94298992824261 -3.187651119195019 389.91456604003906 436.67039012908936
55.94298992824261 -3.187651119195019 E 55.94298992824261 -3.187351119195019 389.91456604003906 435.42039012908936
55.94298992824261 -3.187351119195019 SSW 55.942712764382854 -3.1874659242247283 389.91456604003906 434.17039012908936
55.942712764382854 -3.1874659242247283 NNE 55.94298992824261 -3.187351119195019 389.91456604003906 432.92039012908936
55.94298992824261 -3.187351119195019 NNW 55.94326709210237 -3.1874659242247283 389.91456604003906 431.67039012908936
55.94326709210237 -3.1874659242247283 SSE 55.94298992824261 -3.187351119195019 389.91456604003906 430.42039012908936
55.94298992824261 -3.187351119195019 NNE 55.94326709210237 -3.1872363141653093 389.91456604003906 429.17039012908936
55.94326709210237 -3.1872363141653093 SSW 55.94298992824261 -3.187351119195019 389.91456604003906 427.92039012908936
55.94298992824261 -3.187351119195019 NNE 55.94326709210237 -3.1872363141653093 389.91456604003906 426.67039012908936
55.94326709210237 -3.1872363141653093 W 55.94326709210237 -3.1875363141653095 389.91456604003906 425.42039012908936
55.94326709210237 -3.1875363141653095 ESE 55.94315228707266 -3.187259150305556 389.91456604003906 424.17039012908936
55.94315228707266 -3.187259150305556 NW 55.94336441910701 -3.187471282339912 389.91456604003906 422.92039012908936
55.94336441910701 -3.187471282339912 SE 55.94315228707266 -3.187259150305556 389.91456604003906 421.67039012908936
55.94315228707266 -3.187259150305556 NW 55.94336441910701 -3.187471282339912 389.91456604003906 420.42039012908936
55.94336441910701 -3.187471282339912 ESE 55.9432496140773 -3.1871941184801584 389.91456604003906 419.17039012908936
55.9432496140773 -3.1871941184801584 NW 55.94346174611166 -3.187406250514514 389.91456604003906 417.92039012908936
55.94346174611166 -3.187406250514514 SE 55.9432496140773 -3.1871941184801584 389.91456604003906 416.67039012908936
55.9432496140773 -3.1871941184801584 NW 55.94346174611166 -3.187406250514514 389.91456604003906 415.42039012908936
55.94346174611166 -3.187406250514514 SE 55.9432496140773 -3.1871941184801584 389.91456604003906 414.17039012908936
55.9432496140773 -3.1871941184801584 SSE 55.942972450217546 -3.187079313450449 389.91456604003906 412.92039012908936
55.942972450217546 -3.187079313450449 NNW 55.9432496140773 -3.1871941184801584 389.91456604003906 411.67039012908936
55.9432496140773 -3.1871941184801584 SSW 55.942972450217546 -3.187308923509868 389.91456604003906 410.42039012908936
55.942972450217546 -3.187308923509868 NNE 55.9432496140773 -3.1871941184801584 389.91456604003906 409.17039012908936
55.9432496140773 -3.1871941184801584 S 55.9429496140773 -3.1871941184801584 389.91456604003906 407.92039012908936
55.9429496140773 -3.1871941184801584 N 55.9432496140773 -3.1871941184801584 389.91456604003906 406.67039012908936
55.9432496140773 -3.1871941184801584 E 55.9432496140773 -3.1868941184801582 389.91456604003906 405.42039012908936
55.9432496140773 -3.1868941184801582 W 55.9432496140773 -3.1871941184801584 389.91456604003906 404.17039012908936
55.9432496140773 -3.1871941184801584 E 55.9432496140773 -3.1868941184801582 389.91456604003906 402.92039012908936
55.9432496140773 -3.1868941184801582 NW 55.94346174611166 -3.187106250514514 389.91456604003906 401.67039012908936
55.94346174611166 -3.187106250514514 SSW 55.9431845822519 -3.1872210555442235 389.91456604003906 400.42039012908936
55.9431845822519 -3.1872210555442235 NNE 55.94346174611166 -3.187106250514514 389.91456604003906 399.17039012908936
55.94346174611166 -3.187106250514514 W 55.94346174611166 -3.187406250514514 389.91456604003906 397.92039012908936
55.94346174611166 -3.187406250514514 E 55.94346174611166 -3.187106250514514 389.91456604003906 396.67039012908936
55.94346174611166 -3.187106250514514 SSE 55.9431845822519 -3.1869914454848045 389.91456604003906 395.42039012908936
55.9431845822519 -3.1869914454848045 NNW 55.94346174611166 -3.187106250514514 389.91456604003906 394.17039012908936
55.94346174611166 -3.187106250514514 SE 55.9432496140773 -3.1868941184801582 389.91456604003906 392.92039012908936
55.9432496140773 -3.1868941184801582 NW 55.94346174611166 -3.187106250514514 389.91456604003906 391.67039012908936
55.94346174611166 -3.187106250514514 SSE 55.9431845822519 -3.1869914454848045 389.91456604003906 390.42039012908936
55.9431845822519 -3.1869914454848045 WNW 55.94329938728161 -3.187268609344558 389.91456604003906 389.17039012908936
55.94329938728161 -3.187268609344558 ESE 55.9431845822519 -3.1869914454848045 389.91456604003906 387.92039012908936
55.9431845822519 -3.1869914454848045 E 55.9431845822519 -3.1866914454848043 389.91456604003906 386.67039012908936
55.9431845822519 -3.1866914454848043 W 55.9431845822519 -3.1869914454848045 389.91456604003906 385.42039012908936
55.9431845822519 -3.1869914454848045 ENE 55.94329938728161 -3.186714281625051 389.91456604003906 384.17039012908936
55.94329938728161 -3.186714281625051 W 55.94329938728161 -3.1870142816250513 389.91456604003906 382.92039012908936
55.94329938728161 -3.1870142816250513 E 55.94329938728161 -3.186714281625051 389.91456604003906 381.67039012908936
55.94329938728161 -3.186714281625051 W 55.94329938728161 -3.1870142816250513 389.91456604003906 380.42039012908936
55.94329938728161 -3.1870142816250513 NE 55.94351151931597 -3.1868021495906955 389.91456604003906 379.17039012908936
55.94351151931597 -3.1868021495906955 SW 55.94329938728161 -3.1870142816250513 389.91456604003906 377.92039012908936
55.94329938728161 -3.1870142816250513 NE 55.94351151931597 -3.1868021495906955 389.91456604003906 376.67039012908936
55.94351151931597 -3.1868021495906955 SSE 55.94323435545621 -3.186687344560986 389.91456604003906 375.42039012908936
55.94323435545621 -3.186687344560986 NW 55.94344648749057 -3.186899476595342 389.91456604003906 374.17039012908936
55.94344648749057 -3.186899476595342 SE 55.94323435545621 -3.186687344560986 389.91456604003906 372.92039012908936
55.94323435545621 -3.186687344560986 NW 55.94344648749057 -3.186899476595342 389.91456604003906 371.67039012908936
55.94344648749057 -3.186899476595342 SE 55.94323435545621 -3.186687344560986 389.91456604003906 370.42039012908936
55.94323435545621 -3.186687344560986 W 55.94323435545621 -3.186987344560986 389.91456604003906 369.17039012908936
55.94323435545621 -3.186987344560986 SE 55.943022223421856 -3.1867752125266304 389.91456604003906 367.92039012908936
55.943022223421856 -3.1867752125266304 NW 55.94323435545621 -3.186987344560986 389.91456604003906 366.67039012908936
55.94323435545621 -3.186987344560986 SE 55.943022223421856 -3.1867752125266304 389.91456604003906 365.42039012908936
55.943022223421856 -3.1867752125266304 NW 55.94323435545621 -3.186987344560986 389.91456604003906 364.17039012908936
55.94323435545621 -3.186987344560986 SE 55.943022223421856 -3.1867752125266304 389.91456604003906 362.92039012908936
55.943022223421856 -3.1867752125266304 ESE 55.942907418392146 -3.186498048666877 389.91456604003906 361.67039012908936
55.942907418392146 -3.186498048666877 WNW 55.943022223421856 -3.1867752125266304 389.91456604003906 360.42039012908936
55.943022223421856 -3.1867752125266304 ESE 55.942907418392146 -3.186498048666877 389.91456604003906 359.17039012908936
55.942907418392146 -3.186498048666877 W 55.942907418392146 -3.186798048666877 389.91456604003906 357.92039012908936
55.942907418392146 -3.186798048666877 ENE 55.943022223421856 -3.186520884807124 505.5690460205078 387.9977197647095
55.943022223421856 -3.186520884807124 WSW 55.942907418392146 -3.186798048666877 505.5690460205078 386.7477197647095
55.942907418392146 -3.186798048666877 NNE 55.9431845822519 -3.1866832436371677 505.5690460205078 385.4977197647095
55.9431845822519 -3.1866832436371677 SSW 55.942907418392146 -3.186798048666877 505.5690460205078 384.2477197647095
55.942907418392146 -3.186798048666877 SSW 55.94263025453239 -3.1869128536965867 505.5690460205078 382.9977197647095
55.94263025453239 -3.1869128536965867 NNE 55.942907418392146 -3.186798048666877 505.5690460205078 381.7477197647095
55.942907418392146 -3.186798048666877 ENE 55.943022223421856 -3.186520884807124 505.5690460205078 380.4977197647095
55.943022223421856 -3.186520884807124 WSW 55.942907418392146 -3.186798048666877 505.5690460205078 379.2477197647095
55.942907418392146 -3.186798048666877 ESE 55.942792613362435 -3.186520884807124 505.5690460205078 377.9977197647095
55.942792613362435 -3.186520884807124 WNW 55.942907418392146 -3.186798048666877 505.5690460205078 376.7477197647095
55.942907418392146 -3.186798048666877 W 55.942907418392146 -3.1870980486668774 505.5690460205078 375.4977197647095
55.942907418392146 -3.1870980486668774 ESE 55.942792613362435 -3.186820884807124 505.5690460205078 374.2477197647095
55.942792613362435 -3.186820884807124 NW 55.94300474539679 -3.1870330168414798 505.5690460205078 372.9977197647095
55.94300474539679 -3.1870330168414798 SE 55.942792613362435 -3.186820884807124 505.5690460205078 371.7477197647095
55.942792613362435 -3.186820884807124 N 55.94309261336244 -3.186820884807124 505.5690460205078 370.4977197647095
55.94309261336244 -3.186820884807124 S 55.942792613362435 -3.186820884807124 505.5690460205078 369.2477197647095
55.942792613362435 -3.186820884807124 NW 55.94300474539679 -3.1870330168414798 505.5690460205078 367.9977197647095
55.94300474539679 -3.1870330168414798 NNE 55.94328190925655 -3.1869182118117703 505.5690460205078 366.7477197647095
55.94328190925655 -3.1869182118117703 WSW 55.94316710422684 -3.1871953756715237 505.5690460205078 365.4977197647095
55.94316710422684 -3.1871953756715237 SE 55.94295497219248 -3.186983243637168 505.5690460205078 364.2477197647095
55.94295497219248 -3.186983243637168 W 55.94295497219248 -3.187283243637168 505.5690460205078 362.9977197647095
55.94295497219248 -3.187283243637168 E 55.94295497219248 -3.186983243637168 505.5690460205078 361.7477197647095
55.94295497219248 -3.186983243637168 WSW 55.94284016716277 -3.1872604074969213 505.5690460205078 360.4977197647095
55.94284016716277 -3.1872604074969213 ESE 55.94272536213306 -3.186983243637168 505.5690460205078 359.2477197647095
55.94272536213306 -3.186983243637168 WNW 55.94284016716277 -3.1872604074969213 505.5690460205078 357.9977197647095
55.94284016716277 -3.1872604074969213 ESE 55.94272536213306 -3.186983243637168 505.5690460205078 356.7477197647095
55.94272536213306 -3.186983243637168 WNW 55.94284016716277 -3.1872604074969213 505.5690460205078 355.4977197647095
55.94284016716277 -3.1872604074969213 SE 55.942628035128415 -3.1870482754625655 505.5690460205078 354.2477197647095
55.942628035128415 -3.1870482754625655 WNW 55.942742840158125 -3.187325439322319 527.5801696777344 416.09336948394775
55.942742840158125 -3.187325439322319 ESE 55.942628035128415 -3.1870482754625655 527.5801696777344 414.84336948394775
55.942628035128415 -3.1870482754625655 NW 55.94284016716277 -3.1872604074969213 527.5801696777344 413.59336948394775
55.94284016716277 -3.1872604074969213 SE 55.942628035128415 -3.1870482754625655 527.5801696777344 412.34336948394775
55.942628035128415 -3.1870482754625655 W 55.942628035128415 -3.1873482754625657 604.6797714233398 461.33313846588135
55.942628035128415 -3.1873482754625657 ENE 55.942742840158125 -3.1870711116028123 604.6797714233398 460.08313846588135
55.942742840158125 -3.1870711116028123 WSW 55.942628035128415 -3.1873482754625657 604.6797714233398 458.83313846588135
55.942628035128415 -3.1873482754625657 ENE 55.942742840158125 -3.1870711116028123 604.6797714233398 457.58313846588135
55.942742840158125 -3.1870711116028123 WSW 55.942628035128415 -3.1873482754625657 604.6797714233398 456.33313846588135
55.942628035128415 -3.1873482754625657 ENE 55.942742840158125 -3.1870711116028123 604.6797714233398 455.08313846588135
55.942742840158125 -3.1870711116028123 WSW 55.942628035128415 -3.1873482754625657 604.6797714233398 453.83313846588135
55.942628035128415 -3.1873482754625657 NE 55.94284016716277 -3.18713614342821 696.0021820068359 572.6949319839478
55.94284016716277 -3.18713614342821 SW 55.942628035128415 -3.1873482754625657 696.0021820068359 571.4449319839478
55.942628035128415 -3.1873482754625657 N 55.94292803512842 -3.1873482754625657 696.0021820068359 570.1949319839478
55.94292803512842 -3.1873482754625657 SSE 55.94265087126866 -3.187233470432856 696.0021820068359 568.9449319839478
55.94265087126866 -3.187233470432856 NNW 55.94292803512842 -3.1873482754625657 696.0021820068359 567.6949319839478
55.94292803512842 -3.1873482754625657 SE 55.94271590309406 -3.18713614342821 696.0021820068359 566.4449319839478
