55.944425 -3.188396 NW 55.94463713203436 -3.188608132034356 0.0 248.75
55.94463713203436 -3.188608132034356 NW 55.944849264068715 -3.1888202640687116 0.0 247.5
55.944849264068715 -3.1888202640687116 NW 55.94506139610307 -3.1890323961030673 0.0 246.25
55.94506139610307 -3.1890323961030673 NNW 55.94533855996283 -3.189147201132777 0.0 245.0
55.94533855996283 -3.189147201132777 NNW 55.945615723822584 -3.1892620061624863 0.0 243.75
55.945615723822584 -3.1892620061624863 N 55.94591572382259 -3.1892620061624863 0.0 242.5
55.94591572382259 -3.1892620061624863 N 55.94621572382259 -3.1892620061624863 103.65360260009766 357.99578857421875
55.94621572382259 -3.1892620061624863 S 55.94591572382259 -3.1892620061624863 103.65360260009766 356.74578857421875
55.94591572382259 -3.1892620061624863 S 55.945615723822584 -3.1892620061624863 103.65360260009766 355.49578857421875
55.945615723822584 -3.1892620061624863 S 55.94531572382258 -3.1892620061624863 103.65360260009766 354.24578857421875
55.94531572382258 -3.1892620061624863 SSW 55.945038559962825 -3.189376811192196 129.3526210784912 440.32213592529297
55.945038559962825 -3.189376811192196 WSW 55.944923754933114 -3.1896539750519493 130.12582159042358 562.4004669189453
55.944923754933114 -3.1896539750519493 SW 55.94471162289876 -3.189866107086305 130.12582159042358 561.1504669189453
55.94471162289876 -3.189866107086305 SW 55.9444994908644 -3.190078239120661 130.12582159042358 559.9004669189453
55.9444994908644 -3.190078239120661 SW 55.944287358830046 -3.1902903711550166 233.89328527450562 634.2332153320312
55.944287358830046 -3.1902903711550166 W 55.944287358830046 -3.1905903711550168 233.89328527450562 632.9832153320312
55.944287358830046 -3.1905903711550168 SW 55.94407522679569 -3.1908025031893725 341.06912755966187 688.1791572570801
55.94407522679569 -3.1908025031893725 NNW 55.944352390655446 -3.190917308219082 452.7754111289978 704.2537174224854
55.944352390655446 -3.190917308219082 NNE 55.9446295545152 -3.1908025031893725 452.7754111289978 703.0037174224854
55.9446295545152 -3.1908025031893725 NNE 55.94490671837496 -3.190687698159663 536.9464240074158 760.9413890838623
55.94490671837496 -3.190687698159663 W 55.94490671837496 -3.190987698159663 536.9464240074158 759.6913890838623
55.94490671837496 -3.190987698159663 WSW 55.94479191334525 -3.1912648620194166 649.39532995224 760.0902323722839
55.94479191334525 -3.1912648620194166 SSW 55.94451474948549 -3.191379667049126 700.4892973899841 805.560290813446
55.94451474948549 -3.191379667049126 S 55.94421474948549 -3.191379667049126 700.4892973899841 804.310290813446
55.94421474948549 -3.191379667049126 SSW 55.94393758562573 -3.1914944720788356 784.1561827659607 833.7242331504822
55.94393758562573 -3.1914944720788356 E 55.94393758562573 -3.1911944720788354 784.1561827659607 832.4742331504822
55.94393758562573 -3.1911944720788354 ESE 55.94382278059602 -3.190917308219082 784.1561827659607 831.2242331504822
55.94382278059602 -3.190917308219082 ENE 55.94393758562573 -3.1906401443593286 784.1561827659607 829.9742331504822
55.94393758562573 -3.1906401443593286 SE 55.94372545359138 -3.190428012324973 879.7345824241638 927.0100073814392
55.94372545359138 -3.190428012324973 SE 55.94351332155702 -3.190215880290617 879.7345824241638 925.7600073814392
55.94351332155702 -3.190215880290617 SE 55.943301189522664 -3.1900037482562613 967.0506072044373 1020.9275412559509
55.943301189522664 -3.1900037482562613 NNE 55.94357835338242 -3.189888943226552 1021.9387488365173 1076.328752040863
55.94357835338242 -3.189888943226552 E 55.94357835338242 -3.1895889432265516 1021.9387488365173 1075.078752040863
55.94357835338242 -3.1895889432265516 ENE 55.94369315841213 -3.189311779366798 1021.9387488365173 1073.828752040863
55.94369315841213 -3.189311779366798 ESE 55.94357835338242 -3.189034615507045 1077.929208278656 1105.2047629356384
55.94357835338242 -3.189034615507045 SE 55.943366221348064 -3.188822483472689 1077.929208278656 1103.9547629356384
55.943366221348064 -3.188822483472689 SSE 55.94308905748831 -3.1887076784429795 1178.5163359642029 1160.3331007957458
55.94308905748831 -3.1887076784429795 ENE 55.94320386251802 -3.188430514583226 1191.327889919281 1261.9351210594177
55.94320386251802 -3.188430514583226 E 55.94320386251802 -3.188130514583226 1191.327889919281 1260.6851210594177
55.94320386251802 -3.188130514583226 SE 55.94299173048366 -3.18791838254887 1231.8571105003357 1312.9338011741638
55.94299173048366 -3.18791838254887 ESE 55.94287692545395 -3.1876412186891168 1231.8571105003357 1311.6838011741638
55.94287692545395 -3.1876412186891168 E 55.94287692545395 -3.1873412186891166 1231.8571105003357 1310.4338011741638
55.94287692545395 -3.1873412186891166 E 55.94287692545395 -3.1870412186891164 1249.7554755210876 1335.0414538383484
55.94287692545395 -3.1870412186891164 N 55.943176925453955 -3.1870412186891164 1249.7554755210876 1333.7914538383484
55.943176925453955 -3.1870412186891164 NNE 55.94345408931371 -3.186926413659407 1252.3128879070282 1335.471735239029
55.94345408931371 -3.186926413659407 E 55.94345408931371 -3.1866264136594067 1252.3128879070282 1334.221735239029
55.94345408931371 -3.1866264136594067 E 55.94345408931371 -3.1863264136594065 1252.3128879070282 1332.971735239029
55.94345408931371 -3.1863264136594065 ESE 55.943339284284 -3.186049249799653 1252.3128879070282 1331.721735239029
55.943339284284 -3.186049249799653 E 55.943339284284 -3.185749249799653 1252.3128879070282 1330.471735239029
55.943339284284 -3.185749249799653 ESE 55.94322447925429 -3.1854720859398995 1348.236037015915 1376.5281698703766
55.94322447925429 -3.1854720859398995 E 55.94322447925429 -3.1851720859398993 1348.236037015915 1375.2781698703766
55.94322447925429 -3.1851720859398993 E 55.94322447925429 -3.184872085939899 1348.236037015915 1374.0281698703766
55.94322447925429 -3.184872085939899 E 55.94322447925429 -3.184572085939899 1369.1368186473846 1438.9940512180328
55.94322447925429 -3.184572085939899 NW 55.94343661128865 -3.1847842179742547 1369.1368186473846 1437.7440512180328
55.94343661128865 -3.1847842179742547 NNW 55.9437137751484 -3.184899023003964 1369.1368186473846 1436.4940512180328
55.9437137751484 -3.184899023003964 NNW 55.94399093900816 -3.1850138280336737 1369.1368186473846 1435.2440512180328
55.94399093900816 -3.1850138280336737 NNW 55.944268102867916 -3.1851286330633832 1369.1368186473846 1433.9940512180328
55.944268102867916 -3.1851286330633832 N 55.94456810286792 -3.1851286330633832 1369.1368186473846 1432.7440512180328
55.94456810286792 -3.1851286330633832 N 55.94486810286792 -3.1851286330633832 1369.1368186473846 1431.4940512180328
55.94486810286792 -3.1851286330633832 N 55.945168102867925 -3.1851286330633832 1466.3925483226776 1482.2116339206696
55.945168102867925 -3.1851286330633832 NE 55.94538023490228 -3.1849165010290275 1466.3925483226776 1480.9616339206696
55.94538023490228 -3.1849165010290275 NE 55.94559236693664 -3.1847043689946717 1466.3925483226776 1479.7116339206696
55.94559236693664 -3.1847043689946717 NNE 55.945869530796394 -3.184589563964962 1581.4540946483612 1599.3267920017242
55.945869530796394 -3.184589563964962 W 55.945869530796394 -3.1848895639649624 1581.4540946483612 1598.0767920017242
55.945869530796394 -3.1848895639649624 W 55.945869530796394 -3.1851895639649626 1581.4540946483612 1596.8267920017242
55.945869530796394 -3.1851895639649626 WNW 55.945984335826104 -3.185466727824716 1609.8474414348602 1642.114156961441
55.945984335826104 -3.185466727824716 SW 55.94577220379175 -3.1856788598590717 1609.8474414348602 1640.864156961441
55.94577220379175 -3.1856788598590717 SSW 55.94549503993199 -3.1857936648887812 1609.8474414348602 1639.614156961441
55.94549503993199 -3.1857936648887812 SSW 55.945217876072235 -3.1859084699184907 1625.419097661972 1725.2013838291168
55.945217876072235 -3.1859084699184907 SSW 55.94494071221248 -3.1860232749482003 1625.419097661972 1723.9513838291168
55.94494071221248 -3.1860232749482003 SSW 55.94466354835272 -3.1861380799779098 1625.419097661972 1722.7013838291168
55.94466354835272 -3.1861380799779098 SW 55.944451416318365 -3.1863502120122655 1729.6907804012299 1721.598858639598
55.944451416318365 -3.1863502120122655 NNW 55.94472858017812 -3.186465017041975 1729.6907804012299 1720.348858639598
55.94472858017812 -3.186465017041975 W 55.94472858017812 -3.1867650170419752 1790.1183927059174 1804.1584899872541
55.94472858017812 -3.1867650170419752 N 55.945028580178125 -3.1867650170419752 1897.6560513973236 1829.7150085419416
55.945028580178125 -3.1867650170419752 WNW 55.945143385207835 -3.1870421809017286 1915.0024869441986 1915.6746414154768
55.945143385207835 -3.1870421809017286 WSW 55.945028580178125 -3.187319344761482 1915.0024869441986 1914.4246414154768
55.945028580178125 -3.187319344761482 WSW 55.944913775148414 -3.1875965086212354 1915.0024869441986 1913.1746414154768
55.944913775148414 -3.1875965086212354 SW 55.94470164311406 -3.187808640655591 1957.1046788692474 2001.2430923432112
55.94470164311406 -3.187808640655591 N 55.94500164311406 -3.187808640655591 1957.1046788692474 1999.9930923432112
55.94500164311406 -3.187808640655591 N 55.945301643114064 -3.187808640655591 1957.1046788692474 1998.7430923432112
55.945301643114064 -3.187808640655591 NNE 55.94557880697382 -3.1876938356258817 2067.9662816524506 2102.703984066844
55.94557880697382 -3.1876938356258817 N 55.94587880697382 -3.1876938356258817 2067.9662816524506 2101.453984066844
55.94587880697382 -3.1876938356258817 NNE 55.94615597083358 -3.187579030596172 2157.184520483017 2199.9328124970198
55.94615597083358 -3.187579030596172 W 55.94615597083358 -3.1878790305961724 2157.184520483017 2198.6828124970198
55.94615597083358 -3.1878790305961724 SE 55.945943838799224 -3.1876668985618166 2157.184520483017 2197.4328124970198
55.945943838799224 -3.1876668985618166 NNE 55.94622100265898 -3.187552093532107 2209.3632695674896 2316.1464431732893
55.94622100265898 -3.187552093532107 S 55.94592100265898 -3.187552093532107 2209.3632695674896 2314.8964431732893
55.94592100265898 -3.187552093532107 NNE 55.946198166518734 -3.1874372885023976 2330.8039815425873 2401.64944152534
55.946198166518734 -3.1874372885023976 ESE 55.94608336148902 -3.187160124642644 2330.8039815425873 2400.39944152534
55.94608336148902 -3.187160124642644 WNW 55.946198166518734 -3.1874372885023976 2330.8039815425873 2399.14944152534
55.946198166518734 -3.1874372885023976 SW 55.94598603448438 -3.1876494205367534 2330.8039815425873 2397.89944152534
55.94598603448438 -3.1876494205367534 S 55.945686034484375 -3.1876494205367534 2330.8039815425873 2396.64944152534
55.945686034484375 -3.1876494205367534 SSW 55.94540887062462 -3.187764225566463 2330.8039815425873 2395.39944152534
55.94540887062462 -3.187764225566463 NW 55.945621002658974 -3.1879763576008187 2330.8039815425873 2394.14944152534
55.945621002658974 -3.1879763576008187 E 55.945621002658974 -3.1876763576008185 2330.8039815425873 2392.89944152534
55.945621002658974 -3.1876763576008185 ESE 55.945506197629264 -3.187399193741065 2330.8039815425873 2391.64944152534
55.945506197629264 -3.187399193741065 NE 55.94571832966362 -3.1871870617067093 2330.8039815425873 2390.39944152534
55.94571832966362 -3.1871870617067093 SW 55.945506197629264 -3.187399193741065 2330.8039815425873 2389.14944152534
55.945506197629264 -3.187399193741065 NW 55.94571832966362 -3.187611325775421 2330.8039815425873 2387.89944152534
55.94571832966362 -3.187611325775421 NNE 55.94599549352338 -3.1874965207457113 2330.8039815425873 2386.64944152534
55.94599549352338 -3.1874965207457113 WSW 55.945880688493666 -3.1877736846054647 2330.8039815425873 2385.39944152534
55.945880688493666 -3.1877736846054647 NNW 55.94615785235342 -3.1878884896351742 2330.8039815425873 2384.14944152534
55.94615785235342 -3.1878884896351742 S 55.94585785235342 -3.1878884896351742 2330.8039815425873 2382.89944152534
55.94585785235342 -3.1878884896351742 SE 55.945645720319064 -3.1876763576008185 2330.8039815425873 2381.64944152534
55.945645720319064 -3.1876763576008185 SW 55.94543358828471 -3.1878884896351742 2330.8039815425873 2380.39944152534
55.94543358828471 -3.1878884896351742 SSW 55.94515642442495 -3.1880032946648837 2330.8039815425873 2379.14944152534
55.94515642442495 -3.1880032946648837 SSE 55.944879260565195 -3.1878884896351742 2330.8039815425873 2377.89944152534
55.944879260565195 -3.1878884896351742 NE 55.94509139259955 -3.1876763576008185 2330.8039815425873 2376.64944152534
55.94509139259955 -3.1876763576008185 NNE 55.94536855645931 -3.187561552571109 2330.8039815425873 2375.39944152534
55.94536855645931 -3.187561552571109 S 55.945068556459304 -3.187561552571109 2330.8039815425873 2374.14944152534
55.945068556459304 -3.187561552571109 NNE 55.94534572031906 -3.1874467475413994 2330.8039815425873 2372.89944152534
55.94534572031906 -3.1874467475413994 NW 55.94555785235342 -3.187658879575755 2330.8039815425873 2371.64944152534
55.94555785235342 -3.187658879575755 NNW 55.945835016213174 -3.1877736846054647 2330.8039815425873 2370.39944152534
55.945835016213174 -3.1877736846054647 NE 55.94604714824753 -3.187561552571109 2330.8039815425873 2369.14944152534
55.94604714824753 -3.187561552571109 WSW 55.94593234321782 -3.1878387164308624 2330.8039815425873 2367.89944152534
55.94593234321782 -3.1878387164308624 E 55.94593234321782 -3.187538716430862 2330.8039815425873 2366.64944152534
55.94593234321782 -3.187538716430862 N 55.94623234321782 -3.187538716430862 2330.8039815425873 2365.39944152534
55.94623234321782 -3.187538716430862 WSW 55.94611753818811 -3.1878158802906156 2330.8039815425873 2364.14944152534
55.94611753818811 -3.1878158802906156 S 55.94581753818811 -3.1878158802906156 2330.8039815425873 2362.89944152534
55.94581753818811 -3.1878158802906156 E 55.94581753818811 -3.1875158802906154 2330.8039815425873 2361.64944152534
55.94581753818811 -3.1875158802906154 S 55.945517538188106 -3.1875158802906154 2330.8039815425873 2360.39944152534
55.945517538188106 -3.1875158802906154 WNW 55.94563234321782 -3.187793044150369 2330.8039815425873 2359.14944152534
55.94563234321782 -3.187793044150369 NE 55.94584447525217 -3.187580912116013 2330.8039815425873 2357.89944152534
55.94584447525217 -3.187580912116013 E 55.94584447525217 -3.187280912116013 2330.8039815425873 2356.64944152534
55.94584447525217 -3.187280912116013 W 55.94584447525217 -3.187580912116013 2330.8039815425873 2355.39944152534
55.94584447525217 -3.187580912116013 ESE 55.94572967022246 -3.1873037482562596 2330.8039815425873 2354.14944152534
55.94572967022246 -3.1873037482562596 NW 55.94594180225682 -3.1875158802906154 2330.8039815425873 2352.89944152534
55.94594180225682 -3.1875158802906154 E 55.94594180225682 -3.187215880290615 2330.8039815425873 2351.64944152534
55.94594180225682 -3.187215880290615 W 55.94594180225682 -3.1875158802906154 2330.8039815425873 2350.39944152534
55.94594180225682 -3.1875158802906154 SSE 55.94566463839706 -3.187401075260906 2330.8039815425873 2349.14944152534
55.94566463839706 -3.187401075260906 S 55.94536463839706 -3.187401075260906 2330.8039815425873 2347.89944152534
55.94536463839706 -3.187401075260906 NW 55.945576770431416 -3.1876132072952617 2330.8039815425873 2346.64944152534
55.945576770431416 -3.1876132072952617 NNE 55.94585393429117 -3.187498402265552 2330.8039815425873 2345.39944152534
55.94585393429117 -3.187498402265552 SE 55.945641802256816 -3.1872862702311964 2330.8039815425873 2344.14944152534
55.945641802256816 -3.1872862702311964 N 55.94594180225682 -3.1872862702311964 2330.8039815425873 2342.89944152534
55.94594180225682 -3.1872862702311964 NE 55.946153934291175 -3.1870741381968406 2330.8039815425873 2341.64944152534
55.946153934291175 -3.1870741381968406 W 55.946153934291175 -3.187374138196841 2330.8039815425873 2340.39944152534
55.946153934291175 -3.187374138196841 S 55.94585393429117 -3.187374138196841 2330.8039815425873 2339.14944152534
55.94585393429117 -3.187374138196841 N 55.946153934291175 -3.187374138196841 2330.8039815425873 2337.89944152534
55.946153934291175 -3.187374138196841 SSE 55.94587677043142 -3.1872593331671313 2330.8039815425873 2336.64944152534
55.94587677043142 -3.1872593331671313 N 55.94617677043142 -3.1872593331671313 2330.8039815425873 2335.39944152534
55.94617677043142 -3.1872593331671313 WSW 55.94606196540171 -3.1875364970268847 2330.8039815425873 2334.14944152534
55.94606196540171 -3.1875364970268847 ENE 55.94617677043142 -3.1872593331671313 2330.8039815425873 2332.89944152534
55.94617677043142 -3.1872593331671313 ESE 55.94606196540171 -3.186982169307378 2330.8039815425873 2331.64944152534
55.94606196540171 -3.186982169307378 ESE 55.945947160372 -3.1867050054476245 2330.8039815425873 2330.39944152534
55.945947160372 -3.1867050054476245 SW 55.945735028337644 -3.1869171374819802 2330.8039815425873 2329.14944152534
55.945735028337644 -3.1869171374819802 ESE 55.945620223307934 -3.186639973622227 2330.8039815425873 2327.89944152534
55.945620223307934 -3.186639973622227 ESE 55.94550541827822 -3.1863628097624734 2330.8039815425873 2326.64944152534
55.94550541827822 -3.1863628097624734 N 55.945805418278226 -3.1863628097624734 2330.8039815425873 2325.39944152534
55.945805418278226 -3.1863628097624734 S 55.94550541827822 -3.1863628097624734 2330.8039815425873 2324.14944152534
55.94550541827822 -3.1863628097624734 ESE 55.94539061324851 -3.18608564590272 2330.8039815425873 2322.89944152534
55.94539061324851 -3.18608564590272 W 55.94539061324851 -3.18638564590272 2330.8039815425873 2321.64944152534
55.94539061324851 -3.18638564590272 WSW 55.9452758082188 -3.1866628097624736 2330.8039815425873 2320.39944152534
55.9452758082188 -3.1866628097624736 SSW 55.944998644359046 -3.186777614792183 2330.8039815425873 2319.14944152534
55.944998644359046 -3.186777614792183 NW 55.9452107763934 -3.186989746826539 2330.8039815425873 2317.89944152534
55.9452107763934 -3.186989746826539 N 55.945510776393405 -3.186989746826539 2330.8039815425873 2316.64944152534
55.945510776393405 -3.186989746826539 ENE 55.945625581423116 -3.1867125829667855 2330.8039815425873 2315.39944152534
55.945625581423116 -3.1867125829667855 NNW 55.94590274528287 -3.186827387996495 2330.8039815425873 2314.14944152534
55.94590274528287 -3.186827387996495 NNE 55.94617990914263 -3.1867125829667855 2330.8039815425873 2312.89944152534
55.94617990914263 -3.1867125829667855 SSW 55.94590274528287 -3.186827387996495 2330.8039815425873 2311.64944152534
55.94590274528287 -3.186827387996495 NW 55.94611487731723 -3.187039520030851 2330.8039815425873 2310.39944152534
55.94611487731723 -3.187039520030851 WSW 55.94600007228752 -3.187316683890604 2330.8039815425873 2309.14944152534
55.94600007228752 -3.187316683890604 ESE 55.94588526725781 -3.187039520030851 2330.8039815425873 2307.89944152534
55.94588526725781 -3.187039520030851 ESE 55.9457704622281 -3.1867623561710974 2330.8039815425873 2306.64944152534
55.9457704622281 -3.1867623561710974 NW 55.94598259426245 -3.186974488205453 2330.8039815425873 2305.39944152534
55.94598259426245 -3.186974488205453 WSW 55.94586778923274 -3.1872516520652066 2330.8039815425873 2304.14944152534
55.94586778923274 -3.1872516520652066 SSW 55.945590625372986 -3.187366457094916 2330.8039815425873 2302.89944152534
55.945590625372986 -3.187366457094916 N 55.94589062537299 -3.187366457094916 2330.8039815425873 2301.64944152534
55.94589062537299 -3.187366457094916 SSW 55.94561346151323 -3.1874812621246256 2330.8039815425873 2300.39944152534
55.94561346151323 -3.1874812621246256 W 55.94561346151323 -3.1877812621246258 2330.8039815425873 2299.14944152534
55.94561346151323 -3.1877812621246258 SE 55.94540132947888 -3.18756913009027 2330.8039815425873 2297.89944152534
55.94540132947888 -3.18756913009027 SW 55.94518919744452 -3.1877812621246258 2330.8039815425873 2296.64944152534
55.94518919744452 -3.1877812621246258 N 55.94548919744452 -3.1877812621246258 2330.8039815425873 2295.39944152534
55.94548919744452 -3.1877812621246258 WSW 55.94537439241481 -3.188058425984379 2330.8039815425873 2294.14944152534
55.94537439241481 -3.188058425984379 SSE 55.945097228555056 -3.1879436209546697 2330.8039815425873 2292.89944152534
55.945097228555056 -3.1879436209546697 WSW 55.944982423525346 -3.188220784814423 2330.8039815425873 2291.64944152534
55.944982423525346 -3.188220784814423 SW 55.94477029149099 -3.188432916848779 2330.8039815425873 2290.39944152534
55.94477029149099 -3.188432916848779 SSE 55.94449312763123 -3.1883181118190693 2330.8039815425873 2289.14944152534
55.94449312763123 -3.1883181118190693 NNW 55.94477029149099 -3.188432916848779 2330.8039815425873 2287.89944152534
55.94477029149099 -3.188432916848779 S 55.94447029149099 -3.188432916848779 2330.8039815425873 2286.64944152534
55.94447029149099 -3.188432916848779 SSW 55.94419312763123 -3.1885477218784883 2330.8039815425873 2285.39944152534
55.94419312763123 -3.1885477218784883 SE 55.943980995596874 -3.1883355898441326 2330.8039815425873 2284.14944152534
55.943980995596874 -3.1883355898441326 WSW 55.943866190567164 -3.188612753703886 2330.8039815425873 2282.89944152534
55.943866190567164 -3.188612753703886 WNW 55.943980995596874 -3.1888899175636394 2330.8039815425873 2281.64944152534
55.943980995596874 -3.1888899175636394 N 55.94428099559688 -3.1888899175636394 2330.8039815425873 2280.39944152534
55.94428099559688 -3.1888899175636394 E 55.94428099559688 -3.188589917563639 2330.8039815425873 2279.14944152534
55.94428099559688 -3.188589917563639 WSW 55.94416619056717 -3.1888670814233926 2330.8039815425873 2277.89944152534
55.94416619056717 -3.1888670814233926 SSW 55.94388902670741 -3.188981886453102 2330.8039815425873 2276.64944152534
55.94388902670741 -3.188981886453102 NE 55.944101158741766 -3.1887697544187463 2330.8039815425873 2275.39944152534
55.944101158741766 -3.1887697544187463 ENE 55.94421596377148 -3.188492590558993 2330.8039815425873 2274.14944152534
55.94421596377148 -3.188492590558993 S 55.943915963771474 -3.188492590558993 2330.8039815425873 2272.89944152534
55.943915963771474 -3.188492590558993 W 55.943915963771474 -3.188792590558993 2330.8039815425873 2271.64944152534
55.943915963771474 -3.188792590558993 NNW 55.94419312763123 -3.1889073955887026 2330.8039815425873 2270.39944152534
55.94419312763123 -3.1889073955887026 S 55.94389312763123 -3.1889073955887026 2330.8039815425873 2269.14944152534
55.94389312763123 -3.1889073955887026 NE 55.944105259665584 -3.188695263554347 2330.8039815425873 2267.89944152534
55.944105259665584 -3.188695263554347 SE 55.94389312763123 -3.188483131519991 2330.8039815425873 2266.64944152534
55.94389312763123 -3.188483131519991 SW 55.94368099559687 -3.188695263554347 2330.8039815425873 2265.39944152534
55.94368099559687 -3.188695263554347 ENE 55.94379580062658 -3.1884180996945934 2330.8039815425873 2264.14944152534
55.94379580062658 -3.1884180996945934 W 55.94379580062658 -3.1887180996945936 2330.8039815425873 2262.89944152534
55.94379580062658 -3.1887180996945936 NNW 55.94407296448634 -3.188832904724303 2330.8039815425873 2261.64944152534
55.94407296448634 -3.188832904724303 SSW 55.94379580062658 -3.1889477097540126 2330.8039815425873 2260.39944152534
55.94379580062658 -3.1889477097540126 WSW 55.94368099559687 -3.189224873613766 2330.8039815425873 2259.14944152534
55.94368099559687 -3.189224873613766 SSE 55.943403831737115 -3.1891100685840565 2330.8039815425873 2257.89944152534
55.943403831737115 -3.1891100685840565 SE 55.94319169970276 -3.1888979365497008 2330.8039815425873 2256.64944152534
55.94319169970276 -3.1888979365497008 NE 55.943403831737115 -3.188685804515345 2330.8039815425873 2255.39944152534
55.943403831737115 -3.188685804515345 E 55.943403831737115 -3.188385804515345 2330.8039815425873 2254.14944152534
55.943403831737115 -3.188385804515345 SE 55.94319169970276 -3.188173672480989 2330.8039815425873 2252.89944152534
55.94319169970276 -3.188173672480989 WNW 55.94330650473247 -3.1884508363407424 2330.8039815425873 2251.64944152534
55.94330650473247 -3.1884508363407424 E 55.94330650473247 -3.1881508363407423 2330.8039815425873 2250.39944152534
55.94330650473247 -3.1881508363407423 SSE 55.94302934087271 -3.1880360313110327 2330.8039815425873 2249.14944152534
55.94302934087271 -3.1880360313110327 SSW 55.942752177012956 -3.1881508363407423 2330.8039815425873 2247.89944152534
55.942752177012956 -3.1881508363407423 E 55.942752177012956 -3.187850836340742 2330.8039815425873 2246.64944152534
55.942752177012956 -3.187850836340742 ESE 55.942637371983245 -3.1875736724809887 2330.8039815425873 2245.39944152534
55.942637371983245 -3.1875736724809887 ENE 55.942752177012956 -3.1872965086212353 2330.8039815425873 2244.14944152534
55.942752177012956 -3.1872965086212353 NNE 55.94302934087271 -3.1871817035915257 2330.8039815425873 2242.89944152534
55.94302934087271 -3.1871817035915257 N 55.943329340872715 -3.1871817035915257 2330.8039815425873 2241.64944152534
55.943329340872715 -3.1871817035915257 SSE 55.94305217701296 -3.1870668985618162 2330.8039815425873 2240.39944152534
55.94305217701296 -3.1870668985618162 NNE 55.943329340872715 -3.1869520935321067 2330.8039815425873 2239.14944152534
55.943329340872715 -3.1869520935321067 ENE 55.943444145902426 -3.1866749296723533 2330.8039815425873 2237.89944152534
55.943444145902426 -3.1866749296723533 W 55.943444145902426 -3.1869749296723535 2330.8039815425873 2236.64944152534
55.943444145902426 -3.1869749296723535 SW 55.94323201386807 -3.1871870617067093 2330.8039815425873 2235.39944152534
55.94323201386807 -3.1871870617067093 NE 55.943444145902426 -3.1869749296723535 2330.8039815425873 2234.14944152534
55.943444145902426 -3.1869749296723535 SSE 55.94316698204267 -3.186860124642644 2330.8039815425873 2232.89944152534
55.94316698204267 -3.186860124642644 S 55.942866982042666 -3.186860124642644 2330.8039815425873 2231.64944152534
55.942866982042666 -3.186860124642644 ESE 55.942752177012956 -3.1865829607828906 2330.8039815425873 2230.39944152534
55.942752177012956 -3.1865829607828906 ENE 55.942866982042666 -3.186305796923137 2330.8039815425873 2229.14944152534
55.942866982042666 -3.186305796923137 ESE 55.942752177012956 -3.186028633063384 2330.8039815425873 2227.89944152534
55.942752177012956 -3.186028633063384 WNW 55.942866982042666 -3.186305796923137 2330.8039815425873 2226.64944152534
55.942866982042666 -3.186305796923137 SW 55.94265485000831 -3.186517928957493 2330.8039815425873 2225.39944152534
55.94265485000831 -3.186517928957493 NW 55.942866982042666 -3.1867300609918487 2330.8039815425873 2224.14944152534
55.942866982042666 -3.1867300609918487 NW 55.94307911407702 -3.1869421930262045 2330.8039815425873 2222.89944152534
55.94307911407702 -3.1869421930262045 WNW 55.94319391910673 -3.187219356885958 2330.8039815425873 2221.64944152534
55.94319391910673 -3.187219356885958 ENE 55.94330872413644 -3.1869421930262045 2330.8039815425873 2220.39944152534
55.94330872413644 -3.1869421930262045 E 55.94330872413644 -3.1866421930262043 2330.8039815425873 2219.14944152534
55.94330872413644 -3.1866421930262043 S 55.94300872413644 -3.1866421930262043 2330.8039815425873 2217.89944152534
55.94300872413644 -3.1866421930262043 SE 55.942796592102084 -3.1864300609918486 2330.8039815425873 2216.64944152534
55.942796592102084 -3.1864300609918486 NE 55.94300872413644 -3.186217928957493 2330.8039815425873 2215.39944152534
55.94300872413644 -3.186217928957493 WNW 55.94312352916615 -3.186495092817246 2330.8039815425873 2214.14944152534
55.94312352916615 -3.186495092817246 N 55.943423529166154 -3.186495092817246 2330.8039815425873 2212.89944152534
55.943423529166154 -3.186495092817246 SSW 55.9431463653064 -3.1866098978469557 2330.8039815425873 2211.64944152534
55.9431463653064 -3.1866098978469557 SSW 55.94286920144664 -3.186724702876665 2330.8039815425873 2210.39944152534
55.94286920144664 -3.186724702876665 NW 55.943081333481 -3.186936834911021 2330.8039815425873 2209.14944152534
55.943081333481 -3.186936834911021 W 55.943081333481 -3.187236834911021 2330.8039815425873 2207.89944152534
55.943081333481 -3.187236834911021 WSW 55.94296652845129 -3.1875139987707746 2330.8039815425873 2206.64944152534
55.94296652845129 -3.1875139987707746 NE 55.94317866048564 -3.187301866736419 2330.8039815425873 2205.39944152534
55.94317866048564 -3.187301866736419 S 55.94287866048564 -3.187301866736419 2330.8039815425873 2204.14944152534
55.94287866048564 -3.187301866736419 WNW 55.94299346551535 -3.187579030596172 2330.8039815425873 2202.89944152534
55.94299346551535 -3.187579030596172 ESE 55.94287866048564 -3.187301866736419 2330.8039815425873 2201.64944152534
55.94287866048564 -3.187301866736419 ENE 55.94299346551535 -3.1870247028766654 2330.8039815425873 2200.39944152534
