55.944425 -3.188396 E 55.944425 -3.188096 0.0 248.75
55.944425 -3.188096 W 55.944425 -3.188396 0.0 247.5
55.944425 -3.188396 ESE 55.94431019497029 -3.1881188361402466 124.48780822753906 284.30812072753906
55.94431019497029 -3.1881188361402466 WNW 55.944425 -3.188396 124.48780822753906 283.05812072753906
55.944425 -3.188396 SE 55.944212867965646 -3.1881838679656442 124.48780822753906 281.80812072753906
55.944212867965646 -3.1881838679656442 NW 55.944425 -3.188396 124.48780822753906 280.55812072753906
55.944425 -3.188396 ESE 55.94431019497029 -3.1881188361402466 124.48780822753906 279.30812072753906
55.94431019497029 -3.1881188361402466 SSE 55.944033031110536 -3.188004031110537 124.48780822753906 278.05812072753906
55.944033031110536 -3.188004031110537 NNW 55.94431019497029 -3.1881188361402466 124.48780822753906 276.80812072753906
55.94431019497029 -3.1881188361402466 S 55.94401019497029 -3.1881188361402466 124.48780822753906 275.55812072753906
55.94401019497029 -3.1881188361402466 ENE 55.944125 -3.187841672280493 124.48780822753906 274.30812072753906
55.944125 -3.187841672280493 WSW 55.94401019497029 -3.1881188361402466 124.48780822753906 273.05812072753906
55.94401019497029 -3.1881188361402466 NNW 55.944287358830046 -3.188233641169956 124.48780822753906 271.80812072753906
55.944287358830046 -3.188233641169956 SW 55.94407522679569 -3.188445773204312 124.48780822753906 270.55812072753906
55.94407522679569 -3.188445773204312 ENE 55.9441900318254 -3.1881686093445585 124.48780822753906 269.30812072753906
55.9441900318254 -3.1881686093445585 WSW 55.94407522679569 -3.188445773204312 124.48780822753906 268.05812072753906
55.94407522679569 -3.188445773204312 WNW 55.9441900318254 -3.1887229370640653 197.10877227783203 361.02333068847656
55.9441900318254 -3.1887229370640653 E 55.9441900318254 -3.188422937064065 197.10877227783203 359.77333068847656
55.9441900318254 -3.188422937064065 W 55.9441900318254 -3.1887229370640653 197.10877227783203 358.52333068847656
55.9441900318254 -3.1887229370640653 E 55.9441900318254 -3.188422937064065 197.10877227783203 357.27333068847656
55.9441900318254 -3.188422937064065 NNW 55.94446719568516 -3.1885377420937746 276.9241409301758 468.78932189941406
55.94446719568516 -3.1885377420937746 S 55.944167195685154 -3.1885377420937746 354.7827682495117 555.5978851318359
55.944167195685154 -3.1885377420937746 S 55.94386719568515 -3.1885377420937746 354.7827682495117 554.3478851318359
55.94386719568515 -3.1885377420937746 N 55.944167195685154 -3.1885377420937746 354.7827682495117 553.0978851318359
55.944167195685154 -3.1885377420937746 S 55.94386719568515 -3.1885377420937746 354.7827682495117 551.8478851318359
55.94386719568515 -3.1885377420937746 WSW 55.94375239065544 -3.188814905953528 354.7827682495117 550.5978851318359
55.94375239065544 -3.188814905953528 ENE 55.94386719568515 -3.1885377420937746 354.7827682495117 549.3478851318359
55.94386719568515 -3.1885377420937746 WSW 55.94375239065544 -3.188814905953528 354.7827682495117 548.0978851318359
55.94375239065544 -3.188814905953528 ESE 55.94363758562573 -3.1885377420937746 354.7827682495117 546.8478851318359
55.94363758562573 -3.1885377420937746 WNW 55.94375239065544 -3.188814905953528 354.7827682495117 545.5978851318359
55.94375239065544 -3.188814905953528 SE 55.943540258621084 -3.1886027739191722 354.7827682495117 544.3478851318359
55.943540258621084 -3.1886027739191722 NE 55.94375239065544 -3.1883906418848165 354.7827682495117 543.0978851318359
55.94375239065544 -3.1883906418848165 SSW 55.943475226795684 -3.188505446914526 354.7827682495117 541.8478851318359
55.943475226795684 -3.188505446914526 N 55.94377522679569 -3.188505446914526 354.7827682495117 540.5978851318359
55.94377522679569 -3.188505446914526 S 55.943475226795684 -3.188505446914526 354.7827682495117 539.3478851318359
55.943475226795684 -3.188505446914526 S 55.94317522679568 -3.188505446914526 354.7827682495117 538.0978851318359
55.94317522679568 -3.188505446914526 NNW 55.94345239065544 -3.1886202519442355 354.7827682495117 536.8478851318359
55.94345239065544 -3.1886202519442355 W 55.94345239065544 -3.1889202519442357 354.7827682495117 535.5978851318359
55.94345239065544 -3.1889202519442357 NW 55.943664522689794 -3.1891323839785914 354.7827682495117 534.3478851318359
55.943664522689794 -3.1891323839785914 SE 55.94345239065544 -3.1889202519442357 354.7827682495117 533.0978851318359
55.94345239065544 -3.1889202519442357 SW 55.94324025862108 -3.1891323839785914 438.63841247558594 631.5324325561523
55.94324025862108 -3.1891323839785914 NNE 55.94351742248084 -3.189017578948882 438.63841247558594 630.2824325561523
55.94351742248084 -3.189017578948882 WSW 55.94340261745113 -3.1892947428086353 438.63841247558594 629.0324325561523
55.94340261745113 -3.1892947428086353 WSW 55.94328781242142 -3.1895719066683887 465.0636043548584 639.259147644043
55.94328781242142 -3.1895719066683887 ENE 55.94340261745113 -3.1892947428086353 465.0636043548584 638.009147644043
55.94340261745113 -3.1892947428086353 WSW 55.94328781242142 -3.1895719066683887 465.0636043548584 636.759147644043
55.94328781242142 -3.1895719066683887 ENE 55.94340261745113 -3.1892947428086353 465.0636043548584 635.509147644043
55.94340261745113 -3.1892947428086353 WSW 55.94328781242142 -3.1895719066683887 465.0636043548584 634.259147644043
55.94328781242142 -3.1895719066683887 ENE 55.94340261745113 -3.1892947428086353 465.0636043548584 633.009147644043
55.94340261745113 -3.1892947428086353 WSW 55.94328781242142 -3.1895719066683887 465.0636043548584 631.759147644043
55.94328781242142 -3.1895719066683887 WSW 55.94317300739171 -3.189849070528142 465.0636043548584 630.509147644043
55.94317300739171 -3.189849070528142 ENE 55.94328781242142 -3.1895719066683887 465.0636043548584 629.259147644043
55.94328781242142 -3.1895719066683887 WSW 55.94317300739171 -3.189849070528142 465.0636043548584 628.009147644043
55.94317300739171 -3.189849070528142 ESE 55.943058202361996 -3.1895719066683887 559.0339794158936 751.4599838256836
55.943058202361996 -3.1895719066683887 WNW 55.94317300739171 -3.189849070528142 559.0339794158936 750.2099838256836
55.94317300739171 -3.189849070528142 SSE 55.94289584353195 -3.1897342654984326 580.65505027771 819.9435043334961
55.94289584353195 -3.1897342654984326 NNW 55.94317300739171 -3.189849070528142 580.65505027771 818.6935043334961
55.94317300739171 -3.189849070528142 SSE 55.94289584353195 -3.1897342654984326 580.65505027771 817.4435043334961
55.94289584353195 -3.1897342654984326 SSW 55.942618679672194 -3.189849070528142 580.65505027771 816.1935043334961
55.942618679672194 -3.189849070528142 NNW 55.94289584353195 -3.1899638755578517 580.65505027771 814.9435043334961
55.94289584353195 -3.1899638755578517 SSE 55.942618679672194 -3.189849070528142 580.65505027771 813.6935043334961
55.942618679672194 -3.189849070528142 NNW 55.94289584353195 -3.1899638755578517 580.65505027771 812.4435043334961
55.94289584353195 -3.1899638755578517 SSE 55.942618679672194 -3.189849070528142 580.65505027771 811.1935043334961
55.942618679672194 -3.189849070528142 WNW 55.942733484701904 -3.1901262343878956 595.6914100646973 863.3428535461426
55.942733484701904 -3.1901262343878956 E 55.942733484701904 -3.1898262343878954 600.7252864837646 924.1744155883789
55.942733484701904 -3.1898262343878954 NNE 55.94301064856166 -3.189711429358186 610.6165828704834 1020.6555099487305
55.94301064856166 -3.189711429358186 S 55.94271064856166 -3.189711429358186 610.6165828704834 1019.4055099487305
55.94271064856166 -3.189711429358186 NE 55.942922780596014 -3.18949929732383 610.6165828704834 1018.1555099487305
55.942922780596014 -3.18949929732383 SE 55.94271064856166 -3.1892871652894743 610.6165828704834 1016.9055099487305
55.94271064856166 -3.1892871652894743 NW 55.942922780596014 -3.18949929732383 610.6165828704834 1015.6555099487305
55.942922780596014 -3.18949929732383 ENE 55.943037585625724 -3.1892221334640767 610.6165828704834 1014.4055099487305
55.943037585625724 -3.1892221334640767 W 55.943037585625724 -3.189522133464077 610.6165828704834 1013.1555099487305
55.943037585625724 -3.189522133464077 ENE 55.943152390655435 -3.1892449696043235 733.9313564300537 1055.8988189697266
55.943152390655435 -3.1892449696043235 SW 55.94294025862108 -3.1894571016386792 845.8194332122803 1068.8670272827148
55.94294025862108 -3.1894571016386792 NE 55.943152390655435 -3.1892449696043235 845.8194332122803 1067.6170272827148
55.943152390655435 -3.1892449696043235 SE 55.94294025862108 -3.1890328375699677 845.8194332122803 1066.3670272827148
55.94294025862108 -3.1890328375699677 NW 55.943152390655435 -3.1892449696043235 845.8194332122803 1065.1170272827148
55.943152390655435 -3.1892449696043235 SE 55.94294025862108 -3.1890328375699677 845.8194332122803 1063.8670272827148
55.94294025862108 -3.1890328375699677 ENE 55.94305506365079 -3.1887556737102143 845.8194332122803 1062.6170272827148
55.94305506365079 -3.1887556737102143 WSW 55.94294025862108 -3.1890328375699677 845.8194332122803 1061.3670272827148
55.94294025862108 -3.1890328375699677 NE 55.943152390655435 -3.188820705535612 845.8194332122803 1060.1170272827148
55.943152390655435 -3.188820705535612 NNE 55.94342955451519 -3.1887059005059024 845.8194332122803 1058.8670272827148
55.94342955451519 -3.1887059005059024 S 55.94312955451519 -3.1887059005059024 845.8194332122803 1057.6170272827148
55.94312955451519 -3.1887059005059024 SSE 55.94285239065543 -3.188591095476193 845.8194332122803 1056.3670272827148
55.94285239065543 -3.188591095476193 NW 55.94306452268979 -3.1888032275105487 845.8194332122803 1055.1170272827148
55.94306452268979 -3.1888032275105487 SE 55.94285239065543 -3.188591095476193 845.8194332122803 1053.8670272827148
55.94285239065543 -3.188591095476193 N 55.943152390655435 -3.188591095476193 897.6173267364502 1151.3224411010742
55.943152390655435 -3.188591095476193 S 55.94285239065543 -3.188591095476193 897.6173267364502 1150.0724411010742
55.94285239065543 -3.188591095476193 NNE 55.94312955451519 -3.1884762904464834 897.6173267364502 1148.8224411010742
55.94312955451519 -3.1884762904464834 N 55.94342955451519 -3.1884762904464834 897.6173267364502 1147.5724411010742
55.94342955451519 -3.1884762904464834 S 55.94312955451519 -3.1884762904464834 897.6173267364502 1146.3224411010742
55.94312955451519 -3.1884762904464834 NNW 55.943406718374945 -3.188591095476193 897.6173267364502 1145.0724411010742
55.943406718374945 -3.188591095476193 E 55.943406718374945 -3.1882910954761927 897.6173267364502 1143.8224411010742
55.943406718374945 -3.1882910954761927 WNW 55.943521523404655 -3.188568259335946 897.6173267364502 1142.5724411010742
55.943521523404655 -3.188568259335946 ESE 55.943406718374945 -3.1882910954761927 897.6173267364502 1141.3224411010742
55.943406718374945 -3.1882910954761927 E 55.943406718374945 -3.1879910954761925 897.6173267364502 1140.0724411010742
55.943406718374945 -3.1879910954761925 W 55.943406718374945 -3.1882910954761927 897.6173267364502 1138.8224411010742
55.943406718374945 -3.1882910954761927 NNE 55.9436838822347 -3.188176290446483 904.2194662094116 1175.4148597717285
55.9436838822347 -3.188176290446483 SW 55.943471750200345 -3.188388422480839 904.2194662094116 1174.1648597717285
55.943471750200345 -3.188388422480839 ENE 55.943586555230056 -3.1881112586210856 904.2194662094116 1172.9148597717285
55.943586555230056 -3.1881112586210856 SSW 55.9433093913703 -3.188226063650795 904.2194662094116 1171.6648597717285
55.9433093913703 -3.188226063650795 NE 55.943521523404655 -3.1880139316164393 904.2194662094116 1170.4148597717285
55.943521523404655 -3.1880139316164393 S 55.94322152340465 -3.1880139316164393 904.2194662094116 1169.1648597717285
55.94322152340465 -3.1880139316164393 NNE 55.94349868726441 -3.18789912658673 904.2194662094116 1167.9148597717285
55.94349868726441 -3.18789912658673 NE 55.943710819298765 -3.187686994552374 904.2194662094116 1166.6648597717285
55.943710819298765 -3.187686994552374 SW 55.94349868726441 -3.18789912658673 904.2194662094116 1165.4148597717285
55.94349868726441 -3.18789912658673 NE 55.943710819298765 -3.187686994552374 904.2194662094116 1164.1648597717285
55.943710819298765 -3.187686994552374 S 55.94341081929876 -3.187686994552374 933.0804014205933 1233.1476402282715
55.94341081929876 -3.187686994552374 NNE 55.94368798315852 -3.1875721895226645 933.0804014205933 1231.8976402282715
55.94368798315852 -3.1875721895226645 WNW 55.94380278818823 -3.187849353382418 933.0804014205933 1230.6476402282715
55.94380278818823 -3.187849353382418 ENE 55.94391759321794 -3.1875721895226645 933.0804014205933 1229.3976402282715
55.94391759321794 -3.1875721895226645 ESE 55.94380278818823 -3.187295025662911 993.679274559021 1242.8365058898926
55.94380278818823 -3.187295025662911 S 55.943502788188226 -3.187295025662911 1087.9225149154663 1361.9803657531738
55.943502788188226 -3.187295025662911 N 55.94380278818823 -3.187295025662911 1087.9225149154663 1360.7303657531738
55.94380278818823 -3.187295025662911 S 55.943502788188226 -3.187295025662911 1087.9225149154663 1359.4803657531738
55.943502788188226 -3.187295025662911 NNE 55.94377995204798 -3.1871802206332016 1142.3185186386108 1415.922275543213
55.94377995204798 -3.1871802206332016 SW 55.94356782001363 -3.1873923526675574 1142.3185186386108 1414.672275543213
55.94356782001363 -3.1873923526675574 SW 55.94335568797927 -3.187604484701913 1241.4865636825562 1507.1691932678223
55.94335568797927 -3.187604484701913 E 55.94335568797927 -3.187304484701913 1293.694037437439 1572.6599235534668
55.94335568797927 -3.187304484701913 WSW 55.94324088294956 -3.1875816485616664 1339.518126487732 1660.164234161377
55.94324088294956 -3.1875816485616664 ENE 55.94335568797927 -3.187304484701913 1339.518126487732 1658.914234161377
55.94335568797927 -3.187304484701913 ENE 55.94347049300898 -3.1870273208421596 1391.0876150131226 1758.0453071594238
55.94347049300898 -3.1870273208421596 WSW 55.94335568797927 -3.187304484701913 1391.0876150131226 1756.7953071594238
55.94335568797927 -3.187304484701913 ESE 55.94324088294956 -3.1870273208421596 1408.7023992538452 1770.8378915786743
55.94324088294956 -3.1870273208421596 WNW 55.94335568797927 -3.187304484701913 1408.7023992538452 1769.5878915786743
55.94335568797927 -3.187304484701913 ESE 55.94324088294956 -3.1870273208421596 1408.7023992538452 1768.3378915786743
55.94324088294956 -3.1870273208421596 N 55.94354088294956 -3.1870273208421596 1408.7023992538452 1767.0878915786743
55.94354088294956 -3.1870273208421596 SSE 55.943263719089806 -3.18691251581245 1408.7023992538452 1765.8378915786743
55.943263719089806 -3.18691251581245 NNE 55.94354088294956 -3.1867977107827405 1408.7023992538452 1764.5878915786743
55.94354088294956 -3.1867977107827405 SSW 55.943263719089806 -3.18691251581245 1408.7023992538452 1763.3378915786743
55.943263719089806 -3.18691251581245 NE 55.94347585112416 -3.1867003837780943 1465.486315727234 1875.5483255386353
55.94347585112416 -3.1867003837780943 S 55.94317585112416 -3.1867003837780943 1465.486315727234 1874.2983255386353
55.94317585112416 -3.1867003837780943 N 55.94347585112416 -3.1867003837780943 1465.486315727234 1873.0483255386353
55.94347585112416 -3.1867003837780943 NW 55.94368798315852 -3.18691251581245 1465.486315727234 1871.7983255386353
55.94368798315852 -3.18691251581245 N 55.94398798315852 -3.18691251581245 1465.486315727234 1870.5483255386353
55.94398798315852 -3.18691251581245 S 55.94368798315852 -3.18691251581245 1465.486315727234 1869.2983255386353
55.94368798315852 -3.18691251581245 NNE 55.943965147018275 -3.1867977107827405 1477.7460289001465 1972.3814630508423
55.943965147018275 -3.1867977107827405 SSE 55.94368798315852 -3.186682905753031 1477.7460289001465 1971.1314630508423
55.94368798315852 -3.186682905753031 NNW 55.943965147018275 -3.1867977107827405 1477.7460289001465 1969.8814630508423
55.943965147018275 -3.1867977107827405 ENE 55.944079952047986 -3.186520546922987 1600.3972434997559 2037.4005289077759
55.944079952047986 -3.186520546922987 W 55.944079952047986 -3.1868205469229873 1684.0153694152832 2114.264214515686
55.944079952047986 -3.1868205469229873 N 55.94437995204799 -3.1868205469229873 1684.0153694152832 2113.014214515686
55.94437995204799 -3.1868205469229873 S 55.944079952047986 -3.1868205469229873 1684.0153694152832 2111.764214515686
55.944079952047986 -3.1868205469229873 NW 55.94429208408234 -3.187032678957343 1764.1951713562012 2221.9530725479126
55.94429208408234 -3.187032678957343 ENE 55.94440688911205 -3.1867555150975897 1764.1951713562012 2220.7030725479126
55.94440688911205 -3.1867555150975897 WSW 55.94429208408234 -3.187032678957343 1764.1951713562012 2219.4530725479126
55.94429208408234 -3.187032678957343 W 55.94429208408234 -3.1873326789573433 1764.1951713562012 2218.2030725479126
55.94429208408234 -3.1873326789573433 E 55.94429208408234 -3.187032678957343 1764.1951713562012 2216.9530725479126
55.94429208408234 -3.187032678957343 WSW 55.94417727905263 -3.1873098428170965 1764.1951713562012 2215.7030725479126
55.94417727905263 -3.1873098428170965 E 55.94417727905263 -3.1870098428170963 1850.2126655578613 2255.7253847122192
55.94417727905263 -3.1870098428170963 WSW 55.94406247402292 -3.1872870066768497 1850.2126655578613 2254.4753847122192
55.94406247402292 -3.1872870066768497 ENE 55.94417727905263 -3.1870098428170963 1850.2126655578613 2253.2253847122192
55.94417727905263 -3.1870098428170963 WSW 55.94406247402292 -3.1872870066768497 1850.2126655578613 2251.9753847122192
55.94406247402292 -3.1872870066768497 NNW 55.94433963788268 -3.1874018117065592 1850.2126655578613 2250.7253847122192
55.94433963788268 -3.1874018117065592 E 55.94433963788268 -3.187101811706559 1850.2126655578613 2249.4753847122192
55.94433963788268 -3.187101811706559 W 55.94433963788268 -3.1874018117065592 1850.2126655578613 2248.2253847122192
55.94433963788268 -3.1874018117065592 ESE 55.94422483285297 -3.187124647846806 1850.2126655578613 2246.9753847122192
55.94422483285297 -3.187124647846806 NW 55.94443696488732 -3.1873367798811616 1850.2126655578613 2245.7253847122192
55.94443696488732 -3.1873367798811616 N 55.944736964887326 -3.1873367798811616 1850.2126655578613 2244.4753847122192
55.944736964887326 -3.1873367798811616 S 55.94443696488732 -3.1873367798811616 1850.2126655578613 2243.2253847122192
55.94443696488732 -3.1873367798811616 NNE 55.94471412874708 -3.187221974851452 1850.2126655578613 2241.9753847122192
55.94471412874708 -3.187221974851452 SSW 55.94443696488732 -3.1873367798811616 1850.2126655578613 2240.7253847122192
55.94443696488732 -3.1873367798811616 NE 55.94464909692168 -3.187124647846806 1850.2126655578613 2239.4753847122192
55.94464909692168 -3.187124647846806 WNW 55.94476390195139 -3.1874018117065592 1850.2126655578613 2238.2253847122192
55.94476390195139 -3.1874018117065592 ESE 55.94464909692168 -3.187124647846806 1850.2126655578613 2236.9753847122192
55.94464909692168 -3.187124647846806 ENE 55.94476390195139 -3.1868474839870524 1850.2126655578613 2235.7253847122192
55.94476390195139 -3.1868474839870524 WSW 55.94464909692168 -3.187124647846806 1850.2126655578613 2234.4753847122192
55.94464909692168 -3.187124647846806 ENE 55.94476390195139 -3.1868474839870524 1850.2126655578613 2233.2253847122192
55.94476390195139 -3.1868474839870524 WNW 55.9448787069811 -3.187124647846806 1871.4664573669434 2293.5774698257446
55.9448787069811 -3.187124647846806 ESE 55.94476390195139 -3.1868474839870524 1871.4664573669434 2292.3274698257446
55.94476390195139 -3.1868474839870524 N 55.94506390195139 -3.1868474839870524 1871.4664573669434 2291.0774698257446
55.94506390195139 -3.1868474839870524 W 55.94506390195139 -3.1871474839870526 1871.4664573669434 2289.8274698257446
55.94506390195139 -3.1871474839870526 E 55.94506390195139 -3.1868474839870524 1871.4664573669434 2288.5774698257446
55.94506390195139 -3.1868474839870524 E 55.94506390195139 -3.1865474839870522 1932.0563926696777 2314.6024351119995
55.94506390195139 -3.1865474839870522 W 55.94506390195139 -3.1868474839870524 1932.0563926696777 2313.3524351119995
55.94506390195139 -3.1868474839870524 E 55.94506390195139 -3.1865474839870522 1932.0563926696777 2312.1024351119995
55.94506390195139 -3.1865474839870522 SSW 55.944786738091636 -3.1866622890167617 1932.0563926696777 2310.8524351119995
55.944786738091636 -3.1866622890167617 NNE 55.94506390195139 -3.1865474839870522 1932.0563926696777 2309.6024351119995
55.94506390195139 -3.1865474839870522 NNE 55.94534106581115 -3.1864326789573427 1932.0563926696777 2308.3524351119995
55.94534106581115 -3.1864326789573427 SSW 55.94506390195139 -3.1865474839870522 1932.0563926696777 2307.1024351119995
55.94506390195139 -3.1865474839870522 ESE 55.94494909692168 -3.186270320127299 2023.28169631958 2325.4702138900757
55.94494909692168 -3.186270320127299 WNW 55.94506390195139 -3.1865474839870522 2023.28169631958 2324.2202138900757
55.94506390195139 -3.1865474839870522 NNE 55.94534106581115 -3.1864326789573427 2023.28169631958 2322.9702138900757
55.94534106581115 -3.1864326789573427 WSW 55.94522626078144 -3.186709842817096 2023.28169631958 2321.7202138900757
55.94522626078144 -3.186709842817096 ENE 55.94534106581115 -3.1864326789573427 2023.28169631958 2320.4702138900757
55.94534106581115 -3.1864326789573427 WSW 55.94522626078144 -3.186709842817096 2023.28169631958 2319.2202138900757
55.94522626078144 -3.186709842817096 ENE 55.94534106581115 -3.1864326789573427 2023.28169631958 2317.9702138900757
55.94534106581115 -3.1864326789573427 SSE 55.94506390195139 -3.186317873927633 2119.4196434020996 2407.176749229431
55.94506390195139 -3.186317873927633 NNW 55.94534106581115 -3.1864326789573427 2119.4196434020996 2405.926749229431
55.94534106581115 -3.1864326789573427 SSE 55.94506390195139 -3.186317873927633 2119.4196434020996 2404.676749229431
55.94506390195139 -3.186317873927633 N 55.945363901951396 -3.186317873927633 2236.146831512451 2465.472159385681
55.945363901951396 -3.186317873927633 S 55.94506390195139 -3.186317873927633 2236.146831512451 2464.222159385681
55.94506390195139 -3.186317873927633 NNE 55.94534106581115 -3.1862030688979237 2236.146831512451 2462.972159385681
55.94534106581115 -3.1862030688979237 SSW 55.94506390195139 -3.186317873927633 2236.146831512451 2461.722159385681
55.94506390195139 -3.186317873927633 ENE 55.9451787069811 -3.18604071006788 2236.146831512451 2460.472159385681
55.9451787069811 -3.18604071006788 W 55.9451787069811 -3.18634071006788 2236.146831512451 2459.222159385681
55.9451787069811 -3.18634071006788 E 55.9451787069811 -3.18604071006788 2236.146831512451 2457.972159385681
55.9451787069811 -3.18604071006788 SSW 55.94490154312135 -3.1861555150975893 2236.146831512451 2456.722159385681
55.94490154312135 -3.1861555150975893 ENE 55.94501634815106 -3.185878351237836 2236.146831512451 2455.472159385681
55.94501634815106 -3.185878351237836 W 55.94501634815106 -3.186178351237836 2236.146831512451 2454.222159385681
55.94501634815106 -3.186178351237836 E 55.94501634815106 -3.185878351237836 2236.146831512451 2452.972159385681
55.94501634815106 -3.185878351237836 W 55.94501634815106 -3.186178351237836 2236.146831512451 2451.722159385681
55.94501634815106 -3.186178351237836 E 55.94501634815106 -3.185878351237836 2236.146831512451 2450.472159385681
55.94501634815106 -3.185878351237836 SSW 55.9447391842913 -3.1859931562675454 2244.9726638793945 2562.6854162216187
55.9447391842913 -3.1859931562675454 NE 55.94495131632566 -3.1857810242331897 2244.9726638793945 2561.4354162216187
55.94495131632566 -3.1857810242331897 SSW 55.9446741524659 -3.185895829262899 2244.9726638793945 2560.1854162216187
55.9446741524659 -3.185895829262899 NE 55.94488628450026 -3.1856836972285434 2244.9726638793945 2558.9354162216187
55.94488628450026 -3.1856836972285434 SSW 55.9446091206405 -3.185798502258253 2244.9726638793945 2557.6854162216187
55.9446091206405 -3.185798502258253 NNE 55.94488628450026 -3.1856836972285434 2244.9726638793945 2556.4354162216187
55.94488628450026 -3.1856836972285434 SW 55.9446741524659 -3.185895829262899 2244.9726638793945 2555.1854162216187
55.9446741524659 -3.185895829262899 SSE 55.944396988606144 -3.1857810242331897 2244.9726638793945 2553.9354162216187
55.944396988606144 -3.1857810242331897 N 55.94469698860615 -3.1857810242331897 2244.9726638793945 2552.6854162216187
55.94469698860615 -3.1857810242331897 S 55.944396988606144 -3.1857810242331897 2244.9726638793945 2551.4354162216187
55.944396988606144 -3.1857810242331897 WNW 55.944511793635854 -3.186058188092943 2354.4494857788086 2669.2140035629272
55.944511793635854 -3.186058188092943 ESE 55.944396988606144 -3.1857810242331897 2354.4494857788086 2667.9640035629272
55.944396988606144 -3.1857810242331897 WSW 55.94428218357643 -3.186058188092943 2414.793468475342 2772.0717611312866
55.94428218357643 -3.186058188092943 NE 55.94449431561079 -3.1858460560585873 2414.793468475342 2770.8217611312866
55.94449431561079 -3.1858460560585873 W 55.94449431561079 -3.1861460560585875 2414.793468475342 2769.5717611312866
55.94449431561079 -3.1861460560585875 S 55.94419431561079 -3.1861460560585875 2414.793468475342 2768.3217611312866
55.94419431561079 -3.1861460560585875 NNW 55.94447147947054 -3.186260861088297 2529.0066871643066 2881.5577459335327
55.94447147947054 -3.186260861088297 NNE 55.9447486433303 -3.1861460560585875 2529.0066871643066 2880.3077459335327
55.9447486433303 -3.1861460560585875 WSW 55.94463383830059 -3.186423219918341 2529.0066871643066 2879.0577459335327
55.94463383830059 -3.186423219918341 NNW 55.944911002160346 -3.1865380249480504 2544.6111907958984 2982.431387901306
55.944911002160346 -3.1865380249480504 SSE 55.94463383830059 -3.186423219918341 2544.6111907958984 2981.181387901306
55.94463383830059 -3.186423219918341 WSW 55.94451903327088 -3.1867003837780943 2544.6111907958984 2979.931387901306
55.94451903327088 -3.1867003837780943 SE 55.94430690123652 -3.1864882517437385 2586.074634552002 2979.9758117198944
55.94430690123652 -3.1864882517437385 NW 55.94451903327088 -3.1867003837780943 2586.074634552002 2978.7258117198944
55.94451903327088 -3.1867003837780943 NW 55.944731165305235 -3.18691251581245 2586.074634552002 2977.4758117198944
55.944731165305235 -3.18691251581245 SE 55.94451903327088 -3.1867003837780943 2586.074634552002 2976.2258117198944
55.94451903327088 -3.1867003837780943 NW 55.944731165305235 -3.18691251581245 2586.074634552002 2974.9758117198944
55.944731165305235 -3.18691251581245 ENE 55.944845970334946 -3.1866353519526966 2586.074634552002 2973.7258117198944
55.944845970334946 -3.1866353519526966 W 55.944845970334946 -3.186935351952697 2586.074634552002 2972.4758117198944
55.944845970334946 -3.186935351952697 NW 55.9450581023693 -3.1871474839870526 2586.074634552002 2971.2258117198944
55.9450581023693 -3.1871474839870526 SW 55.944845970334946 -3.1873596160214084 2586.074634552002 2969.9758117198944
55.944845970334946 -3.1873596160214084 NE 55.9450581023693 -3.1871474839870526 2586.074634552002 2968.7258117198944
55.9450581023693 -3.1871474839870526 SW 55.944845970334946 -3.1873596160214084 2586.074634552002 2967.4758117198944
55.944845970334946 -3.1873596160214084 NNW 55.9451231341947 -3.187474421051118 2586.074634552002 2966.2258117198944
55.9451231341947 -3.187474421051118 SSW 55.944845970334946 -3.1875892260808274 2586.074634552002 2964.9758117198944
55.944845970334946 -3.1875892260808274 NNE 55.9451231341947 -3.187474421051118 2586.074634552002 2963.7258117198944
55.9451231341947 -3.187474421051118 S 55.9448231341947 -3.187474421051118 2586.074634552002 2962.4758117198944
55.9448231341947 -3.187474421051118 SE 55.94461100216034 -3.187262289016762 2586.074634552002 2961.2258117198944
55.94461100216034 -3.187262289016762 NW 55.9448231341947 -3.187474421051118 2586.074634552002 2959.9758117198944
55.9448231341947 -3.187474421051118 S 55.9445231341947 -3.187474421051118 2586.074634552002 2958.7258117198944
55.9445231341947 -3.187474421051118 WNW 55.94463793922441 -3.1877515849108713 2586.074634552002 2957.4758117198944
55.94463793922441 -3.1877515849108713 S 55.944337939224404 -3.1877515849108713 2586.074634552002 2956.2258117198944
55.944337939224404 -3.1877515849108713 NNW 55.94461510308416 -3.187866389940581 2586.074634552002 2954.9758117198944
55.94461510308416 -3.187866389940581 S 55.94431510308416 -3.187866389940581 2690.0147666931152 2972.3854835033417
55.94431510308416 -3.187866389940581 N 55.94461510308416 -3.187866389940581 2690.0147666931152 2971.1354835033417
55.94461510308416 -3.187866389940581 N 55.94491510308416 -3.187866389940581 2796.117015838623 3079.1632010936737
55.94491510308416 -3.187866389940581 S 55.94461510308416 -3.187866389940581 2796.117015838623 3077.9132010936737
