55.944425 -3.188396 NNE 55.94470216385976 -3.1882811949702905 0.0 248.75
55.94470216385976 -3.1882811949702905 S 55.944402163859756 -3.1882811949702905 0.0 247.5
55.944402163859756 -3.1882811949702905 WSW 55.944287358830046 -3.188558358830044 0.0 246.25
55.944287358830046 -3.188558358830044 ENE 55.944402163859756 -3.1882811949702905 0.0 245.0
55.944402163859756 -3.1882811949702905 SW 55.9441900318254 -3.1884933270046463 0.0 243.75
55.9441900318254 -3.1884933270046463 ENE 55.94430483685511 -3.188216163144893 0.0 242.5
55.94430483685511 -3.188216163144893 WSW 55.9441900318254 -3.1884933270046463 0.0 241.25
55.9441900318254 -3.1884933270046463 NE 55.944402163859756 -3.1882811949702905 0.0 240.0
55.944402163859756 -3.1882811949702905 SW 55.9441900318254 -3.1884933270046463 0.0 238.75
55.9441900318254 -3.1884933270046463 SSW 55.94391286796564 -3.188608132034356 0.0 237.5
55.94391286796564 -3.188608132034356 NNE 55.9441900318254 -3.1884933270046463 0.0 236.25
55.9441900318254 -3.1884933270046463 SE 55.943977899791044 -3.1882811949702905 0.0 235.0
55.943977899791044 -3.1882811949702905 NW 55.9441900318254 -3.1884933270046463 0.0 233.75
55.9441900318254 -3.1884933270046463 SSE 55.94391286796564 -3.1883785219749368 0.0 232.5
55.94391286796564 -3.1883785219749368 NNW 55.9441900318254 -3.1884933270046463 0.0 231.25
55.9441900318254 -3.1884933270046463 SSE 55.94391286796564 -3.1883785219749368 0.0 230.0
55.94391286796564 -3.1883785219749368 NNW 55.9441900318254 -3.1884933270046463 0.0 228.75
55.9441900318254 -3.1884933270046463 S 55.9438900318254 -3.1884933270046463 0.0 227.5
55.9438900318254 -3.1884933270046463 N 55.9441900318254 -3.1884933270046463 0.0 226.25
55.9441900318254 -3.1884933270046463 S 55.9438900318254 -3.1884933270046463 0.0 225.0
55.9438900318254 -3.1884933270046463 NNW 55.944167195685154 -3.188608132034356 0.0 223.75
55.944167195685154 -3.188608132034356 SSE 55.9438900318254 -3.1884933270046463 0.0 222.5
55.9438900318254 -3.1884933270046463 SSW 55.94361286796564 -3.188608132034356 0.0 221.25
55.94361286796564 -3.188608132034356 NNE 55.9438900318254 -3.1884933270046463 0.0 220.0
55.9438900318254 -3.1884933270046463 WNW 55.94400483685511 -3.1887704908643997 0.0 218.75
55.94400483685511 -3.1887704908643997 ESE 55.9438900318254 -3.1884933270046463 0.0 217.5
55.9438900318254 -3.1884933270046463 WNW 55.94400483685511 -3.1887704908643997 0.0 216.25
55.94400483685511 -3.1887704908643997 SSE 55.94372767299535 -3.18865568583469 0.0 215.0
55.94372767299535 -3.18865568583469 NNW 55.94400483685511 -3.1887704908643997 0.0 213.75
55.94400483685511 -3.1887704908643997 SSE 55.94372767299535 -3.18865568583469 0.0 212.5
55.94372767299535 -3.18865568583469 WNW 55.94384247802506 -3.1889328496944436 0.0 211.25
55.94384247802506 -3.1889328496944436 ESE 55.94372767299535 -3.18865568583469 0.0 210.0
55.94372767299535 -3.18865568583469 WNW 55.94384247802506 -3.1889328496944436 0.0 208.75
55.94384247802506 -3.1889328496944436 ESE 55.94372767299535 -3.18865568583469 0.0 207.5
55.94372767299535 -3.18865568583469 SSE 55.943450509135594 -3.1885408808049807 0.0 206.25
55.943450509135594 -3.1885408808049807 NNW 55.94372767299535 -3.18865568583469 0.0 205.0
55.94372767299535 -3.18865568583469 S 55.94342767299535 -3.18865568583469 0.0 203.75
55.94342767299535 -3.18865568583469 N 55.94372767299535 -3.18865568583469 0.0 202.5
55.94372767299535 -3.18865568583469 SSE 55.943450509135594 -3.1885408808049807 0.0 201.25
55.943450509135594 -3.1885408808049807 NNW 55.94372767299535 -3.18865568583469 0.0 200.0
55.94372767299535 -3.18865568583469 ESE 55.94361286796564 -3.1883785219749368 0.0 198.75
55.94361286796564 -3.1883785219749368 W 55.94361286796564 -3.188678521974937 0.0 197.5
55.94361286796564 -3.188678521974937 E 55.94361286796564 -3.1883785219749368 0.0 196.25
55.94361286796564 -3.1883785219749368 NW 55.943825 -3.1885906540092925 0.0 195.0
55.943825 -3.1885906540092925 SE 55.94361286796564 -3.1883785219749368 0.0 193.75
55.94361286796564 -3.1883785219749368 SW 55.943400735931284 -3.1885906540092925 96.90402221679688 308.3076629638672
55.943400735931284 -3.1885906540092925 NE 55.94361286796564 -3.1883785219749368 96.90402221679688 307.0576629638672
55.94361286796564 -3.1883785219749368 SW 55.943400735931284 -3.1885906540092925 96.90402221679688 305.8076629638672
55.943400735931284 -3.1885906540092925 ENE 55.943515540960995 -3.188313490149539 96.90402221679688 304.5576629638672
55.943515540960995 -3.188313490149539 WSW 55.943400735931284 -3.1885906540092925 96.90402221679688 303.3076629638672
55.943400735931284 -3.1885906540092925 S 55.94310073593128 -3.1885906540092925 168.71385955810547 341.7533073425293
55.94310073593128 -3.1885906540092925 N 55.943400735931284 -3.1885906540092925 168.71385955810547 340.5033073425293
55.943400735931284 -3.1885906540092925 NE 55.94361286796564 -3.1883785219749368 168.71385955810547 339.2533073425293
55.94361286796564 -3.1883785219749368 SW 55.943400735931284 -3.1885906540092925 168.71385955810547 338.0033073425293
55.943400735931284 -3.1885906540092925 W 55.943400735931284 -3.1888906540092927 168.71385955810547 336.7533073425293
55.943400735931284 -3.1888906540092927 E 55.943400735931284 -3.1885906540092925 168.71385955810547 335.5033073425293
55.943400735931284 -3.1885906540092925 WSW 55.943285930901574 -3.188867817869046 168.71385955810547 334.2533073425293
55.943285930901574 -3.188867817869046 ENE 55.943400735931284 -3.1885906540092925 168.71385955810547 333.0033073425293
55.943400735931284 -3.1885906540092925 SSW 55.94312357207153 -3.188705459039002 168.71385955810547 331.7533073425293
55.94312357207153 -3.188705459039002 NNE 55.943400735931284 -3.1885906540092925 168.71385955810547 330.5033073425293
55.943400735931284 -3.1885906540092925 W 55.943400735931284 -3.1888906540092927 168.71385955810547 329.2533073425293
55.943400735931284 -3.1888906540092927 ENE 55.943515540960995 -3.1886134901495393 196.45745849609375 395.3502311706543
55.943515540960995 -3.1886134901495393 WSW 55.943400735931284 -3.1888906540092927 196.45745849609375 394.1002311706543
55.943400735931284 -3.1888906540092927 E 55.943400735931284 -3.1885906540092925 196.45745849609375 392.8502311706543
55.943400735931284 -3.1885906540092925 W 55.943400735931284 -3.1888906540092927 196.45745849609375 391.6002311706543
55.943400735931284 -3.1888906540092927 SE 55.94318860389693 -3.188678521974937 196.45745849609375 390.3502311706543
55.94318860389693 -3.188678521974937 NW 55.943400735931284 -3.1888906540092927 196.45745849609375 389.1002311706543
55.943400735931284 -3.1888906540092927 W 55.943400735931284 -3.189190654009293 196.45745849609375 387.8502311706543
55.943400735931284 -3.189190654009293 E 55.943400735931284 -3.1888906540092927 196.45745849609375 386.6002311706543
55.943400735931284 -3.1888906540092927 ENE 55.943515540960995 -3.1886134901495393 196.45745849609375 385.3502311706543
55.943515540960995 -3.1886134901495393 WSW 55.943400735931284 -3.1888906540092927 196.45745849609375 384.1002311706543
55.943400735931284 -3.1888906540092927 NW 55.94361286796564 -3.1891027860436485 196.45745849609375 382.8502311706543
55.94361286796564 -3.1891027860436485 SE 55.943400735931284 -3.1888906540092927 196.45745849609375 381.6002311706543
55.943400735931284 -3.1888906540092927 NW 55.94361286796564 -3.1891027860436485 196.45745849609375 380.3502311706543
55.94361286796564 -3.1891027860436485 SE 55.943400735931284 -3.1888906540092927 196.45745849609375 379.1002311706543
55.943400735931284 -3.1888906540092927 NW 55.94361286796564 -3.1891027860436485 196.45745849609375 377.8502311706543
55.94361286796564 -3.1891027860436485 SE 55.943400735931284 -3.1888906540092927 196.45745849609375 376.6002311706543
55.943400735931284 -3.1888906540092927 NW 55.94361286796564 -3.1891027860436485 196.45745849609375 375.3502311706543
55.94361286796564 -3.1891027860436485 SE 55.943400735931284 -3.1888906540092927 196.45745849609375 374.1002311706543
55.943400735931284 -3.1888906540092927 NNE 55.94367789979104 -3.188775848979583 317.97308349609375 445.2582588195801
55.94367789979104 -3.188775848979583 SSW 55.943400735931284 -3.1888906540092927 317.97308349609375 444.0082588195801
55.943400735931284 -3.1888906540092927 NNE 55.94367789979104 -3.188775848979583 317.97308349609375 442.7582588195801
55.94367789979104 -3.188775848979583 SSW 55.943400735931284 -3.1888906540092927 317.97308349609375 441.5082588195801
55.943400735931284 -3.1888906540092927 NE 55.94361286796564 -3.188678521974937 317.97308349609375 440.2582588195801
55.94361286796564 -3.188678521974937 SW 55.943400735931284 -3.1888906540092927 317.97308349609375 439.0082588195801
55.943400735931284 -3.1888906540092927 NE 55.94361286796564 -3.188678521974937 317.97308349609375 437.7582588195801
55.94361286796564 -3.188678521974937 W 55.94361286796564 -3.188978521974937 400.0635223388672 501.01855850219727
55.94361286796564 -3.188978521974937 ESE 55.94349806293593 -3.1887013581151837 400.0635223388672 499.76855850219727
55.94349806293593 -3.1887013581151837 NNW 55.94377522679569 -3.1888161631448932 400.0635223388672 498.51855850219727
55.94377522679569 -3.1888161631448932 S 55.943475226795684 -3.1888161631448932 400.0635223388672 497.26855850219727
55.943475226795684 -3.1888161631448932 NNE 55.94375239065544 -3.1887013581151837 451.864200592041 612.1895713806152
55.94375239065544 -3.1887013581151837 S 55.94345239065544 -3.1887013581151837 451.864200592041 610.9395713806152
55.94345239065544 -3.1887013581151837 NNW 55.943729554515194 -3.1888161631448932 451.864200592041 609.6895713806152
55.943729554515194 -3.1888161631448932 NE 55.94394168654955 -3.1886040311105375 451.864200592041 608.4395713806152
55.94394168654955 -3.1886040311105375 SW 55.943729554515194 -3.1888161631448932 451.864200592041 607.1895713806152
55.943729554515194 -3.1888161631448932 NE 55.94394168654955 -3.1886040311105375 451.864200592041 605.9395713806152
55.94394168654955 -3.1886040311105375 WSW 55.94382688151984 -3.188881194970291 500.2480888366699 663.2624282836914
55.94382688151984 -3.188881194970291 NE 55.944039013554196 -3.188669062935935 500.2480888366699 662.0124282836914
55.944039013554196 -3.188669062935935 WSW 55.943924208524486 -3.1889462267956885 500.2480888366699 660.7624282836914
55.943924208524486 -3.1889462267956885 ENE 55.944039013554196 -3.188669062935935 500.2480888366699 659.5124282836914
55.944039013554196 -3.188669062935935 W 55.944039013554196 -3.1889690629359353 500.2480888366699 658.2624282836914
55.944039013554196 -3.1889690629359353 E 55.944039013554196 -3.188669062935935 500.2480888366699 657.0124282836914
55.944039013554196 -3.188669062935935 W 55.944039013554196 -3.1889690629359353 500.2480888366699 655.7624282836914
55.944039013554196 -3.1889690629359353 E 55.944039013554196 -3.188669062935935 500.2480888366699 654.5124282836914
55.944039013554196 -3.188669062935935 WSW 55.943924208524486 -3.1889462267956885 500.2480888366699 653.2624282836914
55.943924208524486 -3.1889462267956885 ENE 55.944039013554196 -3.188669062935935 500.2480888366699 652.0124282836914
55.944039013554196 -3.188669062935935 NE 55.94425114558855 -3.1884569309015793 500.2480888366699 650.7624282836914
55.94425114558855 -3.1884569309015793 WSW 55.94413634055884 -3.1887340947613327 545.0171051025391 768.8387145996094
55.94413634055884 -3.1887340947613327 ENE 55.94425114558855 -3.1884569309015793 545.0171051025391 767.5887145996094
55.94425114558855 -3.1884569309015793 WSW 55.94413634055884 -3.1887340947613327 545.0171051025391 766.3387145996094
55.94413634055884 -3.1887340947613327 ENE 55.94425114558855 -3.1884569309015793 545.0171051025391 765.0887145996094
55.94425114558855 -3.1884569309015793 W 55.94425114558855 -3.1887569309015795 545.0171051025391 763.8387145996094
55.94425114558855 -3.1887569309015795 E 55.94425114558855 -3.1884569309015793 545.0171051025391 762.5887145996094
55.94425114558855 -3.1884569309015793 W 55.94425114558855 -3.1887569309015795 545.0171051025391 761.3387145996094
55.94425114558855 -3.1887569309015795 ENE 55.94436595061826 -3.188479767041826 545.0171051025391 760.0887145996094
55.94436595061826 -3.188479767041826 SW 55.94415381858391 -3.188691899076182 621.3880462646484 780.093240737915
55.94415381858391 -3.188691899076182 NE 55.94436595061826 -3.188479767041826 621.3880462646484 778.843240737915
55.94436595061826 -3.188479767041826 SSE 55.944088786758506 -3.1883649620121166 714.6884078979492 800.546688079834
55.944088786758506 -3.1883649620121166 NNW 55.94436595061826 -3.188479767041826 714.6884078979492 799.296688079834
55.94436595061826 -3.188479767041826 ESE 55.94425114558855 -3.1882026031820727 723.8758354187012 801.2666008472443
55.94425114558855 -3.1882026031820727 WNW 55.94436595061826 -3.188479767041826 723.8758354187012 800.0166008472443
55.94436595061826 -3.188479767041826 ESE 55.94425114558855 -3.1882026031820727 723.8758354187012 798.7666008472443
55.94425114558855 -3.1882026031820727 WNW 55.94436595061826 -3.188479767041826 723.8758354187012 797.5166008472443
55.94436595061826 -3.188479767041826 ESE 55.94425114558855 -3.1882026031820727 723.8758354187012 796.2666008472443
55.94425114558855 -3.1882026031820727 SE 55.944039013554196 -3.187990471147717 723.8758354187012 795.0166008472443
55.944039013554196 -3.187990471147717 NW 55.94425114558855 -3.1882026031820727 723.8758354187012 793.7666008472443
55.94425114558855 -3.1882026031820727 WSW 55.94413634055884 -3.188479767041826 723.8758354187012 792.5166008472443
55.94413634055884 -3.188479767041826 ENE 55.94425114558855 -3.1882026031820727 723.8758354187012 791.2666008472443
55.94425114558855 -3.1882026031820727 WSW 55.94413634055884 -3.188479767041826 723.8758354187012 790.0166008472443
55.94413634055884 -3.188479767041826 ENE 55.94425114558855 -3.1882026031820727 723.8758354187012 788.7666008472443
55.94425114558855 -3.1882026031820727 SE 55.944039013554196 -3.187990471147717 723.8758354187012 787.5166008472443
55.944039013554196 -3.187990471147717 NW 55.94425114558855 -3.1882026031820727 723.8758354187012 786.2666008472443
55.94425114558855 -3.1882026031820727 SE 55.944039013554196 -3.187990471147717 723.8758354187012 785.0166008472443
55.944039013554196 -3.187990471147717 NW 55.94425114558855 -3.1882026031820727 723.8758354187012 783.7666008472443
55.94425114558855 -3.1882026031820727 SSW 55.943973981728796 -3.1883174082117822 789.2082023620605 853.1555626392365
55.943973981728796 -3.1883174082117822 ENE 55.944088786758506 -3.188040244352029 889.7747383117676 878.5291645526886
55.944088786758506 -3.188040244352029 WSW 55.943973981728796 -3.1883174082117822 889.7747383117676 877.2791645526886
55.943973981728796 -3.1883174082117822 NNE 55.94425114558855 -3.1882026031820727 889.7747383117676 876.0291645526886
55.94425114558855 -3.1882026031820727 SW 55.944039013554196 -3.1884147352164285 910.3360404968262 965.9092075824738
55.944039013554196 -3.1884147352164285 NE 55.94425114558855 -3.1882026031820727 910.3360404968262 964.6592075824738
55.94425114558855 -3.1882026031820727 WSW 55.94413634055884 -3.188479767041826 910.3360404968262 963.4092075824738
55.94413634055884 -3.188479767041826 ENE 55.94425114558855 -3.1882026031820727 910.3360404968262 962.1592075824738
55.94425114558855 -3.1882026031820727 SW 55.944039013554196 -3.1884147352164285 910.3360404968262 960.9092075824738
55.944039013554196 -3.1884147352164285 NNE 55.94431617741395 -3.188299930186719 1008.8726081848145 1070.7839558124542
55.94431617741395 -3.188299930186719 SSW 55.944039013554196 -3.1884147352164285 1008.8726081848145 1069.5339558124542
55.944039013554196 -3.1884147352164285 N 55.9443390135542 -3.1884147352164285 1008.8726081848145 1068.2839558124542
55.9443390135542 -3.1884147352164285 S 55.944039013554196 -3.1884147352164285 1008.8726081848145 1067.0339558124542
55.944039013554196 -3.1884147352164285 W 55.944039013554196 -3.1887147352164287 1008.8726081848145 1065.7839558124542
55.944039013554196 -3.1887147352164287 E 55.944039013554196 -3.1884147352164285 1008.8726081848145 1064.5339558124542
55.944039013554196 -3.1884147352164285 E 55.944039013554196 -3.1881147352164283 1008.8726081848145 1063.2839558124542
55.944039013554196 -3.1881147352164283 WSW 55.943924208524486 -3.1883918990761817 1008.8726081848145 1062.0339558124542
55.943924208524486 -3.1883918990761817 NE 55.94413634055884 -3.188179767041826 1008.8726081848145 1060.7839558124542
55.94413634055884 -3.188179767041826 SW 55.943924208524486 -3.1883918990761817 1008.8726081848145 1059.5339558124542
55.943924208524486 -3.1883918990761817 ENE 55.944039013554196 -3.1881147352164283 1008.8726081848145 1058.2839558124542
55.944039013554196 -3.1881147352164283 WSW 55.943924208524486 -3.1883918990761817 1008.8726081848145 1057.0339558124542
55.943924208524486 -3.1883918990761817 NE 55.94413634055884 -3.188179767041826 1008.8726081848145 1055.7839558124542
55.94413634055884 -3.188179767041826 SW 55.943924208524486 -3.1883918990761817 1008.8726081848145 1054.5339558124542
55.943924208524486 -3.1883918990761817 S 55.94362420852448 -3.1883918990761817 1066.9213409423828 1093.427880525589
55.94362420852448 -3.1883918990761817 N 55.943924208524486 -3.1883918990761817 1066.9213409423828 1092.177880525589
55.943924208524486 -3.1883918990761817 ESE 55.943809403494775 -3.1881147352164283 1066.9213409423828 1090.927880525589
55.943809403494775 -3.1881147352164283 WNW 55.943924208524486 -3.1883918990761817 1066.9213409423828 1089.677880525589
55.943924208524486 -3.1883918990761817 ESE 55.943809403494775 -3.1881147352164283 1066.9213409423828 1088.427880525589
55.943809403494775 -3.1881147352164283 WNW 55.943924208524486 -3.1883918990761817 1066.9213409423828 1087.177880525589
55.943924208524486 -3.1883918990761817 ESE 55.943809403494775 -3.1881147352164283 1066.9213409423828 1085.927880525589
55.943809403494775 -3.1881147352164283 NW 55.94402153552913 -3.188326867250784 1108.26123046875 1142.3999798297882
55.94402153552913 -3.188326867250784 SE 55.943809403494775 -3.1881147352164283 1108.26123046875 1141.1499798297882
55.943809403494775 -3.1881147352164283 NNW 55.94408656735453 -3.188229540246138 1232.6237182617188 1204.8581173419952
55.94408656735453 -3.188229540246138 ESE 55.94397176232482 -3.1879523763863844 1282.5006790161133 1316.7882778644562
55.94397176232482 -3.1879523763863844 WNW 55.94408656735453 -3.188229540246138 1282.5006790161133 1315.5382778644562
55.94408656735453 -3.188229540246138 ESE 55.94397176232482 -3.1879523763863844 1282.5006790161133 1314.2882778644562
55.94397176232482 -3.1879523763863844 NW 55.94418389435918 -3.18816450842074 1377.5287551879883 1368.6108791828156
55.94418389435918 -3.18816450842074 SE 55.94397176232482 -3.1879523763863844 1377.5287551879883 1367.3608791828156
55.94397176232482 -3.1879523763863844 NW 55.94418389435918 -3.18816450842074 1377.5287551879883 1366.1108791828156
55.94418389435918 -3.18816450842074 SE 55.94397176232482 -3.1879523763863844 1377.5287551879883 1364.8608791828156
55.94397176232482 -3.1879523763863844 N 55.944271762324824 -3.1879523763863844 1414.0972175598145 1463.514809846878
55.944271762324824 -3.1879523763863844 WSW 55.944156957295114 -3.188229540246138 1414.0972175598145 1462.264809846878
55.944156957295114 -3.188229540246138 ENE 55.944271762324824 -3.1879523763863844 1414.0972175598145 1461.014809846878
55.944271762324824 -3.1879523763863844 W 55.944271762324824 -3.1882523763863846 1414.0972175598145 1459.764809846878
55.944271762324824 -3.1882523763863846 E 55.944271762324824 -3.1879523763863844 1414.0972175598145 1458.514809846878
55.944271762324824 -3.1879523763863844 WNW 55.944386567354535 -3.188229540246138 1414.0972175598145 1457.264809846878
55.944386567354535 -3.188229540246138 ESE 55.944271762324824 -3.1879523763863844 1414.0972175598145 1456.014809846878
55.944271762324824 -3.1879523763863844 WNW 55.944386567354535 -3.188229540246138 1414.0972175598145 1454.764809846878
55.944386567354535 -3.188229540246138 E 55.944386567354535 -3.1879295402461376 1523.679744720459 1491.7838108539581
55.944386567354535 -3.1879295402461376 W 55.944386567354535 -3.188229540246138 1523.679744720459 1490.5338108539581
55.944386567354535 -3.188229540246138 S 55.94408656735453 -3.188229540246138 1523.679744720459 1489.2838108539581
55.94408656735453 -3.188229540246138 N 55.944386567354535 -3.188229540246138 1523.679744720459 1488.0338108539581
55.944386567354535 -3.188229540246138 SW 55.94417443532018 -3.1884416722804936 1537.185110092163 1523.764104127884
55.94417443532018 -3.1884416722804936 NE 55.944386567354535 -3.188229540246138 1537.185110092163 1522.514104127884
55.944386567354535 -3.188229540246138 N 55.94468656735454 -3.188229540246138 1537.185110092163 1521.264104127884
55.94468656735454 -3.188229540246138 S 55.944386567354535 -3.188229540246138 1537.185110092163 1520.014104127884
55.944386567354535 -3.188229540246138 N 55.94468656735454 -3.188229540246138 1537.185110092163 1518.764104127884
55.94468656735454 -3.188229540246138 S 55.944386567354535 -3.188229540246138 1537.185110092163 1517.514104127884
55.944386567354535 -3.188229540246138 N 55.94468656735454 -3.188229540246138 1537.185110092163 1516.264104127884
55.94468656735454 -3.188229540246138 S 55.944386567354535 -3.188229540246138 1537.185110092163 1515.014104127884
55.944386567354535 -3.188229540246138 N 55.94468656735454 -3.188229540246138 1537.185110092163 1513.764104127884
55.94468656735454 -3.188229540246138 SSE 55.94440940349478 -3.1881147352164283 1537.185110092163 1512.514104127884
55.94440940349478 -3.1881147352164283 NNW 55.94468656735454 -3.188229540246138 1537.185110092163 1511.264104127884
55.94468656735454 -3.188229540246138 SSE 55.94440940349478 -3.1881147352164283 1537.185110092163 1510.014104127884
55.94440940349478 -3.1881147352164283 NW 55.94462153552914 -3.188326867250784 1537.185110092163 1508.764104127884
55.94462153552914 -3.188326867250784 NW 55.94483366756349 -3.18853899928514 1537.185110092163 1507.514104127884
55.94483366756349 -3.18853899928514 SE 55.94462153552914 -3.188326867250784 1537.185110092163 1506.264104127884
55.94462153552914 -3.188326867250784 NW 55.94483366756349 -3.18853899928514 1537.185110092163 1505.014104127884
55.94483366756349 -3.18853899928514 E 55.94483366756349 -3.1882389992851397 1537.185110092163 1503.764104127884
55.94483366756349 -3.1882389992851397 W 55.94483366756349 -3.18853899928514 1537.185110092163 1502.514104127884
55.94483366756349 -3.18853899928514 E 55.94483366756349 -3.1882389992851397 1537.185110092163 1501.264104127884
55.94483366756349 -3.1882389992851397 WNW 55.944948472593204 -3.188516163144893 1537.185110092163 1500.014104127884
55.944948472593204 -3.188516163144893 ESE 55.94483366756349 -3.1882389992851397 1537.185110092163 1498.764104127884
55.94483366756349 -3.1882389992851397 WNW 55.944948472593204 -3.188516163144893 1537.185110092163 1497.514104127884
55.944948472593204 -3.188516163144893 E 55.944948472593204 -3.188216163144893 1537.185110092163 1496.264104127884
55.944948472593204 -3.188216163144893 W 55.944948472593204 -3.188516163144893 1537.185110092163 1495.014104127884
55.944948472593204 -3.188516163144893 ENE 55.945063277622914 -3.1882389992851397 1537.185110092163 1493.764104127884
55.945063277622914 -3.1882389992851397 WSW 55.944948472593204 -3.188516163144893 1537.185110092163 1492.514104127884
55.944948472593204 -3.188516163144893 ENE 55.945063277622914 -3.1882389992851397 1537.185110092163 1491.264104127884
55.945063277622914 -3.1882389992851397 WSW 55.944948472593204 -3.188516163144893 1537.185110092163 1490.014104127884
55.944948472593204 -3.188516163144893 ENE 55.945063277622914 -3.1882389992851397 1537.185110092163 1488.764104127884
55.945063277622914 -3.1882389992851397 W 55.945063277622914 -3.18853899928514 1537.185110092163 1487.514104127884
55.945063277622914 -3.18853899928514 E 55.945063277622914 -3.1882389992851397 1537.185110092163 1486.264104127884
55.945063277622914 -3.1882389992851397 W 55.945063277622914 -3.18853899928514 1537.185110092163 1485.014104127884
55.945063277622914 -3.18853899928514 SE 55.94485114558856 -3.188326867250784 1537.185110092163 1483.764104127884
55.94485114558856 -3.188326867250784 NW 55.945063277622914 -3.18853899928514 1537.185110092163 1482.514104127884
55.945063277622914 -3.18853899928514 SW 55.94485114558856 -3.1887511313194956 1537.185110092163 1481.264104127884
55.94485114558856 -3.1887511313194956 NE 55.945063277622914 -3.18853899928514 1537.185110092163 1480.014104127884
55.945063277622914 -3.18853899928514 SW 55.94485114558856 -3.1887511313194956 1537.185110092163 1478.764104127884
55.94485114558856 -3.1887511313194956 N 55.94515114558856 -3.1887511313194956 1537.185110092163 1477.514104127884
55.94515114558856 -3.1887511313194956 S 55.94485114558856 -3.1887511313194956 1537.185110092163 1476.264104127884
55.94485114558856 -3.1887511313194956 N 55.94515114558856 -3.1887511313194956 1537.185110092163 1475.014104127884
55.94515114558856 -3.1887511313194956 S 55.94485114558856 -3.1887511313194956 1537.185110092163 1473.764104127884
55.94485114558856 -3.1887511313194956 ENE 55.94496595061827 -3.188473967459742 1537.185110092163 1472.514104127884
55.94496595061827 -3.188473967459742 WSW 55.94485114558856 -3.1887511313194956 1537.185110092163 1471.264104127884
55.94485114558856 -3.1887511313194956 SE 55.9446390135542 -3.18853899928514 1537.185110092163 1470.014104127884
55.9446390135542 -3.18853899928514 NW 55.94485114558856 -3.1887511313194956 1537.185110092163 1468.764104127884
55.94485114558856 -3.1887511313194956 SW 55.9446390135542 -3.1889632633538514 1537.185110092163 1467.514104127884
55.9446390135542 -3.1889632633538514 NE 55.94485114558856 -3.1887511313194956 1537.185110092163 1466.264104127884
55.94485114558856 -3.1887511313194956 WNW 55.94496595061827 -3.189028295179249 1537.185110092163 1465.014104127884
55.94496595061827 -3.189028295179249 ESE 55.94485114558856 -3.1887511313194956 1537.185110092163 1463.764104127884
55.94485114558856 -3.1887511313194956 WNW 55.94496595061827 -3.189028295179249 1537.185110092163 1462.514104127884
55.94496595061827 -3.189028295179249 SE 55.94475381858391 -3.1888161631448932 1591.4719066619873 1520.8855373859406
55.94475381858391 -3.1888161631448932 NW 55.94496595061827 -3.189028295179249 1591.4719066619873 1519.6355373859406
55.94496595061827 -3.189028295179249 SE 55.94475381858391 -3.1888161631448932 1591.4719066619873 1518.3855373859406
55.94475381858391 -3.1888161631448932 NW 55.94496595061827 -3.189028295179249 1591.4719066619873 1517.1355373859406
55.94496595061827 -3.189028295179249 SSE 55.94468878675851 -3.1889134901495395 1591.4719066619873 1515.8855373859406
55.94468878675851 -3.1889134901495395 NNW 55.94496595061827 -3.189028295179249 1591.4719066619873 1514.6355373859406
55.94496595061827 -3.189028295179249 SSE 55.94468878675851 -3.1889134901495395 1591.4719066619873 1513.3855373859406
55.94468878675851 -3.1889134901495395 NNW 55.94496595061827 -3.189028295179249 1591.4719066619873 1512.1355373859406
55.94496595061827 -3.189028295179249 ESE 55.94485114558856 -3.1887511313194956 1591.4719066619873 1510.8855373859406
55.94485114558856 -3.1887511313194956 WNW 55.94496595061827 -3.189028295179249 1591.4719066619873 1509.6355373859406
55.94496595061827 -3.189028295179249 ESE 55.94485114558856 -3.1887511313194956 1591.4719066619873 1508.3855373859406
55.94485114558856 -3.1887511313194956 WNW 55.94496595061827 -3.189028295179249 1591.4719066619873 1507.1355373859406
55.94496595061827 -3.189028295179249 E 55.94496595061827 -3.188728295179249 1591.4719066619873 1505.8855373859406
55.94496595061827 -3.188728295179249 W 55.94496595061827 -3.189028295179249 1591.4719066619873 1504.6355373859406
