55.944425 -3.188396 ESE 55.94431019497029 -3.1881188361402466 0.0 248.75
55.94431019497029 -3.1881188361402466 WSW 55.94419538994058 -3.188396 0.0 247.5
55.94419538994058 -3.188396 NE 55.94440752197494 -3.1881838679656442 0.0 246.25
55.94440752197494 -3.1881838679656442 S 55.944107521974935 -3.1881838679656442 0.0 245.0
55.944107521974935 -3.1881838679656442 WNW 55.944222327004645 -3.1884610318253976 0.0 243.75
55.944222327004645 -3.1884610318253976 ESE 55.944107521974935 -3.1881838679656442 0.0 242.5
55.944107521974935 -3.1881838679656442 SE 55.94389538994058 -3.1879717359312885 0.0 241.25
55.94389538994058 -3.1879717359312885 NW 55.944107521974935 -3.1881838679656442 0.0 240.0
55.944107521974935 -3.1881838679656442 SE 55.94389538994058 -3.1879717359312885 0.0 238.75
55.94389538994058 -3.1879717359312885 NE 55.944107521974935 -3.1877596038969327 0.0 237.5
55.944107521974935 -3.1877596038969327 WSW 55.943992716945225 -3.188036767756686 0.0 236.25
55.943992716945225 -3.188036767756686 ENE 55.944107521974935 -3.1877596038969327 0.0 235.0
55.944107521974935 -3.1877596038969327 SSE 55.94383035811518 -3.187644798867223 0.0 233.75
55.94383035811518 -3.187644798867223 NNW 55.944107521974935 -3.1877596038969327 0.0 232.5
55.944107521974935 -3.1877596038969327 ENE 55.944222327004645 -3.1874824400371793 0.0 231.25
55.944222327004645 -3.1874824400371793 WSW 55.944107521974935 -3.1877596038969327 0.0 230.0
55.944107521974935 -3.1877596038969327 E 55.944107521974935 -3.1874596038969325 0.0 228.75
55.944107521974935 -3.1874596038969325 N 55.94440752197494 -3.1874596038969325 0.0 227.5
55.94440752197494 -3.1874596038969325 SE 55.94419538994058 -3.1872474718625767 0.0 226.25
55.94419538994058 -3.1872474718625767 NNW 55.94447255380034 -3.1873622768922862 0.0 225.0
55.94447255380034 -3.1873622768922862 SE 55.94426042176598 -3.1871501448579305 0.0 223.75
55.94426042176598 -3.1871501448579305 WNW 55.94437522679569 -3.187427308717684 0.0 222.5
55.94437522679569 -3.187427308717684 ESE 55.94426042176598 -3.1871501448579305 0.0 221.25
55.94426042176598 -3.1871501448579305 ENE 55.94437522679569 -3.186872980998177 0.0 220.0
55.94437522679569 -3.186872980998177 WSW 55.94426042176598 -3.1871501448579305 0.0 218.75
55.94426042176598 -3.1871501448579305 ENE 55.94437522679569 -3.186872980998177 0.0 217.5
55.94437522679569 -3.186872980998177 WSW 55.94426042176598 -3.1871501448579305 0.0 216.25
55.94426042176598 -3.1871501448579305 ENE 55.94437522679569 -3.186872980998177 0.0 215.0
55.94437522679569 -3.186872980998177 NE 55.94458735883005 -3.1866608489638213 0.0 213.75
55.94458735883005 -3.1866608489638213 SW 55.94437522679569 -3.186872980998177 0.0 212.5
55.94437522679569 -3.186872980998177 NNE 55.94465239065545 -3.1867581759684676 0.0 211.25
55.94465239065545 -3.1867581759684676 NNE 55.944929554515205 -3.186643370938758 0.0 210.0
55.944929554515205 -3.186643370938758 NW 55.94514168654956 -3.186855502973114 0.0 208.75
55.94514168654956 -3.186855502973114 SE 55.944929554515205 -3.186643370938758 0.0 207.5
55.944929554515205 -3.186643370938758 NNW 55.94520671837496 -3.1867581759684676 0.0 206.25
55.94520671837496 -3.1867581759684676 SSE 55.944929554515205 -3.186643370938758 0.0 205.0
55.944929554515205 -3.186643370938758 N 55.94522955451521 -3.186643370938758 0.0 203.75
55.94522955451521 -3.186643370938758 SE 55.94501742248085 -3.1864312389044023 0.0 202.5
55.94501742248085 -3.1864312389044023 NNW 55.94529458634061 -3.186546043934112 0.0 201.25
55.94529458634061 -3.186546043934112 N 55.94559458634061 -3.186546043934112 0.0 200.0
55.94559458634061 -3.186546043934112 S 55.94529458634061 -3.186546043934112 0.0 198.75
55.94529458634061 -3.186546043934112 E 55.94529458634061 -3.1862460439341116 82.33904266357422 245.00377655029297
55.94529458634061 -3.1862460439341116 WSW 55.9451797813109 -3.186523207793865 82.33904266357422 243.75377655029297
55.9451797813109 -3.186523207793865 E 55.9451797813109 -3.186223207793865 157.61895751953125 274.67300033569336
55.9451797813109 -3.186223207793865 SW 55.94496764927654 -3.1864353398282206 157.61895751953125 273.42300033569336
55.94496764927654 -3.1864353398282206 NE 55.9451797813109 -3.186223207793865 157.61895751953125 272.17300033569336
55.9451797813109 -3.186223207793865 NE 55.945391913345254 -3.186011075759509 160.08560490608215 370.6797904968262
55.945391913345254 -3.186011075759509 SW 55.9451797813109 -3.186223207793865 160.08560490608215 369.4297904968262
55.9451797813109 -3.186223207793865 SSE 55.94490261745114 -3.1861084027641553 160.08560490608215 368.1797904968262
55.94490261745114 -3.1861084027641553 ENE 55.94501742248085 -3.185831238904402 175.31053948402405 475.05956649780273
55.94501742248085 -3.185831238904402 W 55.94501742248085 -3.186131238904402 175.31053948402405 473.80956649780273
55.94501742248085 -3.186131238904402 E 55.94501742248085 -3.185831238904402 175.31053948402405 472.55956649780273
55.94501742248085 -3.185831238904402 SW 55.944805290446496 -3.1860433709387577 175.31053948402405 471.30956649780273
55.944805290446496 -3.1860433709387577 E 55.944805290446496 -3.1857433709387575 175.31053948402405 470.05956649780273
55.944805290446496 -3.1857433709387575 WSW 55.944690485416785 -3.186020534798511 175.31053948402405 468.80956649780273
55.944690485416785 -3.186020534798511 ESE 55.944575680387075 -3.1857433709387575 175.31053948402405 467.55956649780273
55.944575680387075 -3.1857433709387575 SW 55.94436354835272 -3.1859555029731133 175.31053948402405 466.30956649780273
55.94436354835272 -3.1859555029731133 ENE 55.94447835338243 -3.18567833911336 175.31053948402405 465.05956649780273
55.94447835338243 -3.18567833911336 SW 55.94426622134807 -3.1858904711477156 175.31053948402405 463.80956649780273
55.94426622134807 -3.1858904711477156 NE 55.94447835338243 -3.18567833911336 175.31053948402405 462.55956649780273
55.94447835338243 -3.18567833911336 E 55.94447835338243 -3.1853783391133597 175.31053948402405 461.30956649780273
55.94447835338243 -3.1853783391133597 SSW 55.94420118952267 -3.185493144143069 175.31053948402405 460.05956649780273
55.94420118952267 -3.185493144143069 E 55.94420118952267 -3.185193144143069 175.31053948402405 458.80956649780273
55.94420118952267 -3.185193144143069 WNW 55.94431599455238 -3.1854703080028224 175.31053948402405 457.55956649780273
55.94431599455238 -3.1854703080028224 ESE 55.94420118952267 -3.185193144143069 175.31053948402405 456.30956649780273
55.94420118952267 -3.185193144143069 NE 55.94441332155703 -3.184981012108713 175.31053948402405 455.05956649780273
55.94441332155703 -3.184981012108713 ESE 55.94429851652732 -3.18470384824896 175.31053948402405 453.80956649780273
55.94429851652732 -3.18470384824896 WNW 55.94441332155703 -3.184981012108713 175.31053948402405 452.55956649780273
55.94441332155703 -3.184981012108713 NNW 55.944690485416785 -3.1850958171384227 175.31053948402405 451.30956649780273
55.944690485416785 -3.1850958171384227 SSW 55.94441332155703 -3.185210622168132 242.85253930091858 517.9764289855957
55.94441332155703 -3.185210622168132 NW 55.944625453591385 -3.185422754202488 242.85253930091858 516.7264289855957
55.944625453591385 -3.185422754202488 SE 55.94441332155703 -3.185210622168132 242.85253930091858 515.4764289855957
55.94441332155703 -3.185210622168132 NNE 55.944690485416785 -3.1850958171384227 242.85253930091858 514.2264289855957
55.944690485416785 -3.1850958171384227 WNW 55.944805290446496 -3.185372980998176 299.5674669742584 629.9096031188965
55.944805290446496 -3.185372980998176 ENE 55.944920095476206 -3.1850958171384227 299.5674669742584 628.6596031188965
55.944920095476206 -3.1850958171384227 W 55.944920095476206 -3.185395817138423 301.4527186155319 698.8188667297363
55.944920095476206 -3.185395817138423 ENE 55.94503490050592 -3.1851186532786695 301.4527186155319 697.5688667297363
55.94503490050592 -3.1851186532786695 S 55.944734900505914 -3.1851186532786695 301.4527186155319 696.3188667297363
55.944734900505914 -3.1851186532786695 NNE 55.94501206436567 -3.18500384824896 301.4527186155319 695.0688667297363
55.94501206436567 -3.18500384824896 NNE 55.94528922822543 -3.1848890432192505 406.5150660276413 803.6984901428223
55.94528922822543 -3.1848890432192505 WSW 55.945174423195716 -3.185166207079004 406.5150660276413 802.4484901428223
55.945174423195716 -3.185166207079004 NNE 55.94545158705547 -3.1850514020492944 406.5150660276413 801.1984901428223
55.94545158705547 -3.1850514020492944 SSW 55.945174423195716 -3.185166207079004 406.5150660276413 799.9484901428223
55.945174423195716 -3.185166207079004 NNW 55.94545158705547 -3.1852810121087134 406.5150660276413 798.6984901428223
55.94545158705547 -3.1852810121087134 SW 55.94523945502112 -3.185493144143069 406.5150660276413 797.4484901428223
55.94523945502112 -3.185493144143069 NNE 55.94551661888087 -3.1853783391133597 406.5150660276413 796.1984901428223
55.94551661888087 -3.1853783391133597 S 55.94521661888087 -3.1853783391133597 406.5150660276413 794.9484901428223
55.94521661888087 -3.1853783391133597 N 55.94551661888087 -3.1853783391133597 406.5150660276413 793.6984901428223
55.94551661888087 -3.1853783391133597 WSW 55.94540181385116 -3.185655502973113 485.86532390117645 883.068042755127
55.94540181385116 -3.185655502973113 E 55.94540181385116 -3.185355502973113 485.86532390117645 881.818042755127
55.94540181385116 -3.185355502973113 W 55.94540181385116 -3.185655502973113 485.86532390117645 880.568042755127
55.94540181385116 -3.185655502973113 WNW 55.94551661888087 -3.1859326668328665 485.86532390117645 879.318042755127
55.94551661888087 -3.1859326668328665 NE 55.94572875091523 -3.1857205347985107 588.39513194561 963.8885459899902
55.94572875091523 -3.1857205347985107 SW 55.94551661888087 -3.1859326668328665 588.39513194561 962.6385459899902
55.94551661888087 -3.1859326668328665 NW 55.94572875091523 -3.1861447988672222 588.39513194561 961.3885459899902
55.94572875091523 -3.1861447988672222 SE 55.94551661888087 -3.1859326668328665 588.39513194561 960.1385459899902
55.94551661888087 -3.1859326668328665 WSW 55.94540181385116 -3.18620983069262 588.39513194561 958.8885459899902
55.94540181385116 -3.18620983069262 ESE 55.94528700882145 -3.1859326668328665 588.39513194561 957.6385459899902
55.94528700882145 -3.1859326668328665 WNW 55.94540181385116 -3.18620983069262 588.39513194561 956.3885459899902
55.94540181385116 -3.18620983069262 SW 55.94518968181681 -3.1864219627269756 588.39513194561 955.1385459899902
55.94518968181681 -3.1864219627269756 NE 55.94540181385116 -3.18620983069262 588.39513194561 953.8885459899902
55.94540181385116 -3.18620983069262 NW 55.94561394588552 -3.1864219627269756 588.39513194561 952.6385459899902
55.94561394588552 -3.1864219627269756 E 55.94561394588552 -3.1861219627269755 588.39513194561 951.3885459899902
55.94561394588552 -3.1861219627269755 W 55.94561394588552 -3.1864219627269756 588.39513194561 950.1385459899902
55.94561394588552 -3.1864219627269756 E 55.94561394588552 -3.1861219627269755 588.39513194561 948.8885459899902
55.94561394588552 -3.1861219627269755 WNW 55.94572875091523 -3.186399126586729 588.39513194561 947.6385459899902
55.94572875091523 -3.186399126586729 NE 55.945940882949586 -3.186186994552373 588.39513194561 946.3885459899902
55.945940882949586 -3.186186994552373 SW 55.94572875091523 -3.186399126586729 588.39513194561 945.1385459899902
55.94572875091523 -3.186399126586729 S 55.94542875091523 -3.186399126586729 588.39513194561 943.8885459899902
55.94542875091523 -3.186399126586729 NNW 55.94570591477498 -3.1865139316164384 588.39513194561 942.6385459899902
55.94570591477498 -3.1865139316164384 WNW 55.94582071980469 -3.1867910954761918 588.39513194561 941.3885459899902
55.94582071980469 -3.1867910954761918 NNE 55.94609788366445 -3.1866762904464823 588.39513194561 940.1385459899902
55.94609788366445 -3.1866762904464823 SSW 55.94582071980469 -3.1867910954761918 588.39513194561 938.8885459899902
55.94582071980469 -3.1867910954761918 WNW 55.945935524834404 -3.187068259335945 588.39513194561 937.6385459899902
55.945935524834404 -3.187068259335945 NW 55.94614765686876 -3.187280391370301 612.7390364408493 960.8149127960205
55.94614765686876 -3.187280391370301 SE 55.945935524834404 -3.187068259335945 612.7390364408493 959.5649127960205
55.945935524834404 -3.187068259335945 NNW 55.94621268869416 -3.1871830643656547 612.7390364408493 958.3149127960205
55.94621268869416 -3.1871830643656547 S 55.94591268869416 -3.1871830643656547 612.7390364408493 957.0649127960205
55.94591268869416 -3.1871830643656547 E 55.94591268869416 -3.1868830643656545 612.7390364408493 955.8149127960205
55.94591268869416 -3.1868830643656545 W 55.94591268869416 -3.1871830643656547 612.7390364408493 954.5649127960205
55.94591268869416 -3.1871830643656547 SW 55.9457005566598 -3.1873951964000105 612.7390364408493 953.3149127960205
55.9457005566598 -3.1873951964000105 N 55.946000556659804 -3.1873951964000105 612.7390364408493 952.0649127960205
55.946000556659804 -3.1873951964000105 SSW 55.94572339280005 -3.18751000142972 612.7390364408493 950.8149127960205
55.94572339280005 -3.18751000142972 NNE 55.946000556659804 -3.1873951964000105 612.7390364408493 949.5649127960205
55.946000556659804 -3.1873951964000105 WSW 55.945885751630094 -3.187672360259764 612.7390364408493 948.3149127960205
55.945885751630094 -3.187672360259764 NE 55.94609788366445 -3.187460228225408 612.7390364408493 947.0649127960205
55.94609788366445 -3.187460228225408 ENE 55.94621268869416 -3.1871830643656547 612.7390364408493 945.8149127960205
55.94621268869416 -3.1871830643656547 W 55.94621268869416 -3.187483064365655 612.7390364408493 944.5649127960205
55.94621268869416 -3.187483064365655 E 55.94621268869416 -3.1871830643656547 612.7390364408493 943.3149127960205
55.94621268869416 -3.1871830643656547 E 55.94621268869416 -3.1868830643656545 612.7390364408493 942.0649127960205
55.94621268869416 -3.1868830643656545 ESE 55.94609788366445 -3.186605900505901 612.7390364408493 940.8149127960205
55.94609788366445 -3.186605900505901 WNW 55.94621268869416 -3.1868830643656545 612.7390364408493 939.5649127960205
55.94621268869416 -3.1868830643656545 E 55.94621268869416 -3.1865830643656543 612.7390364408493 938.3149127960205
55.94621268869416 -3.1865830643656543 SE 55.946000556659804 -3.1863709323312985 612.7390364408493 937.0649127960205
55.946000556659804 -3.1863709323312985 NW 55.94621268869416 -3.1865830643656543 612.7390364408493 935.8149127960205
55.94621268869416 -3.1865830643656543 SE 55.946000556659804 -3.1863709323312985 612.7390364408493 934.5649127960205
55.946000556659804 -3.1863709323312985 ENE 55.946115361689515 -3.186093768471545 612.7390364408493 933.3149127960205
55.946115361689515 -3.186093768471545 WSW 55.946000556659804 -3.1863709323312985 612.7390364408493 932.0649127960205
55.946000556659804 -3.1863709323312985 NW 55.94621268869416 -3.1865830643656543 612.7390364408493 930.8149127960205
55.94621268869416 -3.1865830643656543 E 55.94621268869416 -3.186283064365654 612.7390364408493 929.5649127960205
55.94621268869416 -3.186283064365654 SSE 55.945935524834404 -3.1861682593359446 612.7390364408493 928.3149127960205
55.945935524834404 -3.1861682593359446 NNE 55.94621268869416 -3.186053454306235 612.7390364408493 927.0649127960205
55.94621268869416 -3.186053454306235 ESE 55.94609788366445 -3.1857762904464817 612.7390364408493 925.8149127960205
55.94609788366445 -3.1857762904464817 ENE 55.94621268869416 -3.1854991265867283 612.7390364408493 924.5649127960205
55.94621268869416 -3.1854991265867283 WSW 55.94609788366445 -3.1857762904464817 612.7390364408493 923.3149127960205
55.94609788366445 -3.1857762904464817 ESE 55.94598307863474 -3.1854991265867283 612.7390364408493 922.0649127960205
55.94598307863474 -3.1854991265867283 E 55.94598307863474 -3.185199126586728 612.7390364408493 920.8149127960205
55.94598307863474 -3.185199126586728 NW 55.946195210669096 -3.185411258621084 612.7390364408493 919.5649127960205
55.946195210669096 -3.185411258621084 ESE 55.946080405639385 -3.1851340947613305 612.7390364408493 918.3149127960205
55.946080405639385 -3.1851340947613305 ESE 55.945965600609675 -3.184856930901577 721.2073210477829 1025.007402420044
55.945965600609675 -3.184856930901577 S 55.94566560060967 -3.184856930901577 798.8559645414352 1084.6260585784912
55.94566560060967 -3.184856930901577 NW 55.94587773264403 -3.185069062935933 798.8559645414352 1083.3760585784912
55.94587773264403 -3.185069062935933 SE 55.94566560060967 -3.184856930901577 798.8559645414352 1082.1260585784912
55.94566560060967 -3.184856930901577 W 55.94566560060967 -3.1851569309015773 798.8559645414352 1080.8760585784912
55.94566560060967 -3.1851569309015773 E 55.94566560060967 -3.184856930901577 798.8559645414352 1079.6260585784912
55.94566560060967 -3.184856930901577 SSW 55.945388436749916 -3.1849717359312866 798.8559645414352 1078.3760585784912
55.945388436749916 -3.1849717359312866 NE 55.94560056878427 -3.184759603896931 856.4274748563766 1105.3169574737549
55.94560056878427 -3.184759603896931 S 55.94530056878427 -3.184759603896931 856.4274748563766 1104.0669574737549
55.94530056878427 -3.184759603896931 NNE 55.945577732644026 -3.1846447988672213 856.4274748563766 1102.8169574737549
55.945577732644026 -3.1846447988672213 E 55.945577732644026 -3.184344798867221 856.4274748563766 1101.5669574737549
55.945577732644026 -3.184344798867221 W 55.945577732644026 -3.1846447988672213 856.4274748563766 1100.3169574737549
55.945577732644026 -3.1846447988672213 N 55.94587773264403 -3.1846447988672213 856.4274748563766 1099.0669574737549
55.94587773264403 -3.1846447988672213 SSE 55.94560056878427 -3.184529993837512 856.4274748563766 1097.8169574737549
55.94560056878427 -3.184529993837512 NNW 55.94587773264403 -3.1846447988672213 856.4274748563766 1096.5669574737549
55.94587773264403 -3.1846447988672213 SW 55.94566560060967 -3.184856930901577 856.4274748563766 1095.3169574737549
55.94566560060967 -3.184856930901577 NNE 55.94594276446943 -3.1847421258718676 940.1862028837204 1215.540880203247
55.94594276446943 -3.1847421258718676 NNE 55.946219928329185 -3.184627320842158 1002.4877241849899 1317.567834854126
55.946219928329185 -3.184627320842158 SSE 55.94594276446943 -3.1845125158124485 1002.4877241849899 1316.317834854126
55.94594276446943 -3.1845125158124485 WSW 55.94582795943972 -3.184789679672202 1125.9576567411423 1321.627995967865
55.94582795943972 -3.184789679672202 ENE 55.94594276446943 -3.1845125158124485 1125.9576567411423 1320.377995967865
55.94594276446943 -3.1845125158124485 SSE 55.94566560060967 -3.184397710782739 1125.9576567411423 1319.127995967865
55.94566560060967 -3.184397710782739 NNW 55.94594276446943 -3.1845125158124485 1125.9576567411423 1317.877995967865
55.94594276446943 -3.1845125158124485 SSE 55.94566560060967 -3.184397710782739 1125.9576567411423 1316.627995967865
55.94566560060967 -3.184397710782739 NNW 55.94594276446943 -3.1845125158124485 1125.9576567411423 1315.377995967865
55.94594276446943 -3.1845125158124485 S 55.945642764469426 -3.1845125158124485 1241.481048464775 1377.5724539756775
55.945642764469426 -3.1845125158124485 S 55.94534276446942 -3.1845125158124485 1330.7803572416306 1493.6369681358337
55.94534276446942 -3.1845125158124485 SSE 55.94506560060967 -3.184397710782739 1330.7803572416306 1492.3869681358337
55.94506560060967 -3.184397710782739 S 55.944765600609664 -3.184397710782739 1330.7803572416306 1491.1369681358337
55.944765600609664 -3.184397710782739 N 55.94506560060967 -3.184397710782739 1330.7803572416306 1489.8869681358337
55.94506560060967 -3.184397710782739 WSW 55.944950795579956 -3.1846748746424924 1424.4120482206345 1510.8792204856873
55.944950795579956 -3.1846748746424924 SSW 55.9446736317202 -3.184789679672202 1424.4120482206345 1509.6292204856873
55.9446736317202 -3.184789679672202 ENE 55.94478843674991 -3.1845125158124485 1424.4120482206345 1508.3792204856873
55.94478843674991 -3.1845125158124485 S 55.94448843674991 -3.1845125158124485 1424.4120482206345 1507.1292204856873
55.94448843674991 -3.1845125158124485 NNE 55.944765600609664 -3.184397710782739 1424.4120482206345 1505.8792204856873
55.944765600609664 -3.184397710782739 S 55.94446560060966 -3.184397710782739 1424.4120482206345 1504.6292204856873
55.94446560060966 -3.184397710782739 WNW 55.94458040563937 -3.1846748746424924 1424.4120482206345 1503.3792204856873
55.94458040563937 -3.1846748746424924 ESE 55.94446560060966 -3.184397710782739 1424.4120482206345 1502.1292204856873
55.94446560060966 -3.184397710782739 W 55.94446560060966 -3.184697710782739 1424.4120482206345 1500.8792204856873
55.94446560060966 -3.184697710782739 ESE 55.94435079557995 -3.184420546922986 1424.4120482206345 1499.6292204856873
55.94435079557995 -3.184420546922986 WNW 55.94446560060966 -3.184697710782739 1424.4120482206345 1498.3792204856873
55.94446560060966 -3.184697710782739 NE 55.94467773264402 -3.1844855787483834 1424.4120482206345 1497.1292204856873
55.94467773264402 -3.1844855787483834 SW 55.94446560060966 -3.184697710782739 1424.4120482206345 1495.8792204856873
55.94446560060966 -3.184697710782739 SSW 55.944188436749904 -3.1848125158124487 1428.9679921865463 1560.0663542747498
55.944188436749904 -3.1848125158124487 NNW 55.94446560060966 -3.1849273208421582 1428.9679921865463 1558.8163542747498
55.94446560060966 -3.1849273208421582 SSE 55.944188436749904 -3.1848125158124487 1428.9679921865463 1557.5663542747498
55.944188436749904 -3.1848125158124487 S 55.9438884367499 -3.1848125158124487 1449.4953511953354 1580.6131796836853
55.9438884367499 -3.1848125158124487 NNE 55.94416560060966 -3.184697710782739 1510.2978719472885 1632.4220213890076
55.94416560060966 -3.184697710782739 SW 55.9439534685753 -3.184909842817095 1510.2978719472885 1631.1720213890076
55.9439534685753 -3.184909842817095 NE 55.94416560060966 -3.184697710782739 1510.2978719472885 1629.9220213890076
55.94416560060966 -3.184697710782739 SW 55.9439534685753 -3.184909842817095 1510.2978719472885 1628.6720213890076
55.9439534685753 -3.184909842817095 WSW 55.94383866354559 -3.1851870066768484 1510.2978719472885 1627.4220213890076
55.94383866354559 -3.1851870066768484 SSE 55.943561499685835 -3.185072201647139 1510.2978719472885 1626.1720213890076
55.943561499685835 -3.185072201647139 NNW 55.94383866354559 -3.1851870066768484 1510.2978719472885 1624.9220213890076
55.94383866354559 -3.1851870066768484 SSE 55.943561499685835 -3.185072201647139 1510.2978719472885 1623.6720213890076
55.943561499685835 -3.185072201647139 W 55.943561499685835 -3.185372201647139 1510.2978719472885 1622.4220213890076
55.943561499685835 -3.185372201647139 ENE 55.943676304715545 -3.1850950377873857 1510.2978719472885 1621.1720213890076
55.943676304715545 -3.1850950377873857 WSW 55.943561499685835 -3.185372201647139 1510.2978719472885 1619.9220213890076
55.943561499685835 -3.185372201647139 E 55.943561499685835 -3.185072201647139 1510.2978719472885 1618.6720213890076
55.943561499685835 -3.185072201647139 WSW 55.943446694656124 -3.1853493655068923 1510.2978719472885 1617.4220213890076
55.943446694656124 -3.1853493655068923 ESE 55.943331889626414 -3.185072201647139 1510.2978719472885 1616.1720213890076
55.943331889626414 -3.185072201647139 WNW 55.943446694656124 -3.1853493655068923 1510.2978719472885 1614.9220213890076
55.943446694656124 -3.1853493655068923 E 55.943446694656124 -3.185049365506892 1545.5487645864487 1662.9721503257751
55.943446694656124 -3.185049365506892 SSE 55.94316953079637 -3.1849345604771826 1620.9394429922104 1693.7447791099548
55.94316953079637 -3.1849345604771826 NNW 55.943446694656124 -3.185049365506892 1620.9394429922104 1692.4947791099548
55.943446694656124 -3.185049365506892 SSE 55.94316953079637 -3.1849345604771826 1620.9394429922104 1691.2447791099548
55.94316953079637 -3.1849345604771826 NNW 55.943446694656124 -3.185049365506892 1620.9394429922104 1689.9947791099548
55.943446694656124 -3.185049365506892 ESE 55.943331889626414 -3.1847722016471387 1620.9394429922104 1688.7447791099548
55.943331889626414 -3.1847722016471387 NNE 55.94360905348617 -3.184657396617429 1620.9394429922104 1687.4947791099548
55.94360905348617 -3.184657396617429 SSW 55.943331889626414 -3.1847722016471387 1620.9394429922104 1686.2447791099548
55.943331889626414 -3.1847722016471387 N 55.94363188962642 -3.1847722016471387 1620.9394429922104 1684.9947791099548
55.94363188962642 -3.1847722016471387 N 55.94393188962642 -3.1847722016471387 1620.9394429922104 1683.7447791099548
55.94393188962642 -3.1847722016471387 SSE 55.94365472576666 -3.184657396617429 1620.9394429922104 1682.4947791099548
55.94365472576666 -3.184657396617429 N 55.943954725766666 -3.184657396617429 1620.9394429922104 1681.2447791099548
55.943954725766666 -3.184657396617429 E 55.943954725766666 -3.184357396617429 1620.9394429922104 1679.9947791099548
55.943954725766666 -3.184357396617429 S 55.94365472576666 -3.184357396617429 1620.9394429922104 1678.7447791099548
55.94365472576666 -3.184357396617429 N 55.943954725766666 -3.184357396617429 1620.9394429922104 1677.4947791099548
55.943954725766666 -3.184357396617429 S 55.94365472576666 -3.184357396617429 1620.9394429922104 1676.2447791099548
55.94365472576666 -3.184357396617429 SW 55.94344259373231 -3.1845695286517848 1727.494267821312 1769.482259273529
55.94344259373231 -3.1845695286517848 NE 55.94365472576666 -3.184357396617429 1727.494267821312 1768.232259273529
55.94365472576666 -3.184357396617429 SW 55.94344259373231 -3.1845695286517848 1727.494267821312 1766.982259273529
55.94344259373231 -3.1845695286517848 SSE 55.94316542987255 -3.1844547236220753 1785.126103758812 1767.1962662935257
55.94316542987255 -3.1844547236220753 WSW 55.94305062484284 -3.1847318874818287 1785.126103758812 1765.9462662935257
55.94305062484284 -3.1847318874818287 ESE 55.94293581981313 -3.1844547236220753 1895.5914739370346 1820.8104439973831
55.94293581981313 -3.1844547236220753 WNW 55.94305062484284 -3.1847318874818287 1895.5914739370346 1819.5604439973831
55.94305062484284 -3.1847318874818287 ESE 55.94293581981313 -3.1844547236220753 1895.5914739370346 1818.3104439973831
55.94293581981313 -3.1844547236220753 WSW 55.94282101478342 -3.1847318874818287 1895.5914739370346 1817.0604439973831
55.94282101478342 -3.1847318874818287 E 55.94282101478342 -3.1844318874818285 1895.5914739370346 1815.8104439973831
55.94282101478342 -3.1844318874818285 N 55.94312101478342 -3.1844318874818285 1895.5914739370346 1814.5604439973831
55.94312101478342 -3.1844318874818285 S 55.94282101478342 -3.1844318874818285 1895.5914739370346 1813.3104439973831
55.94282101478342 -3.1844318874818285 WSW 55.94270620975371 -3.184709051341582 1978.399800658226 1921.1168023347855
55.94270620975371 -3.184709051341582 NNW 55.942983373613465 -3.1848238563712914 1978.399800658226 1919.8668023347855
55.942983373613465 -3.1848238563712914 S 55.94268337361346 -3.1848238563712914 1978.399800658226 1918.6168023347855
55.94268337361346 -3.1848238563712914 NNW 55.94296053747322 -3.184938661401001 1978.399800658226 1917.3668023347855
55.94296053747322 -3.184938661401001 W 55.94296053747322 -3.185238661401001 1989.5597194433212 1921.1745406389236
55.94296053747322 -3.185238661401001 WNW 55.94307534250293 -3.1855158252607545 1989.5597194433212 1919.9245406389236
55.94307534250293 -3.1855158252607545 ENE 55.94319014753264 -3.185238661401001 1989.5597194433212 1918.6745406389236
55.94319014753264 -3.185238661401001 WSW 55.94307534250293 -3.1855158252607545 1989.5597194433212 1917.4245406389236
55.94307534250293 -3.1855158252607545 WSW 55.94296053747322 -3.185792989120508 1989.5597194433212 1916.1745406389236
55.94296053747322 -3.185792989120508 E 55.94296053747322 -3.1854929891205077 1989.5597194433212 1914.9245406389236
55.94296053747322 -3.1854929891205077 SSE 55.94268337361346 -3.185378184090798 2061.06438100338 1950.3414450883865
