55.944425 -3.188396 E 55.944425 -3.188096 0.0 248.75
55.944425 -3.188096 WNW 55.94453980502971 -3.1883731638597532 0.0 247.5
55.94453980502971 -3.1883731638597532 SE 55.94432767299536 -3.1881610318253975 0.0 246.25
55.94432767299536 -3.1881610318253975 NW 55.94453980502971 -3.1883731638597532 0.0 245.0
55.94453980502971 -3.1883731638597532 SSE 55.944262641169956 -3.1882583588300437 0.0 243.75
55.944262641169956 -3.1882583588300437 NNW 55.94453980502971 -3.1883731638597532 0.0 242.5
55.94453980502971 -3.1883731638597532 SSE 55.944262641169956 -3.1882583588300437 0.0 241.25
55.944262641169956 -3.1882583588300437 NNW 55.94453980502971 -3.1883731638597532 0.0 240.0
55.94453980502971 -3.1883731638597532 ESE 55.944425 -3.188096 0.0 238.75
55.944425 -3.188096 NW 55.94463713203436 -3.1883081320343556 0.0 237.5
55.94463713203436 -3.1883081320343556 E 55.94463713203436 -3.1880081320343554 0.0 236.25
55.94463713203436 -3.1880081320343554 W 55.94463713203436 -3.1883081320343556 0.0 235.0
55.94463713203436 -3.1883081320343556 SSE 55.9443599681746 -3.188193327004646 0.0 233.75
55.9443599681746 -3.188193327004646 NNW 55.94463713203436 -3.1883081320343556 0.0 232.5
55.94463713203436 -3.1883081320343556 ENE 55.94475193706407 -3.188030968174602 0.0 231.25
55.94475193706407 -3.188030968174602 WSW 55.94463713203436 -3.1883081320343556 0.0 230.0
55.94463713203436 -3.1883081320343556 NNW 55.944914295894115 -3.188422937064065 0.0 228.75
55.944914295894115 -3.188422937064065 S 55.94461429589411 -3.188422937064065 0.0 227.5
55.94461429589411 -3.188422937064065 N 55.944914295894115 -3.188422937064065 0.0 226.25
55.944914295894115 -3.188422937064065 S 55.94461429589411 -3.188422937064065 0.0 225.0
55.94461429589411 -3.188422937064065 SE 55.944402163859756 -3.1882108050297093 0.0 223.75
55.944402163859756 -3.1882108050297093 WNW 55.94451696888947 -3.1884879688894627 0.0 222.5
55.94451696888947 -3.1884879688894627 SSW 55.94423980502971 -3.1886027739191722 0.0 221.25
55.94423980502971 -3.1886027739191722 NNE 55.94451696888947 -3.1884879688894627 0.0 220.0
55.94451696888947 -3.1884879688894627 W 55.94451696888947 -3.188787968889463 0.0 218.75
55.94451696888947 -3.188787968889463 E 55.94451696888947 -3.1884879688894627 0.0 217.5
55.94451696888947 -3.1884879688894627 WSW 55.944402163859756 -3.188765132749216 0.0 216.25
55.944402163859756 -3.188765132749216 NE 55.94461429589411 -3.1885530007148604 0.0 215.0
55.94461429589411 -3.1885530007148604 W 55.94461429589411 -3.1888530007148606 0.0 213.75
55.94461429589411 -3.1888530007148606 E 55.94461429589411 -3.1885530007148604 0.0 212.5
55.94461429589411 -3.1885530007148604 WNW 55.94472910092382 -3.1888301645746138 0.0 211.25
55.94472910092382 -3.1888301645746138 E 55.94472910092382 -3.1885301645746136 0.0 210.0
55.94472910092382 -3.1885301645746136 W 55.94472910092382 -3.1888301645746138 0.0 208.75
55.94472910092382 -3.1888301645746138 ENE 55.94484390595353 -3.1885530007148604 0.0 207.5
55.94484390595353 -3.1885530007148604 W 55.94484390595353 -3.1888530007148606 0.0 206.25
55.94484390595353 -3.1888530007148606 E 55.94484390595353 -3.1885530007148604 0.0 205.0
55.94484390595353 -3.1885530007148604 W 55.94484390595353 -3.1888530007148606 0.0 203.75
55.94484390595353 -3.1888530007148606 ENE 55.944958710983244 -3.188575836855107 0.0 202.5
55.944958710983244 -3.188575836855107 WSW 55.94484390595353 -3.1888530007148606 0.0 201.25
55.94484390595353 -3.1888530007148606 S 55.94454390595353 -3.1888530007148606 0.0 200.0
55.94454390595353 -3.1888530007148606 N 55.94484390595353 -3.1888530007148606 0.0 198.75
55.94484390595353 -3.1888530007148606 ENE 55.944958710983244 -3.188575836855107 0.0 197.5
55.944958710983244 -3.188575836855107 WSW 55.94484390595353 -3.1888530007148606 0.0 196.25
55.94484390595353 -3.1888530007148606 W 55.94484390595353 -3.1891530007148607 0.0 195.0
55.94484390595353 -3.1891530007148607 E 55.94484390595353 -3.1888530007148606 0.0 193.75
55.94484390595353 -3.1888530007148606 W 55.94484390595353 -3.1891530007148607 0.0 192.5
55.94484390595353 -3.1891530007148607 E 55.94484390595353 -3.1888530007148606 0.0 191.25
55.94484390595353 -3.1888530007148606 W 55.94484390595353 -3.1891530007148607 0.0 190.0
55.94484390595353 -3.1891530007148607 ENE 55.944958710983244 -3.1888758368551073 0.0 188.75
55.944958710983244 -3.1888758368551073 E 55.944958710983244 -3.188575836855107 0.0 187.5
55.944958710983244 -3.188575836855107 W 55.944958710983244 -3.1888758368551073 0.0 186.25
55.944958710983244 -3.1888758368551073 N 55.945258710983246 -3.1888758368551073 0.0 185.0
55.945258710983246 -3.1888758368551073 S 55.944958710983244 -3.1888758368551073 0.0 183.75
55.944958710983244 -3.1888758368551073 NNE 55.945235874843 -3.188761031825398 0.0 182.5
55.945235874843 -3.188761031825398 W 55.945235874843 -3.189061031825398 0.0 181.25
55.945235874843 -3.189061031825398 E 55.945235874843 -3.188761031825398 0.0 180.0
55.945235874843 -3.188761031825398 NE 55.945448006877356 -3.188548899791042 0.0 178.75
55.945448006877356 -3.188548899791042 SW 55.945235874843 -3.188761031825398 0.0 177.5
55.945235874843 -3.188761031825398 NNW 55.94551303870276 -3.1888758368551073 0.0 176.25
55.94551303870276 -3.1888758368551073 SSE 55.945235874843 -3.188761031825398 0.0 175.0
55.945235874843 -3.188761031825398 ENE 55.94535067987271 -3.1884838679656444 0.0 173.75
55.94535067987271 -3.1884838679656444 WSW 55.945235874843 -3.188761031825398 0.0 172.5
55.945235874843 -3.188761031825398 ESE 55.94512106981329 -3.1884838679656444 0.0 171.25
55.94512106981329 -3.1884838679656444 NW 55.945333201847646 -3.188696 0.0 170.0
55.945333201847646 -3.188696 SE 55.94512106981329 -3.1884838679656444 0.0 168.75
55.94512106981329 -3.1884838679656444 N 55.94542106981329 -3.1884838679656444 0.0 167.5
55.94542106981329 -3.1884838679656444 NNW 55.94569823367305 -3.188598672995354 74.86209106445312 223.99910736083984
55.94569823367305 -3.188598672995354 SSE 55.94542106981329 -3.1884838679656444 74.86209106445312 222.74910736083984
55.94542106981329 -3.1884838679656444 ESE 55.94530626478358 -3.188206704105891 74.86209106445312 221.49910736083984
55.94530626478358 -3.188206704105891 WNW 55.94542106981329 -3.1884838679656444 74.86209106445312 220.24910736083984
55.94542106981329 -3.1884838679656444 ENE 55.945535874843 -3.188206704105891 74.86209106445312 218.99910736083984
55.945535874843 -3.188206704105891 WSW 55.94542106981329 -3.1884838679656444 74.86209106445312 217.74910736083984
55.94542106981329 -3.1884838679656444 ENE 55.945535874843 -3.188206704105891 74.86209106445312 216.49910736083984
55.945535874843 -3.188206704105891 W 55.945535874843 -3.188506704105891 74.86209106445312 215.24910736083984
55.945535874843 -3.188506704105891 E 55.945535874843 -3.188206704105891 74.86209106445312 213.99910736083984
55.945535874843 -3.188206704105891 WSW 55.94542106981329 -3.1884838679656444 74.86209106445312 212.74910736083984
55.94542106981329 -3.1884838679656444 ENE 55.945535874843 -3.188206704105891 74.86209106445312 211.49910736083984
55.945535874843 -3.188206704105891 ENE 55.94565067987271 -3.1879295402461376 74.86209106445312 210.24910736083984
55.94565067987271 -3.1879295402461376 WSW 55.945535874843 -3.188206704105891 74.86209106445312 208.99910736083984
55.945535874843 -3.188206704105891 NNE 55.94581303870276 -3.1880918990761815 74.86209106445312 207.74910736083984
55.94581303870276 -3.1880918990761815 S 55.94551303870276 -3.1880918990761815 74.86209106445312 206.49910736083984
55.94551303870276 -3.1880918990761815 WNW 55.94562784373247 -3.188369062935935 74.86209106445312 205.24910736083984
55.94562784373247 -3.188369062935935 ESE 55.94551303870276 -3.1880918990761815 74.86209106445312 203.99910736083984
55.94551303870276 -3.1880918990761815 S 55.945213038702754 -3.1880918990761815 74.86209106445312 202.74910736083984
55.945213038702754 -3.1880918990761815 N 55.94551303870276 -3.1880918990761815 74.86209106445312 201.49910736083984
55.94551303870276 -3.1880918990761815 ESE 55.945398233673046 -3.187814735216428 74.86209106445312 200.24910736083984
55.945398233673046 -3.187814735216428 WNW 55.94551303870276 -3.1880918990761815 74.86209106445312 198.99910736083984
55.94551303870276 -3.1880918990761815 ENE 55.94562784373247 -3.187814735216428 74.86209106445312 197.74910736083984
55.94562784373247 -3.187814735216428 WSW 55.94551303870276 -3.1880918990761815 74.86209106445312 196.49910736083984
55.94551303870276 -3.1880918990761815 ENE 55.94562784373247 -3.187814735216428 74.86209106445312 195.24910736083984
55.94562784373247 -3.187814735216428 W 55.94562784373247 -3.1881147352164283 74.86209106445312 193.99910736083984
55.94562784373247 -3.1881147352164283 E 55.94562784373247 -3.187814735216428 74.86209106445312 192.74910736083984
55.94562784373247 -3.187814735216428 WNW 55.94574264876218 -3.1880918990761815 74.86209106445312 191.49910736083984
55.94574264876218 -3.1880918990761815 ENE 55.94585745379189 -3.187814735216428 74.86209106445312 190.24910736083984
55.94585745379189 -3.187814735216428 WSW 55.94574264876218 -3.1880918990761815 74.86209106445312 188.99910736083984
55.94574264876218 -3.1880918990761815 ESE 55.94562784373247 -3.187814735216428 74.86209106445312 187.74910736083984
55.94562784373247 -3.187814735216428 WNW 55.94574264876218 -3.1880918990761815 74.86209106445312 186.49910736083984
55.94574264876218 -3.1880918990761815 ENE 55.94585745379189 -3.187814735216428 74.86209106445312 185.24910736083984
55.94585745379189 -3.187814735216428 WSW 55.94574264876218 -3.1880918990761815 74.86209106445312 183.99910736083984
55.94574264876218 -3.1880918990761815 NE 55.945954780796534 -3.1878797670418257 74.86209106445312 182.74910736083984
55.945954780796534 -3.1878797670418257 WSW 55.94583997576682 -3.188156930901579 74.86209106445312 181.49910736083984
55.94583997576682 -3.188156930901579 NNW 55.94611713962658 -3.1882717359312887 74.86209106445312 180.24910736083984
55.94611713962658 -3.1882717359312887 SSE 55.94583997576682 -3.188156930901579 74.86209106445312 178.99910736083984
55.94583997576682 -3.188156930901579 WSW 55.94572517073711 -3.1884340947613325 74.86209106445312 177.74910736083984
55.94572517073711 -3.1884340947613325 ENE 55.94583997576682 -3.188156930901579 74.86209106445312 176.49910736083984
55.94583997576682 -3.188156930901579 SE 55.94562784373247 -3.1879447988672234 74.86209106445312 175.24910736083984
55.94562784373247 -3.1879447988672234 NW 55.94583997576682 -3.188156930901579 74.86209106445312 173.99910736083984
55.94583997576682 -3.188156930901579 S 55.94553997576682 -3.188156930901579 74.86209106445312 172.74910736083984
55.94553997576682 -3.188156930901579 NNW 55.94581713962658 -3.1882717359312887 74.86209106445312 171.49910736083984
55.94581713962658 -3.1882717359312887 S 55.945517139626574 -3.1882717359312887 74.86209106445312 170.24910736083984
55.945517139626574 -3.1882717359312887 NNW 55.94579430348633 -3.188386540960998 74.86209106445312 168.99910736083984
55.94579430348633 -3.188386540960998 SE 55.945582171451974 -3.1881744089266424 74.86209106445312 167.74910736083984
55.945582171451974 -3.1881744089266424 NW 55.94579430348633 -3.188386540960998 74.86209106445312 166.49910736083984
55.94579430348633 -3.188386540960998 SSW 55.945517139626574 -3.1885013459907077 74.86209106445312 165.24910736083984
55.945517139626574 -3.1885013459907077 NNE 55.94579430348633 -3.188386540960998 74.86209106445312 163.99910736083984
55.94579430348633 -3.188386540960998 WNW 55.94590910851604 -3.1886637048207516 74.86209106445312 162.74910736083984
55.94590910851604 -3.1886637048207516 ESE 55.94579430348633 -3.188386540960998 74.86209106445312 161.49910736083984
55.94579430348633 -3.188386540960998 NNE 55.94607146734609 -3.1882717359312887 74.86209106445312 160.24910736083984
55.94607146734609 -3.1882717359312887 SSW 55.94579430348633 -3.188386540960998 74.86209106445312 158.99910736083984
55.94579430348633 -3.188386540960998 SSW 55.945517139626574 -3.1885013459907077 74.86209106445312 157.74910736083984
55.945517139626574 -3.1885013459907077 NNE 55.94579430348633 -3.188386540960998 74.86209106445312 156.49910736083984
55.94579430348633 -3.188386540960998 S 55.94549430348633 -3.188386540960998 74.86209106445312 155.24910736083984
55.94549430348633 -3.188386540960998 NE 55.945706435520684 -3.1881744089266424 74.86209106445312 153.99910736083984
55.945706435520684 -3.1881744089266424 WSW 55.94559163049097 -3.188451572786396 74.86209106445312 152.74910736083984
55.94559163049097 -3.188451572786396 E 55.94559163049097 -3.1881515727863956 74.86209106445312 151.49910736083984
55.94559163049097 -3.1881515727863956 W 55.94559163049097 -3.188451572786396 74.86209106445312 150.24910736083984
55.94559163049097 -3.188451572786396 ENE 55.945706435520684 -3.1881744089266424 74.86209106445312 148.99910736083984
55.945706435520684 -3.1881744089266424 WSW 55.94559163049097 -3.188451572786396 74.86209106445312 147.74910736083984
55.94559163049097 -3.188451572786396 NW 55.94580376252533 -3.1886637048207516 74.86209106445312 146.49910736083984
55.94580376252533 -3.1886637048207516 SE 55.94559163049097 -3.188451572786396 74.86209106445312 145.24910736083984
55.94559163049097 -3.188451572786396 W 55.94559163049097 -3.188751572786396 74.86209106445312 143.99910736083984
55.94559163049097 -3.188751572786396 ENE 55.945706435520684 -3.1884744089266426 74.86209106445312 142.74910736083984
55.945706435520684 -3.1884744089266426 WSW 55.94559163049097 -3.188751572786396 74.86209106445312 141.49910736083984
55.94559163049097 -3.188751572786396 ENE 55.945706435520684 -3.1884744089266426 74.86209106445312 140.24910736083984
55.945706435520684 -3.1884744089266426 WSW 55.94559163049097 -3.188751572786396 74.86209106445312 138.99910736083984
55.94559163049097 -3.188751572786396 NNE 55.94586879435073 -3.1886367677566865 74.86209106445312 137.74910736083984
55.94586879435073 -3.1886367677566865 SSW 55.94559163049097 -3.188751572786396 74.86209106445312 136.49910736083984
55.94559163049097 -3.188751572786396 N 55.945891630490976 -3.188751572786396 74.86209106445312 135.24910736083984
55.945891630490976 -3.188751572786396 S 55.94559163049097 -3.188751572786396 74.86209106445312 133.99910736083984
55.94559163049097 -3.188751572786396 N 55.945891630490976 -3.188751572786396 74.86209106445312 132.74910736083984
55.945891630490976 -3.188751572786396 SE 55.94567949845662 -3.18853944075204 74.86209106445312 131.49910736083984
55.94567949845662 -3.18853944075204 NW 55.945891630490976 -3.188751572786396 74.86209106445312 130.24910736083984
55.945891630490976 -3.188751572786396 ESE 55.945776825461266 -3.1884744089266426 74.86209106445312 128.99910736083984
55.945776825461266 -3.1884744089266426 WNW 55.945891630490976 -3.188751572786396 74.86209106445312 127.74910736083984
55.945891630490976 -3.188751572786396 ENE 55.94600643552069 -3.1884744089266426 74.86209106445312 126.49910736083984
55.94600643552069 -3.1884744089266426 WSW 55.945891630490976 -3.188751572786396 74.86209106445312 125.24910736083984
55.945891630490976 -3.188751572786396 E 55.945891630490976 -3.188451572786396 74.86209106445312 123.99910736083984
55.945891630490976 -3.188451572786396 W 55.945891630490976 -3.188751572786396 74.86209106445312 122.74910736083984
55.945891630490976 -3.188751572786396 ESE 55.945776825461266 -3.1884744089266426 74.86209106445312 121.49910736083984
55.945776825461266 -3.1884744089266426 WNW 55.945891630490976 -3.188751572786396 74.86209106445312 120.24910736083984
55.945891630490976 -3.188751572786396 ESE 55.945776825461266 -3.1884744089266426 74.86209106445312 118.99910736083984
55.945776825461266 -3.1884744089266426 S 55.94547682546126 -3.1884744089266426 74.86209106445312 117.74910736083984
55.94547682546126 -3.1884744089266426 N 55.945776825461266 -3.1884744089266426 74.86209106445312 116.49910736083984
55.945776825461266 -3.1884744089266426 NNW 55.94605398932102 -3.188589213956352 74.86209106445312 115.24910736083984
55.94605398932102 -3.188589213956352 SE 55.945841857286666 -3.1883770819219963 74.86209106445312 113.99910736083984
55.945841857286666 -3.1883770819219963 NNE 55.94611902114642 -3.188262276892287 74.86209106445312 112.74910736083984
55.94611902114642 -3.188262276892287 SW 55.94590688911207 -3.1884744089266426 74.86209106445312 111.49910736083984
55.94590688911207 -3.1884744089266426 N 55.94620688911207 -3.1884744089266426 74.86209106445312 110.24910736083984
55.94620688911207 -3.1884744089266426 S 55.94590688911207 -3.1884744089266426 74.86209106445312 108.99910736083984
55.94590688911207 -3.1884744089266426 NE 55.94611902114642 -3.188262276892287 74.86209106445312 107.74910736083984
55.94611902114642 -3.188262276892287 WSW 55.94600421611671 -3.18853944075204 74.86209106445312 106.49910736083984
55.94600421611671 -3.18853944075204 ENE 55.94611902114642 -3.188262276892287 74.86209106445312 105.24910736083984
55.94611902114642 -3.188262276892287 WSW 55.94600421611671 -3.18853944075204 74.86209106445312 103.99910736083984
55.94600421611671 -3.18853944075204 ENE 55.94611902114642 -3.188262276892287 74.86209106445312 102.74910736083984
55.94611902114642 -3.188262276892287 W 55.94611902114642 -3.188562276892287 74.86209106445312 101.49910736083984
55.94611902114642 -3.188562276892287 E 55.94611902114642 -3.188262276892287 74.86209106445312 100.24910736083984
55.94611902114642 -3.188262276892287 ESE 55.94600421611671 -3.1879851130325334 74.86209106445312 98.99910736083984
55.94600421611671 -3.1879851130325334 NW 55.94621634815107 -3.188197245066889 74.86209106445312 97.74910736083984
55.94621634815107 -3.188197245066889 E 55.94621634815107 -3.187897245066889 74.86209106445312 96.49910736083984
55.94621634815107 -3.187897245066889 W 55.94621634815107 -3.188197245066889 74.86209106445312 95.24910736083984
55.94621634815107 -3.188197245066889 S 55.945916348151066 -3.188197245066889 74.86209106445312 93.99910736083984
55.945916348151066 -3.188197245066889 N 55.94621634815107 -3.188197245066889 74.86209106445312 92.74910736083984
55.94621634815107 -3.188197245066889 S 55.945916348151066 -3.188197245066889 74.86209106445312 91.49910736083984
55.945916348151066 -3.188197245066889 NNE 55.94619351201082 -3.1880824400371797 74.86209106445312 90.24910736083984
55.94619351201082 -3.1880824400371797 SSW 55.945916348151066 -3.188197245066889 74.86209106445312 88.99910736083984
55.945916348151066 -3.188197245066889 NW 55.94612848018542 -3.188409377101245 74.86209106445312 87.74910736083984
55.94612848018542 -3.188409377101245 SE 55.945916348151066 -3.188197245066889 74.86209106445312 86.49910736083984
55.945916348151066 -3.188197245066889 WSW 55.945801543121355 -3.1884744089266426 74.86209106445312 85.24910736083984
55.945801543121355 -3.1884744089266426 ENE 55.945916348151066 -3.188197245066889 74.86209106445312 83.99910736083984
55.945916348151066 -3.188197245066889 W 55.945916348151066 -3.1884972450668894 74.86209106445312 82.74910736083984
55.945916348151066 -3.1884972450668894 E 55.945916348151066 -3.188197245066889 74.86209106445312 81.49910736083984
55.945916348151066 -3.188197245066889 NW 55.94612848018542 -3.188409377101245 74.86209106445312 80.24910736083984
55.94612848018542 -3.188409377101245 SSE 55.945851316325665 -3.1882945720715354 74.86209106445312 78.99910736083984
55.945851316325665 -3.1882945720715354 NE 55.94606344836002 -3.1880824400371797 74.86209106445312 77.74910736083984
55.94606344836002 -3.1880824400371797 SW 55.945851316325665 -3.1882945720715354 74.86209106445312 76.49910736083984
55.945851316325665 -3.1882945720715354 WNW 55.945966121355376 -3.188571735931289 74.86209106445312 75.24910736083984
55.945966121355376 -3.188571735931289 ESE 55.945851316325665 -3.1882945720715354 74.86209106445312 73.99910736083984
55.945851316325665 -3.1882945720715354 SW 55.94563918429131 -3.188506704105891 74.86209106445312 72.74910736083984
55.94563918429131 -3.188506704105891 SSE 55.94536202043155 -3.1883918990761817 74.86209106445312 71.49910736083984
55.94536202043155 -3.1883918990761817 NNW 55.94563918429131 -3.188506704105891 74.86209106445312 70.24910736083984
55.94563918429131 -3.188506704105891 SW 55.94542705225695 -3.188718836140247 74.86209106445312 68.99910736083984
55.94542705225695 -3.188718836140247 NE 55.94563918429131 -3.188506704105891 74.86209106445312 67.74910736083984
55.94563918429131 -3.188506704105891 SW 55.94542705225695 -3.188718836140247 74.86209106445312 66.49910736083984
55.94542705225695 -3.188718836140247 NW 55.94563918429131 -3.1889309681746028 74.86209106445312 65.24910736083984
55.94563918429131 -3.1889309681746028 SE 55.94542705225695 -3.188718836140247 74.86209106445312 63.999107360839844
55.94542705225695 -3.188718836140247 NW 55.94563918429131 -3.1889309681746028 74.86209106445312 62.749107360839844
55.94563918429131 -3.1889309681746028 SE 55.94542705225695 -3.188718836140247 74.86209106445312 61.499107360839844
55.94542705225695 -3.188718836140247 WNW 55.94554185728666 -3.1889960000000004 156.11690521240234 129.68036651611328
55.94554185728666 -3.1889960000000004 SE 55.94532972525231 -3.1887838679656446 156.11690521240234 128.43036651611328
55.94532972525231 -3.1887838679656446 NW 55.94554185728666 -3.1889960000000004 156.11690521240234 127.18036651611328
55.94554185728666 -3.1889960000000004 ESE 55.94542705225695 -3.188718836140247 156.11690521240234 125.93036651611328
55.94542705225695 -3.188718836140247 NW 55.94563918429131 -3.1889309681746028 156.11690521240234 124.68036651611328
55.94563918429131 -3.1889309681746028 SE 55.94542705225695 -3.188718836140247 156.11690521240234 123.43036651611328
55.94542705225695 -3.188718836140247 NW 55.94563918429131 -3.1889309681746028 156.11690521240234 122.18036651611328
55.94563918429131 -3.1889309681746028 NNW 55.945916348151066 -3.1890457732043123 199.5186653137207 139.62349700927734
55.945916348151066 -3.1890457732043123 SSE 55.94563918429131 -3.1889309681746028 199.5186653137207 138.37349700927734
55.94563918429131 -3.1889309681746028 NE 55.945851316325665 -3.188718836140247 199.5186653137207 137.12349700927734
55.945851316325665 -3.188718836140247 SSW 55.94557415246591 -3.1888336411699565 199.5186653137207 135.87349700927734
55.94557415246591 -3.1888336411699565 NE 55.945786284500265 -3.1886215091356007 199.5186653137207 134.62349700927734
55.945786284500265 -3.1886215091356007 SW 55.94557415246591 -3.1888336411699565 199.5186653137207 133.37349700927734
55.94557415246591 -3.1888336411699565 SE 55.94536202043155 -3.1886215091356007 199.5186653137207 132.12349700927734
55.94536202043155 -3.1886215091356007 WSW 55.94524721540184 -3.188898672995354 199.5186653137207 130.87349700927734
55.94524721540184 -3.188898672995354 NE 55.9454593474362 -3.1886865409609984 199.5186653137207 129.62349700927734
55.9454593474362 -3.1886865409609984 SW 55.94524721540184 -3.188898672995354 199.5186653137207 128.37349700927734
55.94524721540184 -3.188898672995354 E 55.94524721540184 -3.188598672995354 199.5186653137207 127.12349700927734
55.94524721540184 -3.188598672995354 W 55.94524721540184 -3.188898672995354 199.5186653137207 125.87349700927734
55.94524721540184 -3.188898672995354 SE 55.945035083367486 -3.1886865409609984 199.5186653137207 124.62349700927734
55.945035083367486 -3.1886865409609984 NW 55.94524721540184 -3.188898672995354 199.5186653137207 123.37349700927734
55.94524721540184 -3.188898672995354 W 55.94524721540184 -3.1891986729953543 216.62972450256348 174.09508514404297
55.94524721540184 -3.1891986729953543 E 55.94524721540184 -3.188898672995354 216.62972450256348 172.84508514404297
55.94524721540184 -3.188898672995354 WNW 55.94536202043155 -3.1891758368551075 216.62972450256348 171.59508514404297
55.94536202043155 -3.1891758368551075 ESE 55.94524721540184 -3.188898672995354 216.62972450256348 170.34508514404297
55.94524721540184 -3.188898672995354 W 55.94524721540184 -3.1891986729953543 216.62972450256348 169.09508514404297
55.94524721540184 -3.1891986729953543 E 55.94524721540184 -3.188898672995354 216.62972450256348 167.84508514404297
55.94524721540184 -3.188898672995354 W 55.94524721540184 -3.1891986729953543 216.62972450256348 166.59508514404297
55.94524721540184 -3.1891986729953543 SW 55.945035083367486 -3.18941080502971 216.62972450256348 165.34508514404297
55.945035083367486 -3.18941080502971 ENE 55.9451498883972 -3.1891336411699567 216.62972450256348 164.09508514404297
55.9451498883972 -3.1891336411699567 WNW 55.94526469342691 -3.18941080502971 216.62972450256348 162.84508514404297
55.94526469342691 -3.18941080502971 ESE 55.9451498883972 -3.1891336411699567 216.62972450256348 161.59508514404297
55.9451498883972 -3.1891336411699567 W 55.9451498883972 -3.189433641169957 216.62972450256348 160.34508514404297
55.9451498883972 -3.189433641169957 ESE 55.945035083367486 -3.1891564773102035 216.62972450256348 159.09508514404297
55.945035083367486 -3.1891564773102035 WNW 55.9451498883972 -3.189433641169957 216.62972450256348 157.84508514404297
55.9451498883972 -3.189433641169957 ESE 55.945035083367486 -3.1891564773102035 216.62972450256348 156.59508514404297
55.945035083367486 -3.1891564773102035 WSW 55.944920278337776 -3.189433641169957 260.89270973205566 201.8486099243164
55.944920278337776 -3.189433641169957 ENE 55.945035083367486 -3.1891564773102035 260.89270973205566 200.5986099243164
55.945035083367486 -3.1891564773102035 WSW 55.944920278337776 -3.189433641169957 260.89270973205566 199.3486099243164
55.944920278337776 -3.189433641169957 ESE 55.944805473308065 -3.1891564773102035 260.89270973205566 198.0986099243164
55.944805473308065 -3.1891564773102035 WNW 55.944920278337776 -3.189433641169957 260.89270973205566 196.8486099243164
55.944920278337776 -3.189433641169957 S 55.94462027833777 -3.189433641169957 260.89270973205566 195.5986099243164
55.94462027833777 -3.189433641169957 N 55.944920278337776 -3.189433641169957 260.89270973205566 194.3486099243164
55.944920278337776 -3.189433641169957 NE 55.94513241037213 -3.189221509135601 260.89270973205566 193.0986099243164
55.94513241037213 -3.189221509135601 SW 55.944920278337776 -3.189433641169957 260.89270973205566 191.8486099243164
55.944920278337776 -3.189433641169957 W 55.944920278337776 -3.189733641169957 260.89270973205566 190.5986099243164
55.944920278337776 -3.189733641169957 E 55.944920278337776 -3.189433641169957 260.89270973205566 189.3486099243164
55.944920278337776 -3.189433641169957 NNW 55.94519744219753 -3.1895484461996664 260.89270973205566 188.0986099243164
55.94519744219753 -3.1895484461996664 SE 55.944985310163176 -3.1893363141653106 260.89270973205566 186.8486099243164
55.944985310163176 -3.1893363141653106 W 55.944985310163176 -3.189636314165311 260.89270973205566 185.5986099243164
55.944985310163176 -3.189636314165311 ENE 55.945100115192886 -3.1893591503055574 260.89270973205566 184.3486099243164
55.945100115192886 -3.1893591503055574 WSW 55.944985310163176 -3.189636314165311 260.89270973205566 183.0986099243164
55.944985310163176 -3.189636314165311 NE 55.94519744219753 -3.189424182130955 260.89270973205566 181.8486099243164
