55.944425 -3.188396 SSE 55.944147836140246 -3.1882811949702905 99.88838195800781 324.48258209228516
55.944147836140246 -3.1882811949702905 NNW 55.944425 -3.188396 99.88838195800781 323.23258209228516
55.944425 -3.188396 ESE 55.94431019497029 -3.1881188361402466 99.88838195800781 321.98258209228516
55.94431019497029 -3.1881188361402466 WNW 55.944425 -3.188396 99.88838195800781 320.73258209228516
55.944425 -3.188396 SE 55.944212867965646 -3.1881838679656442 99.88838195800781 319.48258209228516
55.944212867965646 -3.1881838679656442 NW 55.944425 -3.188396 99.88838195800781 318.23258209228516
55.944425 -3.188396 ESE 55.94431019497029 -3.1881188361402466 99.88838195800781 316.98258209228516
55.94431019497029 -3.1881188361402466 SSE 55.944033031110536 -3.188004031110537 104.56425333023071 318.0715124607086
55.944033031110536 -3.188004031110537 WNW 55.944147836140246 -3.1882811949702905 104.56425333023071 316.8215124607086
55.944147836140246 -3.1882811949702905 ESE 55.944033031110536 -3.188004031110537 104.56425333023071 315.5715124607086
55.944033031110536 -3.188004031110537 WNW 55.944147836140246 -3.1882811949702905 104.56425333023071 314.3215124607086
55.944147836140246 -3.1882811949702905 W 55.944147836140246 -3.1885811949702907 104.56425333023071 313.0715124607086
55.944147836140246 -3.1885811949702907 E 55.944147836140246 -3.1882811949702905 104.56425333023071 311.8215124607086
55.944147836140246 -3.1882811949702905 WSW 55.944033031110536 -3.188558358830044 104.56425333023071 310.5715124607086
55.944033031110536 -3.188558358830044 ENE 55.944147836140246 -3.1882811949702905 104.56425333023071 309.3215124607086
55.944147836140246 -3.1882811949702905 W 55.944147836140246 -3.1885811949702907 104.56425333023071 308.0715124607086
55.944147836140246 -3.1885811949702907 SE 55.94393570410589 -3.188369062935935 104.56425333023071 306.8215124607086
55.94393570410589 -3.188369062935935 NW 55.944147836140246 -3.1885811949702907 104.56425333023071 305.5715124607086
55.944147836140246 -3.1885811949702907 E 55.944147836140246 -3.1882811949702905 104.56425333023071 304.3215124607086
55.944147836140246 -3.1882811949702905 W 55.944147836140246 -3.1885811949702907 104.56425333023071 303.0715124607086
55.944147836140246 -3.1885811949702907 NE 55.9443599681746 -3.188369062935935 104.56425333023071 301.8215124607086
55.9443599681746 -3.188369062935935 SSW 55.944082804314846 -3.1884838679656444 104.56425333023071 300.5715124607086
55.944082804314846 -3.1884838679656444 S 55.94378280431484 -3.1884838679656444 104.56425333023071 299.3215124607086
55.94378280431484 -3.1884838679656444 S 55.94348280431484 -3.1884838679656444 104.56425333023071 298.0715124607086
55.94348280431484 -3.1884838679656444 N 55.94378280431484 -3.1884838679656444 104.56425333023071 296.8215124607086
55.94378280431484 -3.1884838679656444 SSW 55.943505640455086 -3.188598672995354 104.56425333023071 295.5715124607086
55.943505640455086 -3.188598672995354 E 55.943505640455086 -3.1882986729953537 104.56425333023071 294.3215124607086
55.943505640455086 -3.1882986729953537 W 55.943505640455086 -3.188598672995354 104.56425333023071 293.0715124607086
55.943505640455086 -3.188598672995354 SSE 55.94322847659533 -3.1884838679656444 104.56425333023071 291.8215124607086
55.94322847659533 -3.1884838679656444 NW 55.943440608629686 -3.188696 195.3536057472229 303.00904393196106
55.943440608629686 -3.188696 W 55.943440608629686 -3.1889960000000004 195.3536057472229 301.75904393196106
55.943440608629686 -3.1889960000000004 ENE 55.943555413659396 -3.188718836140247 195.3536057472229 300.50904393196106
55.943555413659396 -3.188718836140247 NE 55.94376754569375 -3.188506704105891 195.3536057472229 299.25904393196106
55.94376754569375 -3.188506704105891 W 55.94376754569375 -3.1888067041058914 195.3536057472229 298.00904393196106
55.94376754569375 -3.1888067041058914 E 55.94376754569375 -3.188506704105891 195.3536057472229 296.75904393196106
55.94376754569375 -3.188506704105891 W 55.94376754569375 -3.1888067041058914 195.3536057472229 295.50904393196106
55.94376754569375 -3.1888067041058914 NNE 55.94404470955351 -3.188691899076182 195.3536057472229 294.25904393196106
55.94404470955351 -3.188691899076182 SSW 55.94376754569375 -3.1888067041058914 195.3536057472229 293.00904393196106
55.94376754569375 -3.1888067041058914 NE 55.94397967772811 -3.1885945720715356 195.3536057472229 291.75904393196106
55.94397967772811 -3.1885945720715356 SW 55.94376754569375 -3.1888067041058914 195.3536057472229 290.50904393196106
55.94376754569375 -3.1888067041058914 WNW 55.94388235072346 -3.189083867965645 195.3536057472229 289.25904393196106
55.94388235072346 -3.189083867965645 W 55.94388235072346 -3.189383867965645 263.38461923599243 394.9701111316681
55.94388235072346 -3.189383867965645 NE 55.94409448275782 -3.189171735931289 263.38461923599243 393.7201111316681
55.94409448275782 -3.189171735931289 E 55.94409448275782 -3.188871735931289 263.38461923599243 392.4701111316681
55.94409448275782 -3.188871735931289 W 55.94409448275782 -3.189171735931289 263.38461923599243 391.2201111316681
55.94409448275782 -3.189171735931289 E 55.94409448275782 -3.188871735931289 263.38461923599243 389.9701111316681
55.94409448275782 -3.188871735931289 WNW 55.94420928778753 -3.1891488997910424 263.38461923599243 388.7201111316681
55.94420928778753 -3.1891488997910424 ESE 55.94409448275782 -3.188871735931289 263.38461923599243 387.4701111316681
55.94409448275782 -3.188871735931289 W 55.94409448275782 -3.189171735931289 263.38461923599243 386.2201111316681
55.94409448275782 -3.189171735931289 WNW 55.94420928778753 -3.1894488997910426 263.38461923599243 384.9701111316681
55.94420928778753 -3.1894488997910426 E 55.94420928778753 -3.1891488997910424 263.38461923599243 383.7201111316681
55.94420928778753 -3.1891488997910424 WSW 55.94409448275782 -3.189426063650796 263.38461923599243 382.4701111316681
55.94409448275782 -3.189426063650796 NW 55.944306614792175 -3.1896381956851516 263.38461923599243 381.2201111316681
55.944306614792175 -3.1896381956851516 SSE 55.94402945093242 -3.189523390655442 263.38461923599243 379.9701111316681
55.94402945093242 -3.189523390655442 NW 55.944241582966775 -3.189735522689798 263.38461923599243 378.7201111316681
55.944241582966775 -3.189735522689798 S 55.94394158296677 -3.189735522689798 263.38461923599243 377.4701111316681
55.94394158296677 -3.189735522689798 N 55.944241582966775 -3.189735522689798 263.38461923599243 376.2201111316681
55.944241582966775 -3.189735522689798 SW 55.94402945093242 -3.1899476547241536 263.38461923599243 374.9701111316681
55.94402945093242 -3.1899476547241536 NNE 55.944306614792175 -3.189832849694444 263.38461923599243 373.7201111316681
55.944306614792175 -3.189832849694444 NE 55.94451874682653 -3.1896207176600884 375.7476029396057 434.12807393074036
55.94451874682653 -3.1896207176600884 SW 55.944306614792175 -3.189832849694444 375.7476029396057 432.87807393074036
55.944306614792175 -3.189832849694444 NNW 55.94458377865193 -3.1899476547241536 394.5670704841614 494.11336064338684
55.94458377865193 -3.1899476547241536 SSE 55.944306614792175 -3.189832849694444 394.5670704841614 492.86336064338684
55.944306614792175 -3.189832849694444 NNW 55.94458377865193 -3.1899476547241536 394.5670704841614 491.61336064338684
55.94458377865193 -3.1899476547241536 WSW 55.94446897362222 -3.190224818583907 394.5670704841614 490.36336064338684
55.94446897362222 -3.190224818583907 ENE 55.94458377865193 -3.1899476547241536 394.5670704841614 489.11336064338684
55.94458377865193 -3.1899476547241536 SW 55.944371646617576 -3.1901597867585094 394.5670704841614 487.86336064338684
55.944371646617576 -3.1901597867585094 ENE 55.944486451647286 -3.189882622898756 394.5670704841614 486.61336064338684
55.944486451647286 -3.189882622898756 SSW 55.94420928778753 -3.1899974279284655 394.5670704841614 485.36336064338684
55.94420928778753 -3.1899974279284655 SE 55.94399715575317 -3.1897852958941098 394.5670704841614 484.11336064338684
55.94399715575317 -3.1897852958941098 NW 55.94420928778753 -3.1899974279284655 394.5670704841614 482.86336064338684
55.94420928778753 -3.1899974279284655 ESE 55.94409448275782 -3.189720264068712 394.5670704841614 481.61336064338684
55.94409448275782 -3.189720264068712 SSW 55.94381731889806 -3.1898350690984216 394.5670704841614 480.36336064338684
55.94381731889806 -3.1898350690984216 NNE 55.94409448275782 -3.189720264068712 394.5670704841614 479.11336064338684
55.94409448275782 -3.189720264068712 SSW 55.94381731889806 -3.1898350690984216 394.5670704841614 477.86336064338684
55.94381731889806 -3.1898350690984216 E 55.94381731889806 -3.1895350690984214 394.5670704841614 476.61336064338684
55.94381731889806 -3.1895350690984214 WSW 55.94370251386835 -3.189812232958175 394.5670704841614 475.36336064338684
55.94370251386835 -3.189812232958175 ENE 55.94381731889806 -3.1895350690984214 394.5670704841614 474.11336064338684
55.94381731889806 -3.1895350690984214 SW 55.94360518686371 -3.189747201132777 394.5670704841614 472.86336064338684
55.94360518686371 -3.189747201132777 S 55.943305186863704 -3.189747201132777 394.5670704841614 471.61336064338684
55.943305186863704 -3.189747201132777 NW 55.94351731889806 -3.189959333167133 394.5670704841614 470.36336064338684
55.94351731889806 -3.189959333167133 WSW 55.94340251386835 -3.1902364970268864 465.6500096321106 574.2709152698517
55.94340251386835 -3.1902364970268864 ENE 55.94351731889806 -3.189959333167133 465.6500096321106 573.0209152698517
55.94351731889806 -3.189959333167133 WNW 55.94363212392777 -3.1902364970268864 465.6500096321106 571.7709152698517
55.94363212392777 -3.1902364970268864 NE 55.94384425596213 -3.1900243649925306 465.6500096321106 570.5209152698517
55.94384425596213 -3.1900243649925306 ENE 55.94395906099184 -3.189747201132777 465.6500096321106 569.2709152698517
55.94395906099184 -3.189747201132777 WSW 55.94384425596213 -3.1900243649925306 465.6500096321106 568.0209152698517
55.94384425596213 -3.1900243649925306 ENE 55.94395906099184 -3.189747201132777 465.6500096321106 566.7709152698517
55.94395906099184 -3.189747201132777 WSW 55.94384425596213 -3.1900243649925306 465.6500096321106 565.5209152698517
55.94384425596213 -3.1900243649925306 WNW 55.94395906099184 -3.190301528852284 465.6500096321106 564.2709152698517
55.94395906099184 -3.190301528852284 ESE 55.94384425596213 -3.1900243649925306 465.6500096321106 563.0209152698517
55.94384425596213 -3.1900243649925306 WNW 55.94395906099184 -3.190301528852284 465.6500096321106 561.7709152698517
55.94395906099184 -3.190301528852284 SW 55.94374692895748 -3.19051366088664 465.6500096321106 560.5209152698517
55.94374692895748 -3.19051366088664 NE 55.94395906099184 -3.190301528852284 465.6500096321106 559.2709152698517
55.94395906099184 -3.190301528852284 NNW 55.94423622485159 -3.1904163338819935 465.6500096321106 558.0209152698517
55.94423622485159 -3.1904163338819935 SSE 55.94395906099184 -3.190301528852284 465.6500096321106 556.7709152698517
55.94395906099184 -3.190301528852284 SW 55.94374692895748 -3.19051366088664 465.6500096321106 555.5209152698517
55.94374692895748 -3.19051366088664 NNW 55.94402409281724 -3.1906284659163493 465.6500096321106 554.2709152698517
55.94402409281724 -3.1906284659163493 SSE 55.94374692895748 -3.19051366088664 465.6500096321106 553.0209152698517
55.94374692895748 -3.19051366088664 N 55.94404692895748 -3.19051366088664 465.6500096321106 551.7709152698517
55.94404692895748 -3.19051366088664 NNW 55.94432409281724 -3.1906284659163493 465.6500096321106 550.5209152698517
55.94432409281724 -3.1906284659163493 S 55.94402409281724 -3.1906284659163493 465.6500096321106 549.2709152698517
55.94402409281724 -3.1906284659163493 N 55.94432409281724 -3.1906284659163493 465.6500096321106 548.0209152698517
55.94432409281724 -3.1906284659163493 ESE 55.94420928778753 -3.190351302056596 465.6500096321106 546.7709152698517
55.94420928778753 -3.190351302056596 WNW 55.94432409281724 -3.1906284659163493 465.6500096321106 545.5209152698517
55.94432409281724 -3.1906284659163493 SW 55.944111960782884 -3.190840597950705 465.6500096321106 544.2709152698517
55.944111960782884 -3.190840597950705 ENE 55.944226765812594 -3.1905634340909517 465.6500096321106 543.0209152698517
55.944226765812594 -3.1905634340909517 WSW 55.944111960782884 -3.190840597950705 465.6500096321106 541.7709152698517
55.944111960782884 -3.190840597950705 NW 55.94432409281724 -3.191052729985061 465.6500096321106 540.5209152698517
55.94432409281724 -3.191052729985061 SSE 55.94404692895748 -3.1909379249553513 465.6500096321106 539.2709152698517
55.94404692895748 -3.1909379249553513 WNW 55.944161733987194 -3.1912150888151047 465.6500096321106 538.0209152698517
55.944161733987194 -3.1912150888151047 ESE 55.94404692895748 -3.1909379249553513 465.6500096321106 536.7709152698517
55.94404692895748 -3.1909379249553513 S 55.94374692895748 -3.1909379249553513 465.6500096321106 535.5209152698517
55.94374692895748 -3.1909379249553513 NNE 55.94402409281724 -3.190823119925642 465.6500096321106 534.2709152698517
55.94402409281724 -3.190823119925642 SSW 55.94374692895748 -3.1909379249553513 465.6500096321106 533.0209152698517
55.94374692895748 -3.1909379249553513 N 55.94404692895748 -3.1909379249553513 465.6500096321106 531.7709152698517
55.94404692895748 -3.1909379249553513 ESE 55.94393212392777 -3.190660761095598 465.6500096321106 530.5209152698517
55.94393212392777 -3.190660761095598 WNW 55.94404692895748 -3.1909379249553513 465.6500096321106 529.2709152698517
55.94404692895748 -3.1909379249553513 N 55.944346928957486 -3.1909379249553513 465.6500096321106 528.0209152698517
55.944346928957486 -3.1909379249553513 E 55.944346928957486 -3.190637924955351 465.6500096321106 526.7709152698517
55.944346928957486 -3.190637924955351 WNW 55.9444617339872 -3.1909150888151045 465.6500096321106 525.5209152698517
55.9444617339872 -3.1909150888151045 ENE 55.94457653901691 -3.190637924955351 574.0432591438293 543.3394196033478
55.94457653901691 -3.190637924955351 W 55.94457653901691 -3.1909379249553513 574.0432591438293 542.0894196033478
55.94457653901691 -3.1909379249553513 E 55.94457653901691 -3.190637924955351 574.0432591438293 540.8394196033478
55.94457653901691 -3.190637924955351 NE 55.94478867105126 -3.1904257929209954 679.8838200569153 647.6732361316681
55.94478867105126 -3.1904257929209954 WSW 55.94467386602155 -3.190702956780749 679.8838200569153 646.4232361316681
55.94467386602155 -3.190702956780749 NNE 55.94495102988131 -3.1905881517510393 679.8838200569153 645.1732361316681
55.94495102988131 -3.1905881517510393 SW 55.94473889784695 -3.190800283785395 679.8838200569153 643.9232361316681
55.94473889784695 -3.190800283785395 NW 55.94495102988131 -3.191012415819751 679.8838200569153 642.6732361316681
55.94495102988131 -3.191012415819751 SSE 55.94467386602155 -3.1908976107900413 679.8838200569153 641.4232361316681
55.94467386602155 -3.1908976107900413 SE 55.9444617339872 -3.1906854787556855 679.8838200569153 640.1732361316681
55.9444617339872 -3.1906854787556855 NW 55.94467386602155 -3.1908976107900413 679.8838200569153 638.9232361316681
55.94467386602155 -3.1908976107900413 SW 55.9444617339872 -3.191109742824397 679.8838200569153 637.6732361316681
55.9444617339872 -3.191109742824397 NE 55.94467386602155 -3.1908976107900413 679.8838200569153 636.4232361316681
55.94467386602155 -3.1908976107900413 WSW 55.94455906099184 -3.1911747746497947 679.8838200569153 635.1732361316681
55.94455906099184 -3.1911747746497947 NE 55.9447711930262 -3.190962642615439 679.8838200569153 633.9232361316681
55.9447711930262 -3.190962642615439 W 55.9447711930262 -3.191262642615439 679.8838200569153 632.6732361316681
55.9447711930262 -3.191262642615439 SW 55.94455906099184 -3.191474774649795 679.8838200569153 631.4232361316681
55.94455906099184 -3.191474774649795 NE 55.9447711930262 -3.191262642615439 679.8838200569153 630.1732361316681
55.9447711930262 -3.191262642615439 S 55.944471193026196 -3.191262642615439 731.1945118904114 662.8166954517365
55.944471193026196 -3.191262642615439 N 55.9447711930262 -3.191262642615439 731.1945118904114 661.5666954517365
55.9447711930262 -3.191262642615439 SSW 55.94449402916644 -3.1913774476451486 731.1945118904114 660.3166954517365
55.94449402916644 -3.1913774476451486 ENE 55.94460883419615 -3.1911002837853952 731.1945118904114 659.0666954517365
55.94460883419615 -3.1911002837853952 WSW 55.94449402916644 -3.1913774476451486 731.1945118904114 657.8166954517365
55.94449402916644 -3.1913774476451486 E 55.94449402916644 -3.1910774476451484 731.1945118904114 656.5666954517365
55.94449402916644 -3.1910774476451484 W 55.94449402916644 -3.1913774476451486 731.1945118904114 655.3166954517365
55.94449402916644 -3.1913774476451486 WSW 55.94437922413673 -3.191654611504902 731.1945118904114 654.0666954517365
55.94437922413673 -3.191654611504902 E 55.94437922413673 -3.191354611504902 731.1945118904114 652.8166954517365
55.94437922413673 -3.191354611504902 WNW 55.94449402916644 -3.1916317753646553 731.1945118904114 651.5666954517365
55.94449402916644 -3.1916317753646553 WNW 55.94460883419615 -3.1919089392244087 731.1945118904114 650.3166954517365
55.94460883419615 -3.1919089392244087 ESE 55.94449402916644 -3.1916317753646553 731.1945118904114 649.0666954517365
55.94449402916644 -3.1916317753646553 NNE 55.9447711930262 -3.1915169703349457 731.1945118904114 647.8166954517365
55.9447711930262 -3.1915169703349457 SW 55.94455906099184 -3.1917291023693015 731.1945118904114 646.5666954517365
55.94455906099184 -3.1917291023693015 NNW 55.9448362248516 -3.191843907399011 731.1945118904114 645.3166954517365
55.9448362248516 -3.191843907399011 ESE 55.94472141982189 -3.1915667435392576 731.1945118904114 644.0666954517365
55.94472141982189 -3.1915667435392576 WNW 55.9448362248516 -3.191843907399011 731.1945118904114 642.8166954517365
55.9448362248516 -3.191843907399011 ESE 55.94472141982189 -3.1915667435392576 731.1945118904114 641.5666954517365
55.94472141982189 -3.1915667435392576 WNW 55.9448362248516 -3.191843907399011 731.1945118904114 640.3166954517365
55.9448362248516 -3.191843907399011 WSW 55.94472141982189 -3.1921210712587644 731.1945118904114 639.0666954517365
55.94472141982189 -3.1921210712587644 N 55.94502141982189 -3.1921210712587644 731.1945118904114 637.8166954517365
55.94502141982189 -3.1921210712587644 S 55.94472141982189 -3.1921210712587644 731.1945118904114 636.5666954517365
55.94472141982189 -3.1921210712587644 SSE 55.94444425596213 -3.192006266229055 731.1945118904114 635.3166954517365
55.94444425596213 -3.192006266229055 NW 55.94465638799649 -3.1922183982634107 731.1945118904114 634.0666954517365
55.94465638799649 -3.1922183982634107 NW 55.944868520030845 -3.1924305302977665 739.1474227905273 706.5755989551544
55.944868520030845 -3.1924305302977665 S 55.94456852003084 -3.1924305302977665 739.1474227905273 705.3255989551544
55.94456852003084 -3.1924305302977665 N 55.944868520030845 -3.1924305302977665 739.1474227905273 704.0755989551544
55.944868520030845 -3.1924305302977665 S 55.94456852003084 -3.1924305302977665 739.1474227905273 702.8255989551544
55.94456852003084 -3.1924305302977665 ENE 55.94468332506055 -3.192153366438013 739.1474227905273 701.5755989551544
55.94468332506055 -3.192153366438013 SW 55.944471193026196 -3.192365498472369 739.1474227905273 700.3255989551544
55.944471193026196 -3.192365498472369 SSE 55.94419402916644 -3.1922506934426593 739.1474227905273 699.0755989551544
55.94419402916644 -3.1922506934426593 NW 55.944406161200796 -3.192462825477015 739.1474227905273 697.8255989551544
55.944406161200796 -3.192462825477015 SSE 55.94412899734104 -3.1923480204473056 739.1474227905273 696.5755989551544
55.94412899734104 -3.1923480204473056 SSW 55.94385183348128 -3.192462825477015 766.1296710968018 706.2646572589874
55.94385183348128 -3.192462825477015 ENE 55.94396663851099 -3.1921856616172617 766.1296710968018 705.0146572589874
55.94396663851099 -3.1921856616172617 NNE 55.94424380237075 -3.192070856587552 766.1296710968018 703.7646572589874
55.94424380237075 -3.192070856587552 SSW 55.94396663851099 -3.1921856616172617 766.1296710968018 702.5146572589874
55.94396663851099 -3.1921856616172617 ENE 55.9440814435407 -3.1919084977575083 766.1296710968018 701.2646572589874
55.9440814435407 -3.1919084977575083 WSW 55.94396663851099 -3.1921856616172617 766.1296710968018 700.0146572589874
55.94396663851099 -3.1921856616172617 NE 55.94417877054535 -3.191973529582906 766.1296710968018 698.7646572589874
55.94417877054535 -3.191973529582906 W 55.94417877054535 -3.192273529582906 766.1296710968018 697.5146572589874
55.94417877054535 -3.192273529582906 E 55.94417877054535 -3.191973529582906 766.1296710968018 696.2646572589874
55.94417877054535 -3.191973529582906 NNE 55.944455934405106 -3.1918587245531964 766.1296710968018 695.0146572589874
55.944455934405106 -3.1918587245531964 SE 55.94424380237075 -3.1916465925188406 766.1296710968018 693.7646572589874
55.94424380237075 -3.1916465925188406 WNW 55.94435860740046 -3.191923756378594 766.1296710968018 692.5146572589874
55.94435860740046 -3.191923756378594 ESE 55.94424380237075 -3.1916465925188406 766.1296710968018 691.2646572589874
55.94424380237075 -3.1916465925188406 NNW 55.944520966230506 -3.19176139754855 766.1296710968018 690.0146572589874
55.944520966230506 -3.19176139754855 ESE 55.944406161200796 -3.1914842336887967 766.1296710968018 688.7646572589874
55.944406161200796 -3.1914842336887967 WNW 55.944520966230506 -3.19176139754855 766.1296710968018 687.5146572589874
55.944520966230506 -3.19176139754855 SSW 55.94424380237075 -3.1918762025782597 766.1296710968018 686.2646572589874
55.94424380237075 -3.1918762025782597 NE 55.944455934405106 -3.191664070543904 766.1296710968018 685.0146572589874
55.944455934405106 -3.191664070543904 NNE 55.94473309826486 -3.1915492655141944 766.1296710968018 683.7646572589874
55.94473309826486 -3.1915492655141944 SE 55.944520966230506 -3.1913371334798386 766.1296710968018 682.5146572589874
55.944520966230506 -3.1913371334798386 NNW 55.94479813009026 -3.191451938509548 766.1296710968018 681.2646572589874
55.94479813009026 -3.191451938509548 N 55.945098130090265 -3.191451938509548 766.1296710968018 680.0146572589874
55.945098130090265 -3.191451938509548 ESE 55.944983325060555 -3.1911747746497947 766.1296710968018 678.7646572589874
55.944983325060555 -3.1911747746497947 W 55.944983325060555 -3.191474774649795 766.1296710968018 677.5146572589874
55.944983325060555 -3.191474774649795 E 55.944983325060555 -3.1911747746497947 766.1296710968018 676.2646572589874
55.944983325060555 -3.1911747746497947 N 55.94528332506056 -3.1911747746497947 766.1296710968018 675.0146572589874
55.94528332506056 -3.1911747746497947 S 55.944983325060555 -3.1911747746497947 766.1296710968018 673.7646572589874
55.944983325060555 -3.1911747746497947 NNE 55.94526048892031 -3.191059969620085 766.1296710968018 672.5146572589874
55.94526048892031 -3.191059969620085 S 55.94496048892031 -3.191059969620085 766.1296710968018 671.2646572589874
55.94496048892031 -3.191059969620085 NNW 55.945237652780065 -3.1911747746497947 766.1296710968018 670.0146572589874
55.945237652780065 -3.1911747746497947 SSE 55.94496048892031 -3.191059969620085 766.1296710968018 668.7646572589874
55.94496048892031 -3.191059969620085 NNW 55.945237652780065 -3.1911747746497947 766.1296710968018 667.5146572589874
55.945237652780065 -3.1911747746497947 SSE 55.94496048892031 -3.191059969620085 766.1296710968018 666.2646572589874
55.94496048892031 -3.191059969620085 NNW 55.945237652780065 -3.1911747746497947 766.1296710968018 665.0146572589874
55.945237652780065 -3.1911747746497947 NE 55.94544978481442 -3.190962642615439 766.1296710968018 663.7646572589874
55.94544978481442 -3.190962642615439 WSW 55.94533497978471 -3.1912398064751923 832.2481861114502 756.1259853839874
55.94533497978471 -3.1912398064751923 ENE 55.94544978481442 -3.190962642615439 832.2481861114502 754.8759853839874
55.94544978481442 -3.190962642615439 WNW 55.94556458984413 -3.1912398064751923 832.2481861114502 753.6259853839874
55.94556458984413 -3.1912398064751923 ESE 55.94544978481442 -3.190962642615439 832.2481861114502 752.3759853839874
55.94544978481442 -3.190962642615439 WNW 55.94556458984413 -3.1912398064751923 832.2481861114502 751.1259853839874
55.94556458984413 -3.1912398064751923 ENE 55.94567939487384 -3.190962642615439 832.2481861114502 749.8759853839874
55.94567939487384 -3.190962642615439 WSW 55.94556458984413 -3.1912398064751923 832.2481861114502 748.6259853839874
55.94556458984413 -3.1912398064751923 SW 55.945352457809776 -3.191451938509548 832.2481861114502 747.3759853839874
55.945352457809776 -3.191451938509548 ENE 55.945467262839486 -3.1911747746497947 832.2481861114502 746.1259853839874
55.945467262839486 -3.1911747746497947 SSW 55.94519009897973 -3.191289579679504 832.2481861114502 744.8759853839874
55.94519009897973 -3.191289579679504 N 55.94549009897973 -3.191289579679504 832.2481861114502 743.6259853839874
55.94549009897973 -3.191289579679504 W 55.94549009897973 -3.1915895796795044 913.593713760376 755.183586359024
55.94549009897973 -3.1915895796795044 E 55.94549009897973 -3.191289579679504 913.593713760376 753.933586359024
55.94549009897973 -3.191289579679504 W 55.94549009897973 -3.1915895796795044 913.593713760376 752.683586359024
55.94549009897973 -3.1915895796795044 NNW 55.94576726283949 -3.191704384709214 913.593713760376 751.433586359024
55.94576726283949 -3.191704384709214 SSE 55.94549009897973 -3.1915895796795044 913.593713760376 750.183586359024
55.94549009897973 -3.1915895796795044 NNW 55.94576726283949 -3.191704384709214 913.593713760376 748.933586359024
55.94576726283949 -3.191704384709214 SSE 55.94549009897973 -3.1915895796795044 913.593713760376 747.683586359024
55.94549009897973 -3.1915895796795044 NNW 55.94576726283949 -3.191704384709214 913.593713760376 746.433586359024
55.94576726283949 -3.191704384709214 WSW 55.94565245780978 -3.1919815485689673 913.593713760376 745.183586359024
55.94565245780978 -3.1919815485689673 ENE 55.94576726283949 -3.191704384709214 913.593713760376 743.933586359024
55.94576726283949 -3.191704384709214 WSW 55.94565245780978 -3.1919815485689673 913.593713760376 742.683586359024
55.94565245780978 -3.1919815485689673 N 55.94595245780978 -3.1919815485689673 913.593713760376 741.433586359024
55.94595245780978 -3.1919815485689673 S 55.94565245780978 -3.1919815485689673 913.593713760376 740.183586359024
55.94565245780978 -3.1919815485689673 WNW 55.94576726283949 -3.1922587124287207 913.593713760376 738.933586359024
55.94576726283949 -3.1922587124287207 SE 55.94555513080513 -3.192046580394365 913.593713760376 737.683586359024
55.94555513080513 -3.192046580394365 NW 55.94576726283949 -3.1922587124287207 913.593713760376 736.433586359024
55.94576726283949 -3.1922587124287207 E 55.94576726283949 -3.1919587124287205 913.593713760376 735.183586359024
55.94576726283949 -3.1919587124287205 WNW 55.9458820678692 -3.192235876288474 913.593713760376 733.933586359024
55.9458820678692 -3.192235876288474 SSE 55.94560490400944 -3.1921210712587644 913.593713760376 732.683586359024
55.94560490400944 -3.1921210712587644 NW 55.9458170360438 -3.19233320329312 913.593713760376 731.433586359024
55.9458170360438 -3.19233320329312 N 55.9461170360438 -3.19233320329312 913.593713760376 730.183586359024
55.9461170360438 -3.19233320329312 S 55.9458170360438 -3.19233320329312 913.593713760376 728.933586359024
55.9458170360438 -3.19233320329312 N 55.9461170360438 -3.19233320329312 913.593713760376 727.683586359024
55.9461170360438 -3.19233320329312 S 55.9458170360438 -3.19233320329312 913.593713760376 726.433586359024
55.9458170360438 -3.19233320329312 NNW 55.946094199903555 -3.1924480083228297 929.6182498931885 792.4344942569733
55.946094199903555 -3.1924480083228297 E 55.946094199903555 -3.1921480083228295 929.6182498931885 791.1844942569733
55.946094199903555 -3.1921480083228295 ENE 55.946209004933266 -3.191870844463076 929.6182498931885 789.9344942569733
55.946209004933266 -3.191870844463076 WSW 55.946094199903555 -3.1921480083228295 929.6182498931885 788.6844942569733
55.946094199903555 -3.1921480083228295 ENE 55.946209004933266 -3.191870844463076 929.6182498931885 787.4344942569733
55.946209004933266 -3.191870844463076 S 55.94590900493326 -3.191870844463076 929.6182498931885 786.1844942569733
55.94590900493326 -3.191870844463076 WNW 55.94602380996297 -3.1921480083228295 929.6182498931885 784.9344942569733
55.94602380996297 -3.1921480083228295 ESE 55.94590900493326 -3.191870844463076 929.6182498931885 783.6844942569733
