55.944425 -3.188396 ESE 55.94431019497029 -3.1881188361402466 0.0 248.75
55.94431019497029 -3.1881188361402466 NW 55.94452232700465 -3.1883309681746024 0.0 247.5
55.94452232700465 -3.1883309681746024 SSE 55.94424516314489 -3.188216163144893 0.0 246.25
55.94424516314489 -3.188216163144893 NNW 55.94452232700465 -3.1883309681746024 0.0 245.0
55.94452232700465 -3.1883309681746024 SE 55.94431019497029 -3.1881188361402466 0.0 243.75
55.94431019497029 -3.1881188361402466 NW 55.94452232700465 -3.1883309681746024 0.0 242.5
55.94452232700465 -3.1883309681746024 E 55.94452232700465 -3.188030968174602 0.0 241.25
55.94452232700465 -3.188030968174602 WNW 55.94463713203436 -3.1883081320343556 0.0 240.0
55.94463713203436 -3.1883081320343556 ENE 55.94475193706407 -3.188030968174602 0.0 238.75
55.94475193706407 -3.188030968174602 WSW 55.94463713203436 -3.1883081320343556 0.0 237.5
55.94463713203436 -3.1883081320343556 SE 55.944425 -3.188096 0.0 236.25
55.944425 -3.188096 NW 55.94463713203436 -3.1883081320343556 0.0 235.0
55.94463713203436 -3.1883081320343556 NNW 55.944914295894115 -3.188422937064065 0.0 233.75
55.944914295894115 -3.188422937064065 S 55.94461429589411 -3.188422937064065 0.0 232.5
55.94461429589411 -3.188422937064065 NNW 55.94489145975387 -3.1885377420937746 0.0 231.25
55.94489145975387 -3.1885377420937746 S 55.944591459753866 -3.1885377420937746 0.0 230.0
55.944591459753866 -3.1885377420937746 NNW 55.94486862361362 -3.188652547123484 0.0 228.75
55.94486862361362 -3.188652547123484 S 55.94456862361362 -3.188652547123484 0.0 227.5
55.94456862361362 -3.188652547123484 N 55.94486862361362 -3.188652547123484 0.0 226.25
55.94486862361362 -3.188652547123484 S 55.94456862361362 -3.188652547123484 0.0 225.0
55.94456862361362 -3.188652547123484 ENE 55.94468342864333 -3.1883753832637307 0.0 223.75
55.94468342864333 -3.1883753832637307 WSW 55.94456862361362 -3.188652547123484 0.0 222.5
55.94456862361362 -3.188652547123484 ESE 55.94445381858391 -3.1883753832637307 0.0 221.25
55.94445381858391 -3.1883753832637307 WNW 55.94456862361362 -3.188652547123484 0.0 220.0
55.94456862361362 -3.188652547123484 SSE 55.94429145975386 -3.1885377420937746 0.0 218.75
55.94429145975386 -3.1885377420937746 NNW 55.94456862361362 -3.188652547123484 0.0 217.5
55.94456862361362 -3.188652547123484 S 55.94426862361362 -3.188652547123484 0.0 216.25
55.94426862361362 -3.188652547123484 N 55.94456862361362 -3.188652547123484 0.0 215.0
55.94456862361362 -3.188652547123484 S 55.94426862361362 -3.188652547123484 0.0 213.75
55.94426862361362 -3.188652547123484 NNW 55.94454578747337 -3.1887673521531936 0.0 212.5
55.94454578747337 -3.1887673521531936 SE 55.94433365543902 -3.188555220118838 0.0 211.25
55.94433365543902 -3.188555220118838 WNW 55.94444846046873 -3.1888323839785913 0.0 210.0
55.94444846046873 -3.1888323839785913 ENE 55.94456326549844 -3.188555220118838 0.0 208.75
55.94456326549844 -3.188555220118838 WSW 55.94444846046873 -3.1888323839785913 0.0 207.5
55.94444846046873 -3.1888323839785913 ENE 55.94456326549844 -3.188555220118838 0.0 206.25
55.94456326549844 -3.188555220118838 W 55.94456326549844 -3.188855220118838 0.0 205.0
55.94456326549844 -3.188855220118838 E 55.94456326549844 -3.188555220118838 0.0 203.75
55.94456326549844 -3.188555220118838 W 55.94456326549844 -3.188855220118838 0.0 202.5
55.94456326549844 -3.188855220118838 SSW 55.94428610163868 -3.1889700251485475 0.0 201.25
55.94428610163868 -3.1889700251485475 NNE 55.94456326549844 -3.188855220118838 0.0 200.0
55.94456326549844 -3.188855220118838 SSW 55.94428610163868 -3.1889700251485475 0.0 198.75
55.94428610163868 -3.1889700251485475 NE 55.94449823367304 -3.1887578931141918 0.0 197.5
55.94449823367304 -3.1887578931141918 SW 55.94428610163868 -3.1889700251485475 0.0 196.25
55.94428610163868 -3.1889700251485475 ENE 55.94440090666839 -3.188692861288794 0.0 195.0
55.94440090666839 -3.188692861288794 W 55.94440090666839 -3.1889928612887943 0.0 193.75
55.94440090666839 -3.1889928612887943 SSW 55.944123742808635 -3.189107666318504 0.0 192.5
55.944123742808635 -3.189107666318504 NNE 55.94440090666839 -3.1889928612887943 0.0 191.25
55.94440090666839 -3.1889928612887943 S 55.94410090666839 -3.1889928612887943 0.0 190.0
55.94410090666839 -3.1889928612887943 N 55.94440090666839 -3.1889928612887943 0.0 188.75
55.94440090666839 -3.1889928612887943 SSW 55.944123742808635 -3.189107666318504 0.0 187.5
55.944123742808635 -3.189107666318504 ENE 55.944238547838346 -3.1888305024587504 0.0 186.25
55.944238547838346 -3.1888305024587504 SW 55.94402641580399 -3.189042634493106 0.0 185.0
55.94402641580399 -3.189042634493106 NE 55.944238547838346 -3.1888305024587504 0.0 183.75
55.944238547838346 -3.1888305024587504 SW 55.94402641580399 -3.189042634493106 0.0 182.5
55.94402641580399 -3.189042634493106 WSW 55.94391161077428 -3.1893197983528596 0.0 181.25
55.94391161077428 -3.1893197983528596 ENE 55.94402641580399 -3.189042634493106 0.0 180.0
55.94402641580399 -3.189042634493106 W 55.94402641580399 -3.1893426344931064 0.0 178.75
55.94402641580399 -3.1893426344931064 ENE 55.9441412208337 -3.189065470633353 0.0 177.5
55.9441412208337 -3.189065470633353 WNW 55.94425602586341 -3.1893426344931064 0.0 176.25
55.94425602586341 -3.1893426344931064 ESE 55.9441412208337 -3.189065470633353 0.0 175.0
55.9441412208337 -3.189065470633353 WNW 55.94425602586341 -3.1893426344931064 0.0 173.75
55.94425602586341 -3.1893426344931064 SSE 55.943978862003654 -3.189227829463397 0.0 172.5
55.943978862003654 -3.189227829463397 NNW 55.94425602586341 -3.1893426344931064 0.0 171.25
55.94425602586341 -3.1893426344931064 WSW 55.9441412208337 -3.18961979835286 0.0 170.0
55.9441412208337 -3.18961979835286 ESE 55.94402641580399 -3.1893426344931064 0.0 168.75
55.94402641580399 -3.1893426344931064 N 55.94432641580399 -3.1893426344931064 0.0 167.5
55.94432641580399 -3.1893426344931064 SSE 55.944049251944236 -3.189227829463397 0.0 166.25
55.944049251944236 -3.189227829463397 SW 55.94383711990988 -3.1894399614977527 0.0 165.0
55.94383711990988 -3.1894399614977527 NE 55.944049251944236 -3.189227829463397 0.0 163.75
55.944049251944236 -3.189227829463397 ENE 55.944164056973946 -3.1889506656036435 0.0 162.5
55.944164056973946 -3.1889506656036435 WSW 55.944049251944236 -3.189227829463397 0.0 161.25
55.944049251944236 -3.189227829463397 ESE 55.943934446914525 -3.1889506656036435 0.0 160.0
55.943934446914525 -3.1889506656036435 W 55.943934446914525 -3.1892506656036437 0.0 158.75
55.943934446914525 -3.1892506656036437 ESE 55.943819641884815 -3.1889735017438903 0.0 157.5
55.943819641884815 -3.1889735017438903 WNW 55.943934446914525 -3.1892506656036437 0.0 156.25
55.943934446914525 -3.1892506656036437 E 55.943934446914525 -3.1889506656036435 0.0 155.0
55.943934446914525 -3.1889506656036435 SW 55.94372231488017 -3.1891627976379993 0.0 153.75
55.94372231488017 -3.1891627976379993 NE 55.943934446914525 -3.1889506656036435 0.0 152.5
55.943934446914525 -3.1889506656036435 SSW 55.94365728305477 -3.189065470633353 0.0 151.25
55.94365728305477 -3.189065470633353 NNE 55.943934446914525 -3.1889506656036435 0.0 150.0
55.943934446914525 -3.1889506656036435 SW 55.94372231488017 -3.1891627976379993 0.0 148.75
55.94372231488017 -3.1891627976379993 NE 55.943934446914525 -3.1889506656036435 0.0 147.5
55.943934446914525 -3.1889506656036435 ENE 55.944049251944236 -3.18867350174389 0.0 146.25
55.944049251944236 -3.18867350174389 WSW 55.943934446914525 -3.1889506656036435 0.0 145.0
55.943934446914525 -3.1889506656036435 N 55.94423444691453 -3.1889506656036435 0.0 143.75
55.94423444691453 -3.1889506656036435 SE 55.94402231488017 -3.1887385335692877 0.0 142.5
55.94402231488017 -3.1887385335692877 NW 55.94423444691453 -3.1889506656036435 0.0 141.25
55.94423444691453 -3.1889506656036435 SE 55.94402231488017 -3.1887385335692877 0.0 140.0
55.94402231488017 -3.1887385335692877 W 55.94402231488017 -3.189038533569288 0.0 138.75
55.94402231488017 -3.189038533569288 E 55.94402231488017 -3.1887385335692877 0.0 137.5
55.94402231488017 -3.1887385335692877 S 55.94372231488017 -3.1887385335692877 0.0 136.25
55.94372231488017 -3.1887385335692877 N 55.94402231488017 -3.1887385335692877 0.0 135.0
55.94402231488017 -3.1887385335692877 SSW 55.943745151020416 -3.1888533385989972 0.0 133.75
55.943745151020416 -3.1888533385989972 ENE 55.943859956050126 -3.188576174739244 0.0 132.5
55.943859956050126 -3.188576174739244 WSW 55.943745151020416 -3.1888533385989972 0.0 131.25
55.943745151020416 -3.1888533385989972 E 55.943745151020416 -3.188553338598997 0.0 130.0
55.943745151020416 -3.188553338598997 W 55.943745151020416 -3.1888533385989972 0.0 128.75
55.943745151020416 -3.1888533385989972 E 55.943745151020416 -3.188553338598997 0.0 127.5
55.943745151020416 -3.188553338598997 W 55.943745151020416 -3.1888533385989972 0.0 126.25
55.943745151020416 -3.1888533385989972 ESE 55.943630345990705 -3.188576174739244 0.0 125.0
55.943630345990705 -3.188576174739244 WSW 55.943515540960995 -3.1888533385989972 0.0 123.75
55.943515540960995 -3.1888533385989972 ENE 55.943630345990705 -3.188576174739244 0.0 122.5
55.943630345990705 -3.188576174739244 WSW 55.943515540960995 -3.1888533385989972 0.0 121.25
55.943515540960995 -3.1888533385989972 ENE 55.943630345990705 -3.188576174739244 0.0 120.0
55.943630345990705 -3.188576174739244 ENE 55.943745151020416 -3.1882990108794904 0.0 118.75
55.943745151020416 -3.1882990108794904 SW 55.94353301898606 -3.188511142913846 0.0 117.5
55.94353301898606 -3.188511142913846 ENE 55.94364782401577 -3.188233979054093 0.0 116.25
55.94364782401577 -3.188233979054093 SW 55.94343569198141 -3.1884461110884486 0.0 115.0
55.94343569198141 -3.1884461110884486 ENE 55.943550497011124 -3.188168947228695 0.0 113.75
55.943550497011124 -3.188168947228695 NW 55.94376262904548 -3.188381079263051 0.0 112.5
55.94376262904548 -3.188381079263051 SE 55.943550497011124 -3.188168947228695 0.0 111.25
55.943550497011124 -3.188168947228695 NNE 55.94382766087088 -3.1880541421989856 0.0 110.0
55.94382766087088 -3.1880541421989856 S 55.94352766087088 -3.1880541421989856 0.0 108.75
55.94352766087088 -3.1880541421989856 NNE 55.943804824730634 -3.187939337169276 0.0 107.5
55.943804824730634 -3.187939337169276 SSW 55.94352766087088 -3.1880541421989856 0.0 106.25
55.94352766087088 -3.1880541421989856 NE 55.943739792905234 -3.18784201016463 0.0 105.0
55.943739792905234 -3.18784201016463 NNW 55.94401695676499 -3.1879568151943394 88.40568542480469 153.47456741333008
55.94401695676499 -3.1879568151943394 SSE 55.943739792905234 -3.18784201016463 88.40568542480469 152.22456741333008
55.943739792905234 -3.18784201016463 SE 55.94352766087088 -3.187629878130274 88.40568542480469 150.97456741333008
55.94352766087088 -3.187629878130274 WNW 55.94364246590059 -3.1879070419900275 88.40568542480469 149.72456741333008
55.94364246590059 -3.1879070419900275 ESE 55.94352766087088 -3.187629878130274 88.40568542480469 148.47456741333008
55.94352766087088 -3.187629878130274 WNW 55.94364246590059 -3.1879070419900275 88.40568542480469 147.22456741333008
55.94364246590059 -3.1879070419900275 ESE 55.94352766087088 -3.187629878130274 88.40568542480469 145.97456741333008
55.94352766087088 -3.187629878130274 WNW 55.94364246590059 -3.1879070419900275 88.40568542480469 144.72456741333008
55.94364246590059 -3.1879070419900275 S 55.943342465900585 -3.1879070419900275 88.40568542480469 143.47456741333008
55.943342465900585 -3.1879070419900275 NE 55.94355459793494 -3.1876949099556717 88.40568542480469 142.22456741333008
55.94355459793494 -3.1876949099556717 SW 55.943342465900585 -3.1879070419900275 88.40568542480469 140.97456741333008
55.943342465900585 -3.1879070419900275 E 55.943342465900585 -3.1876070419900273 88.40568542480469 139.72456741333008
55.943342465900585 -3.1876070419900273 W 55.943342465900585 -3.1879070419900275 88.40568542480469 138.47456741333008
55.943342465900585 -3.1879070419900275 SE 55.94313033386623 -3.1876949099556717 88.40568542480469 137.22456741333008
55.94313033386623 -3.1876949099556717 NW 55.943342465900585 -3.1879070419900275 88.40568542480469 135.97456741333008
55.943342465900585 -3.1879070419900275 S 55.94304246590058 -3.1879070419900275 88.40568542480469 134.72456741333008
55.94304246590058 -3.1879070419900275 N 55.943342465900585 -3.1879070419900275 88.40568542480469 133.47456741333008
55.943342465900585 -3.1879070419900275 NNE 55.94361962976034 -3.187792236960318 88.40568542480469 132.22456741333008
55.94361962976034 -3.187792236960318 SSW 55.943342465900585 -3.1879070419900275 88.40568542480469 130.97456741333008
55.943342465900585 -3.1879070419900275 W 55.943342465900585 -3.1882070419900277 88.40568542480469 129.72456741333008
55.943342465900585 -3.1882070419900277 ESE 55.943227660870875 -3.1879298781302743 88.40568542480469 128.47456741333008
55.943227660870875 -3.1879298781302743 W 55.943227660870875 -3.1882298781302745 88.40568542480469 127.22456741333008
55.943227660870875 -3.1882298781302745 E 55.943227660870875 -3.1879298781302743 88.40568542480469 125.97456741333008
55.943227660870875 -3.1879298781302743 S 55.94292766087087 -3.1879298781302743 88.40568542480469 124.72456741333008
55.94292766087087 -3.1879298781302743 NNW 55.94320482473063 -3.188044683159984 88.40568542480469 123.47456741333008
55.94320482473063 -3.188044683159984 S 55.942904824730626 -3.188044683159984 88.40568542480469 122.22456741333008
55.942904824730626 -3.188044683159984 N 55.94320482473063 -3.188044683159984 88.40568542480469 120.97456741333008
55.94320482473063 -3.188044683159984 SSE 55.94292766087087 -3.1879298781302743 88.40568542480469 119.72456741333008
55.94292766087087 -3.1879298781302743 NNW 55.94320482473063 -3.188044683159984 88.40568542480469 118.47456741333008
55.94320482473063 -3.188044683159984 S 55.942904824730626 -3.188044683159984 88.40568542480469 117.22456741333008
55.942904824730626 -3.188044683159984 WSW 55.942790019700915 -3.188321847019737 88.40568542480469 115.97456741333008
55.942790019700915 -3.188321847019737 ENE 55.942904824730626 -3.188044683159984 88.40568542480469 114.72456741333008
55.942904824730626 -3.188044683159984 WSW 55.942790019700915 -3.188321847019737 88.40568542480469 113.47456741333008
55.942790019700915 -3.188321847019737 ENE 55.942904824730626 -3.188044683159984 88.40568542480469 112.22456741333008
55.942904824730626 -3.188044683159984 ENE 55.943019629760336 -3.1877675193002304 134.6899299621582 210.33861923217773
55.943019629760336 -3.1877675193002304 WSW 55.942904824730626 -3.188044683159984 134.6899299621582 209.08861923217773
55.942904824730626 -3.188044683159984 SSW 55.94262766087087 -3.1881594881896933 134.6899299621582 207.83861923217773
55.94262766087087 -3.1881594881896933 ENE 55.94274246590058 -3.18788232432994 134.6899299621582 206.58861923217773
55.94274246590058 -3.18788232432994 WSW 55.94262766087087 -3.1881594881896933 134.6899299621582 205.33861923217773
55.94262766087087 -3.1881594881896933 NE 55.942839792905225 -3.1879473561553375 134.6899299621582 204.08861923217773
55.942839792905225 -3.1879473561553375 SW 55.94262766087087 -3.1881594881896933 134.6899299621582 202.83861923217773
55.94262766087087 -3.1881594881896933 NNE 55.942904824730626 -3.188044683159984 134.6899299621582 201.58861923217773
55.942904824730626 -3.188044683159984 SSW 55.94262766087087 -3.1881594881896933 134.6899299621582 200.33861923217773
55.94262766087087 -3.1881594881896933 NNE 55.942904824730626 -3.188044683159984 134.6899299621582 199.08861923217773
55.942904824730626 -3.188044683159984 WSW 55.942790019700915 -3.188321847019737 134.6899299621582 197.83861923217773
55.942790019700915 -3.188321847019737 NNE 55.94306718356067 -3.1882070419900277 134.6899299621582 196.58861923217773
55.94306718356067 -3.1882070419900277 SSW 55.942790019700915 -3.188321847019737 134.6899299621582 195.33861923217773
55.942790019700915 -3.188321847019737 NNE 55.94306718356067 -3.1882070419900277 134.6899299621582 194.08861923217773
55.94306718356067 -3.1882070419900277 ENE 55.94318198859038 -3.1879298781302743 134.6899299621582 192.83861923217773
55.94318198859038 -3.1879298781302743 WSW 55.94306718356067 -3.1882070419900277 134.6899299621582 191.58861923217773
55.94306718356067 -3.1882070419900277 NNE 55.94334434742043 -3.188092236960318 134.6899299621582 190.33861923217773
55.94334434742043 -3.188092236960318 SSW 55.94306718356067 -3.1882070419900277 134.6899299621582 189.08861923217773
55.94306718356067 -3.1882070419900277 NNE 55.94334434742043 -3.188092236960318 134.6899299621582 187.83861923217773
55.94334434742043 -3.188092236960318 SE 55.94313221538607 -3.1878801049259624 151.34843063354492 303.4716911315918
55.94313221538607 -3.1878801049259624 NW 55.94334434742043 -3.188092236960318 151.34843063354492 302.2216911315918
55.94334434742043 -3.188092236960318 NNE 55.943621511280185 -3.1879774319306087 151.34843063354492 300.9716911315918
55.943621511280185 -3.1879774319306087 SSW 55.94334434742043 -3.188092236960318 151.34843063354492 299.7216911315918
55.94334434742043 -3.188092236960318 N 55.94364434742043 -3.188092236960318 151.34843063354492 298.4716911315918
55.94364434742043 -3.188092236960318 S 55.94334434742043 -3.188092236960318 151.34843063354492 297.2216911315918
55.94334434742043 -3.188092236960318 NNW 55.943621511280185 -3.1882070419900277 151.34843063354492 295.9716911315918
55.943621511280185 -3.1882070419900277 S 55.94332151128018 -3.1882070419900277 151.34843063354492 294.7216911315918
55.94332151128018 -3.1882070419900277 NNW 55.94359867513994 -3.188321847019737 151.34843063354492 293.4716911315918
55.94359867513994 -3.188321847019737 S 55.943298675139935 -3.188321847019737 151.34843063354492 292.2216911315918
55.943298675139935 -3.188321847019737 NNW 55.94357583899969 -3.1884366520494467 151.34843063354492 290.9716911315918
55.94357583899969 -3.1884366520494467 SSE 55.943298675139935 -3.188321847019737 151.34843063354492 289.7216911315918
55.943298675139935 -3.188321847019737 NW 55.94351080717429 -3.188533979054093 151.34843063354492 288.4716911315918
55.94351080717429 -3.188533979054093 ESE 55.94339600214458 -3.1882568151943396 151.34843063354492 287.2216911315918
55.94339600214458 -3.1882568151943396 SSE 55.943118838284825 -3.18814201016463 151.34843063354492 285.9716911315918
55.943118838284825 -3.18814201016463 NNW 55.94339600214458 -3.1882568151943396 151.34843063354492 284.7216911315918
55.94339600214458 -3.1882568151943396 SSE 55.943118838284825 -3.18814201016463 151.34843063354492 283.4716911315918
55.943118838284825 -3.18814201016463 NW 55.94333097031918 -3.188354142198986 151.34843063354492 282.2216911315918
55.94333097031918 -3.188354142198986 SE 55.943118838284825 -3.18814201016463 151.34843063354492 280.9716911315918
55.943118838284825 -3.18814201016463 NW 55.94333097031918 -3.188354142198986 151.34843063354492 279.7216911315918
55.94333097031918 -3.188354142198986 SE 55.943118838284825 -3.18814201016463 151.34843063354492 278.4716911315918
55.943118838284825 -3.18814201016463 NW 55.94333097031918 -3.188354142198986 151.34843063354492 277.2216911315918
55.94333097031918 -3.188354142198986 SSW 55.943053806459424 -3.1884689472286953 151.34843063354492 275.9716911315918
55.943053806459424 -3.1884689472286953 NE 55.94326593849378 -3.1882568151943396 151.34843063354492 274.7216911315918
55.94326593849378 -3.1882568151943396 SSW 55.942988774634024 -3.188371620224049 151.34843063354492 273.4716911315918
55.942988774634024 -3.188371620224049 W 55.942988774634024 -3.1886716202240493 151.34843063354492 272.2216911315918
55.942988774634024 -3.1886716202240493 ESE 55.942873969604314 -3.188394456364296 176.88846969604492 378.83920669555664
55.942873969604314 -3.188394456364296 NW 55.94308610163867 -3.1886065883986516 176.88846969604492 377.58920669555664
55.94308610163867 -3.1886065883986516 SE 55.942873969604314 -3.188394456364296 176.88846969604492 376.33920669555664
55.942873969604314 -3.188394456364296 ESE 55.9427591645746 -3.1881172925045425 288.40459060668945 413.90988540649414
55.9427591645746 -3.1881172925045425 WNW 55.942873969604314 -3.188394456364296 288.40459060668945 412.65988540649414
55.942873969604314 -3.188394456364296 SE 55.94266183756996 -3.18818232432994 288.40459060668945 411.40988540649414
55.94266183756996 -3.18818232432994 W 55.94266183756996 -3.1884823243299403 288.40459060668945 410.15988540649414
55.94266183756996 -3.1884823243299403 E 55.94266183756996 -3.18818232432994 288.40459060668945 408.90988540649414
55.94266183756996 -3.18818232432994 W 55.94266183756996 -3.1884823243299403 288.40459060668945 407.65988540649414
55.94266183756996 -3.1884823243299403 N 55.94296183756996 -3.1884823243299403 288.40459060668945 406.40988540649414
55.94296183756996 -3.1884823243299403 SSW 55.942684673710204 -3.18859712935965 288.40459060668945 405.15988540649414
55.942684673710204 -3.18859712935965 ENE 55.942799478739914 -3.1883199654998964 288.40459060668945 403.90988540649414
55.942799478739914 -3.1883199654998964 W 55.942799478739914 -3.1886199654998966 288.40459060668945 402.65988540649414
55.942799478739914 -3.1886199654998966 W 55.942799478739914 -3.1889199654998968 288.40459060668945 401.40988540649414
55.942799478739914 -3.1889199654998968 E 55.942799478739914 -3.1886199654998966 288.40459060668945 400.15988540649414
55.942799478739914 -3.1886199654998966 N 55.94309947873992 -3.1886199654998966 288.40459060668945 398.90988540649414
55.94309947873992 -3.1886199654998966 S 55.942799478739914 -3.1886199654998966 288.40459060668945 397.65988540649414
55.942799478739914 -3.1886199654998966 NNW 55.94307664259967 -3.188734770529606 288.40459060668945 396.40988540649414
55.94307664259967 -3.188734770529606 SSE 55.942799478739914 -3.1886199654998966 288.40459060668945 395.15988540649414
55.942799478739914 -3.1886199654998966 W 55.942799478739914 -3.1889199654998968 288.40459060668945 393.90988540649414
55.942799478739914 -3.1889199654998968 ESE 55.942684673710204 -3.1886428016401434 288.40459060668945 392.65988540649414
55.942684673710204 -3.1886428016401434 W 55.942684673710204 -3.1889428016401435 378.3179817199707 420.04212951660156
55.942684673710204 -3.1889428016401435 E 55.942684673710204 -3.1886428016401434 378.3179817199707 418.79212951660156
55.942684673710204 -3.1886428016401434 W 55.942684673710204 -3.1889428016401435 378.3179817199707 417.54212951660156
55.942684673710204 -3.1889428016401435 E 55.942684673710204 -3.1886428016401434 378.3179817199707 416.29212951660156
55.942684673710204 -3.1886428016401434 W 55.942684673710204 -3.1889428016401435 378.3179817199707 415.04212951660156
55.942684673710204 -3.1889428016401435 E 55.942684673710204 -3.1886428016401434 378.3179817199707 413.79212951660156
55.942684673710204 -3.1886428016401434 W 55.942684673710204 -3.1889428016401435 378.3179817199707 412.54212951660156
55.942684673710204 -3.1889428016401435 ENE 55.942799478739914 -3.18866563778039 378.3179817199707 411.29212951660156
55.942799478739914 -3.18866563778039 W 55.942799478739914 -3.1889656377803903 378.3179817199707 410.04212951660156
55.942799478739914 -3.1889656377803903 W 55.942799478739914 -3.1892656377803905 396.2828540802002 457.9159622192383
55.942799478739914 -3.1892656377803905 E 55.942799478739914 -3.1889656377803903 396.2828540802002 456.6659622192383
55.942799478739914 -3.1889656377803903 NNE 55.94307664259967 -3.188850832750681 442.9016742706299 493.0384178161621
55.94307664259967 -3.188850832750681 SW 55.942864510565315 -3.1890629647850366 442.9016742706299 491.7884178161621
55.942864510565315 -3.1890629647850366 NE 55.94307664259967 -3.188850832750681 442.9016742706299 490.5384178161621
55.94307664259967 -3.188850832750681 WSW 55.94296183756996 -3.1891279966104342 442.9016742706299 489.2884178161621
55.94296183756996 -3.1891279966104342 ENE 55.94307664259967 -3.188850832750681 442.9016742706299 488.0384178161621
55.94307664259967 -3.188850832750681 WSW 55.94296183756996 -3.1891279966104342 442.9016742706299 486.7884178161621
55.94296183756996 -3.1891279966104342 S 55.94266183756996 -3.1891279966104342 521.9042453765869 598.7632026672363
55.94266183756996 -3.1891279966104342 N 55.94296183756996 -3.1891279966104342 521.9042453765869 597.5132026672363
55.94296183756996 -3.1891279966104342 NNW 55.94323900142972 -3.1892428016401437 521.9042453765869 596.2632026672363
55.94323900142972 -3.1892428016401437 SSE 55.94296183756996 -3.1891279966104342 521.9042453765869 595.0132026672363
55.94296183756996 -3.1891279966104342 NNW 55.94323900142972 -3.1892428016401437 521.9042453765869 593.7632026672363
55.94323900142972 -3.1892428016401437 SSE 55.94296183756996 -3.1891279966104342 521.9042453765869 592.5132026672363
55.94296183756996 -3.1891279966104342 NW 55.94317396960432 -3.18934012864479 521.9042453765869 591.2632026672363
55.94317396960432 -3.18934012864479 SE 55.94296183756996 -3.1891279966104342 521.9042453765869 590.0132026672363
55.94296183756996 -3.1891279966104342 NNW 55.94323900142972 -3.1892428016401437 521.9042453765869 588.7632026672363
55.94323900142972 -3.1892428016401437 SSE 55.94296183756996 -3.1891279966104342 521.9042453765869 587.5132026672363
55.94296183756996 -3.1891279966104342 NNW 55.94323900142972 -3.1892428016401437 521.9042453765869 586.2632026672363
55.94323900142972 -3.1892428016401437 ESE 55.94312419640001 -3.1889656377803903 521.9042453765869 585.0132026672363
55.94312419640001 -3.1889656377803903 WNW 55.94323900142972 -3.1892428016401437 521.9042453765869 583.7632026672363
55.94323900142972 -3.1892428016401437 ESE 55.94312419640001 -3.1889656377803903 521.9042453765869 582.5132026672363
55.94312419640001 -3.1889656377803903 NNW 55.94340136025976 -3.1890804428101 521.9042453765869 581.2632026672363
55.94340136025976 -3.1890804428101 SE 55.94318922822541 -3.188868310775744 521.9042453765869 580.0132026672363
55.94318922822541 -3.188868310775744 N 55.94348922822541 -3.188868310775744 555.1315517425537 658.9008903503418
