55.944425 -3.188396 NW 55.94463713203436 -3.188608132034356 0.0 248.75
55.94463713203436 -3.188608132034356 ESE 55.94452232700465 -3.1883309681746024 0.0 247.5
55.94452232700465 -3.1883309681746024 SSE 55.94424516314489 -3.188216163144893 0.0 246.25
55.94424516314489 -3.188216163144893 NNW 55.94452232700465 -3.1883309681746024 0.0 245.0
55.94452232700465 -3.1883309681746024 SSE 55.94424516314489 -3.188216163144893 0.0 243.75
55.94424516314489 -3.188216163144893 NNW 55.94452232700465 -3.1883309681746024 0.0 242.5
55.94452232700465 -3.1883309681746024 S 55.944222327004645 -3.1883309681746024 0.0 241.25
55.944222327004645 -3.1883309681746024 NNE 55.9444994908644 -3.188216163144893 0.0 240.0
55.9444994908644 -3.188216163144893 NW 55.94471162289876 -3.1884282951792486 0.0 238.75
55.94471162289876 -3.1884282951792486 SE 55.9444994908644 -3.188216163144893 0.0 237.5
55.9444994908644 -3.188216163144893 SSE 55.944222327004645 -3.1881013581151834 0.0 236.25
55.944222327004645 -3.1881013581151834 NNW 55.9444994908644 -3.188216163144893 0.0 235.0
55.9444994908644 -3.188216163144893 N 55.944799490864405 -3.188216163144893 0.0 233.75
55.944799490864405 -3.188216163144893 SSW 55.94452232700465 -3.1883309681746024 0.0 232.5
55.94452232700465 -3.1883309681746024 NNE 55.944799490864405 -3.188216163144893 0.0 231.25
55.944799490864405 -3.188216163144893 SSW 55.94452232700465 -3.1883309681746024 0.0 230.0
55.94452232700465 -3.1883309681746024 N 55.94482232700465 -3.1883309681746024 0.0 228.75
55.94482232700465 -3.1883309681746024 SW 55.944610194970295 -3.188543100208958 0.0 227.5
55.944610194970295 -3.188543100208958 N 55.9449101949703 -3.188543100208958 0.0 226.25
55.9449101949703 -3.188543100208958 S 55.944610194970295 -3.188543100208958 0.0 225.0
55.944610194970295 -3.188543100208958 NW 55.94482232700465 -3.188755232243314 0.0 223.75
55.94482232700465 -3.188755232243314 SE 55.944610194970295 -3.188543100208958 0.0 222.5
55.944610194970295 -3.188543100208958 WNW 55.944725000000005 -3.1888202640687116 0.0 221.25
55.944725000000005 -3.1888202640687116 ESE 55.944610194970295 -3.188543100208958 0.0 220.0
55.944610194970295 -3.188543100208958 S 55.94431019497029 -3.188543100208958 0.0 218.75
55.94431019497029 -3.188543100208958 N 55.944610194970295 -3.188543100208958 0.0 217.5
55.944610194970295 -3.188543100208958 WSW 55.944495389940585 -3.1888202640687116 0.0 216.25
55.944495389940585 -3.1888202640687116 ENE 55.944610194970295 -3.188543100208958 0.0 215.0
55.944610194970295 -3.188543100208958 S 55.94431019497029 -3.188543100208958 0.0 213.75
55.94431019497029 -3.188543100208958 N 55.944610194970295 -3.188543100208958 0.0 212.5
55.944610194970295 -3.188543100208958 SSE 55.94433303111054 -3.1884282951792486 0.0 211.25
55.94433303111054 -3.1884282951792486 NW 55.944545163144895 -3.1886404272136044 0.0 210.0
55.944545163144895 -3.1886404272136044 SSE 55.94426799928514 -3.188525622183895 0.0 208.75
55.94426799928514 -3.188525622183895 NW 55.944480131319494 -3.1887377542182507 0.0 207.5
55.944480131319494 -3.1887377542182507 SE 55.94426799928514 -3.188525622183895 0.0 206.25
55.94426799928514 -3.188525622183895 NW 55.944480131319494 -3.1887377542182507 0.0 205.0
55.944480131319494 -3.1887377542182507 SE 55.94426799928514 -3.188525622183895 0.0 203.75
55.94426799928514 -3.188525622183895 NW 55.944480131319494 -3.1887377542182507 0.0 202.5
55.944480131319494 -3.1887377542182507 WNW 55.944594936349205 -3.189014918078004 0.0 201.25
55.944594936349205 -3.189014918078004 ESE 55.944480131319494 -3.1887377542182507 0.0 200.0
55.944480131319494 -3.1887377542182507 WNW 55.944594936349205 -3.189014918078004 0.0 198.75
55.944594936349205 -3.189014918078004 ESE 55.944480131319494 -3.1887377542182507 0.0 197.5
55.944480131319494 -3.1887377542182507 W 55.944480131319494 -3.189037754218251 0.0 196.25
55.944480131319494 -3.189037754218251 E 55.944480131319494 -3.1887377542182507 0.0 195.0
55.944480131319494 -3.1887377542182507 ENE 55.944594936349205 -3.1884605903584973 0.0 193.75
55.944594936349205 -3.1884605903584973 WSW 55.944480131319494 -3.1887377542182507 0.0 192.5
55.944480131319494 -3.1887377542182507 NW 55.94469226335385 -3.1889498862526064 0.0 191.25
55.94469226335385 -3.1889498862526064 SSE 55.944415099494094 -3.188835081222897 0.0 190.0
55.944415099494094 -3.188835081222897 SSE 55.94413793563434 -3.1887202761931874 0.0 188.75
55.94413793563434 -3.1887202761931874 NNW 55.944415099494094 -3.188835081222897 0.0 187.5
55.944415099494094 -3.188835081222897 WNW 55.944529904523804 -3.1891122450826503 0.0 186.25
55.944529904523804 -3.1891122450826503 SE 55.94431777248945 -3.1889001130482946 0.0 185.0
55.94431777248945 -3.1889001130482946 SW 55.94410564045509 -3.1891122450826503 0.0 183.75
55.94410564045509 -3.1891122450826503 NE 55.94431777248945 -3.1889001130482946 0.0 182.5
55.94431777248945 -3.1889001130482946 E 55.94431777248945 -3.1886001130482944 0.0 181.25
55.94431777248945 -3.1886001130482944 W 55.94431777248945 -3.1889001130482946 0.0 180.0
55.94431777248945 -3.1889001130482946 ENE 55.94443257751916 -3.188622949188541 0.0 178.75
55.94443257751916 -3.188622949188541 W 55.94443257751916 -3.1889229491885414 0.0 177.5
55.94443257751916 -3.1889229491885414 ESE 55.94431777248945 -3.188645785328788 0.0 176.25
55.94431777248945 -3.188645785328788 WSW 55.94420296745974 -3.1889229491885414 0.0 175.0
55.94420296745974 -3.1889229491885414 ENE 55.94431777248945 -3.188645785328788 0.0 173.75
55.94431777248945 -3.188645785328788 WSW 55.94420296745974 -3.1889229491885414 0.0 172.5
55.94420296745974 -3.1889229491885414 ESE 55.94408816243003 -3.188645785328788 0.0 171.25
55.94408816243003 -3.188645785328788 WNW 55.94420296745974 -3.1889229491885414 0.0 170.0
55.94420296745974 -3.1889229491885414 S 55.943902967459735 -3.1889229491885414 0.0 168.75
55.943902967459735 -3.1889229491885414 N 55.94420296745974 -3.1889229491885414 0.0 167.5
55.94420296745974 -3.1889229491885414 S 55.943902967459735 -3.1889229491885414 0.0 166.25
55.943902967459735 -3.1889229491885414 WSW 55.943788162430025 -3.1892001130482948 0.0 165.0
55.943788162430025 -3.1892001130482948 ENE 55.943902967459735 -3.1889229491885414 0.0 163.75
55.943902967459735 -3.1889229491885414 NW 55.94411509949409 -3.189135081222897 0.0 162.5
55.94411509949409 -3.189135081222897 SE 55.943902967459735 -3.1889229491885414 0.0 161.25
55.943902967459735 -3.1889229491885414 N 55.94420296745974 -3.1889229491885414 0.0 160.0
55.94420296745974 -3.1889229491885414 S 55.943902967459735 -3.1889229491885414 0.0 158.75
55.943902967459735 -3.1889229491885414 WSW 55.943788162430025 -3.1892001130482948 0.0 157.5
55.943788162430025 -3.1892001130482948 ENE 55.943902967459735 -3.1889229491885414 0.0 156.25
55.943902967459735 -3.1889229491885414 W 55.943902967459735 -3.1892229491885415 0.0 155.0
55.943902967459735 -3.1892229491885415 E 55.943902967459735 -3.1889229491885414 0.0 153.75
55.943902967459735 -3.1889229491885414 W 55.943902967459735 -3.1892229491885415 0.0 152.5
55.943902967459735 -3.1892229491885415 ENE 55.944017772489445 -3.188945785328788 0.0 151.25
55.944017772489445 -3.188945785328788 W 55.944017772489445 -3.1892457853287883 0.0 150.0
55.944017772489445 -3.1892457853287883 E 55.944017772489445 -3.188945785328788 0.0 148.75
55.944017772489445 -3.188945785328788 W 55.944017772489445 -3.1892457853287883 0.0 147.5
55.944017772489445 -3.1892457853287883 NE 55.9442299045238 -3.1890336532944326 0.0 146.25
55.9442299045238 -3.1890336532944326 WSW 55.94411509949409 -3.189310817154186 0.0 145.0
55.94411509949409 -3.189310817154186 ENE 55.9442299045238 -3.1890336532944326 0.0 143.75
55.9442299045238 -3.1890336532944326 WSW 55.94411509949409 -3.189310817154186 0.0 142.5
55.94411509949409 -3.189310817154186 N 55.944415099494094 -3.189310817154186 0.0 141.25
55.944415099494094 -3.189310817154186 SSW 55.94413793563434 -3.1894256221838955 0.0 140.0
55.94413793563434 -3.1894256221838955 NNE 55.944415099494094 -3.189310817154186 0.0 138.75
55.944415099494094 -3.189310817154186 SSW 55.94413793563434 -3.1894256221838955 0.0 137.5
55.94413793563434 -3.1894256221838955 W 55.94413793563434 -3.1897256221838957 0.0 136.25
55.94413793563434 -3.1897256221838957 E 55.94413793563434 -3.1894256221838955 0.0 135.0
55.94413793563434 -3.1894256221838955 WNW 55.94425274066405 -3.189702786043649 0.0 133.75
55.94425274066405 -3.189702786043649 SSE 55.94397557680429 -3.1895879810139394 0.0 132.5
55.94397557680429 -3.1895879810139394 NNW 55.94425274066405 -3.189702786043649 0.0 131.25
55.94425274066405 -3.189702786043649 S 55.943952740664045 -3.189702786043649 0.0 130.0
55.943952740664045 -3.189702786043649 N 55.94425274066405 -3.189702786043649 0.0 128.75
55.94425274066405 -3.189702786043649 SW 55.94404060862969 -3.1899149180780046 0.0 127.5
55.94404060862969 -3.1899149180780046 NE 55.94425274066405 -3.189702786043649 0.0 126.25
55.94425274066405 -3.189702786043649 WSW 55.94413793563434 -3.1899799499034023 0.0 125.0
55.94413793563434 -3.1899799499034023 ENE 55.94425274066405 -3.189702786043649 0.0 123.75
55.94425274066405 -3.189702786043649 WSW 55.94413793563434 -3.1899799499034023 0.0 122.5
55.94413793563434 -3.1899799499034023 E 55.94413793563434 -3.189679949903402 0.0 121.25
55.94413793563434 -3.189679949903402 WSW 55.94402313060463 -3.1899571137631555 0.0 120.0
55.94402313060463 -3.1899571137631555 ENE 55.94413793563434 -3.189679949903402 0.0 118.75
55.94413793563434 -3.189679949903402 SW 55.94392580359998 -3.189892081937758 0.0 117.5
55.94392580359998 -3.189892081937758 E 55.94392580359998 -3.1895920819377577 0.0 116.25
55.94392580359998 -3.1895920819377577 W 55.94392580359998 -3.189892081937758 0.0 115.0
55.94392580359998 -3.189892081937758 E 55.94392580359998 -3.1895920819377577 0.0 113.75
55.94392580359998 -3.1895920819377577 WNW 55.94404060862969 -3.189869245797511 24.44412612915039 213.00405883789062
55.94404060862969 -3.189869245797511 ESE 55.94392580359998 -3.1895920819377577 24.44412612915039 211.75405883789062
55.94392580359998 -3.1895920819377577 SSW 55.943648639740225 -3.189706886967467 24.44412612915039 210.50405883789062
55.943648639740225 -3.189706886967467 NNE 55.94392580359998 -3.1895920819377577 24.44412612915039 209.25405883789062
55.94392580359998 -3.1895920819377577 SSW 55.943648639740225 -3.189706886967467 24.44412612915039 208.00405883789062
55.943648639740225 -3.189706886967467 NNW 55.94392580359998 -3.1898216919971767 24.44412612915039 206.75405883789062
55.94392580359998 -3.1898216919971767 SSE 55.943648639740225 -3.189706886967467 24.44412612915039 205.50405883789062
55.943648639740225 -3.189706886967467 NNW 55.94392580359998 -3.1898216919971767 24.44412612915039 204.25405883789062
55.94392580359998 -3.1898216919971767 SSE 55.943648639740225 -3.189706886967467 24.44412612915039 203.00405883789062
55.943648639740225 -3.189706886967467 NNW 55.94392580359998 -3.1898216919971767 24.44412612915039 201.75405883789062
55.94392580359998 -3.1898216919971767 SSE 55.943648639740225 -3.189706886967467 24.44412612915039 200.50405883789062
55.943648639740225 -3.189706886967467 NW 55.94386077177458 -3.189919019001823 24.44412612915039 199.25405883789062
55.94386077177458 -3.189919019001823 NNE 55.94413793563434 -3.1898042139721134 24.44412612915039 198.00405883789062
55.94413793563434 -3.1898042139721134 SSW 55.94386077177458 -3.189919019001823 24.44412612915039 196.75405883789062
55.94386077177458 -3.189919019001823 WSW 55.94374596674487 -3.1901961828615764 24.44412612915039 195.50405883789062
55.94374596674487 -3.1901961828615764 NNE 55.94402313060463 -3.190081377831867 24.44412612915039 194.25405883789062
55.94402313060463 -3.190081377831867 SSW 55.94374596674487 -3.1901961828615764 24.44412612915039 193.00405883789062
55.94374596674487 -3.1901961828615764 N 55.94404596674487 -3.1901961828615764 24.44412612915039 191.75405883789062
55.94404596674487 -3.1901961828615764 S 55.94374596674487 -3.1901961828615764 24.44412612915039 190.50405883789062
55.94374596674487 -3.1901961828615764 N 55.94404596674487 -3.1901961828615764 24.44412612915039 189.25405883789062
55.94404596674487 -3.1901961828615764 S 55.94374596674487 -3.1901961828615764 24.44412612915039 188.00405883789062
55.94374596674487 -3.1901961828615764 NNW 55.94402313060463 -3.190310987891286 24.44412612915039 186.75405883789062
55.94402313060463 -3.190310987891286 SSE 55.94374596674487 -3.1901961828615764 24.44412612915039 185.50405883789062
55.94374596674487 -3.1901961828615764 NNW 55.94402313060463 -3.190310987891286 24.44412612915039 184.25405883789062
55.94402313060463 -3.190310987891286 SSW 55.94374596674487 -3.1904257929209954 24.44412612915039 183.00405883789062
55.94374596674487 -3.1904257929209954 NNE 55.94402313060463 -3.190310987891286 24.44412612915039 181.75405883789062
55.94402313060463 -3.190310987891286 SSW 55.94374596674487 -3.1904257929209954 24.44412612915039 180.50405883789062
55.94374596674487 -3.1904257929209954 NNW 55.94402313060463 -3.190540597950705 24.44412612915039 179.25405883789062
55.94402313060463 -3.190540597950705 SSE 55.94374596674487 -3.1904257929209954 24.44412612915039 178.00405883789062
55.94374596674487 -3.1904257929209954 NNE 55.94402313060463 -3.190310987891286 24.44412612915039 176.75405883789062
55.94402313060463 -3.190310987891286 SSW 55.94374596674487 -3.1904257929209954 24.44412612915039 175.50405883789062
55.94374596674487 -3.1904257929209954 NE 55.94395809877923 -3.1902136608866396 24.44412612915039 174.25405883789062
55.94395809877923 -3.1902136608866396 SW 55.94374596674487 -3.1904257929209954 24.44412612915039 173.00405883789062
55.94374596674487 -3.1904257929209954 NE 55.94395809877923 -3.1902136608866396 24.44412612915039 171.75405883789062
55.94395809877923 -3.1902136608866396 W 55.94395809877923 -3.19051366088664 24.44412612915039 170.50405883789062
55.94395809877923 -3.19051366088664 ENE 55.94407290380894 -3.1902364970268864 24.44412612915039 169.25405883789062
55.94407290380894 -3.1902364970268864 SE 55.94386077177458 -3.1900243649925306 24.44412612915039 168.00405883789062
55.94386077177458 -3.1900243649925306 NW 55.94407290380894 -3.1902364970268864 24.44412612915039 166.75405883789062
55.94407290380894 -3.1902364970268864 ESE 55.94395809877923 -3.189959333167133 24.44412612915039 165.50405883789062
55.94395809877923 -3.189959333167133 WNW 55.94407290380894 -3.1902364970268864 24.44412612915039 164.25405883789062
55.94407290380894 -3.1902364970268864 E 55.94407290380894 -3.189936497026886 24.44412612915039 163.00405883789062
55.94407290380894 -3.189936497026886 W 55.94407290380894 -3.1902364970268864 24.44412612915039 161.75405883789062
55.94407290380894 -3.1902364970268864 ESE 55.94395809877923 -3.189959333167133 24.44412612915039 160.50405883789062
55.94395809877923 -3.189959333167133 W 55.94395809877923 -3.190259333167133 24.44412612915039 159.25405883789062
55.94395809877923 -3.190259333167133 E 55.94395809877923 -3.189959333167133 24.44412612915039 158.00405883789062
55.94395809877923 -3.189959333167133 NNW 55.94423526263898 -3.1900741381968425 24.44412612915039 156.75405883789062
55.94423526263898 -3.1900741381968425 SE 55.94402313060463 -3.1898620061624867 24.44412612915039 155.50405883789062
55.94402313060463 -3.1898620061624867 NW 55.94423526263898 -3.1900741381968425 24.44412612915039 154.25405883789062
55.94423526263898 -3.1900741381968425 SE 55.94402313060463 -3.1898620061624867 24.44412612915039 153.00405883789062
55.94402313060463 -3.1898620061624867 W 55.94402313060463 -3.190162006162487 24.44412612915039 151.75405883789062
55.94402313060463 -3.190162006162487 E 55.94402313060463 -3.1898620061624867 24.44412612915039 150.50405883789062
55.94402313060463 -3.1898620061624867 W 55.94402313060463 -3.190162006162487 24.44412612915039 149.25405883789062
55.94402313060463 -3.190162006162487 E 55.94402313060463 -3.1898620061624867 24.44412612915039 148.00405883789062
55.94402313060463 -3.1898620061624867 NW 55.94423526263898 -3.1900741381968425 24.44412612915039 146.75405883789062
55.94423526263898 -3.1900741381968425 ESE 55.94412045760927 -3.189796974337089 24.44412612915039 145.50405883789062
55.94412045760927 -3.189796974337089 WNW 55.94423526263898 -3.1900741381968425 24.44412612915039 144.25405883789062
55.94423526263898 -3.1900741381968425 E 55.94423526263898 -3.1897741381968423 24.44412612915039 143.00405883789062
55.94423526263898 -3.1897741381968423 WNW 55.944350067668694 -3.1900513020565957 24.44412612915039 141.75405883789062
55.944350067668694 -3.1900513020565957 ESE 55.94423526263898 -3.1897741381968423 24.44412612915039 140.50405883789062
55.94423526263898 -3.1897741381968423 WNW 55.944350067668694 -3.1900513020565957 24.44412612915039 139.25405883789062
55.944350067668694 -3.1900513020565957 WNW 55.944464872698404 -3.190328465916349 24.44412612915039 138.00405883789062
55.944464872698404 -3.190328465916349 ESE 55.944350067668694 -3.1900513020565957 24.44412612915039 136.75405883789062
55.944350067668694 -3.1900513020565957 NNW 55.94462723152845 -3.190166107086305 24.44412612915039 135.50405883789062
55.94462723152845 -3.190166107086305 SSE 55.944350067668694 -3.1900513020565957 24.44412612915039 134.25405883789062
55.944350067668694 -3.1900513020565957 NNW 55.94462723152845 -3.190166107086305 24.44412612915039 133.00405883789062
55.94462723152845 -3.190166107086305 ESE 55.94451242649874 -3.189888943226552 24.44412612915039 131.75405883789062
55.94451242649874 -3.189888943226552 WNW 55.94462723152845 -3.190166107086305 24.44412612915039 130.50405883789062
55.94462723152845 -3.190166107086305 E 55.94462723152845 -3.189866107086305 24.44412612915039 129.25405883789062
55.94462723152845 -3.189866107086305 W 55.94462723152845 -3.190166107086305 24.44412612915039 128.00405883789062
55.94462723152845 -3.190166107086305 WNW 55.94474203655816 -3.1904432709460586 24.44412612915039 126.75405883789062
55.94474203655816 -3.1904432709460586 ESE 55.94462723152845 -3.190166107086305 24.44412612915039 125.50405883789062
55.94462723152845 -3.190166107086305 S 55.94432723152845 -3.190166107086305 24.44412612915039 124.25405883789062
55.94432723152845 -3.190166107086305 NNW 55.944604395388204 -3.1902809121160147 24.44412612915039 123.00405883789062
55.944604395388204 -3.1902809121160147 SSE 55.94432723152845 -3.190166107086305 24.44412612915039 121.75405883789062
55.94432723152845 -3.190166107086305 NW 55.944539363562804 -3.190378239120661 24.44412612915039 120.50405883789062
55.944539363562804 -3.190378239120661 SSE 55.94426219970305 -3.1902634340909515 24.44412612915039 119.25405883789062
55.94426219970305 -3.1902634340909515 NNW 55.944539363562804 -3.190378239120661 24.44412612915039 118.00405883789062
55.944539363562804 -3.190378239120661 SSE 55.94426219970305 -3.1902634340909515 24.44412612915039 116.75405883789062
55.94426219970305 -3.1902634340909515 WNW 55.94437700473276 -3.190540597950705 24.44412612915039 115.50405883789062
55.94437700473276 -3.190540597950705 ESE 55.94426219970305 -3.1902634340909515 24.44412612915039 114.25405883789062
55.94426219970305 -3.1902634340909515 WNW 55.94437700473276 -3.190540597950705 24.44412612915039 113.00405883789062
55.94437700473276 -3.190540597950705 ESE 55.94426219970305 -3.1902634340909515 24.44412612915039 111.75405883789062
55.94426219970305 -3.1902634340909515 WSW 55.94414739467334 -3.190540597950705 24.44412612915039 110.50405883789062
55.94414739467334 -3.190540597950705 E 55.94414739467334 -3.1902405979507047 24.44412612915039 109.25405883789062
55.94414739467334 -3.1902405979507047 W 55.94414739467334 -3.190540597950705 24.44412612915039 108.00405883789062
55.94414739467334 -3.190540597950705 NW 55.94435952670769 -3.1907527299850607 24.44412612915039 106.75405883789062
55.94435952670769 -3.1907527299850607 SE 55.94414739467334 -3.190540597950705 24.44412612915039 105.50405883789062
55.94414739467334 -3.190540597950705 ESE 55.944032589643626 -3.1902634340909515 24.44412612915039 104.25405883789062
55.944032589643626 -3.1902634340909515 WNW 55.94414739467334 -3.190540597950705 24.44412612915039 103.00405883789062
55.94414739467334 -3.190540597950705 SW 55.94393526263898 -3.1907527299850607 24.44412612915039 101.75405883789062
55.94393526263898 -3.1907527299850607 NE 55.94414739467334 -3.190540597950705 24.44412612915039 100.50405883789062
55.94414739467334 -3.190540597950705 SW 55.94393526263898 -3.1907527299850607 24.44412612915039 99.25405883789062
55.94393526263898 -3.1907527299850607 NE 55.94414739467334 -3.190540597950705 24.44412612915039 98.00405883789062
55.94414739467334 -3.190540597950705 S 55.943847394673334 -3.190540597950705 24.44412612915039 96.75405883789062
55.943847394673334 -3.190540597950705 N 55.94414739467334 -3.190540597950705 24.44412612915039 95.50405883789062
55.94414739467334 -3.190540597950705 SSE 55.94387023081358 -3.1904257929209954 24.44412612915039 94.25405883789062
55.94387023081358 -3.1904257929209954 NNW 55.94414739467334 -3.190540597950705 24.44412612915039 93.00405883789062
55.94414739467334 -3.190540597950705 SE 55.94393526263898 -3.190328465916349 139.65627670288086 142.36893463134766
55.94393526263898 -3.190328465916349 WSW 55.94382045760927 -3.1906056297761025 139.65627670288086 141.11893463134766
55.94382045760927 -3.1906056297761025 E 55.94382045760927 -3.1903056297761023 154.7855682373047 189.40765380859375
55.94382045760927 -3.1903056297761023 W 55.94382045760927 -3.1906056297761025 154.7855682373047 188.15765380859375
55.94382045760927 -3.1906056297761025 SE 55.943608325574914 -3.1903934977417467 154.7855682373047 186.90765380859375
55.943608325574914 -3.1903934977417467 NW 55.94382045760927 -3.1906056297761025 154.7855682373047 185.65765380859375
55.94382045760927 -3.1906056297761025 S 55.94352045760927 -3.1906056297761025 154.7855682373047 184.40765380859375
55.94352045760927 -3.1906056297761025 ENE 55.94363526263898 -3.190328465916349 154.7855682373047 183.15765380859375
55.94363526263898 -3.190328465916349 WSW 55.94352045760927 -3.1906056297761025 154.7855682373047 181.90765380859375
55.94352045760927 -3.1906056297761025 W 55.94352045760927 -3.1909056297761027 222.3807601928711 198.84293174743652
55.94352045760927 -3.1909056297761027 ESE 55.94340565257956 -3.1906284659163493 222.3807601928711 197.59293174743652
55.94340565257956 -3.1906284659163493 WNW 55.94352045760927 -3.1909056297761027 222.3807601928711 196.34293174743652
55.94352045760927 -3.1909056297761027 SE 55.94330832557491 -3.190693497741747 227.1713147163391 266.0270748138428
55.94330832557491 -3.190693497741747 NW 55.94352045760927 -3.1909056297761027 227.1713147163391 264.7770748138428
55.94352045760927 -3.1909056297761027 NNE 55.943797621469024 -3.190790824746393 227.1713147163391 263.5270748138428
55.943797621469024 -3.190790824746393 SSW 55.94352045760927 -3.1909056297761027 227.1713147163391 262.2770748138428
55.94352045760927 -3.1909056297761027 NNE 55.943797621469024 -3.190790824746393 227.1713147163391 261.0270748138428
55.943797621469024 -3.190790824746393 S 55.94349762146902 -3.190790824746393 227.1713147163391 259.7770748138428
55.94349762146902 -3.190790824746393 N 55.943797621469024 -3.190790824746393 227.1713147163391 258.5270748138428
55.943797621469024 -3.190790824746393 SSE 55.94352045760927 -3.1906760197166837 227.1713147163391 257.2770748138428
55.94352045760927 -3.1906760197166837 NNW 55.943797621469024 -3.190790824746393 227.1713147163391 256.0270748138428
55.943797621469024 -3.190790824746393 SSE 55.94352045760927 -3.1906760197166837 227.1713147163391 254.77707481384277
55.94352045760927 -3.1906760197166837 NNW 55.943797621469024 -3.190790824746393 227.1713147163391 253.52707481384277
55.943797621469024 -3.190790824746393 SSE 55.94352045760927 -3.1906760197166837 227.1713147163391 252.27707481384277
55.94352045760927 -3.1906760197166837 NNW 55.943797621469024 -3.190790824746393 227.1713147163391 251.02707481384277
55.943797621469024 -3.190790824746393 WNW 55.943912426498734 -3.1910679886061466 227.1713147163391 249.77707481384277
55.943912426498734 -3.1910679886061466 ESE 55.943797621469024 -3.190790824746393 227.1713147163391 248.52707481384277
55.943797621469024 -3.190790824746393 NNW 55.94407478532878 -3.1909056297761027 227.1713147163391 247.27707481384277
55.94407478532878 -3.1909056297761027 SSE 55.943797621469024 -3.190790824746393 227.1713147163391 246.02707481384277
55.943797621469024 -3.190790824746393 NNW 55.94407478532878 -3.1909056297761027 227.1713147163391 244.77707481384277
55.94407478532878 -3.1909056297761027 ESE 55.94395998029907 -3.1906284659163493 227.1713147163391 243.52707481384277
55.94395998029907 -3.1906284659163493 W 55.94395998029907 -3.1909284659163495 250.83249521255493 359.3675289154053
55.94395998029907 -3.1909284659163495 ENE 55.94407478532878 -3.190651302056596 349.822256565094 430.41650199890137
55.94407478532878 -3.190651302056596 WNW 55.94418959035849 -3.1909284659163495 349.822256565094 429.16650199890137
55.94418959035849 -3.1909284659163495 E 55.94418959035849 -3.1906284659163493 349.822256565094 427.91650199890137
55.94418959035849 -3.1906284659163493 WNW 55.9443043953882 -3.1909056297761027 413.30163049697876 511.4583492279053
55.9443043953882 -3.1909056297761027 ESE 55.94418959035849 -3.1906284659163493 413.30163049697876 510.2083492279053
55.94418959035849 -3.1906284659163493 NW 55.94440172239285 -3.190840597950705 413.30163049697876 508.9583492279053
55.94440172239285 -3.190840597950705 SE 55.94418959035849 -3.1906284659163493 413.30163049697876 507.7083492279053
55.94418959035849 -3.1906284659163493 NNW 55.94446675421825 -3.190743270946059 413.30163049697876 506.4583492279053
55.94446675421825 -3.190743270946059 SE 55.94425462218389 -3.190531138911703 413.30163049697876 505.2083492279053
55.94425462218389 -3.190531138911703 WSW 55.94413981715418 -3.1908083027714564 413.30163049697876 503.9583492279053
55.94413981715418 -3.1908083027714564 ENE 55.94425462218389 -3.190531138911703 413.30163049697876 502.7083492279053
55.94425462218389 -3.190531138911703 NW 55.94446675421825 -3.190743270946059 413.30163049697876 501.4583492279053
