55.944425 -3.188396 NNE 55.94470216385976 -3.1882811949702905 0.0 248.75
55.94470216385976 -3.1882811949702905 S 55.944402163859756 -3.1882811949702905 0.0 247.5
55.944402163859756 -3.1882811949702905 WSW 55.944287358830046 -3.188558358830044 0.0 246.25
55.944287358830046 -3.188558358830044 ENE 55.944402163859756 -3.1882811949702905 0.0 245.0
55.944402163859756 -3.1882811949702905 SW 55.9441900318254 -3.1884933270046463 0.0 243.75
55.9441900318254 -3.1884933270046463 ENE 55.94430483685511 -3.188216163144893 0.0 242.5
55.94430483685511 -3.188216163144893 WSW 55.9441900318254 -3.1884933270046463 0.0 241.25
55.9441900318254 -3.1884933270046463 S 55.9438900318254 -3.1884933270046463 0.0 240.0
55.9438900318254 -3.1884933270046463 N 55.9441900318254 -3.1884933270046463 0.0 238.75
55.9441900318254 -3.1884933270046463 ENE 55.94430483685511 -3.188216163144893 0.0 237.5
55.94430483685511 -3.188216163144893 WSW 55.9441900318254 -3.1884933270046463 0.0 236.25
55.9441900318254 -3.1884933270046463 SE 55.943977899791044 -3.1882811949702905 0.0 235.0
55.943977899791044 -3.1882811949702905 NW 55.9441900318254 -3.1884933270046463 0.0 233.75
55.9441900318254 -3.1884933270046463 SSE 55.94391286796564 -3.1883785219749368 0.0 232.5
55.94391286796564 -3.1883785219749368 NNW 55.9441900318254 -3.1884933270046463 0.0 231.25
55.9441900318254 -3.1884933270046463 SSE 55.94391286796564 -3.1883785219749368 0.0 230.0
55.94391286796564 -3.1883785219749368 NNW 55.9441900318254 -3.1884933270046463 0.0 228.75
55.9441900318254 -3.1884933270046463 S 55.9438900318254 -3.1884933270046463 0.0 227.5
55.9438900318254 -3.1884933270046463 N 55.9441900318254 -3.1884933270046463 0.0 226.25
55.9441900318254 -3.1884933270046463 S 55.9438900318254 -3.1884933270046463 0.0 225.0
55.9438900318254 -3.1884933270046463 NNW 55.944167195685154 -3.188608132034356 0.0 223.75
55.944167195685154 -3.188608132034356 SSE 55.9438900318254 -3.1884933270046463 0.0 222.5
55.9438900318254 -3.1884933270046463 S 55.943590031825394 -3.1884933270046463 0.0 221.25
55.943590031825394 -3.1884933270046463 N 55.9438900318254 -3.1884933270046463 0.0 220.0
55.9438900318254 -3.1884933270046463 WNW 55.94400483685511 -3.1887704908643997 0.0 218.75
55.94400483685511 -3.1887704908643997 ESE 55.9438900318254 -3.1884933270046463 0.0 217.5
55.9438900318254 -3.1884933270046463 WNW 55.94400483685511 -3.1887704908643997 0.0 216.25
55.94400483685511 -3.1887704908643997 SSE 55.94372767299535 -3.18865568583469 0.0 215.0
55.94372767299535 -3.18865568583469 NNW 55.94400483685511 -3.1887704908643997 0.0 213.75
55.94400483685511 -3.1887704908643997 SSE 55.94372767299535 -3.18865568583469 0.0 212.5
55.94372767299535 -3.18865568583469 WNW 55.94384247802506 -3.1889328496944436 0.0 211.25
55.94384247802506 -3.1889328496944436 ESE 55.94372767299535 -3.18865568583469 0.0 210.0
55.94372767299535 -3.18865568583469 WNW 55.94384247802506 -3.1889328496944436 0.0 208.75
55.94384247802506 -3.1889328496944436 ESE 55.94372767299535 -3.18865568583469 0.0 207.5
55.94372767299535 -3.18865568583469 SSW 55.943450509135594 -3.1887704908643997 0.0 206.25
55.943450509135594 -3.1887704908643997 NNE 55.94372767299535 -3.18865568583469 0.0 205.0
55.94372767299535 -3.18865568583469 S 55.94342767299535 -3.18865568583469 0.0 203.75
55.94342767299535 -3.18865568583469 N 55.94372767299535 -3.18865568583469 0.0 202.5
55.94372767299535 -3.18865568583469 SSE 55.943450509135594 -3.1885408808049807 0.0 201.25
55.943450509135594 -3.1885408808049807 NNW 55.94372767299535 -3.18865568583469 0.0 200.0
55.94372767299535 -3.18865568583469 ESE 55.94361286796564 -3.1883785219749368 0.0 198.75
55.94361286796564 -3.1883785219749368 WNW 55.94372767299535 -3.18865568583469 0.0 197.5
55.94372767299535 -3.18865568583469 ESE 55.94361286796564 -3.1883785219749368 0.0 196.25
55.94361286796564 -3.1883785219749368 E 55.94361286796564 -3.1880785219749366 23.720447540283203 294.1011276245117
55.94361286796564 -3.1880785219749366 W 55.94361286796564 -3.1883785219749368 23.720447540283203 292.8511276245117
55.94361286796564 -3.1883785219749368 NW 55.943825 -3.1885906540092925 23.720447540283203 291.6011276245117
55.943825 -3.1885906540092925 SE 55.94361286796564 -3.1883785219749368 23.720447540283203 290.3511276245117
55.94361286796564 -3.1883785219749368 SW 55.943400735931284 -3.1885906540092925 23.720447540283203 289.1011276245117
55.943400735931284 -3.1885906540092925 NE 55.94361286796564 -3.1883785219749368 23.720447540283203 287.8511276245117
55.94361286796564 -3.1883785219749368 SW 55.943400735931284 -3.1885906540092925 23.720447540283203 286.6011276245117
55.943400735931284 -3.1885906540092925 ENE 55.943515540960995 -3.188313490149539 23.720447540283203 285.3511276245117
55.943515540960995 -3.188313490149539 WSW 55.943400735931284 -3.1885906540092925 23.720447540283203 284.1011276245117
55.943400735931284 -3.1885906540092925 ESE 55.943285930901574 -3.188313490149539 23.720447540283203 282.8511276245117
55.943285930901574 -3.188313490149539 WNW 55.943400735931284 -3.1885906540092925 23.720447540283203 281.6011276245117
55.943400735931284 -3.1885906540092925 NNW 55.94367789979104 -3.188705459039002 23.720447540283203 280.3511276245117
55.94367789979104 -3.188705459039002 SSE 55.943400735931284 -3.1885906540092925 23.720447540283203 279.1011276245117
55.943400735931284 -3.1885906540092925 W 55.943400735931284 -3.1888906540092927 23.720447540283203 277.8511276245117
55.943400735931284 -3.1888906540092927 E 55.943400735931284 -3.1885906540092925 23.720447540283203 276.6011276245117
55.943400735931284 -3.1885906540092925 E 55.943400735931284 -3.1882906540092923 23.720447540283203 275.3511276245117
55.943400735931284 -3.1882906540092923 W 55.943400735931284 -3.1885906540092925 23.720447540283203 274.1011276245117
55.943400735931284 -3.1885906540092925 W 55.943400735931284 -3.1888906540092927 23.720447540283203 272.8511276245117
55.943400735931284 -3.1888906540092927 E 55.943400735931284 -3.1885906540092925 23.720447540283203 271.6011276245117
55.943400735931284 -3.1885906540092925 W 55.943400735931284 -3.1888906540092927 23.720447540283203 270.3511276245117
55.943400735931284 -3.1888906540092927 E 55.943400735931284 -3.1885906540092925 23.720447540283203 269.1011276245117
55.943400735931284 -3.1885906540092925 W 55.943400735931284 -3.1888906540092927 23.720447540283203 267.8511276245117
55.943400735931284 -3.1888906540092927 E 55.943400735931284 -3.1885906540092925 23.720447540283203 266.6011276245117
55.943400735931284 -3.1885906540092925 W 55.943400735931284 -3.1888906540092927 23.720447540283203 265.3511276245117
55.943400735931284 -3.1888906540092927 SE 55.94318860389693 -3.188678521974937 23.720447540283203 264.1011276245117
55.94318860389693 -3.188678521974937 NW 55.943400735931284 -3.1888906540092927 23.720447540283203 262.8511276245117
55.943400735931284 -3.1888906540092927 WSW 55.943285930901574 -3.189167817869046 23.720447540283203 261.6011276245117
55.943285930901574 -3.189167817869046 ENE 55.943400735931284 -3.1888906540092927 23.720447540283203 260.3511276245117
55.943400735931284 -3.1888906540092927 SSE 55.94312357207153 -3.188775848979583 79.69579315185547 372.7536392211914
55.94312357207153 -3.188775848979583 NNW 55.943400735931284 -3.1888906540092927 79.69579315185547 371.5036392211914
55.943400735931284 -3.1888906540092927 NW 55.94361286796564 -3.1891027860436485 79.69579315185547 370.2536392211914
55.94361286796564 -3.1891027860436485 SE 55.943400735931284 -3.1888906540092927 79.69579315185547 369.0036392211914
55.943400735931284 -3.1888906540092927 NW 55.94361286796564 -3.1891027860436485 79.69579315185547 367.7536392211914
55.94361286796564 -3.1891027860436485 SE 55.943400735931284 -3.1888906540092927 79.69579315185547 366.5036392211914
55.943400735931284 -3.1888906540092927 NW 55.94361286796564 -3.1891027860436485 79.69579315185547 365.2536392211914
55.94361286796564 -3.1891027860436485 SE 55.943400735931284 -3.1888906540092927 79.69579315185547 364.0036392211914
55.943400735931284 -3.1888906540092927 NW 55.94361286796564 -3.1891027860436485 79.69579315185547 362.7536392211914
55.94361286796564 -3.1891027860436485 SE 55.943400735931284 -3.1888906540092927 79.69579315185547 361.5036392211914
55.943400735931284 -3.1888906540092927 NNE 55.94367789979104 -3.188775848979583 79.69579315185547 360.2536392211914
55.94367789979104 -3.188775848979583 SSW 55.943400735931284 -3.1888906540092927 79.69579315185547 359.0036392211914
55.943400735931284 -3.1888906540092927 NNE 55.94367789979104 -3.188775848979583 79.69579315185547 357.7536392211914
55.94367789979104 -3.188775848979583 SSW 55.943400735931284 -3.1888906540092927 79.69579315185547 356.5036392211914
55.943400735931284 -3.1888906540092927 NE 55.94361286796564 -3.188678521974937 79.69579315185547 355.2536392211914
55.94361286796564 -3.188678521974937 SW 55.943400735931284 -3.1888906540092927 79.69579315185547 354.0036392211914
55.943400735931284 -3.1888906540092927 NE 55.94361286796564 -3.188678521974937 79.69579315185547 352.7536392211914
55.94361286796564 -3.188678521974937 W 55.94361286796564 -3.188978521974937 79.69579315185547 351.5036392211914
55.94361286796564 -3.188978521974937 ESE 55.94349806293593 -3.1887013581151837 79.69579315185547 350.2536392211914
55.94349806293593 -3.1887013581151837 NNW 55.94377522679569 -3.1888161631448932 79.69579315185547 349.0036392211914
55.94377522679569 -3.1888161631448932 S 55.943475226795684 -3.1888161631448932 79.69579315185547 347.7536392211914
55.943475226795684 -3.1888161631448932 NNE 55.94375239065544 -3.1887013581151837 79.69579315185547 346.5036392211914
55.94375239065544 -3.1887013581151837 S 55.94345239065544 -3.1887013581151837 79.69579315185547 345.2536392211914
55.94345239065544 -3.1887013581151837 NNW 55.943729554515194 -3.1888161631448932 79.69579315185547 344.0036392211914
55.943729554515194 -3.1888161631448932 NE 55.94394168654955 -3.1886040311105375 79.69579315185547 342.7536392211914
55.94394168654955 -3.1886040311105375 SW 55.943729554515194 -3.1888161631448932 79.69579315185547 341.5036392211914
55.943729554515194 -3.1888161631448932 NE 55.94394168654955 -3.1886040311105375 79.69579315185547 340.2536392211914
55.94394168654955 -3.1886040311105375 WSW 55.94382688151984 -3.188881194970291 79.69579315185547 339.0036392211914
55.94382688151984 -3.188881194970291 NE 55.944039013554196 -3.188669062935935 79.69579315185547 337.7536392211914
55.944039013554196 -3.188669062935935 WSW 55.943924208524486 -3.1889462267956885 79.69579315185547 336.5036392211914
55.943924208524486 -3.1889462267956885 ENE 55.944039013554196 -3.188669062935935 79.69579315185547 335.2536392211914
55.944039013554196 -3.188669062935935 W 55.944039013554196 -3.1889690629359353 79.69579315185547 334.0036392211914
55.944039013554196 -3.1889690629359353 E 55.944039013554196 -3.188669062935935 79.69579315185547 332.7536392211914
55.944039013554196 -3.188669062935935 WSW 55.943924208524486 -3.1889462267956885 79.69579315185547 331.5036392211914
55.943924208524486 -3.1889462267956885 ENE 55.944039013554196 -3.188669062935935 79.69579315185547 330.2536392211914
55.944039013554196 -3.188669062935935 W 55.944039013554196 -3.1889690629359353 79.69579315185547 329.0036392211914
55.944039013554196 -3.1889690629359353 E 55.944039013554196 -3.188669062935935 79.69579315185547 327.7536392211914
55.944039013554196 -3.188669062935935 NE 55.94425114558855 -3.1884569309015793 79.69579315185547 326.5036392211914
55.94425114558855 -3.1884569309015793 WSW 55.94413634055884 -3.1887340947613327 79.69579315185547 325.2536392211914
55.94413634055884 -3.1887340947613327 ENE 55.94425114558855 -3.1884569309015793 79.69579315185547 324.0036392211914
55.94425114558855 -3.1884569309015793 WSW 55.94413634055884 -3.1887340947613327 79.69579315185547 322.7536392211914
55.94413634055884 -3.1887340947613327 ENE 55.94425114558855 -3.1884569309015793 79.69579315185547 321.5036392211914
55.94425114558855 -3.1884569309015793 W 55.94425114558855 -3.1887569309015795 79.69579315185547 320.2536392211914
55.94425114558855 -3.1887569309015795 E 55.94425114558855 -3.1884569309015793 79.69579315185547 319.0036392211914
55.94425114558855 -3.1884569309015793 W 55.94425114558855 -3.1887569309015795 79.69579315185547 317.7536392211914
55.94425114558855 -3.1887569309015795 ENE 55.94436595061826 -3.188479767041826 79.69579315185547 316.5036392211914
55.94436595061826 -3.188479767041826 SW 55.94415381858391 -3.188691899076182 79.69579315185547 315.2536392211914
55.94415381858391 -3.188691899076182 NE 55.94436595061826 -3.188479767041826 79.69579315185547 314.0036392211914
55.94436595061826 -3.188479767041826 ENE 55.94448075564797 -3.1882026031820727 115.6203384399414 345.18750762939453
55.94448075564797 -3.1882026031820727 WSW 55.94436595061826 -3.188479767041826 115.6203384399414 343.93750762939453
55.94436595061826 -3.188479767041826 ESE 55.94425114558855 -3.1882026031820727 115.6203384399414 342.68750762939453
55.94425114558855 -3.1882026031820727 WNW 55.94436595061826 -3.188479767041826 115.6203384399414 341.43750762939453
55.94436595061826 -3.188479767041826 ESE 55.94425114558855 -3.1882026031820727 115.6203384399414 340.18750762939453
55.94425114558855 -3.1882026031820727 WNW 55.94436595061826 -3.188479767041826 115.6203384399414 338.93750762939453
55.94436595061826 -3.188479767041826 ESE 55.94425114558855 -3.1882026031820727 115.6203384399414 337.68750762939453
55.94425114558855 -3.1882026031820727 WNW 55.94436595061826 -3.188479767041826 115.6203384399414 336.43750762939453
55.94436595061826 -3.188479767041826 ESE 55.94425114558855 -3.1882026031820727 115.6203384399414 335.18750762939453
55.94425114558855 -3.1882026031820727 ENE 55.94436595061826 -3.1879254393223193 115.6203384399414 333.93750762939453
55.94436595061826 -3.1879254393223193 WSW 55.94425114558855 -3.1882026031820727 115.6203384399414 332.68750762939453
55.94425114558855 -3.1882026031820727 E 55.94425114558855 -3.1879026031820725 115.6203384399414 331.43750762939453
55.94425114558855 -3.1879026031820725 W 55.94425114558855 -3.1882026031820727 115.6203384399414 330.18750762939453
55.94425114558855 -3.1882026031820727 SE 55.944039013554196 -3.187990471147717 115.6203384399414 328.93750762939453
55.944039013554196 -3.187990471147717 NW 55.94425114558855 -3.1882026031820727 115.6203384399414 327.68750762939453
55.94425114558855 -3.1882026031820727 SE 55.944039013554196 -3.187990471147717 115.6203384399414 326.43750762939453
55.944039013554196 -3.187990471147717 NW 55.94425114558855 -3.1882026031820727 115.6203384399414 325.18750762939453
55.94425114558855 -3.1882026031820727 SSW 55.943973981728796 -3.1883174082117822 115.6203384399414 323.93750762939453
55.943973981728796 -3.1883174082117822 ENE 55.944088786758506 -3.188040244352029 115.6203384399414 322.68750762939453
55.944088786758506 -3.188040244352029 WSW 55.943973981728796 -3.1883174082117822 115.6203384399414 321.43750762939453
55.943973981728796 -3.1883174082117822 NNE 55.94425114558855 -3.1882026031820727 115.6203384399414 320.18750762939453
55.94425114558855 -3.1882026031820727 SW 55.944039013554196 -3.1884147352164285 115.6203384399414 318.93750762939453
55.944039013554196 -3.1884147352164285 NE 55.94425114558855 -3.1882026031820727 115.6203384399414 317.68750762939453
55.94425114558855 -3.1882026031820727 WSW 55.94413634055884 -3.188479767041826 115.6203384399414 316.43750762939453
55.94413634055884 -3.188479767041826 ENE 55.94425114558855 -3.1882026031820727 115.6203384399414 315.18750762939453
55.94425114558855 -3.1882026031820727 SW 55.944039013554196 -3.1884147352164285 115.6203384399414 313.93750762939453
55.944039013554196 -3.1884147352164285 NNE 55.94431617741395 -3.188299930186719 115.6203384399414 312.68750762939453
55.94431617741395 -3.188299930186719 SSW 55.944039013554196 -3.1884147352164285 115.6203384399414 311.43750762939453
55.944039013554196 -3.1884147352164285 N 55.9443390135542 -3.1884147352164285 115.6203384399414 310.18750762939453
55.9443390135542 -3.1884147352164285 S 55.944039013554196 -3.1884147352164285 115.6203384399414 308.93750762939453
55.944039013554196 -3.1884147352164285 E 55.944039013554196 -3.1881147352164283 115.6203384399414 307.68750762939453
55.944039013554196 -3.1881147352164283 W 55.944039013554196 -3.1884147352164285 115.6203384399414 306.43750762939453
55.944039013554196 -3.1884147352164285 E 55.944039013554196 -3.1881147352164283 115.6203384399414 305.18750762939453
55.944039013554196 -3.1881147352164283 WSW 55.943924208524486 -3.1883918990761817 115.6203384399414 303.93750762939453
55.943924208524486 -3.1883918990761817 NE 55.94413634055884 -3.188179767041826 115.6203384399414 302.68750762939453
55.94413634055884 -3.188179767041826 SW 55.943924208524486 -3.1883918990761817 115.6203384399414 301.43750762939453
55.943924208524486 -3.1883918990761817 SSW 55.94364704466473 -3.188506704105891 115.6203384399414 300.18750762939453
55.94364704466473 -3.188506704105891 NNE 55.943924208524486 -3.1883918990761817 115.6203384399414 298.93750762939453
55.943924208524486 -3.1883918990761817 ENE 55.944039013554196 -3.1881147352164283 115.6203384399414 297.68750762939453
55.944039013554196 -3.1881147352164283 WSW 55.943924208524486 -3.1883918990761817 115.6203384399414 296.43750762939453
55.943924208524486 -3.1883918990761817 S 55.94362420852448 -3.1883918990761817 115.6203384399414 295.18750762939453
55.94362420852448 -3.1883918990761817 N 55.943924208524486 -3.1883918990761817 115.6203384399414 293.93750762939453
55.943924208524486 -3.1883918990761817 ESE 55.943809403494775 -3.1881147352164283 115.6203384399414 292.68750762939453
55.943809403494775 -3.1881147352164283 WNW 55.943924208524486 -3.1883918990761817 115.6203384399414 291.43750762939453
55.943924208524486 -3.1883918990761817 ESE 55.943809403494775 -3.1881147352164283 115.6203384399414 290.18750762939453
55.943809403494775 -3.1881147352164283 WNW 55.943924208524486 -3.1883918990761817 115.6203384399414 288.93750762939453
55.943924208524486 -3.1883918990761817 ESE 55.943809403494775 -3.1881147352164283 115.6203384399414 287.68750762939453
55.943809403494775 -3.1881147352164283 NW 55.94402153552913 -3.188326867250784 115.6203384399414 286.43750762939453
55.94402153552913 -3.188326867250784 SE 55.943809403494775 -3.1881147352164283 115.6203384399414 285.18750762939453
55.943809403494775 -3.1881147352164283 NNW 55.94408656735453 -3.188229540246138 115.6203384399414 283.93750762939453
55.94408656735453 -3.188229540246138 ESE 55.94397176232482 -3.1879523763863844 115.6203384399414 282.68750762939453
55.94397176232482 -3.1879523763863844 WNW 55.94408656735453 -3.188229540246138 115.6203384399414 281.43750762939453
55.94408656735453 -3.188229540246138 ESE 55.94397176232482 -3.1879523763863844 115.6203384399414 280.18750762939453
55.94397176232482 -3.1879523763863844 NW 55.94418389435918 -3.18816450842074 115.6203384399414 278.93750762939453
55.94418389435918 -3.18816450842074 SE 55.94397176232482 -3.1879523763863844 115.6203384399414 277.68750762939453
55.94397176232482 -3.1879523763863844 NW 55.94418389435918 -3.18816450842074 115.6203384399414 276.43750762939453
55.94418389435918 -3.18816450842074 SE 55.94397176232482 -3.1879523763863844 115.6203384399414 275.18750762939453
55.94397176232482 -3.1879523763863844 N 55.944271762324824 -3.1879523763863844 115.6203384399414 273.93750762939453
55.944271762324824 -3.1879523763863844 WSW 55.944156957295114 -3.188229540246138 115.6203384399414 272.68750762939453
55.944156957295114 -3.188229540246138 ENE 55.944271762324824 -3.1879523763863844 115.6203384399414 271.43750762939453
55.944271762324824 -3.1879523763863844 W 55.944271762324824 -3.1882523763863846 115.6203384399414 270.18750762939453
55.944271762324824 -3.1882523763863846 E 55.944271762324824 -3.1879523763863844 115.6203384399414 268.93750762939453
55.944271762324824 -3.1879523763863844 WNW 55.944386567354535 -3.188229540246138 115.6203384399414 267.68750762939453
55.944386567354535 -3.188229540246138 ESE 55.944271762324824 -3.1879523763863844 115.6203384399414 266.43750762939453
55.944271762324824 -3.1879523763863844 WNW 55.944386567354535 -3.188229540246138 115.6203384399414 265.18750762939453
55.944386567354535 -3.188229540246138 E 55.944386567354535 -3.1879295402461376 115.6203384399414 263.93750762939453
55.944386567354535 -3.1879295402461376 W 55.944386567354535 -3.188229540246138 115.6203384399414 262.68750762939453
55.944386567354535 -3.188229540246138 N 55.94468656735454 -3.188229540246138 153.92183303833008 340.19044494628906
55.94468656735454 -3.188229540246138 S 55.944386567354535 -3.188229540246138 153.92183303833008 338.94044494628906
55.944386567354535 -3.188229540246138 SSE 55.94410940349478 -3.1881147352164283 190.94845581054688 428.49959564208984
55.94410940349478 -3.1881147352164283 NNW 55.944386567354535 -3.188229540246138 190.94845581054688 427.24959564208984
55.944386567354535 -3.188229540246138 N 55.94468656735454 -3.188229540246138 190.94845581054688 425.99959564208984
55.94468656735454 -3.188229540246138 S 55.944386567354535 -3.188229540246138 190.94845581054688 424.74959564208984
55.944386567354535 -3.188229540246138 N 55.94468656735454 -3.188229540246138 190.94845581054688 423.49959564208984
55.94468656735454 -3.188229540246138 S 55.944386567354535 -3.188229540246138 190.94845581054688 422.24959564208984
55.944386567354535 -3.188229540246138 N 55.94468656735454 -3.188229540246138 190.94845581054688 420.99959564208984
55.94468656735454 -3.188229540246138 S 55.944386567354535 -3.188229540246138 190.94845581054688 419.74959564208984
55.944386567354535 -3.188229540246138 N 55.94468656735454 -3.188229540246138 190.94845581054688 418.49959564208984
55.94468656735454 -3.188229540246138 NE 55.944898699388894 -3.188017408211782 190.94845581054688 417.24959564208984
55.944898699388894 -3.188017408211782 SW 55.94468656735454 -3.188229540246138 190.94845581054688 415.99959564208984
55.94468656735454 -3.188229540246138 SSE 55.94440940349478 -3.1881147352164283 190.94845581054688 414.74959564208984
55.94440940349478 -3.1881147352164283 NW 55.94462153552914 -3.188326867250784 190.94845581054688 413.49959564208984
55.94462153552914 -3.188326867250784 NW 55.94483366756349 -3.18853899928514 190.94845581054688 412.24959564208984
55.94483366756349 -3.18853899928514 SE 55.94462153552914 -3.188326867250784 190.94845581054688 410.99959564208984
55.94462153552914 -3.188326867250784 NW 55.94483366756349 -3.18853899928514 190.94845581054688 409.74959564208984
55.94483366756349 -3.18853899928514 E 55.94483366756349 -3.1882389992851397 190.94845581054688 408.49959564208984
55.94483366756349 -3.1882389992851397 W 55.94483366756349 -3.18853899928514 190.94845581054688 407.24959564208984
55.94483366756349 -3.18853899928514 E 55.94483366756349 -3.1882389992851397 190.94845581054688 405.99959564208984
55.94483366756349 -3.1882389992851397 WNW 55.944948472593204 -3.188516163144893 190.94845581054688 404.74959564208984
55.944948472593204 -3.188516163144893 ESE 55.94483366756349 -3.1882389992851397 190.94845581054688 403.49959564208984
55.94483366756349 -3.1882389992851397 WNW 55.944948472593204 -3.188516163144893 190.94845581054688 402.24959564208984
55.944948472593204 -3.188516163144893 E 55.944948472593204 -3.188216163144893 190.94845581054688 400.99959564208984
55.944948472593204 -3.188216163144893 W 55.944948472593204 -3.188516163144893 190.94845581054688 399.74959564208984
55.944948472593204 -3.188516163144893 ENE 55.945063277622914 -3.1882389992851397 190.94845581054688 398.49959564208984
55.945063277622914 -3.1882389992851397 WSW 55.944948472593204 -3.188516163144893 190.94845581054688 397.24959564208984
55.944948472593204 -3.188516163144893 ENE 55.945063277622914 -3.1882389992851397 190.94845581054688 395.99959564208984
55.945063277622914 -3.1882389992851397 WSW 55.944948472593204 -3.188516163144893 190.94845581054688 394.74959564208984
55.944948472593204 -3.188516163144893 ENE 55.945063277622914 -3.1882389992851397 190.94845581054688 393.49959564208984
55.945063277622914 -3.1882389992851397 W 55.945063277622914 -3.18853899928514 190.94845581054688 392.24959564208984
55.945063277622914 -3.18853899928514 E 55.945063277622914 -3.1882389992851397 190.94845581054688 390.99959564208984
55.945063277622914 -3.1882389992851397 W 55.945063277622914 -3.18853899928514 190.94845581054688 389.74959564208984
55.945063277622914 -3.18853899928514 SE 55.94485114558856 -3.188326867250784 190.94845581054688 388.49959564208984
55.94485114558856 -3.188326867250784 NW 55.945063277622914 -3.18853899928514 190.94845581054688 387.24959564208984
55.945063277622914 -3.18853899928514 NE 55.94527540965727 -3.188326867250784 190.94845581054688 385.99959564208984
55.94527540965727 -3.188326867250784 SW 55.945063277622914 -3.18853899928514 190.94845581054688 384.74959564208984
55.945063277622914 -3.18853899928514 SW 55.94485114558856 -3.1887511313194956 190.94845581054688 383.49959564208984
55.94485114558856 -3.1887511313194956 N 55.94515114558856 -3.1887511313194956 190.94845581054688 382.24959564208984
55.94515114558856 -3.1887511313194956 S 55.94485114558856 -3.1887511313194956 190.94845581054688 380.99959564208984
55.94485114558856 -3.1887511313194956 N 55.94515114558856 -3.1887511313194956 190.94845581054688 379.74959564208984
55.94515114558856 -3.1887511313194956 S 55.94485114558856 -3.1887511313194956 190.94845581054688 378.49959564208984
55.94485114558856 -3.1887511313194956 N 55.94515114558856 -3.1887511313194956 190.94845581054688 377.24959564208984
55.94515114558856 -3.1887511313194956 S 55.94485114558856 -3.1887511313194956 190.94845581054688 375.99959564208984
55.94485114558856 -3.1887511313194956 SE 55.9446390135542 -3.18853899928514 190.94845581054688 374.74959564208984
55.9446390135542 -3.18853899928514 NW 55.94485114558856 -3.1887511313194956 190.94845581054688 373.49959564208984
55.94485114558856 -3.1887511313194956 SW 55.9446390135542 -3.1889632633538514 190.94845581054688 372.24959564208984
55.9446390135542 -3.1889632633538514 NE 55.94485114558856 -3.1887511313194956 190.94845581054688 370.99959564208984
55.94485114558856 -3.1887511313194956 WNW 55.94496595061827 -3.189028295179249 190.94845581054688 369.74959564208984
55.94496595061827 -3.189028295179249 ESE 55.94485114558856 -3.1887511313194956 190.94845581054688 368.49959564208984
55.94485114558856 -3.1887511313194956 WNW 55.94496595061827 -3.189028295179249 190.94845581054688 367.24959564208984
55.94496595061827 -3.189028295179249 SE 55.94475381858391 -3.1888161631448932 190.94845581054688 365.99959564208984
55.94475381858391 -3.1888161631448932 NW 55.94496595061827 -3.189028295179249 190.94845581054688 364.74959564208984
55.94496595061827 -3.189028295179249 SE 55.94475381858391 -3.1888161631448932 190.94845581054688 363.49959564208984
55.94475381858391 -3.1888161631448932 NW 55.94496595061827 -3.189028295179249 190.94845581054688 362.24959564208984
55.94496595061827 -3.189028295179249 SSE 55.94468878675851 -3.1889134901495395 190.94845581054688 360.99959564208984
55.94468878675851 -3.1889134901495395 NNW 55.94496595061827 -3.189028295179249 190.94845581054688 359.74959564208984
55.94496595061827 -3.189028295179249 SSE 55.94468878675851 -3.1889134901495395 190.94845581054688 358.49959564208984
55.94468878675851 -3.1889134901495395 NNW 55.94496595061827 -3.189028295179249 190.94845581054688 357.24959564208984
55.94496595061827 -3.189028295179249 NW 55.945178082652625 -3.189240427213605 190.94845581054688 355.99959564208984
55.945178082652625 -3.189240427213605 SE 55.94496595061827 -3.189028295179249 190.94845581054688 354.74959564208984
55.94496595061827 -3.189028295179249 ESE 55.94485114558856 -3.1887511313194956 190.94845581054688 353.49959564208984
55.94485114558856 -3.1887511313194956 WNW 55.94496595061827 -3.189028295179249 190.94845581054688 352.24959564208984
