55.944425 -3.188396 S 55.944125 -3.188396 0.0 248.75
55.944125 -3.188396 N 55.944425 -3.188396 0.0 247.5
55.944425 -3.188396 E 55.944425 -3.188096 0.0 246.25
55.944425 -3.188096 W 55.944425 -3.188396 0.0 245.0
55.944425 -3.188396 E 55.944425 -3.188096 0.0 243.75
55.944425 -3.188096 NW 55.94463713203436 -3.1883081320343556 0.0 242.5
55.94463713203436 -3.1883081320343556 SE 55.944425 -3.188096 0.0 241.25
55.944425 -3.188096 NW 55.94463713203436 -3.1883081320343556 0.0 240.0
55.94463713203436 -3.1883081320343556 ENE 55.94475193706407 -3.188030968174602 0.0 238.75
55.94475193706407 -3.188030968174602 WSW 55.94463713203436 -3.1883081320343556 0.0 237.5
55.94463713203436 -3.1883081320343556 ESE 55.94452232700465 -3.188030968174602 0.0 236.25
55.94452232700465 -3.188030968174602 WNW 55.94463713203436 -3.1883081320343556 0.0 235.0
55.94463713203436 -3.1883081320343556 NNW 55.944914295894115 -3.188422937064065 0.0 233.75
55.944914295894115 -3.188422937064065 S 55.94461429589411 -3.188422937064065 0.0 232.5
55.94461429589411 -3.188422937064065 NNW 55.94489145975387 -3.1885377420937746 0.0 231.25
55.94489145975387 -3.1885377420937746 S 55.944591459753866 -3.1885377420937746 0.0 230.0
55.944591459753866 -3.1885377420937746 NNW 55.94486862361362 -3.188652547123484 52.18518829345703 326.3051528930664
55.94486862361362 -3.188652547123484 S 55.94456862361362 -3.188652547123484 52.18518829345703 325.0551528930664
55.94456862361362 -3.188652547123484 N 55.94486862361362 -3.188652547123484 52.18518829345703 323.8051528930664
55.94486862361362 -3.188652547123484 S 55.94456862361362 -3.188652547123484 52.18518829345703 322.5551528930664
55.94456862361362 -3.188652547123484 ENE 55.94468342864333 -3.1883753832637307 52.18518829345703 321.3051528930664
55.94468342864333 -3.1883753832637307 WSW 55.94456862361362 -3.188652547123484 52.18518829345703 320.0551528930664
55.94456862361362 -3.188652547123484 ESE 55.94445381858391 -3.1883753832637307 52.18518829345703 318.8051528930664
55.94445381858391 -3.1883753832637307 WNW 55.94456862361362 -3.188652547123484 52.18518829345703 317.5551528930664
55.94456862361362 -3.188652547123484 SSE 55.94429145975386 -3.1885377420937746 115.91272735595703 346.933500289917
55.94429145975386 -3.1885377420937746 NNW 55.94456862361362 -3.188652547123484 115.91272735595703 345.683500289917
55.94456862361362 -3.188652547123484 S 55.94426862361362 -3.188652547123484 115.91272735595703 344.433500289917
55.94426862361362 -3.188652547123484 N 55.94456862361362 -3.188652547123484 115.91272735595703 343.183500289917
55.94456862361362 -3.188652547123484 S 55.94426862361362 -3.188652547123484 115.91272735595703 341.933500289917
55.94426862361362 -3.188652547123484 NNW 55.94454578747337 -3.1887673521531936 115.91272735595703 340.683500289917
55.94454578747337 -3.1887673521531936 SE 55.94433365543902 -3.188555220118838 115.91272735595703 339.433500289917
55.94433365543902 -3.188555220118838 WNW 55.94444846046873 -3.1888323839785913 115.91272735595703 338.183500289917
55.94444846046873 -3.1888323839785913 ENE 55.94456326549844 -3.188555220118838 115.91272735595703 336.933500289917
55.94456326549844 -3.188555220118838 WSW 55.94444846046873 -3.1888323839785913 115.91272735595703 335.683500289917
55.94444846046873 -3.1888323839785913 ENE 55.94456326549844 -3.188555220118838 115.91272735595703 334.433500289917
55.94456326549844 -3.188555220118838 W 55.94456326549844 -3.188855220118838 236.47870635986328 418.2512264251709
55.94456326549844 -3.188855220118838 NNE 55.944840429358194 -3.1887404150891285 278.74885177612305 501.48200035095215
55.944840429358194 -3.1887404150891285 SSW 55.94456326549844 -3.188855220118838 278.74885177612305 500.23200035095215
55.94456326549844 -3.188855220118838 N 55.94486326549844 -3.188855220118838 376.99824142456055 517.3001155853271
55.94486326549844 -3.188855220118838 S 55.94456326549844 -3.188855220118838 376.99824142456055 516.0501155853271
55.94456326549844 -3.188855220118838 NNE 55.944840429358194 -3.1887404150891285 376.99824142456055 514.8001155853271
55.944840429358194 -3.1887404150891285 S 55.94454042935819 -3.1887404150891285 376.99824142456055 513.5501155853271
55.94454042935819 -3.1887404150891285 NE 55.94475256139255 -3.1885282830547728 376.99824142456055 512.3001155853271
55.94475256139255 -3.1885282830547728 WNW 55.94486736642226 -3.188805446914526 376.99824142456055 511.05011558532715
55.94486736642226 -3.188805446914526 ESE 55.94475256139255 -3.1885282830547728 376.99824142456055 509.80011558532715
55.94475256139255 -3.1885282830547728 WNW 55.94486736642226 -3.188805446914526 376.99824142456055 508.55011558532715
55.94486736642226 -3.188805446914526 SSE 55.9445902025625 -3.1886906418848167 475.0382652282715 548.7895221710205
55.9445902025625 -3.1886906418848167 NNW 55.94486736642226 -3.188805446914526 475.0382652282715 547.5395221710205
55.94486736642226 -3.188805446914526 SSE 55.9445902025625 -3.1886906418848167 475.0382652282715 546.2895221710205
55.9445902025625 -3.1886906418848167 NNW 55.94486736642226 -3.188805446914526 475.0382652282715 545.0395221710205
55.94486736642226 -3.188805446914526 SE 55.9446552343879 -3.1885933148801704 475.0382652282715 543.7895221710205
55.9446552343879 -3.1885933148801704 NW 55.94486736642226 -3.188805446914526 475.0382652282715 542.5395221710205
55.94486736642226 -3.188805446914526 SW 55.9446552343879 -3.189017578948882 475.0382652282715 541.2895221710205
55.9446552343879 -3.189017578948882 NE 55.94486736642226 -3.188805446914526 475.0382652282715 540.0395221710205
55.94486736642226 -3.188805446914526 SW 55.9446552343879 -3.189017578948882 475.0382652282715 538.7895221710205
55.9446552343879 -3.189017578948882 NE 55.94486736642226 -3.188805446914526 475.0382652282715 537.5395221710205
55.94486736642226 -3.188805446914526 SW 55.9446552343879 -3.189017578948882 475.0382652282715 536.2895221710205
55.9446552343879 -3.189017578948882 N 55.944955234387905 -3.189017578948882 475.0382652282715 535.0395221710205
55.944955234387905 -3.189017578948882 S 55.9446552343879 -3.189017578948882 475.0382652282715 533.7895221710205
55.9446552343879 -3.189017578948882 N 55.944955234387905 -3.189017578948882 475.0382652282715 532.5395221710205
55.944955234387905 -3.189017578948882 ESE 55.944840429358194 -3.1887404150891285 475.0382652282715 531.2895221710205
55.944840429358194 -3.1887404150891285 WNW 55.944955234387905 -3.189017578948882 475.0382652282715 530.0395221710205
55.944955234387905 -3.189017578948882 ENE 55.945070039417615 -3.1887404150891285 475.0382652282715 528.7895221710205
55.945070039417615 -3.1887404150891285 WSW 55.944955234387905 -3.189017578948882 475.0382652282715 527.5395221710205
55.944955234387905 -3.189017578948882 ENE 55.945070039417615 -3.1887404150891285 475.0382652282715 526.2895221710205
55.945070039417615 -3.1887404150891285 N 55.94537003941762 -3.1887404150891285 475.0382652282715 525.0395221710205
55.94537003941762 -3.1887404150891285 S 55.945070039417615 -3.1887404150891285 475.0382652282715 523.7895221710205
55.945070039417615 -3.1887404150891285 NNE 55.94534720327737 -3.188625610059419 475.0382652282715 522.5395221710205
55.94534720327737 -3.188625610059419 SSW 55.945070039417615 -3.1887404150891285 475.0382652282715 521.2895221710205
55.945070039417615 -3.1887404150891285 NE 55.94528217145197 -3.1885282830547728 475.0382652282715 520.0395221710205
55.94528217145197 -3.1885282830547728 N 55.945582171451974 -3.1885282830547728 597.927791595459 570.147481918335
55.945582171451974 -3.1885282830547728 S 55.94528217145197 -3.1885282830547728 597.927791595459 568.897481918335
55.94528217145197 -3.1885282830547728 N 55.945582171451974 -3.1885282830547728 597.927791595459 567.647481918335
55.945582171451974 -3.1885282830547728 SE 55.94537003941762 -3.188316151020417 597.927791595459 566.397481918335
55.94537003941762 -3.188316151020417 NW 55.945582171451974 -3.1885282830547728 597.927791595459 565.147481918335
55.945582171451974 -3.1885282830547728 ENE 55.945696976481685 -3.1882511191950194 597.927791595459 563.897481918335
55.945696976481685 -3.1882511191950194 WSW 55.945582171451974 -3.1885282830547728 597.927791595459 562.647481918335
55.945582171451974 -3.1885282830547728 NNE 55.94585933531173 -3.1884134780250633 597.927791595459 561.397481918335
55.94585933531173 -3.1884134780250633 SSW 55.945582171451974 -3.1885282830547728 597.927791595459 560.147481918335
55.945582171451974 -3.1885282830547728 NE 55.94579430348633 -3.188316151020417 597.927791595459 558.897481918335
55.94579430348633 -3.188316151020417 SW 55.945582171451974 -3.1885282830547728 597.927791595459 557.647481918335
55.945582171451974 -3.1885282830547728 ENE 55.945696976481685 -3.1882511191950194 597.927791595459 556.397481918335
55.945696976481685 -3.1882511191950194 WNW 55.945811781511395 -3.1885282830547728 597.927791595459 555.147481918335
55.945811781511395 -3.1885282830547728 E 55.945811781511395 -3.1882282830547726 611.1102170944214 569.8915939331055
55.945811781511395 -3.1882282830547726 W 55.945811781511395 -3.1885282830547728 611.1102170944214 568.6415939331055
55.945811781511395 -3.1885282830547728 E 55.945811781511395 -3.1882282830547726 611.1102170944214 567.3915939331055
55.945811781511395 -3.1882282830547726 W 55.945811781511395 -3.1885282830547728 611.1102170944214 566.1415939331055
55.945811781511395 -3.1885282830547728 NW 55.94602391354575 -3.1887404150891285 611.1102170944214 564.8915939331055
55.94602391354575 -3.1887404150891285 SE 55.945811781511395 -3.1885282830547728 611.1102170944214 563.6415939331055
55.945811781511395 -3.1885282830547728 NNW 55.94608894537115 -3.1886430880844823 611.1102170944214 562.3915939331055
55.94608894537115 -3.1886430880844823 SSE 55.945811781511395 -3.1885282830547728 611.1102170944214 561.1415939331055
55.945811781511395 -3.1885282830547728 NW 55.94602391354575 -3.1887404150891285 611.1102170944214 559.8915939331055
55.94602391354575 -3.1887404150891285 SE 55.945811781511395 -3.1885282830547728 611.1102170944214 558.6415939331055
55.945811781511395 -3.1885282830547728 NW 55.94602391354575 -3.1887404150891285 611.1102170944214 557.3915939331055
55.94602391354575 -3.1887404150891285 SE 55.945811781511395 -3.1885282830547728 611.1102170944214 556.1415939331055
55.945811781511395 -3.1885282830547728 NW 55.94602391354575 -3.1887404150891285 611.1102170944214 554.8915939331055
55.94602391354575 -3.1887404150891285 ENE 55.94613871857546 -3.188463251229375 611.1102170944214 553.6415939331055
55.94613871857546 -3.188463251229375 WSW 55.94602391354575 -3.1887404150891285 611.1102170944214 552.3915939331055
55.94602391354575 -3.1887404150891285 ENE 55.94613871857546 -3.188463251229375 611.1102170944214 551.1415939331055
55.94613871857546 -3.188463251229375 W 55.94613871857546 -3.1887632512293753 611.1102170944214 549.8915939331055
55.94613871857546 -3.1887632512293753 E 55.94613871857546 -3.188463251229375 611.1102170944214 548.6415939331055
55.94613871857546 -3.188463251229375 W 55.94613871857546 -3.1887632512293753 611.1102170944214 547.3915939331055
55.94613871857546 -3.1887632512293753 E 55.94613871857546 -3.188463251229375 611.1102170944214 546.1415939331055
55.94613871857546 -3.188463251229375 W 55.94613871857546 -3.1887632512293753 611.1102170944214 544.8915939331055
55.94613871857546 -3.1887632512293753 E 55.94613871857546 -3.188463251229375 611.1102170944214 543.6415939331055
55.94613871857546 -3.188463251229375 W 55.94613871857546 -3.1887632512293753 611.1102170944214 542.3915939331055
55.94613871857546 -3.1887632512293753 SE 55.945926586541106 -3.1885511191950195 611.1102170944214 541.1415939331055
55.945926586541106 -3.1885511191950195 NNW 55.94620375040086 -3.188665924224729 611.1102170944214 539.8915939331055
55.94620375040086 -3.188665924224729 WSW 55.94608894537115 -3.1889430880844825 611.1102170944214 538.6415939331055
55.94608894537115 -3.1889430880844825 SE 55.945876813336795 -3.1887309560501267 611.3629259169102 579.773063659668
55.945876813336795 -3.1887309560501267 NW 55.94608894537115 -3.1889430880844825 611.3629259169102 578.523063659668
55.94608894537115 -3.1889430880844825 ENE 55.94620375040086 -3.188665924224729 611.3629259169102 577.273063659668
55.94620375040086 -3.188665924224729 WSW 55.94608894537115 -3.1889430880844825 611.3629259169102 576.023063659668
55.94608894537115 -3.1889430880844825 SE 55.945876813336795 -3.1887309560501267 611.3629259169102 574.773063659668
55.945876813336795 -3.1887309560501267 NW 55.94608894537115 -3.1889430880844825 611.3629259169102 573.523063659668
55.94608894537115 -3.1889430880844825 SSW 55.945811781511395 -3.189057893114192 693.1076845228672 607.4063720703125
55.945811781511395 -3.189057893114192 E 55.945811781511395 -3.1887578931141918 693.1076845228672 606.1563720703125
55.945811781511395 -3.1887578931141918 W 55.945811781511395 -3.189057893114192 693.1076845228672 604.9063720703125
55.945811781511395 -3.189057893114192 ESE 55.945696976481685 -3.1887807292544386 784.8905290663242 622.2238025665283
55.945696976481685 -3.1887807292544386 WNW 55.945811781511395 -3.189057893114192 784.8905290663242 620.9738025665283
55.945811781511395 -3.189057893114192 WNW 55.945926586541106 -3.1893350569739454 784.8905290663242 619.7238025665283
55.945926586541106 -3.1893350569739454 ESE 55.945811781511395 -3.189057893114192 784.8905290663242 618.4738025665283
55.945811781511395 -3.189057893114192 WNW 55.945926586541106 -3.1893350569739454 784.8905290663242 617.2238025665283
55.945926586541106 -3.1893350569739454 SE 55.94571445450675 -3.1891229249395896 784.8905290663242 615.9738025665283
55.94571445450675 -3.1891229249395896 WNW 55.94582925953646 -3.189400088799343 848.1838449537754 696.6607685089111
55.94582925953646 -3.189400088799343 E 55.94582925953646 -3.189100088799343 848.1838449537754 695.4107685089111
55.94582925953646 -3.189100088799343 WSW 55.94571445450675 -3.189377252659096 848.1838449537754 694.1607685089111
55.94571445450675 -3.189377252659096 NNE 55.945991618366506 -3.1892624476293867 858.0559476912022 714.200605392456
55.945991618366506 -3.1892624476293867 SSW 55.94571445450675 -3.189377252659096 858.0559476912022 712.950605392456
55.94571445450675 -3.189377252659096 NNE 55.945991618366506 -3.1892624476293867 858.0559476912022 711.700605392456
55.945991618366506 -3.1892624476293867 E 55.945991618366506 -3.1889624476293865 858.0559476912022 710.450605392456
55.945991618366506 -3.1889624476293865 W 55.945991618366506 -3.1892624476293867 858.0559476912022 709.200605392456
55.945991618366506 -3.1892624476293867 ENE 55.946106423396216 -3.1889852837696333 858.0559476912022 707.950605392456
55.946106423396216 -3.1889852837696333 WNW 55.94622122842593 -3.1892624476293867 858.0559476912022 706.700605392456
55.94622122842593 -3.1892624476293867 WSW 55.946106423396216 -3.18953961148914 912.6803640425205 789.3019466400146
55.946106423396216 -3.18953961148914 ESE 55.945991618366506 -3.1892624476293867 912.6803640425205 788.0519466400146
55.945991618366506 -3.1892624476293867 WNW 55.946106423396216 -3.18953961148914 912.6803640425205 786.8019466400146
55.946106423396216 -3.18953961148914 ESE 55.945991618366506 -3.1892624476293867 912.6803640425205 785.5519466400146
55.945991618366506 -3.1892624476293867 WSW 55.945876813336795 -3.18953961148914 912.6803640425205 784.3019466400146
55.945876813336795 -3.18953961148914 ENE 55.945991618366506 -3.1892624476293867 912.6803640425205 783.0519466400146
55.945991618366506 -3.1892624476293867 WSW 55.945876813336795 -3.18953961148914 912.6803640425205 781.8019466400146
55.945876813336795 -3.18953961148914 SE 55.94566468130244 -3.1893274794547843 982.1232961714268 781.9696612358093
55.94566468130244 -3.1893274794547843 NW 55.945876813336795 -3.18953961148914 982.1232961714268 780.7196612358093
55.945876813336795 -3.18953961148914 SE 55.94566468130244 -3.1893274794547843 982.1232961714268 779.4696612358093
55.94566468130244 -3.1893274794547843 NW 55.945876813336795 -3.18953961148914 982.1232961714268 778.2196612358093
55.945876813336795 -3.18953961148914 SE 55.94566468130244 -3.1893274794547843 982.1232961714268 776.9696612358093
55.94566468130244 -3.1893274794547843 WNW 55.94577948633215 -3.1896046433145377 982.1232961714268 775.7196612358093
55.94577948633215 -3.1896046433145377 SSE 55.94550232247239 -3.1894898382848282 982.1232961714268 774.4696612358093
55.94550232247239 -3.1894898382848282 NNW 55.94577948633215 -3.1896046433145377 982.1232961714268 773.2196612358093
55.94577948633215 -3.1896046433145377 SSE 55.94550232247239 -3.1894898382848282 982.1232961714268 771.9696612358093
55.94550232247239 -3.1894898382848282 NNE 55.94577948633215 -3.1893750332551187 982.1232961714268 770.7196612358093
55.94577948633215 -3.1893750332551187 SSW 55.94550232247239 -3.1894898382848282 982.1232961714268 769.4696612358093
55.94550232247239 -3.1894898382848282 WNW 55.9456171275021 -3.1897670021445816 982.1232961714268 768.2196612358093
55.9456171275021 -3.1897670021445816 SE 55.94540499546775 -3.189554870110226 982.1232961714268 766.9696612358093
55.94540499546775 -3.189554870110226 ENE 55.94551980049746 -3.1892777062504725 1016.5146650373936 884.5020937919617
55.94551980049746 -3.1892777062504725 WSW 55.94540499546775 -3.189554870110226 1016.5146650373936 883.2520937919617
55.94540499546775 -3.189554870110226 ENE 55.94551980049746 -3.1892777062504725 1016.5146650373936 882.0020937919617
55.94551980049746 -3.1892777062504725 WSW 55.94540499546775 -3.189554870110226 1016.5146650373936 880.7520937919617
55.94540499546775 -3.189554870110226 SE 55.94519286343339 -3.18934273807587 1089.450463682413 881.0181196928024
55.94519286343339 -3.18934273807587 NW 55.94540499546775 -3.189554870110226 1089.450463682413 879.7681196928024
55.94540499546775 -3.189554870110226 SE 55.94519286343339 -3.18934273807587 1089.450463682413 878.5181196928024
55.94519286343339 -3.18934273807587 NW 55.94540499546775 -3.189554870110226 1089.450463682413 877.2681196928024
55.94540499546775 -3.189554870110226 SE 55.94519286343339 -3.18934273807587 1089.450463682413 876.0181196928024
55.94519286343339 -3.18934273807587 NNW 55.94547002729315 -3.1894575431055796 1113.878671079874 980.6754378080368
55.94547002729315 -3.1894575431055796 SSE 55.94519286343339 -3.18934273807587 1113.878671079874 979.4254378080368
55.94519286343339 -3.18934273807587 NNW 55.94547002729315 -3.1894575431055796 1113.878671079874 978.1754378080368
55.94547002729315 -3.1894575431055796 SSE 55.94519286343339 -3.18934273807587 1113.878671079874 976.9254378080368
55.94519286343339 -3.18934273807587 NNW 55.94547002729315 -3.1894575431055796 1113.878671079874 975.6754378080368
55.94547002729315 -3.1894575431055796 ESE 55.94535522226344 -3.189180379245826 1113.878671079874 974.4254378080368
55.94535522226344 -3.189180379245826 WNW 55.94547002729315 -3.1894575431055796 1113.878671079874 973.1754378080368
55.94547002729315 -3.1894575431055796 ENE 55.94558483232286 -3.189180379245826 1113.878671079874 971.9254378080368
55.94558483232286 -3.189180379245826 WSW 55.94547002729315 -3.1894575431055796 1113.878671079874 970.6754378080368
55.94547002729315 -3.1894575431055796 ENE 55.94558483232286 -3.189180379245826 1113.878671079874 969.4254378080368
55.94558483232286 -3.189180379245826 WNW 55.94569963735257 -3.1894575431055796 1113.878671079874 968.1754378080368
55.94569963735257 -3.1894575431055796 S 55.945399637352565 -3.1894575431055796 1113.878671079874 966.9254378080368
55.945399637352565 -3.1894575431055796 N 55.94569963735257 -3.1894575431055796 1113.878671079874 965.6754378080368
55.94569963735257 -3.1894575431055796 WSW 55.94558483232286 -3.189734706965333 1113.878671079874 964.4254378080368
55.94558483232286 -3.189734706965333 NNE 55.945861996182614 -3.1896199019356235 1113.878671079874 963.1754378080368
55.945861996182614 -3.1896199019356235 SSW 55.94558483232286 -3.189734706965333 1113.878671079874 961.9254378080368
55.94558483232286 -3.189734706965333 N 55.94588483232286 -3.189734706965333 1181.1634153425694 1003.4469794034958
55.94588483232286 -3.189734706965333 S 55.94558483232286 -3.189734706965333 1181.1634153425694 1002.1969794034958
55.94558483232286 -3.189734706965333 WNW 55.94569963735257 -3.1900118708250864 1181.1634153425694 1000.9469794034958
55.94569963735257 -3.1900118708250864 ESE 55.94558483232286 -3.189734706965333 1181.1634153425694 999.6969794034958
55.94558483232286 -3.189734706965333 WNW 55.94569963735257 -3.1900118708250864 1181.1634153425694 998.4469794034958
55.94569963735257 -3.1900118708250864 NNE 55.945976801212325 -3.189897065795377 1181.1634153425694 997.1969794034958
55.945976801212325 -3.189897065795377 S 55.94567680121232 -3.189897065795377 1181.1634153425694 995.9469794034958
55.94567680121232 -3.189897065795377 N 55.945976801212325 -3.189897065795377 1181.1634153425694 994.6969794034958
55.945976801212325 -3.189897065795377 S 55.94567680121232 -3.189897065795377 1181.1634153425694 993.4469794034958
55.94567680121232 -3.189897065795377 NNE 55.94595396507208 -3.1897822607656674 1181.1634153425694 992.1969794034958
55.94595396507208 -3.1897822607656674 S 55.945653965072076 -3.1897822607656674 1181.1634153425694 990.9469794034958
55.945653965072076 -3.1897822607656674 N 55.94595396507208 -3.1897822607656674 1181.1634153425694 989.6969794034958
55.94595396507208 -3.1897822607656674 NNE 55.946231128931835 -3.189667455735958 1181.1634153425694 988.4469794034958
55.946231128931835 -3.189667455735958 SSW 55.94595396507208 -3.1897822607656674 1181.1634153425694 987.1969794034958
55.94595396507208 -3.1897822607656674 NE 55.946166097106435 -3.1895701287313116 1270.4773954451084 1093.7897452116013
55.946166097106435 -3.1895701287313116 SW 55.94595396507208 -3.1897822607656674 1270.4773954451084 1092.5397452116013
55.94595396507208 -3.1897822607656674 NW 55.946166097106435 -3.189994392800023 1270.4773954451084 1091.2897452116013
55.946166097106435 -3.189994392800023 S 55.94586609710643 -3.189994392800023 1270.4773954451084 1090.0397452116013
55.94586609710643 -3.189994392800023 N 55.946166097106435 -3.189994392800023 1270.4773954451084 1088.7897452116013
55.946166097106435 -3.189994392800023 SE 55.94595396507208 -3.1897822607656674 1270.4773954451084 1087.5397452116013
55.94595396507208 -3.1897822607656674 NW 55.946166097106435 -3.189994392800023 1270.4773954451084 1086.2897452116013
55.946166097106435 -3.189994392800023 S 55.94586609710643 -3.189994392800023 1270.4773954451084 1085.0397452116013
55.94586609710643 -3.189994392800023 N 55.946166097106435 -3.189994392800023 1270.4773954451084 1083.7897452116013
55.946166097106435 -3.189994392800023 W 55.946166097106435 -3.1902943928000234 1270.4773954451084 1082.5397452116013
55.946166097106435 -3.1902943928000234 ESE 55.946051292076724 -3.19001722894027 1270.4773954451084 1081.2897452116013
55.946051292076724 -3.19001722894027 WNW 55.946166097106435 -3.1902943928000234 1270.4773954451084 1080.0397452116013
55.946166097106435 -3.1902943928000234 ESE 55.946051292076724 -3.19001722894027 1270.4773954451084 1078.7897452116013
55.946051292076724 -3.19001722894027 WSW 55.945936487047014 -3.1902943928000234 1270.4773954451084 1077.5397452116013
55.945936487047014 -3.1902943928000234 NE 55.94614861908137 -3.1900822607656676 1270.4773954451084 1076.2897452116013
55.94614861908137 -3.1900822607656676 SW 55.945936487047014 -3.1902943928000234 1270.4773954451084 1075.0397452116013
55.945936487047014 -3.1902943928000234 NE 55.94614861908137 -3.1900822607656676 1270.4773954451084 1073.7897452116013
55.94614861908137 -3.1900822607656676 SW 55.945936487047014 -3.1902943928000234 1270.4773954451084 1072.5397452116013
55.945936487047014 -3.1902943928000234 SSE 55.94565932318726 -3.190179587770314 1270.4773954451084 1071.2897452116013
55.94565932318726 -3.190179587770314 NNW 55.945936487047014 -3.1902943928000234 1270.4773954451084 1070.0397452116013
55.945936487047014 -3.1902943928000234 S 55.94563648704701 -3.1902943928000234 1270.4773954451084 1068.7897452116013
55.94563648704701 -3.1902943928000234 N 55.945936487047014 -3.1902943928000234 1270.4773954451084 1067.5397452116013
55.945936487047014 -3.1902943928000234 SSW 55.94565932318726 -3.190409197829733 1379.7462705671787 1083.7129915952682
55.94565932318726 -3.190409197829733 NNW 55.945936487047014 -3.1905240028594424 1379.7462705671787 1082.4629915952682
55.945936487047014 -3.1905240028594424 SSE 55.94565932318726 -3.190409197829733 1379.7462705671787 1081.2129915952682
55.94565932318726 -3.190409197829733 NNW 55.945936487047014 -3.1905240028594424 1379.7462705671787 1079.9629915952682
55.945936487047014 -3.1905240028594424 SSE 55.94565932318726 -3.190409197829733 1379.7462705671787 1078.7129915952682
55.94565932318726 -3.190409197829733 NNW 55.945936487047014 -3.1905240028594424 1379.7462705671787 1077.4629915952682
55.945936487047014 -3.1905240028594424 ESE 55.9458216820173 -3.190246838999689 1478.5029310286045 1125.6855181455612
55.9458216820173 -3.190246838999689 NW 55.94603381405166 -3.1904589710340447 1490.7042564451694 1210.1066836118698
55.94603381405166 -3.1904589710340447 WSW 55.94591900902195 -3.190736134893798 1499.1669153273106 1266.2296160459518
55.94591900902195 -3.190736134893798 ENE 55.94603381405166 -3.1904589710340447 1499.1669153273106 1264.9796160459518
55.94603381405166 -3.1904589710340447 W 55.94603381405166 -3.190758971034045 1499.1669153273106 1263.7296160459518
55.94603381405166 -3.190758971034045 E 55.94603381405166 -3.1904589710340447 1499.1669153273106 1262.4796160459518
55.94603381405166 -3.1904589710340447 ENE 55.94614861908137 -3.1901818071742913 1499.1669153273106 1261.2296160459518
55.94614861908137 -3.1901818071742913 W 55.94614861908137 -3.1904818071742915 1499.1669153273106 1259.9796160459518
55.94614861908137 -3.1904818071742915 E 55.94614861908137 -3.1901818071742913 1499.1669153273106 1258.7296160459518
55.94614861908137 -3.1901818071742913 W 55.94614861908137 -3.1904818071742915 1499.1669153273106 1257.4796160459518
55.94614861908137 -3.1904818071742915 E 55.94614861908137 -3.1901818071742913 1499.1669153273106 1256.2296160459518
55.94614861908137 -3.1901818071742913 WSW 55.94603381405166 -3.1904589710340447 1499.1669153273106 1254.9796160459518
55.94603381405166 -3.1904589710340447 E 55.94603381405166 -3.1901589710340446 1499.1669153273106 1253.7296160459518
55.94603381405166 -3.1901589710340446 WNW 55.94614861908137 -3.190436134893798 1499.1669153273106 1252.4796160459518
55.94614861908137 -3.190436134893798 W 55.94614861908137 -3.190736134893798 1499.1669153273106 1251.2296160459518
55.94614861908137 -3.190736134893798 E 55.94614861908137 -3.190436134893798 1499.1669153273106 1249.9796160459518
55.94614861908137 -3.190436134893798 W 55.94614861908137 -3.190736134893798 1499.1669153273106 1248.7296160459518
55.94614861908137 -3.190736134893798 E 55.94614861908137 -3.190436134893798 1499.1669153273106 1247.4796160459518
55.94614861908137 -3.190436134893798 W 55.94614861908137 -3.190736134893798 1499.1669153273106 1246.2296160459518
55.94614861908137 -3.190736134893798 SW 55.945936487047014 -3.190948266928154 1499.1669153273106 1244.9796160459518
55.945936487047014 -3.190948266928154 NE 55.94614861908137 -3.190736134893798 1499.1669153273106 1243.7296160459518
55.94614861908137 -3.190736134893798 SW 55.945936487047014 -3.190948266928154 1499.1669153273106 1242.4796160459518
55.945936487047014 -3.190948266928154 NE 55.94614861908137 -3.190736134893798 1499.1669153273106 1241.2296160459518
55.94614861908137 -3.190736134893798 SW 55.945936487047014 -3.190948266928154 1499.1669153273106 1239.9796160459518
55.945936487047014 -3.190948266928154 NE 55.94614861908137 -3.190736134893798 1499.1669153273106 1238.7296160459518
55.94614861908137 -3.190736134893798 SW 55.945936487047014 -3.190948266928154 1499.1669153273106 1237.4796160459518
55.945936487047014 -3.190948266928154 WSW 55.9458216820173 -3.1912254307879073 1576.1767801344395 1331.1219424009323
55.9458216820173 -3.1912254307879073 ENE 55.945936487047014 -3.190948266928154 1576.1767801344395 1329.8719424009323
55.945936487047014 -3.190948266928154 NE 55.94614861908137 -3.190736134893798 1576.1767801344395 1328.6219424009323
