55.944425 -3.188396 NNE 55.94470216385976 -3.1882811949702905 0.0 248.75
55.94470216385976 -3.1882811949702905 S 55.944402163859756 -3.1882811949702905 0.0 247.5
55.944402163859756 -3.1882811949702905 WSW 55.944287358830046 -3.188558358830044 0.0 246.25
55.944287358830046 -3.188558358830044 ENE 55.944402163859756 -3.1882811949702905 0.0 245.0
55.944402163859756 -3.1882811949702905 SW 55.9441900318254 -3.1884933270046463 0.0 243.75
55.9441900318254 -3.1884933270046463 ENE 55.94430483685511 -3.188216163144893 0.0 242.5
55.94430483685511 -3.188216163144893 WSW 55.9441900318254 -3.1884933270046463 0.0 241.25
55.9441900318254 -3.1884933270046463 N 55.9444900318254 -3.1884933270046463 0.0 240.0
55.9444900318254 -3.1884933270046463 S 55.9441900318254 -3.1884933270046463 0.0 238.75
55.9441900318254 -3.1884933270046463 E 55.9441900318254 -3.188193327004646 0.0 237.5
55.9441900318254 -3.188193327004646 W 55.9441900318254 -3.1884933270046463 0.0 236.25
55.9441900318254 -3.1884933270046463 SE 55.943977899791044 -3.1882811949702905 0.0 235.0
55.943977899791044 -3.1882811949702905 NW 55.9441900318254 -3.1884933270046463 0.0 233.75
55.9441900318254 -3.1884933270046463 SSE 55.94391286796564 -3.1883785219749368 0.0 232.5
55.94391286796564 -3.1883785219749368 NNW 55.9441900318254 -3.1884933270046463 0.0 231.25
55.9441900318254 -3.1884933270046463 SSE 55.94391286796564 -3.1883785219749368 0.0 230.0
55.94391286796564 -3.1883785219749368 NNW 55.9441900318254 -3.1884933270046463 0.0 228.75
55.9441900318254 -3.1884933270046463 S 55.9438900318254 -3.1884933270046463 0.0 227.5
55.9438900318254 -3.1884933270046463 N 55.9441900318254 -3.1884933270046463 0.0 226.25
55.9441900318254 -3.1884933270046463 S 55.9438900318254 -3.1884933270046463 0.0 225.0
55.9438900318254 -3.1884933270046463 NNW 55.944167195685154 -3.188608132034356 0.0 223.75
55.944167195685154 -3.188608132034356 SSE 55.9438900318254 -3.1884933270046463 0.0 222.5
55.9438900318254 -3.1884933270046463 NE 55.94410216385975 -3.1882811949702905 0.0 221.25
55.94410216385975 -3.1882811949702905 SW 55.9438900318254 -3.1884933270046463 0.0 220.0
55.9438900318254 -3.1884933270046463 E 55.9438900318254 -3.188193327004646 0.0 218.75
55.9438900318254 -3.188193327004646 W 55.9438900318254 -3.1884933270046463 0.0 217.5
55.9438900318254 -3.1884933270046463 E 55.9438900318254 -3.188193327004646 0.0 216.25
55.9438900318254 -3.188193327004646 W 55.9438900318254 -3.1884933270046463 0.0 215.0
55.9438900318254 -3.1884933270046463 E 55.9438900318254 -3.188193327004646 0.0 213.75
55.9438900318254 -3.188193327004646 WSW 55.94377522679569 -3.1884704908643995 0.0 212.5
55.94377522679569 -3.1884704908643995 ENE 55.9438900318254 -3.188193327004646 0.0 211.25
55.9438900318254 -3.188193327004646 NW 55.94410216385975 -3.188405459039002 0.0 210.0
55.94410216385975 -3.188405459039002 SE 55.9438900318254 -3.188193327004646 0.0 208.75
55.9438900318254 -3.188193327004646 SSW 55.94361286796564 -3.1883081320343556 0.0 207.5
55.94361286796564 -3.1883081320343556 NNE 55.9438900318254 -3.188193327004646 0.0 206.25
55.9438900318254 -3.188193327004646 SSW 55.94361286796564 -3.1883081320343556 0.0 205.0
55.94361286796564 -3.1883081320343556 NE 55.943825 -3.188096 0.0 203.75
55.943825 -3.188096 SW 55.94361286796564 -3.1883081320343556 0.0 202.5
55.94361286796564 -3.1883081320343556 NE 55.943825 -3.188096 0.0 201.25
55.943825 -3.188096 SW 55.94361286796564 -3.1883081320343556 0.0 200.0
55.94361286796564 -3.1883081320343556 ENE 55.94372767299535 -3.188030968174602 0.0 198.75
55.94372767299535 -3.188030968174602 WSW 55.94361286796564 -3.1883081320343556 0.0 197.5
55.94361286796564 -3.1883081320343556 E 55.94361286796564 -3.1880081320343554 0.0 196.25
55.94361286796564 -3.1880081320343554 W 55.94361286796564 -3.1883081320343556 0.0 195.0
55.94361286796564 -3.1883081320343556 E 55.94361286796564 -3.1880081320343554 0.0 193.75
55.94361286796564 -3.1880081320343554 NW 55.943825 -3.188220264068711 0.0 192.5
55.943825 -3.188220264068711 SE 55.94361286796564 -3.1880081320343554 0.0 191.25
55.94361286796564 -3.1880081320343554 WNW 55.94372767299535 -3.188285295894109 0.0 190.0
55.94372767299535 -3.188285295894109 ESE 55.94361286796564 -3.1880081320343554 0.0 188.75
55.94361286796564 -3.1880081320343554 NE 55.943825 -3.1877959999999996 0.0 187.5
55.943825 -3.1877959999999996 SW 55.94361286796564 -3.1880081320343554 0.0 186.25
55.94361286796564 -3.1880081320343554 NNE 55.9438900318254 -3.187893327004646 0.0 185.0
55.9438900318254 -3.187893327004646 SW 55.94367789979104 -3.1881054590390017 0.0 183.75
55.94367789979104 -3.1881054590390017 NNE 55.9439550636508 -3.187990654009292 0.0 182.5
55.9439550636508 -3.187990654009292 SW 55.94374293161644 -3.188202786043648 0.0 181.25
55.94374293161644 -3.188202786043648 NE 55.9439550636508 -3.187990654009292 0.0 180.0
55.9439550636508 -3.187990654009292 WSW 55.94384025862109 -3.1882678178690456 0.0 178.75
55.94384025862109 -3.1882678178690456 ENE 55.9439550636508 -3.187990654009292 0.0 177.5
55.9439550636508 -3.187990654009292 W 55.9439550636508 -3.1882906540092923 0.0 176.25
55.9439550636508 -3.1882906540092923 E 55.9439550636508 -3.187990654009292 0.0 175.0
55.9439550636508 -3.187990654009292 WSW 55.94384025862109 -3.1882678178690456 0.0 173.75
55.94384025862109 -3.1882678178690456 NE 55.94405239065544 -3.18805568583469 0.0 172.5
55.94405239065544 -3.18805568583469 WSW 55.94393758562573 -3.188332849694443 0.0 171.25
55.94393758562573 -3.188332849694443 ENE 55.94405239065544 -3.18805568583469 0.0 170.0
55.94405239065544 -3.18805568583469 WSW 55.94393758562573 -3.188332849694443 0.0 168.75
55.94393758562573 -3.188332849694443 ENE 55.94405239065544 -3.18805568583469 0.0 167.5
55.94405239065544 -3.18805568583469 WNW 55.944167195685154 -3.188332849694443 0.0 166.25
55.944167195685154 -3.188332849694443 E 55.944167195685154 -3.188032849694443 0.0 165.0
55.944167195685154 -3.188032849694443 W 55.944167195685154 -3.188332849694443 0.0 163.75
55.944167195685154 -3.188332849694443 E 55.944167195685154 -3.188032849694443 0.0 162.5
55.944167195685154 -3.188032849694443 WNW 55.944282000714864 -3.1883100135541964 0.0 161.25
55.944282000714864 -3.1883100135541964 ESE 55.944167195685154 -3.188032849694443 0.0 160.0
55.944167195685154 -3.188032849694443 WNW 55.944282000714864 -3.1883100135541964 0.0 158.75
55.944282000714864 -3.1883100135541964 ESE 55.944167195685154 -3.188032849694443 0.0 157.5
55.944167195685154 -3.188032849694443 WNW 55.944282000714864 -3.1883100135541964 0.0 156.25
55.944282000714864 -3.1883100135541964 ENE 55.944396805744574 -3.188032849694443 0.0 155.0
55.944396805744574 -3.188032849694443 WSW 55.944282000714864 -3.1883100135541964 0.0 153.75
55.944282000714864 -3.1883100135541964 ENE 55.944396805744574 -3.188032849694443 0.0 152.5
55.944396805744574 -3.188032849694443 WSW 55.944282000714864 -3.1883100135541964 0.0 151.25
55.944282000714864 -3.1883100135541964 WNW 55.944396805744574 -3.18858717741395 0.0 150.0
55.944396805744574 -3.18858717741395 ESE 55.944282000714864 -3.1883100135541964 0.0 148.75
55.944282000714864 -3.1883100135541964 ENE 55.944396805744574 -3.188032849694443 0.0 147.5
55.944396805744574 -3.188032849694443 WSW 55.944282000714864 -3.1883100135541964 0.0 146.25
55.944282000714864 -3.1883100135541964 NNW 55.94455916457462 -3.188424818583906 0.0 145.0
55.94455916457462 -3.188424818583906 SE 55.944347032540264 -3.18821268654955 0.0 143.75
55.944347032540264 -3.18821268654955 NW 55.94455916457462 -3.188424818583906 0.0 142.5
55.94455916457462 -3.188424818583906 SE 55.944347032540264 -3.18821268654955 0.0 141.25
55.944347032540264 -3.18821268654955 NNW 55.94462419640002 -3.1883274915792597 0.0 140.0
55.94462419640002 -3.1883274915792597 SSE 55.944347032540264 -3.18821268654955 0.0 138.75
55.944347032540264 -3.18821268654955 N 55.94464703254027 -3.18821268654955 0.0 137.5
55.94464703254027 -3.18821268654955 S 55.944347032540264 -3.18821268654955 0.0 136.25
55.944347032540264 -3.18821268654955 N 55.94464703254027 -3.18821268654955 0.0 135.0
55.94464703254027 -3.18821268654955 S 55.944347032540264 -3.18821268654955 0.0 133.75
55.944347032540264 -3.18821268654955 N 55.94464703254027 -3.18821268654955 0.0 132.5
55.94464703254027 -3.18821268654955 SSW 55.94436986868051 -3.1883274915792597 0.0 131.25
55.94436986868051 -3.1883274915792597 NNE 55.94464703254027 -3.18821268654955 0.0 130.0
55.94464703254027 -3.18821268654955 NE 55.94485916457462 -3.1880005545151944 0.0 128.75
55.94485916457462 -3.1880005545151944 SW 55.94464703254027 -3.18821268654955 0.0 127.5
55.94464703254027 -3.18821268654955 ESE 55.94453222751056 -3.1879355226897967 0.0 126.25
55.94453222751056 -3.1879355226897967 WNW 55.94464703254027 -3.18821268654955 0.0 125.0
55.94464703254027 -3.18821268654955 WNW 55.94476183756998 -3.1884898504093035 0.0 123.75
55.94476183756998 -3.1884898504093035 ESE 55.94464703254027 -3.18821268654955 0.0 122.5
55.94464703254027 -3.18821268654955 WSW 55.94453222751056 -3.1884898504093035 0.0 121.25
55.94453222751056 -3.1884898504093035 NNE 55.94480939137031 -3.188375045379594 0.0 120.0
55.94480939137031 -3.188375045379594 SSW 55.94453222751056 -3.1884898504093035 0.0 118.75
55.94453222751056 -3.1884898504093035 NNE 55.94480939137031 -3.188375045379594 0.0 117.5
55.94480939137031 -3.188375045379594 WNW 55.944924196400024 -3.1886522092393474 27.035802841186523 129.9619722366333
55.944924196400024 -3.1886522092393474 ESE 55.94480939137031 -3.188375045379594 27.035802841186523 128.7119722366333
55.94480939137031 -3.188375045379594 NW 55.94502152340467 -3.18858717741395 27.035802841186523 127.4619722366333
55.94502152340467 -3.18858717741395 SE 55.94480939137031 -3.188375045379594 27.035802841186523 126.2119722366333
55.94480939137031 -3.188375045379594 N 55.945109391370316 -3.188375045379594 27.035802841186523 124.9619722366333
55.945109391370316 -3.188375045379594 S 55.94480939137031 -3.188375045379594 27.035802841186523 123.7119722366333
55.94480939137031 -3.188375045379594 NE 55.94502152340467 -3.1881629133452383 27.035802841186523 122.4619722366333
55.94502152340467 -3.1881629133452383 SW 55.94480939137031 -3.188375045379594 27.035802841186523 121.2119722366333
55.94480939137031 -3.188375045379594 NE 55.94502152340467 -3.1881629133452383 27.035802841186523 119.9619722366333
55.94502152340467 -3.1881629133452383 WSW 55.94490671837496 -3.1884400772049917 27.035802841186523 118.7119722366333
55.94490671837496 -3.1884400772049917 E 55.94490671837496 -3.1881400772049915 27.035802841186523 117.4619722366333
55.94490671837496 -3.1881400772049915 W 55.94490671837496 -3.1884400772049917 27.035802841186523 116.2119722366333
55.94490671837496 -3.1884400772049917 ENE 55.94502152340467 -3.1881629133452383 27.035802841186523 114.9619722366333
55.94502152340467 -3.1881629133452383 SSE 55.94474435954491 -3.1880481083155288 27.035802841186523 113.7119722366333
55.94474435954491 -3.1880481083155288 NNW 55.94502152340467 -3.1881629133452383 27.035802841186523 112.4619722366333
55.94502152340467 -3.1881629133452383 SSE 55.94474435954491 -3.1880481083155288 27.035802841186523 111.2119722366333
55.94474435954491 -3.1880481083155288 NNW 55.94502152340467 -3.1881629133452383 27.035802841186523 109.9619722366333
55.94502152340467 -3.1881629133452383 SSE 55.94474435954491 -3.1880481083155288 27.035802841186523 108.7119722366333
55.94474435954491 -3.1880481083155288 SW 55.94453222751056 -3.1882602403498845 27.035802841186523 107.4619722366333
55.94453222751056 -3.1882602403498845 NE 55.94474435954491 -3.1880481083155288 27.035802841186523 106.2119722366333
55.94474435954491 -3.1880481083155288 WNW 55.94485916457462 -3.188325272175282 27.035802841186523 104.9619722366333
55.94485916457462 -3.188325272175282 ESE 55.94474435954491 -3.1880481083155288 27.035802841186523 103.7119722366333
55.94474435954491 -3.1880481083155288 NNW 55.94502152340467 -3.1881629133452383 27.035802841186523 102.4619722366333
55.94502152340467 -3.1881629133452383 SSE 55.94474435954491 -3.1880481083155288 27.035802841186523 101.2119722366333
55.94474435954491 -3.1880481083155288 NE 55.94495649157927 -3.187835976281173 27.035802841186523 99.9619722366333
55.94495649157927 -3.187835976281173 SW 55.94474435954491 -3.1880481083155288 27.035802841186523 98.7119722366333
55.94474435954491 -3.1880481083155288 ENE 55.94485916457462 -3.1877709444557754 27.035802841186523 97.4619722366333
55.94485916457462 -3.1877709444557754 W 55.94485916457462 -3.1880709444557755 27.035802841186523 96.2119722366333
55.94485916457462 -3.1880709444557755 ENE 55.944973969604334 -3.187793780596022 27.035802841186523 94.9619722366333
55.944973969604334 -3.187793780596022 WSW 55.94485916457462 -3.1880709444557755 27.035802841186523 93.7119722366333
55.94485916457462 -3.1880709444557755 ENE 55.944973969604334 -3.187793780596022 27.035802841186523 92.4619722366333
55.944973969604334 -3.187793780596022 WNW 55.945088774634044 -3.1880709444557755 27.035802841186523 91.2119722366333
55.945088774634044 -3.1880709444557755 ESE 55.944973969604334 -3.187793780596022 27.035802841186523 89.9619722366333
55.944973969604334 -3.187793780596022 WNW 55.945088774634044 -3.1880709444557755 27.035802841186523 88.7119722366333
55.945088774634044 -3.1880709444557755 SSE 55.94481161077429 -3.187956139426066 57.60076332092285 127.50724124908447
55.94481161077429 -3.187956139426066 NNW 55.945088774634044 -3.1880709444557755 57.60076332092285 126.25724124908447
55.945088774634044 -3.1880709444557755 SSE 55.94481161077429 -3.187956139426066 57.60076332092285 125.00724124908447
55.94481161077429 -3.187956139426066 NW 55.945023742808644 -3.188168271460422 57.60076332092285 123.75724124908447
55.945023742808644 -3.188168271460422 E 55.945023742808644 -3.1878682714604216 57.60076332092285 122.50724124908447
55.945023742808644 -3.1878682714604216 W 55.945023742808644 -3.188168271460422 57.60076332092285 121.25724124908447
55.945023742808644 -3.188168271460422 NE 55.945235874843 -3.187956139426066 59.017831325531006 195.5604486465454
55.945235874843 -3.187956139426066 SW 55.945023742808644 -3.188168271460422 59.017831325531006 194.3104486465454
55.945023742808644 -3.188168271460422 NE 55.945235874843 -3.187956139426066 59.017831325531006 193.0604486465454
55.945235874843 -3.187956139426066 SSW 55.944958710983244 -3.1880709444557755 59.017831325531006 191.8104486465454
55.944958710983244 -3.1880709444557755 NNE 55.945235874843 -3.187956139426066 59.017831325531006 190.5604486465454
55.945235874843 -3.187956139426066 SE 55.945023742808644 -3.1877440073917103 59.017831325531006 189.3104486465454
55.945023742808644 -3.1877440073917103 NNW 55.9453009066684 -3.1878588124214198 59.017831325531006 188.0604486465454
55.9453009066684 -3.1878588124214198 SE 55.945088774634044 -3.187646680387064 59.017831325531006 186.8104486465454
55.945088774634044 -3.187646680387064 WNW 55.945203579663755 -3.1879238442468174 59.017831325531006 185.5604486465454
55.945203579663755 -3.1879238442468174 ENE 55.945318384693465 -3.187646680387064 166.8224959373474 284.68409061431885
55.945318384693465 -3.187646680387064 WSW 55.945203579663755 -3.1879238442468174 166.8224959373474 283.43409061431885
55.945203579663755 -3.1879238442468174 ENE 55.945318384693465 -3.187646680387064 166.8224959373474 282.18409061431885
55.945318384693465 -3.187646680387064 SW 55.94510625265911 -3.1878588124214198 166.8224959373474 280.93409061431885
55.94510625265911 -3.1878588124214198 NE 55.945318384693465 -3.187646680387064 166.8224959373474 279.68409061431885
55.945318384693465 -3.187646680387064 ESE 55.945203579663755 -3.1873695165273106 291.39875173568726 364.1721124649048
55.945203579663755 -3.1873695165273106 WNW 55.945318384693465 -3.187646680387064 291.39875173568726 362.9221124649048
55.945318384693465 -3.187646680387064 NNW 55.94559554855322 -3.1877614854167735 291.39875173568726 361.6721124649048
55.94559554855322 -3.1877614854167735 SSE 55.945318384693465 -3.187646680387064 291.39875173568726 360.4221124649048
55.945318384693465 -3.187646680387064 E 55.945318384693465 -3.187346680387064 294.1550409793854 372.70595359802246
55.945318384693465 -3.187346680387064 W 55.945318384693465 -3.187646680387064 294.1550409793854 371.45595359802246
55.945318384693465 -3.187646680387064 S 55.94501838469346 -3.187646680387064 294.1550409793854 370.20595359802246
55.94501838469346 -3.187646680387064 N 55.945318384693465 -3.187646680387064 294.1550409793854 368.95595359802246
55.945318384693465 -3.187646680387064 SSW 55.94504122083371 -3.1877614854167735 294.1550409793854 367.70595359802246
55.94504122083371 -3.1877614854167735 NNE 55.945318384693465 -3.187646680387064 294.1550409793854 366.45595359802246
55.945318384693465 -3.187646680387064 NNW 55.94559554855322 -3.1877614854167735 294.1550409793854 365.20595359802246
55.94559554855322 -3.1877614854167735 SSE 55.945318384693465 -3.187646680387064 294.1550409793854 363.95595359802246
55.945318384693465 -3.187646680387064 NNE 55.94559554855322 -3.1875318753573545 294.1550409793854 362.70595359802246
55.94559554855322 -3.1875318753573545 SSW 55.945318384693465 -3.187646680387064 294.1550409793854 361.45595359802246
55.945318384693465 -3.187646680387064 NNE 55.94559554855322 -3.1875318753573545 294.1550409793854 360.20595359802246
55.94559554855322 -3.1875318753573545 SSW 55.945318384693465 -3.187646680387064 294.1550409793854 358.95595359802246
55.945318384693465 -3.187646680387064 NNE 55.94559554855322 -3.1875318753573545 294.1550409793854 357.70595359802246
55.94559554855322 -3.1875318753573545 SW 55.945383416518865 -3.1877440073917103 296.05128252506256 392.67501640319824
55.945383416518865 -3.1877440073917103 NE 55.94559554855322 -3.1875318753573545 296.05128252506256 391.42501640319824
55.94559554855322 -3.1875318753573545 SW 55.945383416518865 -3.1877440073917103 296.05128252506256 390.17501640319824
55.945383416518865 -3.1877440073917103 NNE 55.94566058037862 -3.1876292023620008 296.05128252506256 388.92501640319824
55.94566058037862 -3.1876292023620008 SW 55.945448448344266 -3.1878413343963565 411.2020012140274 401.41412448883057
55.945448448344266 -3.1878413343963565 NE 55.94566058037862 -3.1876292023620008 411.2020012140274 400.16412448883057
55.94566058037862 -3.1876292023620008 WSW 55.94554577534891 -3.187906366221754 411.2020012140274 398.91412448883057
55.94554577534891 -3.187906366221754 NE 55.94575790738327 -3.1876942341873984 411.2020012140274 397.66412448883057
55.94575790738327 -3.1876942341873984 NW 55.945970039417624 -3.187906366221754 411.2020012140274 396.41412448883057
55.945970039417624 -3.187906366221754 SE 55.94575790738327 -3.1876942341873984 411.2020012140274 395.16412448883057
55.94575790738327 -3.1876942341873984 WNW 55.94587271241298 -3.187971398047152 411.2020012140274 393.91412448883057
55.94587271241298 -3.187971398047152 ESE 55.94575790738327 -3.1876942341873984 411.2020012140274 392.66412448883057
55.94575790738327 -3.1876942341873984 NW 55.945970039417624 -3.187906366221754 411.2020012140274 391.41412448883057
55.945970039417624 -3.187906366221754 SE 55.94575790738327 -3.1876942341873984 411.2020012140274 390.16412448883057
55.94575790738327 -3.1876942341873984 E 55.94575790738327 -3.187394234187398 411.2020012140274 388.91412448883057
55.94575790738327 -3.187394234187398 W 55.94575790738327 -3.1876942341873984 411.2020012140274 387.66412448883057
55.94575790738327 -3.1876942341873984 WNW 55.94587271241298 -3.187971398047152 411.2020012140274 386.41412448883057
55.94587271241298 -3.187971398047152 ESE 55.94575790738327 -3.1876942341873984 411.2020012140274 385.16412448883057
55.94575790738327 -3.1876942341873984 WNW 55.94587271241298 -3.187971398047152 411.2020012140274 383.91412448883057
55.94587271241298 -3.187971398047152 E 55.94587271241298 -3.1876713980471516 438.04592287540436 419.4581460952759
55.94587271241298 -3.1876713980471516 W 55.94587271241298 -3.187971398047152 438.04592287540436 418.2081460952759
55.94587271241298 -3.187971398047152 E 55.94587271241298 -3.1876713980471516 438.04592287540436 416.9581460952759
55.94587271241298 -3.1876713980471516 SW 55.94566058037862 -3.1878835300815074 561.598825097084 463.90206241607666
55.94566058037862 -3.1878835300815074 NE 55.94587271241298 -3.1876713980471516 561.598825097084 462.65206241607666
55.94587271241298 -3.1876713980471516 NNW 55.946149876272735 -3.187786203076861 561.598825097084 461.40206241607666
55.946149876272735 -3.187786203076861 SSE 55.94587271241298 -3.1876713980471516 561.598825097084 460.15206241607666
55.94587271241298 -3.1876713980471516 NW 55.946084844447334 -3.1878835300815074 561.598825097084 458.90206241607666
55.946084844447334 -3.1878835300815074 SE 55.94587271241298 -3.1876713980471516 561.598825097084 457.65206241607666
55.94587271241298 -3.1876713980471516 NW 55.946084844447334 -3.1878835300815074 561.598825097084 456.40206241607666
55.946084844447334 -3.1878835300815074 SSE 55.94580768058758 -3.187768725051798 627.6003204584122 573.3415765762329
55.94580768058758 -3.187768725051798 NNW 55.946084844447334 -3.1878835300815074 627.6003204584122 572.0915765762329
55.946084844447334 -3.1878835300815074 SSE 55.94580768058758 -3.187768725051798 627.6003204584122 570.8415765762329
55.94580768058758 -3.187768725051798 NNW 55.946084844447334 -3.1878835300815074 627.6003204584122 569.5915765762329
55.946084844447334 -3.1878835300815074 SSE 55.94580768058758 -3.187768725051798 627.6003204584122 568.3415765762329
55.94580768058758 -3.187768725051798 W 55.94580768058758 -3.188068725051798 627.6003204584122 567.0915765762329
55.94580768058758 -3.188068725051798 E 55.94580768058758 -3.187768725051798 627.6003204584122 565.8415765762329
55.94580768058758 -3.187768725051798 W 55.94580768058758 -3.188068725051798 627.6003204584122 564.5915765762329
55.94580768058758 -3.188068725051798 SE 55.94559554855322 -3.1878565930174423 627.6003204584122 563.3415765762329
55.94559554855322 -3.1878565930174423 NW 55.94580768058758 -3.188068725051798 627.6003204584122 562.0915765762329
55.94580768058758 -3.188068725051798 S 55.945507680587575 -3.188068725051798 627.6003204584122 560.8415765762329
55.945507680587575 -3.188068725051798 N 55.94580768058758 -3.188068725051798 627.6003204584122 559.5915765762329
55.94580768058758 -3.188068725051798 S 55.945507680587575 -3.188068725051798 627.6003204584122 558.3415765762329
55.945507680587575 -3.188068725051798 NNE 55.94578484444733 -3.1879539200220885 627.6003204584122 557.0915765762329
55.94578484444733 -3.1879539200220885 SSW 55.945507680587575 -3.188068725051798 627.6003204584122 555.8415765762329
55.945507680587575 -3.188068725051798 NE 55.94571981262193 -3.1878565930174423 627.6003204584122 554.5915765762329
55.94571981262193 -3.1878565930174423 SW 55.945507680587575 -3.188068725051798 627.6003204584122 553.3415765762329
55.945507680587575 -3.188068725051798 ENE 55.945622485617285 -3.1877915611920447 627.6003204584122 552.0915765762329
55.945622485617285 -3.1877915611920447 WSW 55.945507680587575 -3.188068725051798 627.6003204584122 550.8415765762329
55.945507680587575 -3.188068725051798 ENE 55.945622485617285 -3.1877915611920447 627.6003204584122 549.5915765762329
55.945622485617285 -3.1877915611920447 WSW 55.945507680587575 -3.188068725051798 627.6003204584122 548.3415765762329
55.945507680587575 -3.188068725051798 ENE 55.945622485617285 -3.1877915611920447 627.6003204584122 547.0915765762329
55.945622485617285 -3.1877915611920447 SW 55.94541035358293 -3.1880036932264004 627.6003204584122 545.8415765762329
55.94541035358293 -3.1880036932264004 NE 55.945622485617285 -3.1877915611920447 627.6003204584122 544.5915765762329
55.945622485617285 -3.1877915611920447 SW 55.94541035358293 -3.1880036932264004 627.6003204584122 543.3415765762329
55.94541035358293 -3.1880036932264004 NE 55.945622485617285 -3.1877915611920447 627.6003204584122 542.0915765762329
55.945622485617285 -3.1877915611920447 E 55.945622485617285 -3.1874915611920445 627.6003204584122 540.8415765762329
55.945622485617285 -3.1874915611920445 W 55.945622485617285 -3.1877915611920447 627.6003204584122 539.5915765762329
55.945622485617285 -3.1877915611920447 SW 55.94541035358293 -3.1880036932264004 627.6003204584122 538.3415765762329
55.94541035358293 -3.1880036932264004 NE 55.945622485617285 -3.1877915611920447 627.6003204584122 537.0915765762329
55.945622485617285 -3.1877915611920447 NE 55.94583461765164 -3.187579429157689 691.8760010004044 621.3420495986938
55.94583461765164 -3.187579429157689 SW 55.945622485617285 -3.1877915611920447 691.8760010004044 620.0920495986938
55.945622485617285 -3.1877915611920447 WNW 55.945737290646996 -3.188068725051798 691.8760010004044 618.8420495986938
55.945737290646996 -3.188068725051798 ESE 55.945622485617285 -3.1877915611920447 691.8760010004044 617.5920495986938
55.945622485617285 -3.1877915611920447 NW 55.94583461765164 -3.1880036932264004 691.8760010004044 616.3420495986938
55.94583461765164 -3.1880036932264004 NNE 55.9461117815114 -3.187888888196691 691.8760010004044 615.0920495986938
55.9461117815114 -3.187888888196691 SSW 55.94583461765164 -3.1880036932264004 691.8760010004044 613.8420495986938
55.94583461765164 -3.1880036932264004 WNW 55.94594942268135 -3.188280857086154 691.8760010004044 612.5920495986938
55.94594942268135 -3.188280857086154 SE 55.945737290646996 -3.188068725051798 691.8760010004044 611.3420495986938
55.945737290646996 -3.188068725051798 NW 55.94594942268135 -3.188280857086154 691.8760010004044 610.0920495986938
55.94594942268135 -3.188280857086154 SE 55.945737290646996 -3.188068725051798 691.8760010004044 608.8420495986938
55.945737290646996 -3.188068725051798 SE 55.94552515861264 -3.1878565930174423 691.8760010004044 607.5920495986938
55.94552515861264 -3.1878565930174423 NW 55.945737290646996 -3.188068725051798 691.8760010004044 606.3420495986938
55.945737290646996 -3.188068725051798 WSW 55.945622485617285 -3.1883458889115515 691.8760010004044 605.0920495986938
