55.944425 -3.188396 WNW 55.94453980502971 -3.1886731638597534 0.0 248.75
55.94453980502971 -3.1886731638597534 E 55.94453980502971 -3.1883731638597532 0.0 247.5
55.94453980502971 -3.1883731638597532 SE 55.94432767299536 -3.1881610318253975 0.0 246.25
55.94432767299536 -3.1881610318253975 NW 55.94453980502971 -3.1883731638597532 0.0 245.0
55.94453980502971 -3.1883731638597532 SSE 55.944262641169956 -3.1882583588300437 0.0 243.75
55.944262641169956 -3.1882583588300437 NNW 55.94453980502971 -3.1883731638597532 0.0 242.5
55.94453980502971 -3.1883731638597532 SSE 55.944262641169956 -3.1882583588300437 0.0 241.25
55.944262641169956 -3.1882583588300437 NNW 55.94453980502971 -3.1883731638597532 0.0 240.0
55.94453980502971 -3.1883731638597532 ESE 55.944425 -3.188096 0.0 238.75
55.944425 -3.188096 NW 55.94463713203436 -3.1883081320343556 0.0 237.5
55.94463713203436 -3.1883081320343556 ESE 55.94452232700465 -3.188030968174602 0.0 236.25
55.94452232700465 -3.188030968174602 WNW 55.94463713203436 -3.1883081320343556 0.0 235.0
55.94463713203436 -3.1883081320343556 ENE 55.94475193706407 -3.188030968174602 0.0 233.75
55.94475193706407 -3.188030968174602 WSW 55.94463713203436 -3.1883081320343556 0.0 232.5
55.94463713203436 -3.1883081320343556 ESE 55.94452232700465 -3.188030968174602 0.0 231.25
55.94452232700465 -3.188030968174602 WNW 55.94463713203436 -3.1883081320343556 0.0 230.0
55.94463713203436 -3.1883081320343556 NNW 55.944914295894115 -3.188422937064065 0.0 228.75
55.944914295894115 -3.188422937064065 S 55.94461429589411 -3.188422937064065 0.0 227.5
55.94461429589411 -3.188422937064065 N 55.944914295894115 -3.188422937064065 0.0 226.25
55.944914295894115 -3.188422937064065 NE 55.94512642792847 -3.1882108050297093 0.0 225.0
55.94512642792847 -3.1882108050297093 SW 55.944914295894115 -3.188422937064065 0.0 223.75
55.944914295894115 -3.188422937064065 SSE 55.94463713203436 -3.1883081320343556 0.0 222.5
55.94463713203436 -3.1883081320343556 N 55.94493713203436 -3.1883081320343556 0.0 221.25
55.94493713203436 -3.1883081320343556 N 55.945237132034364 -3.1883081320343556 0.0 220.0
55.945237132034364 -3.1883081320343556 S 55.94493713203436 -3.1883081320343556 0.0 218.75
55.94493713203436 -3.1883081320343556 SE 55.944725000000005 -3.188096 0.0 217.5
55.944725000000005 -3.188096 WNW 55.944839805029716 -3.1883731638597532 0.0 216.25
55.944839805029716 -3.1883731638597532 E 55.944839805029716 -3.188073163859753 0.0 215.0
55.944839805029716 -3.188073163859753 W 55.944839805029716 -3.1883731638597532 0.0 213.75
55.944839805029716 -3.1883731638597532 E 55.944839805029716 -3.188073163859753 0.0 212.5
55.944839805029716 -3.188073163859753 N 55.94513980502972 -3.188073163859753 0.0 211.25
55.94513980502972 -3.188073163859753 SSE 55.94486264116996 -3.1879583588300435 0.0 210.0
55.94486264116996 -3.1879583588300435 NW 55.94507477320432 -3.1881704908643993 0.0 208.75
55.94507477320432 -3.1881704908643993 SE 55.94486264116996 -3.1879583588300435 0.0 207.5
55.94486264116996 -3.1879583588300435 WNW 55.94497744619967 -3.188235522689797 0.0 206.25
55.94497744619967 -3.188235522689797 ESE 55.94486264116996 -3.1879583588300435 0.0 205.0
55.94486264116996 -3.1879583588300435 SSW 55.944585477310206 -3.188073163859753 0.0 203.75
55.944585477310206 -3.188073163859753 NNE 55.94486264116996 -3.1879583588300435 0.0 202.5
55.94486264116996 -3.1879583588300435 SSW 55.944585477310206 -3.188073163859753 0.0 201.25
55.944585477310206 -3.188073163859753 NE 55.94479760934456 -3.1878610318253973 0.0 200.0
55.94479760934456 -3.1878610318253973 SW 55.944585477310206 -3.188073163859753 0.0 198.75
55.944585477310206 -3.188073163859753 ENE 55.944700282339916 -3.1877959999999996 0.0 197.5
55.944700282339916 -3.1877959999999996 WSW 55.944585477310206 -3.188073163859753 0.0 196.25
55.944585477310206 -3.188073163859753 E 55.944585477310206 -3.187773163859753 0.0 195.0
55.944585477310206 -3.187773163859753 W 55.944585477310206 -3.188073163859753 0.0 193.75
55.944585477310206 -3.188073163859753 E 55.944585477310206 -3.187773163859753 0.0 192.5
55.944585477310206 -3.187773163859753 WSW 55.944470672280495 -3.1880503277195062 0.0 191.25
55.944470672280495 -3.1880503277195062 ENE 55.944585477310206 -3.187773163859753 0.0 190.0
55.944585477310206 -3.187773163859753 SW 55.94437334527585 -3.1879852958941086 0.0 188.75
55.94437334527585 -3.1879852958941086 NE 55.944585477310206 -3.187773163859753 0.0 187.5
55.944585477310206 -3.187773163859753 S 55.9442854773102 -3.187773163859753 0.0 186.25
55.9442854773102 -3.187773163859753 N 55.944585477310206 -3.187773163859753 0.0 185.0
55.944585477310206 -3.187773163859753 SSE 55.94430831345045 -3.1876583588300433 0.0 183.75
55.94430831345045 -3.1876583588300433 N 55.94460831345045 -3.1876583588300433 0.0 182.5
55.94460831345045 -3.1876583588300433 SSW 55.944331149590695 -3.187773163859753 9.069185256958008 228.7975311279297
55.944331149590695 -3.187773163859753 W 55.944331149590695 -3.188073163859753 9.069185256958008 227.5475311279297
55.944331149590695 -3.188073163859753 E 55.944331149590695 -3.187773163859753 9.069185256958008 226.2975311279297
55.944331149590695 -3.187773163859753 E 55.944331149590695 -3.1874731638597527 9.069185256958008 225.0475311279297
55.944331149590695 -3.1874731638597527 SW 55.94411901755634 -3.1876852958941084 9.069185256958008 223.7975311279297
55.94411901755634 -3.1876852958941084 NE 55.944331149590695 -3.1874731638597527 9.069185256958008 222.5475311279297
55.944331149590695 -3.1874731638597527 SW 55.94411901755634 -3.1876852958941084 9.069185256958008 221.2975311279297
55.94411901755634 -3.1876852958941084 E 55.94411901755634 -3.1873852958941082 9.069185256958008 220.0475311279297
55.94411901755634 -3.1873852958941082 W 55.94411901755634 -3.1876852958941084 9.069185256958008 218.7975311279297
55.94411901755634 -3.1876852958941084 NE 55.944331149590695 -3.1874731638597527 9.069185256958008 217.5475311279297
55.944331149590695 -3.1874731638597527 SSE 55.94405398573094 -3.187358358830043 9.069185256958008 216.2975311279297
55.94405398573094 -3.187358358830043 NNW 55.944331149590695 -3.1874731638597527 9.069185256958008 215.0475311279297
55.944331149590695 -3.1874731638597527 E 55.944331149590695 -3.1871731638597525 9.069185256958008 213.7975311279297
55.944331149590695 -3.1871731638597525 W 55.944331149590695 -3.1874731638597527 9.069185256958008 212.5475311279297
55.944331149590695 -3.1874731638597527 E 55.944331149590695 -3.1871731638597525 9.069185256958008 211.2975311279297
55.944331149590695 -3.1871731638597525 WSW 55.944216344560985 -3.187450327719506 9.069185256958008 210.0475311279297
55.944216344560985 -3.187450327719506 SE 55.94400421252663 -3.18723819568515 9.069185256958008 208.7975311279297
55.94400421252663 -3.18723819568515 NW 55.944216344560985 -3.187450327719506 9.069185256958008 207.5475311279297
55.944216344560985 -3.187450327719506 SE 55.94400421252663 -3.18723819568515 9.069185256958008 206.2975311279297
55.94400421252663 -3.18723819568515 WNW 55.94411901755634 -3.1875153595449035 9.069185256958008 205.0475311279297
55.94411901755634 -3.1875153595449035 ESE 55.94400421252663 -3.18723819568515 9.069185256958008 203.7975311279297
55.94400421252663 -3.18723819568515 NNW 55.944281376386385 -3.1873530007148596 9.069185256958008 202.5475311279297
55.944281376386385 -3.1873530007148596 SSE 55.94400421252663 -3.18723819568515 9.069185256958008 201.2975311279297
55.94400421252663 -3.18723819568515 NNE 55.944281376386385 -3.1871233906554406 9.069185256958008 200.0475311279297
55.944281376386385 -3.1871233906554406 SSW 55.94400421252663 -3.18723819568515 9.069185256958008 198.7975311279297
55.94400421252663 -3.18723819568515 ENE 55.94411901755634 -3.1869610318253967 29.60273551940918 292.48055267333984
55.94411901755634 -3.1869610318253967 WSW 55.94400421252663 -3.18723819568515 29.60273551940918 291.23055267333984
55.94400421252663 -3.18723819568515 SSE 55.94372704866687 -3.1871233906554406 51.42415237426758 374.43836975097656
55.94372704866687 -3.1871233906554406 NNW 55.94400421252663 -3.18723819568515 51.42415237426758 373.18836975097656
55.94400421252663 -3.18723819568515 E 55.94400421252663 -3.18693819568515 151.49406814575195 423.3371238708496
55.94400421252663 -3.18693819568515 W 55.94400421252663 -3.18723819568515 151.49406814575195 422.0871238708496
55.94400421252663 -3.18723819568515 S 55.943704212526626 -3.18723819568515 151.49406814575195 420.8371238708496
55.943704212526626 -3.18723819568515 N 55.94400421252663 -3.18723819568515 151.49406814575195 419.5871238708496
55.94400421252663 -3.18723819568515 S 55.943704212526626 -3.18723819568515 151.49406814575195 418.3371238708496
55.943704212526626 -3.18723819568515 NNE 55.94398137638638 -3.1871233906554406 151.49406814575195 417.0871238708496
55.94398137638638 -3.1871233906554406 S 55.94368137638638 -3.1871233906554406 151.49406814575195 415.8371238708496
55.94368137638638 -3.1871233906554406 N 55.94398137638638 -3.1871233906554406 151.49406814575195 414.5871238708496
55.94398137638638 -3.1871233906554406 S 55.94368137638638 -3.1871233906554406 151.49406814575195 413.3371238708496
55.94368137638638 -3.1871233906554406 ESE 55.94356657135667 -3.186846226795687 151.49406814575195 412.0871238708496
55.94356657135667 -3.186846226795687 WNW 55.94368137638638 -3.1871233906554406 151.49406814575195 410.8371238708496
55.94368137638638 -3.1871233906554406 SW 55.94346924435202 -3.1873355226897964 151.49406814575195 409.5871238708496
55.94346924435202 -3.1873355226897964 NE 55.94368137638638 -3.1871233906554406 151.49406814575195 408.3371238708496
55.94368137638638 -3.1871233906554406 SW 55.94346924435202 -3.1873355226897964 151.49406814575195 407.0871238708496
55.94346924435202 -3.1873355226897964 NE 55.94368137638638 -3.1871233906554406 151.49406814575195 405.8371238708496
55.94368137638638 -3.1871233906554406 SW 55.94346924435202 -3.1873355226897964 151.49406814575195 404.5871238708496
55.94346924435202 -3.1873355226897964 NNE 55.94374640821178 -3.187220717660087 151.49406814575195 403.3371238708496
55.94374640821178 -3.187220717660087 SW 55.943534276177424 -3.1874328496944426 257.27001571655273 454.1621208190918
55.943534276177424 -3.1874328496944426 NNE 55.94381144003718 -3.187318044664733 257.27001571655273 452.9121208190918
55.94381144003718 -3.187318044664733 SW 55.943599308002824 -3.187530176699089 257.27001571655273 451.6621208190918
55.943599308002824 -3.187530176699089 ENE 55.943714113032534 -3.1872530128393355 257.27001571655273 450.4121208190918
55.943714113032534 -3.1872530128393355 WSW 55.943599308002824 -3.187530176699089 257.27001571655273 449.1621208190918
55.943599308002824 -3.187530176699089 ESE 55.943484502973114 -3.1872530128393355 257.27001571655273 447.9121208190918
55.943484502973114 -3.1872530128393355 WNW 55.943599308002824 -3.187530176699089 257.27001571655273 446.6621208190918
55.943599308002824 -3.187530176699089 SE 55.94338717596847 -3.187318044664733 257.27001571655273 445.4121208190918
55.94338717596847 -3.187318044664733 NW 55.943599308002824 -3.187530176699089 257.27001571655273 444.1621208190918
55.943599308002824 -3.187530176699089 SE 55.94338717596847 -3.187318044664733 257.27001571655273 442.9121208190918
55.94338717596847 -3.187318044664733 WNW 55.94350198099818 -3.1875952085244865 257.27001571655273 441.6621208190918
55.94350198099818 -3.1875952085244865 SSE 55.94322481713842 -3.187480403494777 257.27001571655273 440.4121208190918
55.94322481713842 -3.187480403494777 NNW 55.94350198099818 -3.1875952085244865 257.27001571655273 439.1621208190918
55.94350198099818 -3.1875952085244865 SSE 55.94322481713842 -3.187480403494777 257.27001571655273 437.9121208190918
55.94322481713842 -3.187480403494777 NNW 55.94350198099818 -3.1875952085244865 257.27001571655273 436.6621208190918
55.94350198099818 -3.1875952085244865 S 55.943201980998175 -3.1875952085244865 257.27001571655273 435.4121208190918
55.943201980998175 -3.1875952085244865 NE 55.94341411303253 -3.1873830764901308 257.27001571655273 434.1621208190918
55.94341411303253 -3.1873830764901308 SW 55.943201980998175 -3.1875952085244865 257.27001571655273 432.9121208190918
55.943201980998175 -3.1875952085244865 ENE 55.943316786027886 -3.187318044664733 257.27001571655273 431.6621208190918
55.943316786027886 -3.187318044664733 WSW 55.943201980998175 -3.1875952085244865 257.27001571655273 430.4121208190918
55.943201980998175 -3.1875952085244865 SSE 55.94292481713842 -3.187480403494777 257.27001571655273 429.1621208190918
55.94292481713842 -3.187480403494777 NNW 55.943201980998175 -3.1875952085244865 257.27001571655273 427.9121208190918
55.943201980998175 -3.1875952085244865 SE 55.94298984896382 -3.1873830764901308 257.27001571655273 426.6621208190918
55.94298984896382 -3.1873830764901308 NW 55.943201980998175 -3.1875952085244865 257.27001571655273 425.4121208190918
55.943201980998175 -3.1875952085244865 E 55.943201980998175 -3.1872952085244863 257.27001571655273 424.1621208190918
55.943201980998175 -3.1872952085244863 WSW 55.943087175968465 -3.1875723723842397 257.27001571655273 422.9121208190918
55.943087175968465 -3.1875723723842397 ESE 55.942972370938755 -3.1872952085244863 257.27001571655273 421.6621208190918
55.942972370938755 -3.1872952085244863 WNW 55.943087175968465 -3.1875723723842397 257.27001571655273 420.4121208190918
55.943087175968465 -3.1875723723842397 ESE 55.942972370938755 -3.1872952085244863 257.27001571655273 419.1621208190918
55.942972370938755 -3.1872952085244863 WNW 55.943087175968465 -3.1875723723842397 257.27001571655273 417.9121208190918
55.943087175968465 -3.1875723723842397 ESE 55.942972370938755 -3.1872952085244863 257.27001571655273 416.6621208190918
55.942972370938755 -3.1872952085244863 NW 55.94318450297311 -3.187507340558842 257.27001571655273 415.4121208190918
55.94318450297311 -3.187507340558842 ESE 55.9430696979434 -3.1872301766990887 257.27001571655273 414.1621208190918
55.9430696979434 -3.1872301766990887 WNW 55.94318450297311 -3.187507340558842 257.27001571655273 412.9121208190918
55.94318450297311 -3.187507340558842 E 55.94318450297311 -3.187207340558842 257.27001571655273 411.6621208190918
55.94318450297311 -3.187207340558842 WSW 55.9430696979434 -3.1874845044185953 257.27001571655273 410.4121208190918
55.9430696979434 -3.1874845044185953 NE 55.94328182997776 -3.1872723723842395 257.27001571655273 409.1621208190918
55.94328182997776 -3.1872723723842395 SW 55.9430696979434 -3.1874845044185953 257.27001571655273 407.9121208190918
55.9430696979434 -3.1874845044185953 NE 55.94328182997776 -3.1872723723842395 257.27001571655273 406.6621208190918
55.94328182997776 -3.1872723723842395 W 55.94328182997776 -3.1875723723842397 257.27001571655273 405.4121208190918
55.94328182997776 -3.1875723723842397 E 55.94328182997776 -3.1872723723842395 257.27001571655273 404.1621208190918
55.94328182997776 -3.1872723723842395 WNW 55.94339663500747 -3.187549536243993 257.27001571655273 402.9121208190918
55.94339663500747 -3.187549536243993 E 55.94339663500747 -3.1872495362439928 257.27001571655273 401.6621208190918
55.94339663500747 -3.1872495362439928 WSW 55.94328182997776 -3.187526700103746 257.27001571655273 400.4121208190918
55.94328182997776 -3.187526700103746 ENE 55.94339663500747 -3.1872495362439928 257.27001571655273 399.1621208190918
55.94339663500747 -3.1872495362439928 SE 55.94318450297311 -3.187037404209637 348.0071830749512 489.86953353881836
55.94318450297311 -3.187037404209637 NW 55.94339663500747 -3.1872495362439928 348.0071830749512 488.61953353881836
55.94339663500747 -3.1872495362439928 SSW 55.94311947114771 -3.1873643412737023 348.0071830749512 487.36953353881836
55.94311947114771 -3.1873643412737023 ENE 55.94323427617742 -3.187087177413949 348.0071830749512 486.11953353881836
55.94323427617742 -3.187087177413949 WSW 55.94311947114771 -3.1873643412737023 348.0071830749512 484.86953353881836
55.94311947114771 -3.1873643412737023 ENE 55.94323427617742 -3.187087177413949 348.0071830749512 483.61953353881836
55.94323427617742 -3.187087177413949 NNE 55.94351144003718 -3.1869723723842394 348.0071830749512 482.36953353881836
55.94351144003718 -3.1869723723842394 SW 55.94329930800282 -3.187184504418595 348.0071830749512 481.11953353881836
55.94329930800282 -3.187184504418595 NE 55.94351144003718 -3.1869723723842394 348.0071830749512 479.86953353881836
55.94351144003718 -3.1869723723842394 SW 55.94329930800282 -3.187184504418595 348.0071830749512 478.61953353881836
55.94329930800282 -3.187184504418595 NNE 55.94357647186258 -3.1870696993888856 348.0071830749512 477.36953353881836
55.94357647186258 -3.1870696993888856 S 55.943276471862575 -3.1870696993888856 348.0071830749512 476.11953353881836
55.943276471862575 -3.1870696993888856 N 55.94357647186258 -3.1870696993888856 348.0071830749512 474.86953353881836
55.94357647186258 -3.1870696993888856 SW 55.94336433982822 -3.1872818314232414 348.0071830749512 473.61953353881836
55.94336433982822 -3.1872818314232414 NE 55.94357647186258 -3.1870696993888856 348.0071830749512 472.36953353881836
55.94357647186258 -3.1870696993888856 E 55.94357647186258 -3.1867696993888854 348.0071830749512 471.11953353881836
55.94357647186258 -3.1867696993888854 WSW 55.94346166683287 -3.187046863248639 348.0071830749512 469.86953353881836
55.94346166683287 -3.187046863248639 E 55.94346166683287 -3.1867468632486387 348.0071830749512 468.61953353881836
55.94346166683287 -3.1867468632486387 WSW 55.94334686180316 -3.187024027108392 348.0071830749512 467.36953353881836
55.94334686180316 -3.187024027108392 ENE 55.94346166683287 -3.1867468632486387 348.0071830749512 466.11953353881836
55.94346166683287 -3.1867468632486387 SW 55.94324953479851 -3.1869589952829944 348.0071830749512 464.86953353881836
55.94324953479851 -3.1869589952829944 NE 55.94346166683287 -3.1867468632486387 348.0071830749512 463.61953353881836
55.94346166683287 -3.1867468632486387 SW 55.94324953479851 -3.1869589952829944 348.0071830749512 462.36953353881836
55.94324953479851 -3.1869589952829944 NNE 55.94352669865827 -3.186844190253285 348.0071830749512 461.11953353881836
55.94352669865827 -3.186844190253285 SSW 55.94324953479851 -3.1869589952829944 348.0071830749512 459.86953353881836
55.94324953479851 -3.1869589952829944 SE 55.943037402764155 -3.1867468632486387 348.0071830749512 458.61953353881836
55.943037402764155 -3.1867468632486387 NW 55.94324953479851 -3.1869589952829944 348.0071830749512 457.36953353881836
55.94324953479851 -3.1869589952829944 SSW 55.942972370938755 -3.187073800312704 348.0071830749512 456.11953353881836
55.942972370938755 -3.187073800312704 N 55.94327237093876 -3.187073800312704 348.0071830749512 454.86953353881836
55.94327237093876 -3.187073800312704 NE 55.943484502973114 -3.186861668278348 348.0071830749512 453.61953353881836
55.943484502973114 -3.186861668278348 SW 55.94327237093876 -3.187073800312704 348.0071830749512 452.36953353881836
55.94327237093876 -3.187073800312704 ENE 55.94338717596847 -3.1867966364529505 348.0071830749512 451.11953353881836
55.94338717596847 -3.1867966364529505 SSE 55.94311001210871 -3.186681831423241 348.0071830749512 449.86953353881836
55.94311001210871 -3.186681831423241 NNW 55.94338717596847 -3.1867966364529505 348.0071830749512 448.61953353881836
55.94338717596847 -3.1867966364529505 SSE 55.94311001210871 -3.186681831423241 348.0071830749512 447.36953353881836
55.94311001210871 -3.186681831423241 WNW 55.94322481713842 -3.1869589952829944 348.0071830749512 446.11953353881836
55.94322481713842 -3.1869589952829944 SE 55.943012685104065 -3.1867468632486387 348.0071830749512 444.86953353881836
55.943012685104065 -3.1867468632486387 NW 55.94322481713842 -3.1869589952829944 348.0071830749512 443.61953353881836
55.94322481713842 -3.1869589952829944 SE 55.943012685104065 -3.1867468632486387 348.0071830749512 442.36953353881836
55.943012685104065 -3.1867468632486387 NW 55.94322481713842 -3.1869589952829944 348.0071830749512 441.11953353881836
55.94322481713842 -3.1869589952829944 SE 55.943012685104065 -3.1867468632486387 348.0071830749512 439.86953353881836
55.943012685104065 -3.1867468632486387 SE 55.94280055306971 -3.186534731214283 348.0071830749512 438.61953353881836
55.94280055306971 -3.186534731214283 NW 55.943012685104065 -3.1867468632486387 348.0071830749512 437.36953353881836
55.943012685104065 -3.1867468632486387 ESE 55.942897880074355 -3.1864696993888852 364.6146869659424 486.45835876464844
55.942897880074355 -3.1864696993888852 WNW 55.943012685104065 -3.1867468632486387 364.6146869659424 485.20835876464844
55.943012685104065 -3.1867468632486387 SE 55.94280055306971 -3.186534731214283 364.6146869659424 483.95835876464844
55.94280055306971 -3.186534731214283 WNW 55.94291535809942 -3.1868118950740363 389.7531394958496 606.5581588745117
55.94291535809942 -3.1868118950740363 ESE 55.94280055306971 -3.186534731214283 389.7531394958496 605.3081588745117
55.94280055306971 -3.186534731214283 WNW 55.94291535809942 -3.1868118950740363 389.7531394958496 604.0581588745117
55.94291535809942 -3.1868118950740363 WNW 55.94303016312913 -3.1870890589337897 389.7531394958496 602.8081588745117
55.94303016312913 -3.1870890589337897 ESE 55.94291535809942 -3.1868118950740363 389.7531394958496 601.5581588745117
55.94291535809942 -3.1868118950740363 ESE 55.94280055306971 -3.186534731214283 389.7531394958496 600.3081588745117
55.94280055306971 -3.186534731214283 WNW 55.94291535809942 -3.1868118950740363 389.7531394958496 599.0581588745117
55.94291535809942 -3.1868118950740363 W 55.94291535809942 -3.1871118950740365 389.7531394958496 597.8081588745117
55.94291535809942 -3.1871118950740365 E 55.94291535809942 -3.1868118950740363 389.7531394958496 596.5581588745117
55.94291535809942 -3.1868118950740363 W 55.94291535809942 -3.1871118950740365 389.7531394958496 595.3081588745117
55.94291535809942 -3.1871118950740365 WNW 55.94303016312913 -3.18738905893379 389.7531394958496 594.0581588745117
55.94303016312913 -3.18738905893379 ESE 55.94291535809942 -3.1871118950740365 389.7531394958496 592.8081588745117
55.94291535809942 -3.1871118950740365 N 55.94321535809942 -3.1871118950740365 389.7531394958496 591.5581588745117
55.94321535809942 -3.1871118950740365 SSW 55.942938194239666 -3.187226700103746 389.7531394958496 590.3081588745117
55.942938194239666 -3.187226700103746 ENE 55.943052999269376 -3.1869495362439926 389.7531394958496 589.0581588745117
55.943052999269376 -3.1869495362439926 WSW 55.942938194239666 -3.187226700103746 389.7531394958496 587.8081588745117
55.942938194239666 -3.187226700103746 E 55.942938194239666 -3.186926700103746 389.7531394958496 586.5581588745117
55.942938194239666 -3.186926700103746 W 55.942938194239666 -3.187226700103746 389.7531394958496 585.3081588745117
55.942938194239666 -3.187226700103746 S 55.94263819423966 -3.187226700103746 411.87324142456055 652.1318588256836
55.94263819423966 -3.187226700103746 NNW 55.94291535809942 -3.1873415051334555 411.87324142456055 650.8818588256836
55.94291535809942 -3.1873415051334555 SSE 55.94263819423966 -3.187226700103746 411.87324142456055 649.6318588256836
55.94263819423966 -3.187226700103746 NW 55.94285032627402 -3.1874388321381018 415.35270953178406 657.3705444335938
55.94285032627402 -3.1874388321381018 SE 55.94263819423966 -3.187226700103746 415.35270953178406 656.1205444335938
55.94263819423966 -3.187226700103746 NW 55.94285032627402 -3.1874388321381018 415.35270953178406 654.8705444335938
55.94285032627402 -3.1874388321381018 SE 55.94263819423966 -3.187226700103746 415.35270953178406 653.6205444335938
55.94263819423966 -3.187226700103746 NW 55.94285032627402 -3.1874388321381018 415.35270953178406 652.3705444335938
55.94285032627402 -3.1874388321381018 SE 55.94263819423966 -3.187226700103746 415.35270953178406 651.1205444335938
55.94263819423966 -3.187226700103746 W 55.94263819423966 -3.187526700103746 457.0769488811493 654.4934530258179
55.94263819423966 -3.187526700103746 E 55.94263819423966 -3.187226700103746 457.0769488811493 653.2434530258179
55.94263819423966 -3.187226700103746 W 55.94263819423966 -3.187526700103746 457.0769488811493 651.9934530258179
55.94263819423966 -3.187526700103746 NE 55.94285032627402 -3.1873145680693904 486.6164519786835 752.6598882675171
55.94285032627402 -3.1873145680693904 SW 55.94263819423966 -3.187526700103746 486.6164519786835 751.4098882675171
55.94263819423966 -3.187526700103746 NNW 55.94291535809942 -3.1876415051334557 575.5579574108124 776.5295133590698
55.94291535809942 -3.1876415051334557 SSE 55.94263819423966 -3.187526700103746 575.5579574108124 775.2795133590698
55.94263819423966 -3.187526700103746 NW 55.94285032627402 -3.187738832138102 575.5579574108124 774.0295133590698
55.94285032627402 -3.187738832138102 SE 55.94263819423966 -3.187526700103746 575.5579574108124 772.7795133590698
55.94263819423966 -3.187526700103746 E 55.94263819423966 -3.187226700103746 575.5579574108124 771.5295133590698
55.94263819423966 -3.187226700103746 W 55.94263819423966 -3.187526700103746 575.5579574108124 770.2795133590698
55.94263819423966 -3.187526700103746 NW 55.94285032627402 -3.187738832138102 575.5579574108124 769.0295133590698
55.94285032627402 -3.187738832138102 SE 55.94263819423966 -3.187526700103746 575.5579574108124 767.7795133590698
55.94263819423966 -3.187526700103746 NW 55.94285032627402 -3.187738832138102 575.5579574108124 766.5295133590698
55.94285032627402 -3.187738832138102 SE 55.94263819423966 -3.187526700103746 575.5579574108124 765.2795133590698
55.94263819423966 -3.187526700103746 NW 55.94285032627402 -3.187738832138102 575.5579574108124 764.0295133590698
55.94285032627402 -3.187738832138102 WNW 55.94296513130373 -3.1880159959978553 575.5579574108124 762.7795133590698
55.94296513130373 -3.1880159959978553 ESE 55.94285032627402 -3.187738832138102 575.5579574108124 761.5295133590698
55.94285032627402 -3.187738832138102 ENE 55.94296513130373 -3.1874616682783485 575.5579574108124 760.2795133590698
55.94296513130373 -3.1874616682783485 WSW 55.94285032627402 -3.187738832138102 575.5579574108124 759.0295133590698
55.94285032627402 -3.187738832138102 ENE 55.94296513130373 -3.1874616682783485 575.5579574108124 757.7795133590698
55.94296513130373 -3.1874616682783485 WSW 55.94285032627402 -3.187738832138102 575.5579574108124 756.5295133590698
55.94285032627402 -3.187738832138102 E 55.94285032627402 -3.1874388321381018 575.5579574108124 755.2795133590698
55.94285032627402 -3.1874388321381018 W 55.94285032627402 -3.187738832138102 575.5579574108124 754.0295133590698
55.94285032627402 -3.187738832138102 E 55.94285032627402 -3.1874388321381018 575.5579574108124 752.7795133590698
55.94285032627402 -3.1874388321381018 ENE 55.94296513130373 -3.1871616682783483 575.5579574108124 751.5295133590698
55.94296513130373 -3.1871616682783483 WSW 55.94285032627402 -3.1874388321381018 575.5579574108124 750.2795133590698
55.94285032627402 -3.1874388321381018 E 55.94285032627402 -3.1871388321381016 575.5579574108124 749.0295133590698
55.94285032627402 -3.1871388321381016 W 55.94285032627402 -3.1874388321381018 575.5579574108124 747.7795133590698
55.94285032627402 -3.1874388321381018 ENE 55.94296513130373 -3.1871616682783483 575.5579574108124 746.5295133590698
55.94296513130373 -3.1871616682783483 W 55.94296513130373 -3.1874616682783485 575.5579574108124 745.2795133590698
55.94296513130373 -3.1874616682783485 E 55.94296513130373 -3.1871616682783483 575.5579574108124 744.0295133590698
