55.944425 -3.188396 E 55.944425 -3.188096 0.0 248.75
55.944425 -3.188096 WNW 55.94453980502971 -3.1883731638597532 0.0 247.5
55.94453980502971 -3.1883731638597532 SE 55.94432767299536 -3.1881610318253975 0.0 246.25
55.94432767299536 -3.1881610318253975 NW 55.94453980502971 -3.1883731638597532 0.0 245.0
55.94453980502971 -3.1883731638597532 SSE 55.944262641169956 -3.1882583588300437 92.48419952392578 354.3591079711914
55.944262641169956 -3.1882583588300437 NNW 55.94453980502971 -3.1883731638597532 92.48419952392578 353.1091079711914
55.94453980502971 -3.1883731638597532 SSE 55.944262641169956 -3.1882583588300437 92.48419952392578 351.8591079711914
55.944262641169956 -3.1882583588300437 NNW 55.94453980502971 -3.1883731638597532 92.48419952392578 350.6091079711914
55.94453980502971 -3.1883731638597532 ESE 55.944425 -3.188096 92.48419952392578 349.3591079711914
55.944425 -3.188096 NW 55.94463713203436 -3.1883081320343556 92.48419952392578 348.1091079711914
55.94463713203436 -3.1883081320343556 E 55.94463713203436 -3.1880081320343554 92.48419952392578 346.8591079711914
55.94463713203436 -3.1880081320343554 W 55.94463713203436 -3.1883081320343556 92.48419952392578 345.6091079711914
55.94463713203436 -3.1883081320343556 SSW 55.9443599681746 -3.188422937064065 92.48419952392578 344.3591079711914
55.9443599681746 -3.188422937064065 NNE 55.94463713203436 -3.1883081320343556 92.48419952392578 343.1091079711914
55.94463713203436 -3.1883081320343556 SSE 55.9443599681746 -3.188193327004646 92.48419952392578 341.8591079711914
55.9443599681746 -3.188193327004646 NNW 55.94463713203436 -3.1883081320343556 92.48419952392578 340.6091079711914
55.94463713203436 -3.1883081320343556 NNW 55.944914295894115 -3.188422937064065 92.48419952392578 339.3591079711914
55.944914295894115 -3.188422937064065 S 55.94461429589411 -3.188422937064065 92.48419952392578 338.1091079711914
55.94461429589411 -3.188422937064065 WSW 55.9444994908644 -3.1887001009238185 92.48419952392578 336.8591079711914
55.9444994908644 -3.1887001009238185 ENE 55.94461429589411 -3.188422937064065 92.48419952392578 335.6091079711914
55.94461429589411 -3.188422937064065 SE 55.944402163859756 -3.1882108050297093 92.48419952392578 334.3591079711914
55.944402163859756 -3.1882108050297093 WNW 55.94451696888947 -3.1884879688894627 92.48419952392578 333.1091079711914
55.94451696888947 -3.1884879688894627 SSE 55.94423980502971 -3.1883731638597532 100.07615184783936 364.06348037719727
55.94423980502971 -3.1883731638597532 NNW 55.94451696888947 -3.1884879688894627 100.07615184783936 362.81348037719727
55.94451696888947 -3.1884879688894627 W 55.94451696888947 -3.188787968889463 100.07615184783936 361.56348037719727
55.94451696888947 -3.188787968889463 E 55.94451696888947 -3.1884879688894627 100.07615184783936 360.31348037719727
55.94451696888947 -3.1884879688894627 WSW 55.944402163859756 -3.188765132749216 100.07615184783936 359.06348037719727
55.944402163859756 -3.188765132749216 NE 55.94461429589411 -3.1885530007148604 100.07615184783936 357.81348037719727
55.94461429589411 -3.1885530007148604 W 55.94461429589411 -3.1888530007148606 100.07615184783936 356.56348037719727
55.94461429589411 -3.1888530007148606 E 55.94461429589411 -3.1885530007148604 100.07615184783936 355.31348037719727
55.94461429589411 -3.1885530007148604 WNW 55.94472910092382 -3.1888301645746138 100.07615184783936 354.06348037719727
55.94472910092382 -3.1888301645746138 E 55.94472910092382 -3.1885301645746136 100.07615184783936 352.81348037719727
55.94472910092382 -3.1885301645746136 W 55.94472910092382 -3.1888301645746138 100.07615184783936 351.56348037719727
55.94472910092382 -3.1888301645746138 ENE 55.94484390595353 -3.1885530007148604 100.07615184783936 350.31348037719727
55.94484390595353 -3.1885530007148604 W 55.94484390595353 -3.1888530007148606 100.07615184783936 349.06348037719727
55.94484390595353 -3.1888530007148606 E 55.94484390595353 -3.1885530007148604 100.07615184783936 347.81348037719727
55.94484390595353 -3.1885530007148604 W 55.94484390595353 -3.1888530007148606 100.07615184783936 346.56348037719727
55.94484390595353 -3.1888530007148606 ENE 55.944958710983244 -3.188575836855107 100.07615184783936 345.31348037719727
55.944958710983244 -3.188575836855107 WSW 55.94484390595353 -3.1888530007148606 100.07615184783936 344.06348037719727
55.94484390595353 -3.1888530007148606 SE 55.94463177391918 -3.188640868680505 100.07615184783936 342.81348037719727
55.94463177391918 -3.188640868680505 NW 55.94484390595353 -3.1888530007148606 100.07615184783936 341.56348037719727
55.94484390595353 -3.1888530007148606 SSE 55.94456674209378 -3.188738195685151 100.07615184783936 340.31348037719727
55.94456674209378 -3.188738195685151 NNW 55.94484390595353 -3.1888530007148606 100.07615184783936 339.06348037719727
55.94484390595353 -3.1888530007148606 W 55.94484390595353 -3.1891530007148607 100.07615184783936 337.81348037719727
55.94484390595353 -3.1891530007148607 E 55.94484390595353 -3.1888530007148606 100.07615184783936 336.56348037719727
55.94484390595353 -3.1888530007148606 W 55.94484390595353 -3.1891530007148607 100.07615184783936 335.31348037719727
55.94484390595353 -3.1891530007148607 E 55.94484390595353 -3.1888530007148606 100.07615184783936 334.06348037719727
55.94484390595353 -3.1888530007148606 W 55.94484390595353 -3.1891530007148607 100.07615184783936 332.81348037719727
55.94484390595353 -3.1891530007148607 ENE 55.944958710983244 -3.1888758368551073 100.07615184783936 331.56348037719727
55.944958710983244 -3.1888758368551073 S 55.94465871098324 -3.1888758368551073 100.07615184783936 330.31348037719727
55.94465871098324 -3.1888758368551073 N 55.944958710983244 -3.1888758368551073 100.07615184783936 329.06348037719727
55.944958710983244 -3.1888758368551073 N 55.945258710983246 -3.1888758368551073 100.07615184783936 327.81348037719727
55.945258710983246 -3.1888758368551073 S 55.944958710983244 -3.1888758368551073 100.07615184783936 326.56348037719727
55.944958710983244 -3.1888758368551073 NNE 55.945235874843 -3.188761031825398 100.07615184783936 325.31348037719727
55.945235874843 -3.188761031825398 W 55.945235874843 -3.189061031825398 100.07615184783936 324.06348037719727
55.945235874843 -3.189061031825398 E 55.945235874843 -3.188761031825398 100.07615184783936 322.81348037719727
55.945235874843 -3.188761031825398 NNE 55.94551303870276 -3.1886462267956883 100.07615184783936 321.56348037719727
55.94551303870276 -3.1886462267956883 SSW 55.945235874843 -3.188761031825398 100.07615184783936 320.31348037719727
55.945235874843 -3.188761031825398 ESE 55.94512106981329 -3.1884838679656444 100.07615184783936 319.06348037719727
55.94512106981329 -3.1884838679656444 WNW 55.945235874843 -3.188761031825398 100.07615184783936 317.81348037719727
55.945235874843 -3.188761031825398 ENE 55.94535067987271 -3.1884838679656444 100.07615184783936 316.56348037719727
55.94535067987271 -3.1884838679656444 WSW 55.945235874843 -3.188761031825398 100.07615184783936 315.31348037719727
55.945235874843 -3.188761031825398 ESE 55.94512106981329 -3.1884838679656444 100.07615184783936 314.06348037719727
55.94512106981329 -3.1884838679656444 NW 55.945333201847646 -3.188696 100.07615184783936 312.81348037719727
55.945333201847646 -3.188696 SE 55.94512106981329 -3.1884838679656444 100.07615184783936 311.56348037719727
55.94512106981329 -3.1884838679656444 N 55.94542106981329 -3.1884838679656444 100.07615184783936 310.31348037719727
55.94542106981329 -3.1884838679656444 S 55.94512106981329 -3.1884838679656444 100.07615184783936 309.06348037719727
55.94512106981329 -3.1884838679656444 N 55.94542106981329 -3.1884838679656444 100.07615184783936 307.81348037719727
55.94542106981329 -3.1884838679656444 ESE 55.94530626478358 -3.188206704105891 100.07615184783936 306.56348037719727
55.94530626478358 -3.188206704105891 WNW 55.94542106981329 -3.1884838679656444 100.07615184783936 305.31348037719727
55.94542106981329 -3.1884838679656444 ENE 55.945535874843 -3.188206704105891 100.07615184783936 304.06348037719727
55.945535874843 -3.188206704105891 WSW 55.94542106981329 -3.1884838679656444 100.07615184783936 302.81348037719727
55.94542106981329 -3.1884838679656444 ENE 55.945535874843 -3.188206704105891 100.07615184783936 301.56348037719727
55.945535874843 -3.188206704105891 W 55.945535874843 -3.188506704105891 100.07615184783936 300.31348037719727
55.945535874843 -3.188506704105891 E 55.945535874843 -3.188206704105891 100.07615184783936 299.06348037719727
55.945535874843 -3.188206704105891 WSW 55.94542106981329 -3.1884838679656444 100.07615184783936 297.81348037719727
55.94542106981329 -3.1884838679656444 ENE 55.945535874843 -3.188206704105891 100.07615184783936 296.56348037719727
55.945535874843 -3.188206704105891 ENE 55.94565067987271 -3.1879295402461376 100.07615184783936 295.31348037719727
55.94565067987271 -3.1879295402461376 WSW 55.945535874843 -3.188206704105891 100.07615184783936 294.06348037719727
55.945535874843 -3.188206704105891 NNE 55.94581303870276 -3.1880918990761815 100.07615184783936 292.81348037719727
55.94581303870276 -3.1880918990761815 S 55.94551303870276 -3.1880918990761815 100.07615184783936 291.56348037719727
55.94551303870276 -3.1880918990761815 S 55.945213038702754 -3.1880918990761815 100.07615184783936 290.31348037719727
55.945213038702754 -3.1880918990761815 N 55.94551303870276 -3.1880918990761815 100.07615184783936 289.06348037719727
55.94551303870276 -3.1880918990761815 WNW 55.94562784373247 -3.188369062935935 100.07615184783936 287.81348037719727
55.94562784373247 -3.188369062935935 ESE 55.94551303870276 -3.1880918990761815 100.07615184783936 286.56348037719727
55.94551303870276 -3.1880918990761815 ESE 55.945398233673046 -3.187814735216428 100.07615184783936 285.31348037719727
55.945398233673046 -3.187814735216428 WNW 55.94551303870276 -3.1880918990761815 100.07615184783936 284.06348037719727
55.94551303870276 -3.1880918990761815 ENE 55.94562784373247 -3.187814735216428 100.07615184783936 282.81348037719727
55.94562784373247 -3.187814735216428 WSW 55.94551303870276 -3.1880918990761815 100.07615184783936 281.56348037719727
55.94551303870276 -3.1880918990761815 ENE 55.94562784373247 -3.187814735216428 100.07615184783936 280.31348037719727
55.94562784373247 -3.187814735216428 W 55.94562784373247 -3.1881147352164283 100.07615184783936 279.06348037719727
55.94562784373247 -3.1881147352164283 NE 55.94583997576682 -3.1879026031820725 104.34090423583984 387.71845626831055
55.94583997576682 -3.1879026031820725 SW 55.94562784373247 -3.1881147352164283 104.34090423583984 386.46845626831055
55.94562784373247 -3.1881147352164283 NE 55.94583997576682 -3.1879026031820725 104.34090423583984 385.21845626831055
55.94583997576682 -3.1879026031820725 SSW 55.94556281190707 -3.188017408211782 104.34090423583984 383.96845626831055
55.94556281190707 -3.188017408211782 N 55.94586281190707 -3.188017408211782 104.34090423583984 382.71845626831055
55.94586281190707 -3.188017408211782 SE 55.94565067987271 -3.1878052761774263 104.34090423583984 381.46845626831055
55.94565067987271 -3.1878052761774263 NW 55.94586281190707 -3.188017408211782 104.34090423583984 380.21845626831055
55.94586281190707 -3.188017408211782 E 55.94586281190707 -3.187717408211782 227.87152099609375 450.934383392334
55.94586281190707 -3.187717408211782 W 55.94586281190707 -3.188017408211782 227.87152099609375 449.684383392334
55.94586281190707 -3.188017408211782 W 55.94586281190707 -3.1883174082117822 227.87152099609375 448.434383392334
55.94586281190707 -3.1883174082117822 ESE 55.94574800687736 -3.188040244352029 227.87152099609375 447.184383392334
55.94574800687736 -3.188040244352029 NW 55.945960138911715 -3.1882523763863846 227.87152099609375 445.934383392334
55.945960138911715 -3.1882523763863846 SE 55.94574800687736 -3.188040244352029 227.87152099609375 444.684383392334
55.94574800687736 -3.188040244352029 WSW 55.94563320184765 -3.1883174082117822 227.87152099609375 443.434383392334
55.94563320184765 -3.1883174082117822 ENE 55.94574800687736 -3.188040244352029 227.87152099609375 442.184383392334
55.94574800687736 -3.188040244352029 WSW 55.94563320184765 -3.1883174082117822 227.87152099609375 440.934383392334
55.94563320184765 -3.1883174082117822 NNW 55.945910365707405 -3.1884322132414917 227.87152099609375 439.684383392334
55.945910365707405 -3.1884322132414917 SSE 55.94563320184765 -3.1883174082117822 227.87152099609375 438.434383392334
55.94563320184765 -3.1883174082117822 NNW 55.945910365707405 -3.1884322132414917 227.87152099609375 437.184383392334
55.945910365707405 -3.1884322132414917 SE 55.94569823367305 -3.188220081207136 227.87152099609375 435.934383392334
55.94569823367305 -3.188220081207136 NW 55.945910365707405 -3.1884322132414917 227.87152099609375 434.684383392334
55.945910365707405 -3.1884322132414917 SSE 55.94563320184765 -3.1883174082117822 227.87152099609375 433.434383392334
55.94563320184765 -3.1883174082117822 NW 55.945845333882005 -3.188529540246138 227.87152099609375 432.184383392334
55.945845333882005 -3.188529540246138 SE 55.94563320184765 -3.1883174082117822 227.87152099609375 430.934383392334
55.94563320184765 -3.1883174082117822 E 55.94563320184765 -3.188017408211782 227.87152099609375 429.684383392334
55.94563320184765 -3.188017408211782 W 55.94563320184765 -3.1883174082117822 227.87152099609375 428.434383392334
55.94563320184765 -3.1883174082117822 NW 55.945845333882005 -3.188529540246138 227.87152099609375 427.184383392334
55.945845333882005 -3.188529540246138 SE 55.94563320184765 -3.1883174082117822 227.87152099609375 425.934383392334
55.94563320184765 -3.1883174082117822 WNW 55.94574800687736 -3.1885945720715356 227.87152099609375 424.684383392334
55.94574800687736 -3.1885945720715356 ESE 55.94563320184765 -3.1883174082117822 227.87152099609375 423.434383392334
55.94563320184765 -3.1883174082117822 SW 55.94542106981329 -3.188529540246138 227.87152099609375 422.184383392334
55.94542106981329 -3.188529540246138 NE 55.94563320184765 -3.1883174082117822 227.87152099609375 420.934383392334
55.94563320184765 -3.1883174082117822 WNW 55.94574800687736 -3.1885945720715356 227.87152099609375 419.684383392334
55.94574800687736 -3.1885945720715356 SE 55.945535874843 -3.18838244003718 227.87152099609375 418.434383392334
55.945535874843 -3.18838244003718 NW 55.94574800687736 -3.1885945720715356 227.87152099609375 417.184383392334
55.94574800687736 -3.1885945720715356 SSE 55.9454708430176 -3.188479767041826 227.87152099609375 415.934383392334
55.9454708430176 -3.188479767041826 N 55.945770843017606 -3.188479767041826 227.87152099609375 414.684383392334
55.945770843017606 -3.188479767041826 S 55.9454708430176 -3.188479767041826 227.87152099609375 413.434383392334
55.9454708430176 -3.188479767041826 W 55.9454708430176 -3.1887797670418263 227.87152099609375 412.184383392334
55.9454708430176 -3.1887797670418263 E 55.9454708430176 -3.188479767041826 227.87152099609375 410.934383392334
55.9454708430176 -3.188479767041826 WNW 55.94558564804731 -3.1887569309015795 227.87152099609375 409.684383392334
55.94558564804731 -3.1887569309015795 S 55.94528564804731 -3.1887569309015795 227.87152099609375 408.434383392334
55.94528564804731 -3.1887569309015795 N 55.94558564804731 -3.1887569309015795 227.87152099609375 407.184383392334
55.94558564804731 -3.1887569309015795 S 55.94528564804731 -3.1887569309015795 227.87152099609375 405.934383392334
55.94528564804731 -3.1887569309015795 NNW 55.94556281190707 -3.188871735931289 227.87152099609375 404.684383392334
55.94556281190707 -3.188871735931289 S 55.945262811907064 -3.188871735931289 227.87152099609375 403.434383392334
55.945262811907064 -3.188871735931289 N 55.94556281190707 -3.188871735931289 227.87152099609375 402.184383392334
55.94556281190707 -3.188871735931289 SSW 55.94528564804731 -3.1889865409609985 310.03784942626953 443.8695487976074
55.94528564804731 -3.1889865409609985 NNE 55.94556281190707 -3.188871735931289 310.03784942626953 442.6195487976074
55.94556281190707 -3.188871735931289 SSE 55.94528564804731 -3.1887569309015795 310.03784942626953 441.3695487976074
55.94528564804731 -3.1887569309015795 NNW 55.94556281190707 -3.188871735931289 310.03784942626953 440.1195487976074
55.94556281190707 -3.188871735931289 NNW 55.94583997576682 -3.1889865409609985 310.03784942626953 438.8695487976074
55.94583997576682 -3.1889865409609985 SSE 55.94556281190707 -3.188871735931289 310.03784942626953 437.6195487976074
55.94556281190707 -3.188871735931289 NNE 55.94583997576682 -3.1887569309015795 310.03784942626953 436.3695487976074
55.94583997576682 -3.1887569309015795 SSW 55.94556281190707 -3.188871735931289 310.03784942626953 435.1195487976074
55.94556281190707 -3.188871735931289 SSE 55.94528564804731 -3.1887569309015795 310.03784942626953 433.8695487976074
55.94528564804731 -3.1887569309015795 N 55.94558564804731 -3.1887569309015795 310.03784942626953 432.6195487976074
55.94558564804731 -3.1887569309015795 S 55.94528564804731 -3.1887569309015795 310.03784942626953 431.3695487976074
55.94528564804731 -3.1887569309015795 N 55.94558564804731 -3.1887569309015795 310.03784942626953 430.1195487976074
55.94558564804731 -3.1887569309015795 ENE 55.94570045307702 -3.188479767041826 310.03784942626953 428.8695487976074
55.94570045307702 -3.188479767041826 W 55.94570045307702 -3.1887797670418263 310.03784942626953 427.6195487976074
55.94570045307702 -3.1887797670418263 ESE 55.94558564804731 -3.188502603182073 310.03784942626953 426.3695487976074
55.94558564804731 -3.188502603182073 WNW 55.94570045307702 -3.1887797670418263 310.03784942626953 425.1195487976074
55.94570045307702 -3.1887797670418263 N 55.946000453077026 -3.1887797670418263 310.03784942626953 423.8695487976074
55.946000453077026 -3.1887797670418263 S 55.94570045307702 -3.1887797670418263 310.03784942626953 422.6195487976074
55.94570045307702 -3.1887797670418263 N 55.946000453077026 -3.1887797670418263 310.03784942626953 421.3695487976074
55.946000453077026 -3.1887797670418263 SE 55.94578832104267 -3.1885676350074705 310.03784942626953 420.1195487976074
55.94578832104267 -3.1885676350074705 NW 55.946000453077026 -3.1887797670418263 310.03784942626953 418.8695487976074
55.946000453077026 -3.1887797670418263 ESE 55.945885648047316 -3.188502603182073 310.03784942626953 417.6195487976074
55.945885648047316 -3.188502603182073 WNW 55.946000453077026 -3.1887797670418263 310.03784942626953 416.3695487976074
55.946000453077026 -3.1887797670418263 SE 55.94578832104267 -3.1885676350074705 310.03784942626953 415.1195487976074
55.94578832104267 -3.1885676350074705 NE 55.946000453077026 -3.1883555029731148 340.226318359375 486.87275314331055
55.946000453077026 -3.1883555029731148 SW 55.94578832104267 -3.1885676350074705 340.226318359375 485.62275314331055
55.94578832104267 -3.1885676350074705 ENE 55.94590312607238 -3.188290471147717 340.226318359375 484.37275314331055
55.94590312607238 -3.188290471147717 W 55.94590312607238 -3.1885904711477173 340.226318359375 483.12275314331055
55.94590312607238 -3.1885904711477173 E 55.94590312607238 -3.188290471147717 340.226318359375 481.87275314331055
55.94590312607238 -3.188290471147717 WNW 55.94601793110209 -3.1885676350074705 340.226318359375 480.62275314331055
55.94601793110209 -3.1885676350074705 E 55.94601793110209 -3.1882676350074703 340.226318359375 479.37275314331055
55.94601793110209 -3.1882676350074703 W 55.94601793110209 -3.1885676350074705 340.226318359375 478.12275314331055
55.94601793110209 -3.1885676350074705 ENE 55.9461327361318 -3.188290471147717 340.226318359375 476.87275314331055
55.9461327361318 -3.188290471147717 WSW 55.94601793110209 -3.1885676350074705 340.226318359375 475.62275314331055
55.94601793110209 -3.1885676350074705 ENE 55.9461327361318 -3.188290471147717 340.226318359375 474.37275314331055
55.9461327361318 -3.188290471147717 SW 55.945920604097445 -3.188502603182073 340.226318359375 473.12275314331055
55.945920604097445 -3.188502603182073 NE 55.9461327361318 -3.188290471147717 340.226318359375 471.87275314331055
55.9461327361318 -3.188290471147717 SSW 55.945855572272045 -3.1884052761774266 340.226318359375 470.62275314331055
55.945855572272045 -3.1884052761774266 NNE 55.9461327361318 -3.188290471147717 340.226318359375 469.37275314331055
55.9461327361318 -3.188290471147717 WSW 55.94601793110209 -3.1885676350074705 340.226318359375 468.12275314331055
55.94601793110209 -3.1885676350074705 ENE 55.9461327361318 -3.188290471147717 340.226318359375 466.87275314331055
55.9461327361318 -3.188290471147717 ESE 55.94601793110209 -3.1880133072879637 340.226318359375 465.62275314331055
55.94601793110209 -3.1880133072879637 NW 55.94623006313645 -3.1882254393223195 340.226318359375 464.37275314331055
55.94623006313645 -3.1882254393223195 SE 55.94601793110209 -3.1880133072879637 340.226318359375 463.12275314331055
55.94601793110209 -3.1880133072879637 WNW 55.9461327361318 -3.188290471147717 340.226318359375 461.87275314331055
55.9461327361318 -3.188290471147717 ESE 55.94601793110209 -3.1880133072879637 340.226318359375 460.62275314331055
55.94601793110209 -3.1880133072879637 W 55.94601793110209 -3.188313307287964 340.226318359375 459.37275314331055
55.94601793110209 -3.188313307287964 E 55.94601793110209 -3.1880133072879637 340.226318359375 458.12275314331055
55.94601793110209 -3.1880133072879637 W 55.94601793110209 -3.188313307287964 340.226318359375 456.87275314331055
55.94601793110209 -3.188313307287964 SE 55.945805799067735 -3.188101175253608 340.226318359375 455.62275314331055
55.945805799067735 -3.188101175253608 NW 55.94601793110209 -3.188313307287964 340.226318359375 454.37275314331055
55.94601793110209 -3.188313307287964 SSE 55.945740767242334 -3.1881985022582544 340.226318359375 453.12275314331055
55.945740767242334 -3.1881985022582544 NNW 55.94601793110209 -3.188313307287964 340.226318359375 451.87275314331055
55.94601793110209 -3.188313307287964 WSW 55.94590312607238 -3.1885904711477173 340.226318359375 450.62275314331055
55.94590312607238 -3.1885904711477173 ENE 55.94601793110209 -3.188313307287964 340.226318359375 449.37275314331055
55.94601793110209 -3.188313307287964 NE 55.94623006313645 -3.188101175253608 340.226318359375 448.12275314331055
55.94623006313645 -3.188101175253608 SW 55.94601793110209 -3.188313307287964 340.226318359375 446.87275314331055
55.94601793110209 -3.188313307287964 S 55.94571793110209 -3.188313307287964 340.226318359375 445.62275314331055
55.94571793110209 -3.188313307287964 N 55.94601793110209 -3.188313307287964 340.226318359375 444.37275314331055
55.94601793110209 -3.188313307287964 SSW 55.945740767242334 -3.1884281123176734 340.226318359375 443.12275314331055
55.945740767242334 -3.1884281123176734 SE 55.94552863520798 -3.1882159802833177 340.226318359375 441.87275314331055
55.94552863520798 -3.1882159802833177 SSW 55.94525147134822 -3.188330785313027 340.226318359375 440.62275314331055
55.94525147134822 -3.188330785313027 N 55.945551471348224 -3.188330785313027 340.226318359375 439.37275314331055
55.945551471348224 -3.188330785313027 SSE 55.94527430748847 -3.1882159802833177 381.57050704956055 454.02182960510254
55.94527430748847 -3.1882159802833177 SSE 55.94499714362871 -3.188101175253608 381.57050704956055 452.77182960510254
55.94499714362871 -3.188101175253608 NNW 55.94527430748847 -3.1882159802833177 381.57050704956055 451.52182960510254
55.94527430748847 -3.1882159802833177 NNW 55.945551471348224 -3.188330785313027 381.57050704956055 450.27182960510254
55.945551471348224 -3.188330785313027 SSE 55.94527430748847 -3.1882159802833177 381.57050704956055 449.02182960510254
55.94527430748847 -3.1882159802833177 SSE 55.94499714362871 -3.188101175253608 381.57050704956055 447.77182960510254
55.94499714362871 -3.188101175253608 NW 55.94520927566307 -3.188313307287964 381.57050704956055 446.52182960510254
55.94520927566307 -3.188313307287964 S 55.944909275663065 -3.188313307287964 381.57050704956055 445.27182960510254
55.944909275663065 -3.188313307287964 NNE 55.94518643952282 -3.1881985022582544 381.57050704956055 444.02182960510254
55.94518643952282 -3.1881985022582544 SSW 55.944909275663065 -3.188313307287964 381.57050704956055 442.77182960510254
55.944909275663065 -3.188313307287964 N 55.94520927566307 -3.188313307287964 381.57050704956055 441.52182960510254
55.94520927566307 -3.188313307287964 S 55.944909275663065 -3.188313307287964 381.57050704956055 440.27182960510254
55.944909275663065 -3.188313307287964 N 55.94520927566307 -3.188313307287964 381.57050704956055 439.02182960510254
55.94520927566307 -3.188313307287964 SSW 55.94493211180331 -3.1884281123176734 381.57050704956055 437.77182960510254
55.94493211180331 -3.1884281123176734 NNW 55.94520927566307 -3.188542917347383 381.57050704956055 436.52182960510254
55.94520927566307 -3.188542917347383 SSE 55.94493211180331 -3.1884281123176734 381.57050704956055 435.27182960510254
55.94493211180331 -3.1884281123176734 E 55.94493211180331 -3.1881281123176732 381.57050704956055 434.02182960510254
55.94493211180331 -3.1881281123176732 W 55.94493211180331 -3.1884281123176734 381.57050704956055 432.77182960510254
55.94493211180331 -3.1884281123176734 SSE 55.944654947943555 -3.188313307287964 381.57050704956055 431.52182960510254
55.944654947943555 -3.188313307287964 N 55.94495494794356 -3.188313307287964 381.57050704956055 430.27182960510254
55.94495494794356 -3.188313307287964 SE 55.9447428159092 -3.188101175253608 381.57050704956055 429.02182960510254
55.9447428159092 -3.188101175253608 WNW 55.94485762093891 -3.1883783391133615 381.57050704956055 427.77182960510254
55.94485762093891 -3.1883783391133615 E 55.94485762093891 -3.1880783391133614 381.57050704956055 426.52182960510254
55.94485762093891 -3.1880783391133614 WSW 55.9447428159092 -3.1883555029731148 381.57050704956055 425.27182960510254
55.9447428159092 -3.1883555029731148 ENE 55.94485762093891 -3.1880783391133614 381.57050704956055 424.02182960510254
55.94485762093891 -3.1880783391133614 N 55.945157620938915 -3.1880783391133614 381.57050704956055 422.77182960510254
55.945157620938915 -3.1880783391133614 SSE 55.94488045707916 -3.187963534083652 450.243953704834 502.3221836090088
55.94488045707916 -3.187963534083652 NW 55.945092589113514 -3.1881756661180076 450.243953704834 501.0721836090088
55.945092589113514 -3.1881756661180076 SE 55.94488045707916 -3.187963534083652 450.243953704834 499.8221836090088
55.94488045707916 -3.187963534083652 SSE 55.9446032932194 -3.1878487290539423 450.243953704834 498.5721836090088
55.9446032932194 -3.1878487290539423 NNW 55.94488045707916 -3.187963534083652 450.243953704834 497.3221836090088
55.94488045707916 -3.187963534083652 NE 55.945092589113514 -3.187751402049296 554.2109336853027 517.7876167297363
55.945092589113514 -3.187751402049296 SW 55.94488045707916 -3.187963534083652 554.2109336853027 516.5376167297363
55.94488045707916 -3.187963534083652 NNE 55.945157620938915 -3.1878487290539423 623.6188850402832 519.7415928840637
55.945157620938915 -3.1878487290539423 SW 55.94494548890456 -3.188060861088298 623.6188850402832 518.4915928840637
55.94494548890456 -3.188060861088298 NE 55.945157620938915 -3.1878487290539423 623.6188850402832 517.2415928840637
55.945157620938915 -3.1878487290539423 S 55.94485762093891 -3.1878487290539423 623.6188850402832 515.9915928840637
55.94485762093891 -3.1878487290539423 N 55.945157620938915 -3.1878487290539423 623.6188850402832 514.7415928840637
55.945157620938915 -3.1878487290539423 SSE 55.94488045707916 -3.187733924024233 648.8268394470215 537.850597858429
55.94488045707916 -3.187733924024233 W 55.94488045707916 -3.188033924024233 743.3443336486816 547.9419808387756
55.94488045707916 -3.188033924024233 E 55.94488045707916 -3.187733924024233 743.3443336486816 546.6919808387756
55.94488045707916 -3.187733924024233 W 55.94488045707916 -3.188033924024233 743.3443336486816 545.4419808387756
55.94488045707916 -3.188033924024233 ESE 55.94476565204945 -3.1877567601644796 743.3443336486816 544.1919808387756
55.94476565204945 -3.1877567601644796 SSW 55.94448848818969 -3.187871565194189 743.3443336486816 542.9419808387756
55.94448848818969 -3.187871565194189 NNE 55.94476565204945 -3.1877567601644796 743.3443336486816 541.6919808387756
55.94476565204945 -3.1877567601644796 E 55.94476565204945 -3.1874567601644794 743.3443336486816 540.4419808387756
55.94476565204945 -3.1874567601644794 WSW 55.94465084701974 -3.187733924024233 743.3443336486816 539.1919808387756
55.94465084701974 -3.187733924024233 ENE 55.94476565204945 -3.1874567601644794 743.3443336486816 537.9419808387756
55.94476565204945 -3.1874567601644794 SW 55.94455352001509 -3.187668892198835 743.3443336486816 536.6919808387756
