55.944425 -3.188396 NNE 55.94470216385976 -3.1882811949702905 0.0 248.75
55.94470216385976 -3.1882811949702905 S 55.944402163859756 -3.1882811949702905 0.0 247.5
55.944402163859756 -3.1882811949702905 WSW 55.944287358830046 -3.188558358830044 0.0 246.25
55.944287358830046 -3.188558358830044 ENE 55.944402163859756 -3.1882811949702905 0.0 245.0
55.944402163859756 -3.1882811949702905 SW 55.9441900318254 -3.1884933270046463 0.0 243.75
55.9441900318254 -3.1884933270046463 ENE 55.94430483685511 -3.188216163144893 0.0 242.5
55.94430483685511 -3.188216163144893 WSW 55.9441900318254 -3.1884933270046463 0.0 241.25
55.9441900318254 -3.1884933270046463 ENE 55.94430483685511 -3.188216163144893 0.0 240.0
55.94430483685511 -3.188216163144893 WSW 55.9441900318254 -3.1884933270046463 0.0 238.75
55.9441900318254 -3.1884933270046463 SE 55.943977899791044 -3.1882811949702905 0.0 237.5
55.943977899791044 -3.1882811949702905 NW 55.9441900318254 -3.1884933270046463 0.0 236.25
55.9441900318254 -3.1884933270046463 SE 55.943977899791044 -3.1882811949702905 0.0 235.0
55.943977899791044 -3.1882811949702905 NW 55.9441900318254 -3.1884933270046463 0.0 233.75
55.9441900318254 -3.1884933270046463 SSE 55.94391286796564 -3.1883785219749368 0.0 232.5
55.94391286796564 -3.1883785219749368 NNW 55.9441900318254 -3.1884933270046463 0.0 231.25
55.9441900318254 -3.1884933270046463 SSE 55.94391286796564 -3.1883785219749368 0.0 230.0
55.94391286796564 -3.1883785219749368 NNW 55.9441900318254 -3.1884933270046463 0.0 228.75
55.9441900318254 -3.1884933270046463 S 55.9438900318254 -3.1884933270046463 0.0 227.5
55.9438900318254 -3.1884933270046463 N 55.9441900318254 -3.1884933270046463 0.0 226.25
55.9441900318254 -3.1884933270046463 S 55.9438900318254 -3.1884933270046463 0.0 225.0
55.9438900318254 -3.1884933270046463 NNW 55.944167195685154 -3.188608132034356 0.0 223.75
55.944167195685154 -3.188608132034356 SSE 55.9438900318254 -3.1884933270046463 0.0 222.5
55.9438900318254 -3.1884933270046463 NE 55.94410216385975 -3.1882811949702905 0.0 221.25
55.94410216385975 -3.1882811949702905 SW 55.9438900318254 -3.1884933270046463 0.0 220.0
55.9438900318254 -3.1884933270046463 E 55.9438900318254 -3.188193327004646 0.0 218.75
55.9438900318254 -3.188193327004646 W 55.9438900318254 -3.1884933270046463 0.0 217.5
55.9438900318254 -3.1884933270046463 E 55.9438900318254 -3.188193327004646 0.0 216.25
55.9438900318254 -3.188193327004646 W 55.9438900318254 -3.1884933270046463 0.0 215.0
55.9438900318254 -3.1884933270046463 E 55.9438900318254 -3.188193327004646 0.0 213.75
55.9438900318254 -3.188193327004646 WSW 55.94377522679569 -3.1884704908643995 0.0 212.5
55.94377522679569 -3.1884704908643995 ENE 55.9438900318254 -3.188193327004646 0.0 211.25
55.9438900318254 -3.188193327004646 N 55.9441900318254 -3.188193327004646 0.0 210.0
55.9441900318254 -3.188193327004646 S 55.9438900318254 -3.188193327004646 0.0 208.75
55.9438900318254 -3.188193327004646 SSW 55.94361286796564 -3.1883081320343556 0.0 207.5
55.94361286796564 -3.1883081320343556 NNE 55.9438900318254 -3.188193327004646 0.0 206.25
55.9438900318254 -3.188193327004646 SSW 55.94361286796564 -3.1883081320343556 0.0 205.0
55.94361286796564 -3.1883081320343556 NE 55.943825 -3.188096 0.0 203.75
55.943825 -3.188096 SW 55.94361286796564 -3.1883081320343556 0.0 202.5
55.94361286796564 -3.1883081320343556 NE 55.943825 -3.188096 0.0 201.25
55.943825 -3.188096 SW 55.94361286796564 -3.1883081320343556 0.0 200.0
55.94361286796564 -3.1883081320343556 ENE 55.94372767299535 -3.188030968174602 0.0 198.75
55.94372767299535 -3.188030968174602 WSW 55.94361286796564 -3.1883081320343556 0.0 197.5
55.94361286796564 -3.1883081320343556 E 55.94361286796564 -3.1880081320343554 0.0 196.25
55.94361286796564 -3.1880081320343554 W 55.94361286796564 -3.1883081320343556 0.0 195.0
55.94361286796564 -3.1883081320343556 E 55.94361286796564 -3.1880081320343554 0.0 193.75
55.94361286796564 -3.1880081320343554 NW 55.943825 -3.188220264068711 0.0 192.5
55.943825 -3.188220264068711 SE 55.94361286796564 -3.1880081320343554 0.0 191.25
55.94361286796564 -3.1880081320343554 SSE 55.943335704105884 -3.187893327004646 0.0 190.0
55.943335704105884 -3.187893327004646 NNW 55.94361286796564 -3.1880081320343554 0.0 188.75
55.94361286796564 -3.1880081320343554 NE 55.943825 -3.1877959999999996 0.0 187.5
55.943825 -3.1877959999999996 SW 55.94361286796564 -3.1880081320343554 0.0 186.25
55.94361286796564 -3.1880081320343554 NNE 55.9438900318254 -3.187893327004646 0.0 185.0
55.9438900318254 -3.187893327004646 SW 55.94367789979104 -3.1881054590390017 0.0 183.75
55.94367789979104 -3.1881054590390017 NNE 55.9439550636508 -3.187990654009292 0.0 182.5
55.9439550636508 -3.187990654009292 SW 55.94374293161644 -3.188202786043648 0.0 181.25
55.94374293161644 -3.188202786043648 NE 55.9439550636508 -3.187990654009292 0.0 180.0
55.9439550636508 -3.187990654009292 WSW 55.94384025862109 -3.1882678178690456 0.0 178.75
55.94384025862109 -3.1882678178690456 ENE 55.9439550636508 -3.187990654009292 0.0 177.5
55.9439550636508 -3.187990654009292 W 55.9439550636508 -3.1882906540092923 0.0 176.25
55.9439550636508 -3.1882906540092923 E 55.9439550636508 -3.187990654009292 0.0 175.0
55.9439550636508 -3.187990654009292 WSW 55.94384025862109 -3.1882678178690456 0.0 173.75
55.94384025862109 -3.1882678178690456 NE 55.94405239065544 -3.18805568583469 0.0 172.5
55.94405239065544 -3.18805568583469 WSW 55.94393758562573 -3.188332849694443 0.0 171.25
55.94393758562573 -3.188332849694443 ENE 55.94405239065544 -3.18805568583469 0.0 170.0
55.94405239065544 -3.18805568583469 WSW 55.94393758562573 -3.188332849694443 0.0 168.75
55.94393758562573 -3.188332849694443 NE 55.94414971766009 -3.1881207176600874 0.0 167.5
55.94414971766009 -3.1881207176600874 WSW 55.94403491263038 -3.188397881519841 0.0 166.25
55.94403491263038 -3.188397881519841 ENE 55.94414971766009 -3.1881207176600874 0.0 165.0
55.94414971766009 -3.1881207176600874 ENE 55.9442645226898 -3.187843553800334 0.0 163.75
55.9442645226898 -3.187843553800334 WSW 55.94414971766009 -3.1881207176600874 0.0 162.5
55.94414971766009 -3.1881207176600874 NNW 55.944426881519846 -3.188235522689797 0.0 161.25
55.944426881519846 -3.188235522689797 SSE 55.94414971766009 -3.1881207176600874 0.0 160.0
55.94414971766009 -3.1881207176600874 NW 55.944361849694445 -3.188332849694443 0.0 158.75
55.944361849694445 -3.188332849694443 SE 55.94414971766009 -3.1881207176600874 0.0 157.5
55.94414971766009 -3.1881207176600874 NW 55.944361849694445 -3.188332849694443 0.0 156.25
55.944361849694445 -3.188332849694443 ESE 55.944247044664735 -3.18805568583469 0.0 155.0
55.944247044664735 -3.18805568583469 WNW 55.944361849694445 -3.188332849694443 0.0 153.75
55.944361849694445 -3.188332849694443 SE 55.94414971766009 -3.1881207176600874 0.0 152.5
55.94414971766009 -3.1881207176600874 NW 55.944361849694445 -3.188332849694443 0.0 151.25
55.944361849694445 -3.188332849694443 WSW 55.944247044664735 -3.1886100135541966 0.0 150.0
55.944247044664735 -3.1886100135541966 ENE 55.944361849694445 -3.188332849694443 0.0 148.75
55.944361849694445 -3.188332849694443 SW 55.94414971766009 -3.188544981728799 0.0 147.5
55.94414971766009 -3.188544981728799 NE 55.944361849694445 -3.188332849694443 0.0 146.25
55.944361849694445 -3.188332849694443 E 55.944361849694445 -3.188032849694443 0.0 145.0
55.944361849694445 -3.188032849694443 W 55.944361849694445 -3.188332849694443 0.0 143.75
55.944361849694445 -3.188332849694443 ENE 55.944476654724156 -3.18805568583469 0.0 142.5
55.944476654724156 -3.18805568583469 WSW 55.944361849694445 -3.188332849694443 0.0 141.25
55.944361849694445 -3.188332849694443 ENE 55.944476654724156 -3.18805568583469 0.0 140.0
55.944476654724156 -3.18805568583469 WSW 55.944361849694445 -3.188332849694443 0.0 138.75
55.944361849694445 -3.188332849694443 ENE 55.944476654724156 -3.18805568583469 0.0 137.5
55.944476654724156 -3.18805568583469 WNW 55.944591459753866 -3.188332849694443 0.0 136.25
55.944591459753866 -3.188332849694443 ESE 55.944476654724156 -3.18805568583469 0.0 135.0
55.944476654724156 -3.18805568583469 WNW 55.944591459753866 -3.188332849694443 0.0 133.75
55.944591459753866 -3.188332849694443 E 55.944591459753866 -3.188032849694443 0.0 132.5
55.944591459753866 -3.188032849694443 WNW 55.944706264783576 -3.1883100135541964 0.0 131.25
55.944706264783576 -3.1883100135541964 SE 55.94449413274922 -3.1880978815198406 0.0 130.0
55.94449413274922 -3.1880978815198406 NW 55.944706264783576 -3.1883100135541964 0.0 128.75
55.944706264783576 -3.1883100135541964 SE 55.94449413274922 -3.1880978815198406 0.0 127.5
55.94449413274922 -3.1880978815198406 WNW 55.94460893777893 -3.188375045379594 0.0 126.25
55.94460893777893 -3.188375045379594 ENE 55.94472374280864 -3.1880978815198406 0.0 125.0
55.94472374280864 -3.1880978815198406 WSW 55.94460893777893 -3.188375045379594 0.0 123.75
55.94460893777893 -3.188375045379594 NNW 55.94488610163869 -3.1884898504093035 0.0 122.5
55.94488610163869 -3.1884898504093035 SSE 55.94460893777893 -3.188375045379594 0.0 121.25
55.94460893777893 -3.188375045379594 NNW 55.94488610163869 -3.1884898504093035 0.0 120.0
55.94488610163869 -3.1884898504093035 SSE 55.94460893777893 -3.188375045379594 0.0 118.75
55.94460893777893 -3.188375045379594 N 55.94490893777893 -3.188375045379594 0.0 117.5
55.94490893777893 -3.188375045379594 NNW 55.94518610163869 -3.1884898504093035 98.4828872680664 139.88685607910156
55.94518610163869 -3.1884898504093035 SSE 55.94490893777893 -3.188375045379594 98.4828872680664 138.63685607910156
55.94490893777893 -3.188375045379594 SSE 55.94463177391918 -3.1882602403498845 98.4828872680664 137.38685607910156
55.94463177391918 -3.1882602403498845 NNW 55.94490893777893 -3.188375045379594 98.4828872680664 136.13685607910156
55.94490893777893 -3.188375045379594 E 55.94490893777893 -3.188075045379594 98.4828872680664 134.88685607910156
55.94490893777893 -3.188075045379594 W 55.94490893777893 -3.188375045379594 98.4828872680664 133.63685607910156
55.94490893777893 -3.188375045379594 NE 55.94512106981329 -3.1881629133452383 98.4828872680664 132.38685607910156
55.94512106981329 -3.1881629133452383 SSW 55.94484390595353 -3.1882777183749478 98.4828872680664 131.13685607910156
55.94484390595353 -3.1882777183749478 NE 55.94505603798789 -3.188065586340592 98.4828872680664 129.88685607910156
55.94505603798789 -3.188065586340592 WSW 55.94494123295818 -3.1883427502003454 98.4828872680664 128.63685607910156
55.94494123295818 -3.1883427502003454 E 55.94494123295818 -3.188042750200345 98.4828872680664 127.38685607910156
55.94494123295818 -3.188042750200345 WSW 55.94482642792847 -3.1883199140600986 98.4828872680664 126.13685607910156
55.94482642792847 -3.1883199140600986 E 55.94482642792847 -3.1880199140600984 98.4828872680664 124.88685607910156
55.94482642792847 -3.1880199140600984 W 55.94482642792847 -3.1883199140600986 98.4828872680664 123.63685607910156
55.94482642792847 -3.1883199140600986 E 55.94482642792847 -3.1880199140600984 98.4828872680664 122.38685607910156
55.94482642792847 -3.1880199140600984 SSW 55.94454926406871 -3.188134719089808 98.4828872680664 121.13685607910156
55.94454926406871 -3.188134719089808 NNE 55.94482642792847 -3.1880199140600984 98.4828872680664 119.88685607910156
55.94482642792847 -3.1880199140600984 S 55.944526427928466 -3.1880199140600984 98.4828872680664 118.63685607910156
55.944526427928466 -3.1880199140600984 N 55.94482642792847 -3.1880199140600984 98.4828872680664 117.38685607910156
55.94482642792847 -3.1880199140600984 NNW 55.945103591788225 -3.188134719089808 98.4828872680664 116.13685607910156
55.945103591788225 -3.188134719089808 SSE 55.94482642792847 -3.1880199140600984 98.4828872680664 114.88685607910156
55.94482642792847 -3.1880199140600984 E 55.94482642792847 -3.1877199140600982 98.4828872680664 113.63685607910156
55.94482642792847 -3.1877199140600982 W 55.94482642792847 -3.1880199140600984 98.4828872680664 112.38685607910156
55.94482642792847 -3.1880199140600984 NNE 55.945103591788225 -3.187905109030389 98.4828872680664 111.13685607910156
55.945103591788225 -3.187905109030389 S 55.94480359178822 -3.187905109030389 98.4828872680664 109.88685607910156
55.94480359178822 -3.187905109030389 N 55.945103591788225 -3.187905109030389 98.4828872680664 108.63685607910156
55.945103591788225 -3.187905109030389 SSW 55.94482642792847 -3.1880199140600984 98.4828872680664 107.38685607910156
55.94482642792847 -3.1880199140600984 NNE 55.945103591788225 -3.187905109030389 98.4828872680664 106.13685607910156
55.945103591788225 -3.187905109030389 SW 55.94489145975387 -3.1881172410647447 98.4828872680664 104.88685607910156
55.94489145975387 -3.1881172410647447 ENE 55.94500626478358 -3.1878400772049913 98.4828872680664 103.63685607910156
55.94500626478358 -3.1878400772049913 WSW 55.94489145975387 -3.1881172410647447 98.4828872680664 102.38685607910156
55.94489145975387 -3.1881172410647447 ENE 55.94500626478358 -3.1878400772049913 98.4828872680664 101.13685607910156
55.94500626478358 -3.1878400772049913 WSW 55.94489145975387 -3.1881172410647447 98.4828872680664 99.88685607910156
55.94489145975387 -3.1881172410647447 NNE 55.945168623613625 -3.188002436035035 98.4828872680664 98.63685607910156
55.945168623613625 -3.188002436035035 SW 55.94495649157927 -3.188214568069391 98.4828872680664 97.38685607910156
55.94495649157927 -3.188214568069391 NE 55.945168623613625 -3.188002436035035 98.4828872680664 96.13685607910156
55.945168623613625 -3.188002436035035 SW 55.94495649157927 -3.188214568069391 98.4828872680664 94.88685607910156
55.94495649157927 -3.188214568069391 NE 55.945168623613625 -3.188002436035035 98.4828872680664 93.63685607910156
55.945168623613625 -3.188002436035035 SE 55.94495649157927 -3.1877903040006794 98.4828872680664 92.38685607910156
55.94495649157927 -3.1877903040006794 NW 55.945168623613625 -3.188002436035035 98.4828872680664 91.13685607910156
55.945168623613625 -3.188002436035035 ESE 55.945053818583915 -3.187725272175282 98.4828872680664 89.88685607910156
55.945053818583915 -3.187725272175282 NNW 55.94533098244367 -3.1878400772049913 98.4828872680664 88.63685607910156
55.94533098244367 -3.1878400772049913 SSE 55.945053818583915 -3.187725272175282 98.4828872680664 87.38685607910156
55.945053818583915 -3.187725272175282 NNW 55.94533098244367 -3.1878400772049913 98.4828872680664 86.13685607910156
55.94533098244367 -3.1878400772049913 SSE 55.945053818583915 -3.187725272175282 98.4828872680664 84.88685607910156
55.945053818583915 -3.187725272175282 NNW 55.94533098244367 -3.1878400772049913 98.4828872680664 83.63685607910156
55.94533098244367 -3.1878400772049913 SSE 55.945053818583915 -3.187725272175282 98.4828872680664 82.38685607910156
55.945053818583915 -3.187725272175282 N 55.94535381858392 -3.187725272175282 98.4828872680664 81.13685607910156
55.94535381858392 -3.187725272175282 SSE 55.94507665472416 -3.1876104671455723 98.4828872680664 79.88685607910156
55.94507665472416 -3.1876104671455723 NNW 55.94535381858392 -3.187725272175282 98.4828872680664 78.63685607910156
55.94535381858392 -3.187725272175282 ESE 55.94523901355421 -3.1874481083155284 98.4828872680664 77.38685607910156
55.94523901355421 -3.1874481083155284 WNW 55.94535381858392 -3.187725272175282 98.4828872680664 76.13685607910156
55.94535381858392 -3.187725272175282 ESE 55.94523901355421 -3.1874481083155284 98.4828872680664 74.88685607910156
55.94523901355421 -3.1874481083155284 WNW 55.94535381858392 -3.187725272175282 98.4828872680664 73.63685607910156
55.94535381858392 -3.187725272175282 E 55.94535381858392 -3.1874252721752816 98.4828872680664 72.38685607910156
55.94535381858392 -3.1874252721752816 W 55.94535381858392 -3.187725272175282 98.4828872680664 71.13685607910156
55.94535381858392 -3.187725272175282 E 55.94535381858392 -3.1874252721752816 98.4828872680664 69.88685607910156
55.94535381858392 -3.1874252721752816 WNW 55.94546862361363 -3.187702436035035 98.4828872680664 68.63685607910156
55.94546862361363 -3.187702436035035 ESE 55.94535381858392 -3.1874252721752816 98.4828872680664 67.38685607910156
55.94535381858392 -3.1874252721752816 WNW 55.94546862361363 -3.187702436035035 98.4828872680664 66.13685607910156
55.94546862361363 -3.187702436035035 E 55.94546862361363 -3.187402436035035 98.4828872680664 64.88685607910156
55.94546862361363 -3.187402436035035 W 55.94546862361363 -3.187702436035035 98.4828872680664 63.63685607910156
55.94546862361363 -3.187702436035035 NE 55.945680755647984 -3.1874903040006792 98.4828872680664 62.38685607910156
55.945680755647984 -3.1874903040006792 SW 55.94546862361363 -3.187702436035035 98.4828872680664 61.13685607910156
55.94546862361363 -3.187702436035035 N 55.94576862361363 -3.187702436035035 98.4828872680664 59.88685607910156
55.94576862361363 -3.187702436035035 S 55.94546862361363 -3.187702436035035 98.4828872680664 58.63685607910156
55.94546862361363 -3.187702436035035 N 55.94576862361363 -3.187702436035035 98.4828872680664 57.38685607910156
55.94576862361363 -3.187702436035035 S 55.94546862361363 -3.187702436035035 98.4828872680664 56.13685607910156
55.94546862361363 -3.187702436035035 N 55.94576862361363 -3.187702436035035 98.4828872680664 54.88685607910156
55.94576862361363 -3.187702436035035 S 55.94546862361363 -3.187702436035035 98.4828872680664 53.63685607910156
55.94546862361363 -3.187702436035035 N 55.94576862361363 -3.187702436035035 98.4828872680664 52.38685607910156
55.94576862361363 -3.187702436035035 NNE 55.94604578747339 -3.1875876310053255 98.4828872680664 51.13685607910156
55.94604578747339 -3.1875876310053255 SSW 55.94576862361363 -3.187702436035035 98.4828872680664 49.88685607910156
55.94576862361363 -3.187702436035035 S 55.94546862361363 -3.187702436035035 98.4828872680664 48.63685607910156
55.94546862361363 -3.187702436035035 N 55.94576862361363 -3.187702436035035 98.4828872680664 47.38685607910156
55.94576862361363 -3.187702436035035 SSE 55.945491459753875 -3.1875876310053255 172.58543395996094 123.27180480957031
55.945491459753875 -3.1875876310053255 NNW 55.94576862361363 -3.187702436035035 172.58543395996094 122.02180480957031
55.94576862361363 -3.187702436035035 WNW 55.94588342864334 -3.1879795998947884 172.58543395996094 120.77180480957031
55.94588342864334 -3.1879795998947884 ESE 55.94576862361363 -3.187702436035035 172.58543395996094 119.52180480957031
55.94576862361363 -3.187702436035035 W 55.94576862361363 -3.188002436035035 172.58543395996094 118.27180480957031
55.94576862361363 -3.188002436035035 ENE 55.94588342864334 -3.187725272175282 172.58543395996094 117.02180480957031
55.94588342864334 -3.187725272175282 WSW 55.94576862361363 -3.188002436035035 172.58543395996094 115.77180480957031
55.94576862361363 -3.188002436035035 ENE 55.94588342864334 -3.187725272175282 172.58543395996094 114.52180480957031
55.94588342864334 -3.187725272175282 S 55.94558342864334 -3.187725272175282 172.58543395996094 113.27180480957031
55.94558342864334 -3.187725272175282 N 55.94588342864334 -3.187725272175282 172.58543395996094 112.02180480957031
55.94588342864334 -3.187725272175282 NE 55.9460955606777 -3.187513140140926 172.58543395996094 110.77180480957031
55.9460955606777 -3.187513140140926 SW 55.94588342864334 -3.187725272175282 172.58543395996094 109.52180480957031
55.94588342864334 -3.187725272175282 NW 55.9460955606777 -3.1879374042096376 239.83789825439453 119.78112983703613
55.9460955606777 -3.1879374042096376 SE 55.94588342864334 -3.187725272175282 239.83789825439453 118.53112983703613
55.94588342864334 -3.187725272175282 WSW 55.94576862361363 -3.188002436035035 239.83789825439453 117.28112983703613
55.94576862361363 -3.188002436035035 ENE 55.94588342864334 -3.187725272175282 239.83789825439453 116.03112983703613
55.94588342864334 -3.187725272175282 NNW 55.9461605925031 -3.1878400772049913 239.83789825439453 114.78112983703613
55.9461605925031 -3.1878400772049913 SSE 55.94588342864334 -3.187725272175282 239.83789825439453 113.53112983703613
55.94588342864334 -3.187725272175282 WNW 55.94599823367305 -3.188002436035035 239.83789825439453 112.28112983703613
55.94599823367305 -3.188002436035035 ESE 55.94588342864334 -3.187725272175282 239.83789825439453 111.03112983703613
55.94588342864334 -3.187725272175282 W 55.94588342864334 -3.188025272175282 239.83789825439453 109.78112983703613
55.94588342864334 -3.188025272175282 E 55.94588342864334 -3.187725272175282 239.83789825439453 108.53112983703613
55.94588342864334 -3.187725272175282 WSW 55.94576862361363 -3.188002436035035 239.83789825439453 107.28112983703613
55.94576862361363 -3.188002436035035 E 55.94576862361363 -3.187702436035035 239.83789825439453 106.03112983703613
55.94576862361363 -3.187702436035035 W 55.94576862361363 -3.188002436035035 239.83789825439453 104.78112983703613
55.94576862361363 -3.188002436035035 SW 55.945556491579275 -3.188214568069391 239.83789825439453 103.53112983703613
55.945556491579275 -3.188214568069391 NE 55.94576862361363 -3.188002436035035 239.83789825439453 102.28112983703613
55.94576862361363 -3.188002436035035 ENE 55.94588342864334 -3.187725272175282 239.83789825439453 101.03112983703613
55.94588342864334 -3.187725272175282 WSW 55.94576862361363 -3.188002436035035 239.83789825439453 99.78112983703613
55.94576862361363 -3.188002436035035 SSW 55.945491459753875 -3.1881172410647447 239.83789825439453 98.53112983703613
55.945491459753875 -3.1881172410647447 NNE 55.94576862361363 -3.188002436035035 239.83789825439453 97.28112983703613
55.94576862361363 -3.188002436035035 SW 55.945556491579275 -3.188214568069391 239.83789825439453 96.03112983703613
55.945556491579275 -3.188214568069391 NE 55.94576862361363 -3.188002436035035 239.83789825439453 94.78112983703613
55.94576862361363 -3.188002436035035 SSW 55.945491459753875 -3.1881172410647447 239.83789825439453 93.53112983703613
55.945491459753875 -3.1881172410647447 NNE 55.94576862361363 -3.188002436035035 239.83789825439453 92.28112983703613
55.94576862361363 -3.188002436035035 SSE 55.945491459753875 -3.1878876310053257 239.83789825439453 91.03112983703613
55.945491459753875 -3.1878876310053257 NNW 55.94576862361363 -3.188002436035035 239.83789825439453 89.78112983703613
55.94576862361363 -3.188002436035035 SSE 55.945491459753875 -3.1878876310053257 239.83789825439453 88.53112983703613
55.945491459753875 -3.1878876310053257 NNW 55.94576862361363 -3.188002436035035 239.83789825439453 87.28112983703613
55.94576862361363 -3.188002436035035 SSE 55.945491459753875 -3.1878876310053257 239.83789825439453 86.03112983703613
55.945491459753875 -3.1878876310053257 NW 55.94570359178823 -3.1880997630396815 239.83789825439453 84.78112983703613
55.94570359178823 -3.1880997630396815 ESE 55.94558878675852 -3.187822599179928 239.83789825439453 83.53112983703613
55.94558878675852 -3.187822599179928 SW 55.945376654724164 -3.188034731214284 239.83789825439453 82.28112983703613
55.945376654724164 -3.188034731214284 NE 55.94558878675852 -3.187822599179928 239.83789825439453 81.03112983703613
55.94558878675852 -3.187822599179928 SSW 55.945311622898764 -3.1879374042096376 239.83789825439453 79.78112983703613
55.945311622898764 -3.1879374042096376 NNE 55.94558878675852 -3.187822599179928 239.83789825439453 78.53112983703613
55.94558878675852 -3.187822599179928 SSW 55.945311622898764 -3.1879374042096376 239.83789825439453 77.28112983703613
55.945311622898764 -3.1879374042096376 NNE 55.94558878675852 -3.187822599179928 239.83789825439453 76.03112983703613
55.94558878675852 -3.187822599179928 WNW 55.94570359178823 -3.1880997630396815 239.83789825439453 74.78112983703613
55.94570359178823 -3.1880997630396815 ESE 55.94558878675852 -3.187822599179928 239.83789825439453 73.53112983703613
55.94558878675852 -3.187822599179928 SSW 55.945311622898764 -3.1879374042096376 239.83789825439453 72.28112983703613
55.945311622898764 -3.1879374042096376 NNE 55.94558878675852 -3.187822599179928 239.83789825439453 71.03112983703613
55.94558878675852 -3.187822599179928 NW 55.94580091879288 -3.188034731214284 239.83789825439453 69.78112983703613
55.94580091879288 -3.188034731214284 SE 55.94558878675852 -3.187822599179928 239.83789825439453 68.53112983703613
55.94558878675852 -3.187822599179928 NW 55.94580091879288 -3.188034731214284 239.83789825439453 67.28112983703613
55.94580091879288 -3.188034731214284 NE 55.94601305082723 -3.187822599179928 239.83789825439453 66.03112983703613
55.94601305082723 -3.187822599179928 SW 55.94580091879288 -3.188034731214284 239.83789825439453 64.78112983703613
55.94580091879288 -3.188034731214284 WNW 55.94591572382259 -3.1883118950740372 239.83789825439453 63.53112983703613
55.94591572382259 -3.1883118950740372 ESE 55.94580091879288 -3.188034731214284 239.83789825439453 62.28112983703613
55.94580091879288 -3.188034731214284 W 55.94580091879288 -3.188334731214284 239.83789825439453 61.03112983703613
55.94580091879288 -3.188334731214284 ESE 55.945686113763166 -3.1880575673545306 239.83789825439453 59.78112983703613
55.945686113763166 -3.1880575673545306 WNW 55.94580091879288 -3.188334731214284 239.83789825439453 58.53112983703613
55.94580091879288 -3.188334731214284 E 55.94580091879288 -3.188034731214284 239.83789825439453 57.28112983703613
55.94580091879288 -3.188034731214284 WNW 55.94591572382259 -3.1883118950740372 239.83789825439453 56.03112983703613
55.94591572382259 -3.1883118950740372 SE 55.94570359178823 -3.1880997630396815 239.83789825439453 54.78112983703613
55.94570359178823 -3.1880997630396815 NW 55.94591572382259 -3.1883118950740372 239.83789825439453 53.53112983703613
55.94591572382259 -3.1883118950740372 S 55.945615723822584 -3.1883118950740372 239.83789825439453 52.28112983703613
55.945615723822584 -3.1883118950740372 N 55.94591572382259 -3.1883118950740372 239.83789825439453 51.03112983703613
55.94591572382259 -3.1883118950740372 SSW 55.94563855996283 -3.1884267001037467 239.83789825439453 49.78112983703613
