55.944425 -3.188396 SSW 55.944147836140246 -3.1885108050297095 0.0 248.75
55.944147836140246 -3.1885108050297095 NNE 55.944425 -3.188396 0.0 247.5
55.944425 -3.188396 ESE 55.94431019497029 -3.1881188361402466 0.0 246.25
55.94431019497029 -3.1881188361402466 W 55.94431019497029 -3.188418836140247 0.0 245.0
55.94431019497029 -3.188418836140247 E 55.94431019497029 -3.1881188361402466 0.0 243.75
55.94431019497029 -3.1881188361402466 W 55.94431019497029 -3.188418836140247 0.0 242.5
55.94431019497029 -3.188418836140247 E 55.94431019497029 -3.1881188361402466 0.0 241.25
55.94431019497029 -3.1881188361402466 SSE 55.944033031110536 -3.188004031110537 0.0 240.0
55.944033031110536 -3.188004031110537 NNW 55.94431019497029 -3.1881188361402466 0.0 238.75
55.94431019497029 -3.1881188361402466 S 55.94401019497029 -3.1881188361402466 0.0 237.5
55.94401019497029 -3.1881188361402466 ESE 55.94389538994058 -3.187841672280493 0.0 236.25
55.94389538994058 -3.187841672280493 WNW 55.94401019497029 -3.1881188361402466 0.0 235.0
55.94401019497029 -3.1881188361402466 E 55.94401019497029 -3.1878188361402464 0.0 233.75
55.94401019497029 -3.1878188361402464 W 55.94401019497029 -3.1881188361402466 0.0 232.5
55.94401019497029 -3.1881188361402466 NNW 55.944287358830046 -3.188233641169956 0.0 231.25
55.944287358830046 -3.188233641169956 SW 55.94407522679569 -3.188445773204312 0.0 230.0
55.94407522679569 -3.188445773204312 ENE 55.9441900318254 -3.1881686093445585 0.0 228.75
55.9441900318254 -3.1881686093445585 WSW 55.94407522679569 -3.188445773204312 0.0 227.5
55.94407522679569 -3.188445773204312 WNW 55.9441900318254 -3.1887229370640653 0.0 226.25
55.9441900318254 -3.1887229370640653 E 55.9441900318254 -3.188422937064065 0.0 225.0
55.9441900318254 -3.188422937064065 W 55.9441900318254 -3.1887229370640653 0.0 223.75
55.9441900318254 -3.1887229370640653 E 55.9441900318254 -3.188422937064065 0.0 222.5
55.9441900318254 -3.188422937064065 NNW 55.94446719568516 -3.1885377420937746 0.0 221.25
55.94446719568516 -3.1885377420937746 SSE 55.9441900318254 -3.188422937064065 0.0 220.0
55.9441900318254 -3.188422937064065 NW 55.944402163859756 -3.188635069098421 0.0 218.75
55.944402163859756 -3.188635069098421 E 55.944402163859756 -3.1883350690984207 0.0 217.5
55.944402163859756 -3.1883350690984207 W 55.944402163859756 -3.188635069098421 0.0 216.25
55.944402163859756 -3.188635069098421 SSE 55.944125 -3.1885202640687114 0.0 215.0
55.944125 -3.1885202640687114 NNW 55.944402163859756 -3.188635069098421 0.0 213.75
55.944402163859756 -3.188635069098421 NW 55.94461429589411 -3.1888472011327766 0.0 212.5
55.94461429589411 -3.1888472011327766 SE 55.944402163859756 -3.188635069098421 0.0 211.25
55.944402163859756 -3.188635069098421 NW 55.94461429589411 -3.1888472011327766 0.0 210.0
55.94461429589411 -3.1888472011327766 ESE 55.9444994908644 -3.1885700372730232 0.0 208.75
55.9444994908644 -3.1885700372730232 ENE 55.94461429589411 -3.18829287341327 0.0 207.5
55.94461429589411 -3.18829287341327 WSW 55.9444994908644 -3.1885700372730232 0.0 206.25
55.9444994908644 -3.1885700372730232 NE 55.94471162289876 -3.1883579052386675 0.0 205.0
55.94471162289876 -3.1883579052386675 WSW 55.94459681786905 -3.188635069098421 0.0 203.75
55.94459681786905 -3.188635069098421 NNE 55.944873981728804 -3.1885202640687114 0.0 202.5
55.944873981728804 -3.1885202640687114 S 55.9445739817288 -3.1885202640687114 0.0 201.25
55.9445739817288 -3.1885202640687114 NNE 55.94485114558856 -3.188405459039002 0.0 200.0
55.94485114558856 -3.188405459039002 SSE 55.9445739817288 -3.1882906540092923 0.0 198.75
55.9445739817288 -3.1882906540092923 ESE 55.94445917669909 -3.188013490149539 0.0 197.5
55.94445917669909 -3.188013490149539 W 55.94445917669909 -3.188313490149539 0.0 196.25
55.94445917669909 -3.188313490149539 E 55.94445917669909 -3.188013490149539 0.0 195.0
55.94445917669909 -3.188013490149539 W 55.94445917669909 -3.188313490149539 0.0 193.75
55.94445917669909 -3.188313490149539 E 55.94445917669909 -3.188013490149539 0.0 192.5
55.94445917669909 -3.188013490149539 ENE 55.9445739817288 -3.1877363262897855 0.0 191.25
55.9445739817288 -3.1877363262897855 SSW 55.944296817869045 -3.187851131319495 0.0 190.0
55.944296817869045 -3.187851131319495 NE 55.9445089499034 -3.1876389992851393 0.0 188.75
55.9445089499034 -3.1876389992851393 SW 55.944296817869045 -3.187851131319495 0.0 187.5
55.944296817869045 -3.187851131319495 SSE 55.94401965400929 -3.1877363262897855 0.0 186.25
55.94401965400929 -3.1877363262897855 NNW 55.944296817869045 -3.187851131319495 0.0 185.0
55.944296817869045 -3.187851131319495 S 55.94399681786904 -3.187851131319495 0.0 183.75
55.94399681786904 -3.187851131319495 NNE 55.9442739817288 -3.1877363262897855 0.0 182.5
55.9442739817288 -3.1877363262897855 SSW 55.94399681786904 -3.187851131319495 0.0 181.25
55.94399681786904 -3.187851131319495 NNE 55.9442739817288 -3.1877363262897855 0.0 180.0
55.9442739817288 -3.1877363262897855 SSW 55.94399681786904 -3.187851131319495 0.0 178.75
55.94399681786904 -3.187851131319495 NNE 55.9442739817288 -3.1877363262897855 0.0 177.5
55.9442739817288 -3.1877363262897855 SSW 55.94399681786904 -3.187851131319495 0.0 176.25
55.94399681786904 -3.187851131319495 SW 55.943784685834686 -3.188063263353851 0.0 175.0
55.943784685834686 -3.188063263353851 NNW 55.94406184969444 -3.1881780683835603 0.0 173.75
55.94406184969444 -3.1881780683835603 SSE 55.943784685834686 -3.188063263353851 0.0 172.5
55.943784685834686 -3.188063263353851 WNW 55.943899490864396 -3.1883404272136042 0.0 171.25
55.943899490864396 -3.1883404272136042 SE 55.94368735883004 -3.1881282951792485 0.0 170.0
55.94368735883004 -3.1881282951792485 NW 55.943899490864396 -3.1883404272136042 0.0 168.75
55.943899490864396 -3.1883404272136042 SW 55.94368735883004 -3.18855255924796 0.0 167.5
55.94368735883004 -3.18855255924796 NE 55.943899490864396 -3.1883404272136042 0.0 166.25
55.943899490864396 -3.1883404272136042 SW 55.94368735883004 -3.18855255924796 0.0 165.0
55.94368735883004 -3.18855255924796 N 55.94398735883004 -3.18855255924796 0.0 163.75
55.94398735883004 -3.18855255924796 SSW 55.943710194970286 -3.1886673642776695 0.0 162.5
55.943710194970286 -3.1886673642776695 NNW 55.94398735883004 -3.188782169307379 0.0 161.25
55.94398735883004 -3.188782169307379 SSE 55.943710194970286 -3.1886673642776695 0.0 160.0
55.943710194970286 -3.1886673642776695 NE 55.94392232700464 -3.1884552322433137 0.0 158.75
55.94392232700464 -3.1884552322433137 SW 55.943710194970286 -3.1886673642776695 0.0 157.5
55.943710194970286 -3.1886673642776695 NNW 55.94398735883004 -3.188782169307379 0.0 156.25
55.94398735883004 -3.188782169307379 SSE 55.943710194970286 -3.1886673642776695 0.0 155.0
55.943710194970286 -3.1886673642776695 NNW 55.94398735883004 -3.188782169307379 0.0 153.75
55.94398735883004 -3.188782169307379 SSE 55.943710194970286 -3.1886673642776695 0.0 152.5
55.943710194970286 -3.1886673642776695 N 55.94401019497029 -3.1886673642776695 0.0 151.25
55.94401019497029 -3.1886673642776695 ESE 55.94389538994058 -3.188390200417916 0.0 150.0
55.94389538994058 -3.188390200417916 NW 55.944107521974935 -3.188602332452272 0.0 148.75
55.944107521974935 -3.188602332452272 W 55.944107521974935 -3.188902332452272 0.0 147.5
55.944107521974935 -3.188902332452272 NE 55.94431965400929 -3.1886902004179163 0.0 146.25
55.94431965400929 -3.1886902004179163 W 55.94431965400929 -3.1889902004179165 37.614437103271484 244.6970672607422
55.94431965400929 -3.1889902004179165 NE 55.94453178604365 -3.1887780683835607 37.614437103271484 243.4470672607422
55.94453178604365 -3.1887780683835607 SW 55.94431965400929 -3.1889902004179165 37.614437103271484 242.1970672607422
55.94431965400929 -3.1889902004179165 N 55.944619654009294 -3.1889902004179165 37.614437103271484 240.9470672607422
55.944619654009294 -3.1889902004179165 SW 55.94440752197494 -3.1892023324522722 37.614437103271484 239.6970672607422
55.94440752197494 -3.1892023324522722 N 55.94470752197494 -3.1892023324522722 37.614437103271484 238.4470672607422
55.94470752197494 -3.1892023324522722 S 55.94440752197494 -3.1892023324522722 37.614437103271484 237.1970672607422
55.94440752197494 -3.1892023324522722 N 55.94470752197494 -3.1892023324522722 37.614437103271484 235.9470672607422
55.94470752197494 -3.1892023324522722 E 55.94470752197494 -3.188902332452272 37.614437103271484 234.6970672607422
55.94470752197494 -3.188902332452272 W 55.94470752197494 -3.1892023324522722 37.614437103271484 233.4470672607422
55.94470752197494 -3.1892023324522722 NNE 55.9449846858347 -3.1890875274225627 37.614437103271484 232.1970672607422
55.9449846858347 -3.1890875274225627 SW 55.94477255380034 -3.1892996594569185 37.614437103271484 230.9470672607422
55.94477255380034 -3.1892996594569185 NE 55.9449846858347 -3.1890875274225627 37.614437103271484 229.6970672607422
55.9449846858347 -3.1890875274225627 SW 55.94477255380034 -3.1892996594569185 37.614437103271484 228.4470672607422
55.94477255380034 -3.1892996594569185 ENE 55.94488735883005 -3.189022495597165 91.85514831542969 269.92751693725586
55.94488735883005 -3.189022495597165 WSW 55.94477255380034 -3.1892996594569185 91.85514831542969 268.67751693725586
55.94477255380034 -3.1892996594569185 WNW 55.94488735883005 -3.189576823316672 91.85514831542969 267.42751693725586
55.94488735883005 -3.189576823316672 ESE 55.94477255380034 -3.1892996594569185 91.85514831542969 266.17751693725586
55.94477255380034 -3.1892996594569185 NW 55.9449846858347 -3.1895117914912743 91.85514831542969 264.92751693725586
55.9449846858347 -3.1895117914912743 SE 55.94477255380034 -3.1892996594569185 91.85514831542969 263.67751693725586
55.94477255380034 -3.1892996594569185 NW 55.9449846858347 -3.1895117914912743 91.85514831542969 262.42751693725586
55.9449846858347 -3.1895117914912743 NNE 55.945261849694454 -3.1893969864615648 91.85514831542969 261.17751693725586
55.945261849694454 -3.1893969864615648 SSW 55.9449846858347 -3.1895117914912743 91.85514831542969 259.92751693725586
55.9449846858347 -3.1895117914912743 NW 55.94519681786905 -3.18972392352563 91.85514831542969 258.67751693725586
55.94519681786905 -3.18972392352563 ENE 55.945311622898764 -3.1894467596658767 91.85514831542969 257.42751693725586
55.945311622898764 -3.1894467596658767 W 55.945311622898764 -3.189746759665877 91.85514831542969 256.17751693725586
55.945311622898764 -3.189746759665877 E 55.945311622898764 -3.1894467596658767 91.85514831542969 254.92751693725586
55.945311622898764 -3.1894467596658767 NNE 55.94558878675852 -3.189331954636167 91.85514831542969 253.67751693725586
55.94558878675852 -3.189331954636167 SSW 55.945311622898764 -3.1894467596658767 91.85514831542969 252.42751693725586
55.945311622898764 -3.1894467596658767 S 55.94501162289876 -3.1894467596658767 91.85514831542969 251.17751693725586
55.94501162289876 -3.1894467596658767 NNE 55.94528878675852 -3.189331954636167 91.85514831542969 249.92751693725586
55.94528878675852 -3.189331954636167 NNW 55.945565950618274 -3.1894467596658767 91.85514831542969 248.67751693725586
55.945565950618274 -3.1894467596658767 SSE 55.94528878675852 -3.189331954636167 91.85514831542969 247.42751693725586
55.94528878675852 -3.189331954636167 NNW 55.945565950618274 -3.1894467596658767 91.85514831542969 246.17751693725586
55.945565950618274 -3.1894467596658767 SSW 55.94528878675852 -3.189561564695586 91.85514831542969 244.92751693725586
55.94528878675852 -3.189561564695586 NNE 55.945565950618274 -3.1894467596658767 91.85514831542969 243.67751693725586
55.945565950618274 -3.1894467596658767 W 55.945565950618274 -3.189746759665877 91.85514831542969 242.42751693725586
55.945565950618274 -3.189746759665877 ENE 55.945680755647984 -3.1894695958061234 91.85514831542969 241.17751693725586
55.945680755647984 -3.1894695958061234 WSW 55.945565950618274 -3.189746759665877 91.85514831542969 239.92751693725586
55.945565950618274 -3.189746759665877 NNE 55.94584311447803 -3.1896319546361673 91.85514831542969 238.67751693725586
55.94584311447803 -3.1896319546361673 S 55.94554311447803 -3.1896319546361673 91.85514831542969 237.42751693725586
55.94554311447803 -3.1896319546361673 N 55.94584311447803 -3.1896319546361673 91.85514831542969 236.17751693725586
55.94584311447803 -3.1896319546361673 NW 55.94605524651239 -3.189844086670523 91.85514831542969 234.92751693725586
55.94605524651239 -3.189844086670523 WSW 55.945940441482676 -3.1901212505302765 91.85514831542969 233.67751693725586
55.945940441482676 -3.1901212505302765 ENE 55.94605524651239 -3.189844086670523 91.85514831542969 232.42751693725586
55.94605524651239 -3.189844086670523 W 55.94605524651239 -3.1901440866705233 91.85514831542969 231.17751693725586
55.94605524651239 -3.1901440866705233 E 55.94605524651239 -3.189844086670523 91.85514831542969 229.92751693725586
55.94605524651239 -3.189844086670523 WNW 55.9461700515421 -3.1901212505302765 91.85514831542969 228.67751693725586
55.9461700515421 -3.1901212505302765 E 55.9461700515421 -3.1898212505302763 91.85514831542969 227.42751693725586
55.9461700515421 -3.1898212505302763 W 55.9461700515421 -3.1901212505302765 91.85514831542969 226.17751693725586
55.9461700515421 -3.1901212505302765 SW 55.94595791950774 -3.1903333825646323 91.85514831542969 224.92751693725586
55.94595791950774 -3.1903333825646323 ENE 55.94607272453745 -3.190056218704879 91.85514831542969 223.67751693725586
55.94607272453745 -3.190056218704879 WSW 55.94595791950774 -3.1903333825646323 91.85514831542969 222.42751693725586
55.94595791950774 -3.1903333825646323 WNW 55.94607272453745 -3.1906105464243857 91.85514831542969 221.17751693725586
55.94607272453745 -3.1906105464243857 ESE 55.94595791950774 -3.1903333825646323 91.85514831542969 219.92751693725586
55.94595791950774 -3.1903333825646323 SW 55.945745787473385 -3.190545514598988 91.85514831542969 218.67751693725586
55.945745787473385 -3.190545514598988 E 55.945745787473385 -3.190245514598988 91.85514831542969 217.42751693725586
55.945745787473385 -3.190245514598988 WNW 55.945860592503095 -3.1905226784587413 91.85514831542969 216.17751693725586
55.945860592503095 -3.1905226784587413 NNE 55.94613775636285 -3.1904078734290318 91.85514831542969 214.92751693725586
55.94613775636285 -3.1904078734290318 WSW 55.94602295133314 -3.190685037288785 91.85514831542969 213.67751693725586
55.94602295133314 -3.190685037288785 ENE 55.94613775636285 -3.1904078734290318 91.85514831542969 212.42751693725586
55.94613775636285 -3.1904078734290318 W 55.94613775636285 -3.190707873429032 91.85514831542969 211.17751693725586
55.94613775636285 -3.190707873429032 SE 55.945925624328495 -3.190495741394676 91.85514831542969 209.92751693725586
55.945925624328495 -3.190495741394676 WNW 55.946040429358206 -3.1907729052544296 91.85514831542969 208.67751693725586
55.946040429358206 -3.1907729052544296 SW 55.94582829732385 -3.1909850372887854 91.85514831542969 207.42751693725586
55.94582829732385 -3.1909850372887854 NNE 55.946105461183606 -3.190870232259076 91.85514831542969 206.17751693725586
55.946105461183606 -3.190870232259076 S 55.9458054611836 -3.190870232259076 91.85514831542969 204.92751693725586
55.9458054611836 -3.190870232259076 NW 55.94601759321796 -3.1910823642934316 91.85514831542969 203.67751693725586
55.94601759321796 -3.1910823642934316 SE 55.9458054611836 -3.190870232259076 91.85514831542969 202.42751693725586
55.9458054611836 -3.190870232259076 WSW 55.94569065615389 -3.1911473961188292 177.7232666015625 249.98435592651367
55.94569065615389 -3.1911473961188292 ENE 55.9458054611836 -3.190870232259076 177.7232666015625 248.73435592651367
55.9458054611836 -3.190870232259076 S 55.9455054611836 -3.190870232259076 222.2964096069336 361.7026786804199
55.9455054611836 -3.190870232259076 NNW 55.94578262504336 -3.1909850372887854 222.2964096069336 360.4526786804199
55.94578262504336 -3.1909850372887854 SSW 55.9455054611836 -3.191099842318495 222.2964096069336 359.2026786804199
55.9455054611836 -3.191099842318495 ESE 55.94539065615389 -3.1908226784587415 222.2964096069336 357.9526786804199
55.94539065615389 -3.1908226784587415 WNW 55.9455054611836 -3.191099842318495 222.2964096069336 356.7026786804199
55.9455054611836 -3.191099842318495 ESE 55.94539065615389 -3.1908226784587415 222.2964096069336 355.4526786804199
55.94539065615389 -3.1908226784587415 WNW 55.9455054611836 -3.191099842318495 222.2964096069336 354.2026786804199
55.9455054611836 -3.191099842318495 ESE 55.94539065615389 -3.1908226784587415 222.2964096069336 352.9526786804199
55.94539065615389 -3.1908226784587415 WNW 55.9455054611836 -3.191099842318495 222.2964096069336 351.7026786804199
55.9455054611836 -3.191099842318495 E 55.9455054611836 -3.1907998423184947 222.2964096069336 350.4526786804199
55.9455054611836 -3.1907998423184947 WSW 55.94539065615389 -3.191077006178248 222.2964096069336 349.2026786804199
55.94539065615389 -3.191077006178248 ENE 55.9455054611836 -3.1907998423184947 222.2964096069336 347.9526786804199
55.9455054611836 -3.1907998423184947 SSW 55.945228297323844 -3.190914647348204 222.2964096069336 346.7026786804199
55.945228297323844 -3.190914647348204 NNE 55.9455054611836 -3.1907998423184947 222.2964096069336 345.4526786804199
55.9455054611836 -3.1907998423184947 NNE 55.94578262504336 -3.190685037288785 222.2964096069336 344.2026786804199
55.94578262504336 -3.190685037288785 SSW 55.9455054611836 -3.1907998423184947 222.2964096069336 342.9526786804199
55.9455054611836 -3.1907998423184947 NNE 55.94578262504336 -3.190685037288785 222.2964096069336 341.7026786804199
55.94578262504336 -3.190685037288785 WSW 55.94566782001365 -3.1909622011485386 344.9921875 351.1931047439575
55.94566782001365 -3.1909622011485386 ENE 55.94578262504336 -3.190685037288785 344.9921875 349.9431047439575
55.94578262504336 -3.190685037288785 N 55.94608262504336 -3.190685037288785 344.9921875 348.6931047439575
55.94608262504336 -3.190685037288785 S 55.94578262504336 -3.190685037288785 344.9921875 347.4431047439575
55.94578262504336 -3.190685037288785 NNE 55.94605978890311 -3.1905702322590757 344.9921875 346.1931047439575
55.94605978890311 -3.1905702322590757 SSE 55.94578262504336 -3.190455427229366 351.0575222969055 460.97441577911377
55.94578262504336 -3.190455427229366 S 55.945482625043354 -3.190455427229366 351.0575222969055 459.72441577911377
55.945482625043354 -3.190455427229366 WNW 55.945597430073065 -3.1907325910891196 351.0575222969055 458.47441577911377
55.945597430073065 -3.1907325910891196 ESE 55.945482625043354 -3.190455427229366 351.0575222969055 457.22441577911377
55.945482625043354 -3.190455427229366 SSE 55.9452054611836 -3.1903406221996566 351.0575222969055 455.97441577911377
55.9452054611836 -3.1903406221996566 NNW 55.945482625043354 -3.190455427229366 351.0575222969055 454.72441577911377
55.945482625043354 -3.190455427229366 SSE 55.9452054611836 -3.1903406221996566 351.0575222969055 453.47441577911377
55.9452054611836 -3.1903406221996566 NE 55.945417593217954 -3.190128490165301 357.4022002220154 536.369381904602
55.945417593217954 -3.190128490165301 SW 55.9452054611836 -3.1903406221996566 357.4022002220154 535.119381904602
55.9452054611836 -3.1903406221996566 SE 55.94499332914924 -3.190128490165301 357.4022002220154 533.869381904602
55.94499332914924 -3.190128490165301 NNW 55.945270493009 -3.1902432951950104 357.4022002220154 532.619381904602
55.945270493009 -3.1902432951950104 SE 55.94505836097464 -3.1900311631606546 357.4022002220154 531.369381904602
55.94505836097464 -3.1900311631606546 NW 55.945270493009 -3.1902432951950104 357.4022002220154 530.119381904602
55.945270493009 -3.1902432951950104 S 55.944970493008995 -3.1902432951950104 357.4022002220154 528.869381904602
55.944970493008995 -3.1902432951950104 SSW 55.94469332914924 -3.19035810022472 357.4022002220154 527.619381904602
55.94469332914924 -3.19035810022472 NNE 55.944970493008995 -3.1902432951950104 357.4022002220154 526.369381904602
55.944970493008995 -3.1902432951950104 ESE 55.944855687979285 -3.189966131335257 480.11184072494507 545.4015092849731
55.944855687979285 -3.189966131335257 W 55.944855687979285 -3.190266131335257 547.2813811302185 653.4983110427856
55.944855687979285 -3.190266131335257 SSE 55.94457852411953 -3.1901513263055477 547.2813811302185 652.2483110427856
55.94457852411953 -3.1901513263055477 NNW 55.944855687979285 -3.190266131335257 547.2813811302185 650.9983110427856
55.944855687979285 -3.190266131335257 S 55.94455568797928 -3.190266131335257 547.2813811302185 649.7483110427856
55.94455568797928 -3.190266131335257 NW 55.94476782001364 -3.190478263369613 624.6162886619568 741.3233232498169
55.94476782001364 -3.190478263369613 SSE 55.94449065615388 -3.1903634583399034 624.6162886619568 740.0733232498169
55.94449065615388 -3.1903634583399034 WNW 55.94460546118359 -3.190640622199657 624.6162886619568 738.8233232498169
55.94460546118359 -3.190640622199657 W 55.94460546118359 -3.190940622199657 624.6162886619568 737.5733232498169
55.94460546118359 -3.190940622199657 ESE 55.94449065615388 -3.1906634583399036 624.6162886619568 736.3233232498169
55.94449065615388 -3.1906634583399036 NW 55.94470278818824 -3.1908755903742594 624.6162886619568 735.0733232498169
55.94470278818824 -3.1908755903742594 SE 55.94449065615388 -3.1906634583399036 624.6162886619568 733.8233232498169
55.94449065615388 -3.1906634583399036 WNW 55.94460546118359 -3.190940622199657 624.6162886619568 732.5733232498169
55.94460546118359 -3.190940622199657 NE 55.94481759321795 -3.1907284901653012 624.6162886619568 731.3233232498169
55.94481759321795 -3.1907284901653012 WSW 55.94470278818824 -3.1910056540250546 624.6162886619568 730.0733232498169
55.94470278818824 -3.1910056540250546 ENE 55.94481759321795 -3.1907284901653012 624.6162886619568 728.8233232498169
55.94481759321795 -3.1907284901653012 WNW 55.94493239824766 -3.1910056540250546 624.6162886619568 727.5733232498169
55.94493239824766 -3.1910056540250546 ESE 55.94481759321795 -3.1907284901653012 624.6162886619568 726.3233232498169
55.94481759321795 -3.1907284901653012 S 55.944517593217945 -3.1907284901653012 721.9624419212341 821.1594438552856
55.944517593217945 -3.1907284901653012 SE 55.94430546118359 -3.1905163581309455 721.9624419212341 819.9094438552856
55.94430546118359 -3.1905163581309455 WNW 55.9444202662133 -3.190793521990699 721.9624419212341 818.6594438552856
55.9444202662133 -3.190793521990699 ESE 55.94430546118359 -3.1905163581309455 721.9624419212341 817.4094438552856
55.94430546118359 -3.1905163581309455 W 55.94430546118359 -3.1908163581309457 721.9624419212341 816.1594438552856
55.94430546118359 -3.1908163581309457 ESE 55.94419065615388 -3.1905391942711923 721.9624419212341 814.9094438552856
55.94419065615388 -3.1905391942711923 WNW 55.94430546118359 -3.1908163581309457 721.9624419212341 813.6594438552856
55.94430546118359 -3.1908163581309457 SE 55.94409332914923 -3.19060422609659 721.9624419212341 812.4094438552856
55.94409332914923 -3.19060422609659 NNW 55.94437049300899 -3.1907190311262994 721.9624419212341 811.1594438552856
55.94437049300899 -3.1907190311262994 SSW 55.94409332914923 -3.190833836156009 721.9624419212341 809.9094438552856
55.94409332914923 -3.190833836156009 NNW 55.94437049300899 -3.1909486411857184 721.9624419212341 808.6594438552856
55.94437049300899 -3.1909486411857184 SSE 55.94409332914923 -3.190833836156009 721.9624419212341 807.4094438552856
55.94409332914923 -3.190833836156009 WNW 55.94420813417894 -3.1911110000157623 721.9624419212341 806.1594438552856
55.94420813417894 -3.1911110000157623 E 55.94420813417894 -3.190811000015762 721.9624419212341 804.9094438552856
55.94420813417894 -3.190811000015762 WSW 55.94409332914923 -3.1910881638755155 721.9624419212341 803.6594438552856
55.94409332914923 -3.1910881638755155 ESE 55.94397852411952 -3.190811000015762 721.9624419212341 802.4094438552856
55.94397852411952 -3.190811000015762 SW 55.943766392085166 -3.191023132050118 721.9624419212341 801.1594438552856
55.943766392085166 -3.191023132050118 NE 55.94397852411952 -3.190811000015762 721.9624419212341 799.9094438552856
55.94397852411952 -3.190811000015762 SW 55.943766392085166 -3.191023132050118 721.9624419212341 798.6594438552856
55.943766392085166 -3.191023132050118 NE 55.94397852411952 -3.190811000015762 721.9624419212341 797.4094438552856
55.94397852411952 -3.190811000015762 S 55.94367852411952 -3.190811000015762 721.9624419212341 796.1594438552856
55.94367852411952 -3.190811000015762 N 55.94397852411952 -3.190811000015762 721.9624419212341 794.9094438552856
55.94397852411952 -3.190811000015762 SSE 55.943701360259766 -3.1906961949860526 721.9624419212341 793.6594438552856
55.943701360259766 -3.1906961949860526 NNW 55.94397852411952 -3.190811000015762 721.9624419212341 792.4094438552856
55.94397852411952 -3.190811000015762 NNW 55.94425568797928 -3.1909258050454716 721.9624419212341 791.1594438552856
55.94425568797928 -3.1909258050454716 SSE 55.94397852411952 -3.190811000015762 721.9624419212341 789.9094438552856
55.94397852411952 -3.190811000015762 SE 55.943766392085166 -3.1905988679814064 721.9624419212341 788.6594438552856
55.943766392085166 -3.1905988679814064 NW 55.94397852411952 -3.190811000015762 721.9624419212341 787.4094438552856
55.94397852411952 -3.190811000015762 SSE 55.943701360259766 -3.1906961949860526 721.9624419212341 786.1594438552856
55.943701360259766 -3.1906961949860526 WSW 55.943586555230056 -3.190973358845806 721.9624419212341 784.9094438552856
55.943586555230056 -3.190973358845806 N 55.94388655523006 -3.190973358845806 721.9624419212341 783.6594438552856
55.94388655523006 -3.190973358845806 S 55.943586555230056 -3.190973358845806 721.9624419212341 782.4094438552856
55.943586555230056 -3.190973358845806 SW 55.9433744231957 -3.191185490880162 721.9624419212341 781.1594438552856
55.9433744231957 -3.191185490880162 NNE 55.943651587055456 -3.1910706858504523 838.3419280052185 826.663628578186
55.943651587055456 -3.1910706858504523 W 55.943651587055456 -3.1913706858504525 838.3419280052185 825.413628578186
55.943651587055456 -3.1913706858504525 E 55.943651587055456 -3.1910706858504523 838.3419280052185 824.163628578186
55.943651587055456 -3.1910706858504523 NW 55.94386371908981 -3.191282817884808 838.3419280052185 822.913628578186
55.94386371908981 -3.191282817884808 SSE 55.943586555230056 -3.1911680128550985 838.3419280052185 821.663628578186
55.943586555230056 -3.1911680128550985 NNW 55.94386371908981 -3.191282817884808 838.3419280052185 820.413628578186
55.94386371908981 -3.191282817884808 S 55.94356371908981 -3.191282817884808 838.3419280052185 819.163628578186
