55.944425 -3.188396 SW 55.944212867965646 -3.188608132034356 0.0 248.75
55.944212867965646 -3.188608132034356 NE 55.944425 -3.188396 0.0 247.5
55.944425 -3.188396 ESE 55.94431019497029 -3.1881188361402466 0.0 246.25
55.94431019497029 -3.1881188361402466 WNW 55.944425 -3.188396 0.0 245.0
55.944425 -3.188396 E 55.944425 -3.188096 0.0 243.75
55.944425 -3.188096 W 55.944425 -3.188396 0.0 242.5
55.944425 -3.188396 E 55.944425 -3.188096 0.0 241.25
55.944425 -3.188096 NW 55.94463713203436 -3.1883081320343556 0.0 240.0
55.94463713203436 -3.1883081320343556 E 55.94463713203436 -3.1880081320343554 0.0 238.75
55.94463713203436 -3.1880081320343554 W 55.94463713203436 -3.1883081320343556 0.0 237.5
55.94463713203436 -3.1883081320343556 ENE 55.94475193706407 -3.188030968174602 20.841167449951172 239.76897406578064
55.94475193706407 -3.188030968174602 WSW 55.94463713203436 -3.1883081320343556 20.841167449951172 238.51897406578064
55.94463713203436 -3.1883081320343556 NNW 55.944914295894115 -3.188422937064065 20.841167449951172 237.26897406578064
55.944914295894115 -3.188422937064065 SSE 55.94463713203436 -3.1883081320343556 20.841167449951172 236.01897406578064
55.94463713203436 -3.1883081320343556 NNW 55.944914295894115 -3.188422937064065 20.841167449951172 234.76897406578064
55.944914295894115 -3.188422937064065 S 55.94461429589411 -3.188422937064065 20.841167449951172 233.51897406578064
55.94461429589411 -3.188422937064065 NNW 55.94489145975387 -3.1885377420937746 20.841167449951172 232.26897406578064
55.94489145975387 -3.1885377420937746 S 55.944591459753866 -3.1885377420937746 20.841167449951172 231.01897406578064
55.944591459753866 -3.1885377420937746 N 55.94489145975387 -3.1885377420937746 20.841167449951172 229.76897406578064
55.94489145975387 -3.1885377420937746 SSW 55.94461429589411 -3.188652547123484 20.841167449951172 228.51897406578064
55.94461429589411 -3.188652547123484 E 55.94461429589411 -3.188352547123484 20.841167449951172 227.26897406578064
55.94461429589411 -3.188352547123484 W 55.94461429589411 -3.188652547123484 20.841167449951172 226.01897406578064
55.94461429589411 -3.188652547123484 S 55.94431429589411 -3.188652547123484 20.841167449951172 224.76897406578064
55.94431429589411 -3.188652547123484 N 55.94461429589411 -3.188652547123484 20.841167449951172 223.51897406578064
55.94461429589411 -3.188652547123484 E 55.94461429589411 -3.188352547123484 20.841167449951172 222.26897406578064
55.94461429589411 -3.188352547123484 WSW 55.9444994908644 -3.1886297109832373 20.841167449951172 221.01897406578064
55.9444994908644 -3.1886297109832373 ENE 55.94461429589411 -3.188352547123484 20.841167449951172 219.76897406578064
55.94461429589411 -3.188352547123484 WSW 55.9444994908644 -3.1886297109832373 20.841167449951172 218.51897406578064
55.9444994908644 -3.1886297109832373 ESE 55.94438468583469 -3.188352547123484 20.841167449951172 217.26897406578064
55.94438468583469 -3.188352547123484 WNW 55.9444994908644 -3.1886297109832373 20.841167449951172 216.01897406578064
55.9444994908644 -3.1886297109832373 S 55.9441994908644 -3.1886297109832373 20.841167449951172 214.76897406578064
55.9441994908644 -3.1886297109832373 N 55.9444994908644 -3.1886297109832373 20.841167449951172 213.51897406578064
55.9444994908644 -3.1886297109832373 SSW 55.944222327004645 -3.188744516012947 20.841167449951172 212.26897406578064
55.944222327004645 -3.188744516012947 NNE 55.9444994908644 -3.1886297109832373 20.841167449951172 211.01897406578064
55.9444994908644 -3.1886297109832373 WSW 55.94438468583469 -3.1889068748429907 20.841167449951172 209.76897406578064
55.94438468583469 -3.1889068748429907 ENE 55.9444994908644 -3.1886297109832373 20.841167449951172 208.51897406578064
55.9444994908644 -3.1886297109832373 W 55.9444994908644 -3.1889297109832375 20.841167449951172 207.26897406578064
55.9444994908644 -3.1889297109832375 E 55.9444994908644 -3.1886297109832373 20.841167449951172 206.01897406578064
55.9444994908644 -3.1886297109832373 NNE 55.94477665472416 -3.188514905953528 20.841167449951172 204.76897406578064
55.94477665472416 -3.188514905953528 SSW 55.9444994908644 -3.1886297109832373 20.841167449951172 203.51897406578064
55.9444994908644 -3.1886297109832373 NW 55.94471162289876 -3.188841843017593 20.841167449951172 202.26897406578064
55.94471162289876 -3.188841843017593 S 55.944411622898755 -3.188841843017593 127.81724166870117 296.2596356868744
55.944411622898755 -3.188841843017593 N 55.94471162289876 -3.188841843017593 127.81724166870117 295.0096356868744
55.94471162289876 -3.188841843017593 WNW 55.94482642792847 -3.1891190068773465 127.81724166870117 293.7596356868744
55.94482642792847 -3.1891190068773465 ESE 55.94471162289876 -3.188841843017593 127.81724166870117 292.5096356868744
55.94471162289876 -3.188841843017593 NNW 55.944988786758515 -3.1889566480473026 127.81724166870117 291.2596356868744
55.944988786758515 -3.1889566480473026 SE 55.94477665472416 -3.188744516012947 140.46103763580322 352.1585919857025
55.94477665472416 -3.188744516012947 NW 55.944988786758515 -3.1889566480473026 140.46103763580322 350.9085919857025
55.944988786758515 -3.1889566480473026 SE 55.94477665472416 -3.188744516012947 140.46103763580322 349.6585919857025
55.94477665472416 -3.188744516012947 NW 55.944988786758515 -3.1889566480473026 140.46103763580322 348.4085919857025
55.944988786758515 -3.1889566480473026 SE 55.94477665472416 -3.188744516012947 140.46103763580322 347.1585919857025
55.94477665472416 -3.188744516012947 E 55.94477665472416 -3.1884445160129467 140.46103763580322 345.9085919857025
55.94477665472416 -3.1884445160129467 W 55.94477665472416 -3.188744516012947 140.46103763580322 344.6585919857025
55.94477665472416 -3.188744516012947 S 55.944476654724156 -3.188744516012947 140.46103763580322 343.4085919857025
55.944476654724156 -3.188744516012947 NW 55.94468878675851 -3.1889566480473026 140.46103763580322 342.1585919857025
55.94468878675851 -3.1889566480473026 SE 55.944476654724156 -3.188744516012947 140.46103763580322 340.9085919857025
55.944476654724156 -3.188744516012947 WNW 55.944591459753866 -3.1890216798727002 140.46103763580322 339.6585919857025
55.944591459753866 -3.1890216798727002 SE 55.94437932771951 -3.1888095478383445 259.7928400039673 420.8198697566986
55.94437932771951 -3.1888095478383445 WNW 55.94449413274922 -3.189086711698098 259.7928400039673 419.5698697566986
55.94449413274922 -3.189086711698098 ESE 55.94437932771951 -3.1888095478383445 259.7928400039673 418.3198697566986
55.94437932771951 -3.1888095478383445 WSW 55.9442645226898 -3.189086711698098 259.7928400039673 417.0698697566986
55.9442645226898 -3.189086711698098 ENE 55.94437932771951 -3.1888095478383445 259.7928400039673 415.8198697566986
55.94437932771951 -3.1888095478383445 NW 55.944591459753866 -3.1890216798727002 259.7928400039673 414.5698697566986
55.944591459753866 -3.1890216798727002 SE 55.94437932771951 -3.1888095478383445 259.7928400039673 413.3198697566986
55.94437932771951 -3.1888095478383445 SW 55.944167195685154 -3.1890216798727002 259.7928400039673 412.0698697566986
55.944167195685154 -3.1890216798727002 NE 55.94437932771951 -3.1888095478383445 259.7928400039673 410.8198697566986
55.94437932771951 -3.1888095478383445 WNW 55.94449413274922 -3.189086711698098 259.7928400039673 409.5698697566986
55.94449413274922 -3.189086711698098 SSE 55.944216968889464 -3.1889719066683884 259.7928400039673 408.3198697566986
55.944216968889464 -3.1889719066683884 NW 55.94442910092382 -3.189184038702744 259.7928400039673 407.0698697566986
55.94442910092382 -3.189184038702744 SSE 55.94415193706406 -3.1890692336730346 259.7928400039673 405.8198697566986
55.94415193706406 -3.1890692336730346 WNW 55.944266742093774 -3.189346397532788 360.16448307037354 409.96454310417175
55.944266742093774 -3.189346397532788 SE 55.94405461005942 -3.1891342654984323 360.16448307037354 408.71454310417175
55.94405461005942 -3.1891342654984323 NNW 55.944331773919174 -3.1892490705281418 360.16448307037354 407.46454310417175
55.944331773919174 -3.1892490705281418 SSW 55.94405461005942 -3.1893638755578513 460.5142755508423 433.3980700969696
55.94405461005942 -3.1893638755578513 N 55.94435461005942 -3.1893638755578513 460.5142755508423 432.1480700969696
55.94435461005942 -3.1893638755578513 S 55.94405461005942 -3.1893638755578513 460.5142755508423 430.8980700969696
55.94405461005942 -3.1893638755578513 NNW 55.944331773919174 -3.189478680587561 567.2788019180298 550.0115344524384
55.944331773919174 -3.189478680587561 SSE 55.94405461005942 -3.1893638755578513 567.2788019180298 548.7615344524384
55.94405461005942 -3.1893638755578513 ENE 55.94416941508913 -3.189086711698098 567.2788019180298 547.5115344524384
55.94416941508913 -3.189086711698098 WSW 55.94405461005942 -3.1893638755578513 567.2788019180298 546.2615344524384
55.94405461005942 -3.1893638755578513 ESE 55.94393980502971 -3.189086711698098 666.2227945327759 570.2256591320038
55.94393980502971 -3.189086711698098 NW 55.94415193706406 -3.1892988437324536 666.2227945327759 568.9756591320038
55.94415193706406 -3.1892988437324536 ESE 55.94403713203435 -3.1890216798727002 666.2227945327759 567.7256591320038
55.94403713203435 -3.1890216798727002 NE 55.94424926406871 -3.1888095478383445 747.5739831924438 586.8823745250702
55.94424926406871 -3.1888095478383445 SW 55.94403713203435 -3.1890216798727002 747.5739831924438 585.6323745250702
55.94403713203435 -3.1890216798727002 N 55.944337132034356 -3.1890216798727002 814.6224756240845 612.0776946544647
55.944337132034356 -3.1890216798727002 S 55.94403713203435 -3.1890216798727002 814.6224756240845 610.8276946544647
55.94403713203435 -3.1890216798727002 E 55.94403713203435 -3.1887216798727 873.0724573135376 697.6181457042694
55.94403713203435 -3.1887216798727 W 55.94403713203435 -3.1890216798727002 873.0724573135376 696.3681457042694
55.94403713203435 -3.1890216798727002 ENE 55.94415193706406 -3.188744516012947 873.0724573135376 695.1181457042694
55.94415193706406 -3.188744516012947 S 55.94385193706406 -3.188744516012947 873.0724573135376 693.8681457042694
55.94385193706406 -3.188744516012947 N 55.94415193706406 -3.188744516012947 873.0724573135376 692.6181457042694
55.94415193706406 -3.188744516012947 S 55.94385193706406 -3.188744516012947 873.0724573135376 691.3681457042694
55.94385193706406 -3.188744516012947 SE 55.943639805029704 -3.188532383978591 873.0724573135376 690.1181457042694
55.943639805029704 -3.188532383978591 NW 55.94385193706406 -3.188744516012947 873.0724573135376 688.8681457042694
55.94385193706406 -3.188744516012947 NW 55.94406406909842 -3.1889566480473026 873.0724573135376 687.6181457042694
55.94406406909842 -3.1889566480473026 SE 55.94385193706406 -3.188744516012947 873.0724573135376 686.3681457042694
55.94385193706406 -3.188744516012947 NNW 55.94412910092382 -3.1888593210426563 873.0724573135376 685.1181457042694
55.94412910092382 -3.1888593210426563 SSE 55.94385193706406 -3.188744516012947 873.0724573135376 683.8681457042694
55.94385193706406 -3.188744516012947 SSE 55.943574773204304 -3.1886297109832373 944.635552406311 717.6014106273651
55.943574773204304 -3.1886297109832373 NNW 55.94385193706406 -3.188744516012947 944.635552406311 716.3514106273651
55.94385193706406 -3.188744516012947 SSE 55.943574773204304 -3.1886297109832373 944.635552406311 715.1014106273651
55.943574773204304 -3.1886297109832373 NNW 55.94385193706406 -3.188744516012947 944.635552406311 713.8514106273651
55.94385193706406 -3.188744516012947 SE 55.943639805029704 -3.188532383978591 944.635552406311 712.6014106273651
55.943639805029704 -3.188532383978591 WSW 55.943524999999994 -3.1888095478383445 985.4887208938599 735.9703547954559
55.943524999999994 -3.1888095478383445 ENE 55.943639805029704 -3.188532383978591 985.4887208938599 734.7203547954559
55.943639805029704 -3.188532383978591 NE 55.94385193706406 -3.1883202519442353 985.4887208938599 733.4703547954559
55.94385193706406 -3.1883202519442353 SW 55.943639805029704 -3.188532383978591 985.4887208938599 732.2203547954559
55.943639805029704 -3.188532383978591 ESE 55.943524999999994 -3.1882552201188377 985.4887208938599 730.9703547954559
55.943524999999994 -3.1882552201188377 W 55.943524999999994 -3.188555220118838 985.4887208938599 729.7203547954559
55.943524999999994 -3.188555220118838 S 55.94322499999999 -3.188555220118838 985.4887208938599 728.4703547954559
55.94322499999999 -3.188555220118838 N 55.943524999999994 -3.188555220118838 985.4887208938599 727.2203547954559
55.943524999999994 -3.188555220118838 S 55.94322499999999 -3.188555220118838 985.4887208938599 725.9703547954559
55.94322499999999 -3.188555220118838 N 55.943524999999994 -3.188555220118838 985.4887208938599 724.7203547954559
55.943524999999994 -3.188555220118838 S 55.94322499999999 -3.188555220118838 985.4887208938599 723.4703547954559
55.94322499999999 -3.188555220118838 NNW 55.94350216385975 -3.1886700251485474 999.4375762939453 839.7210566997528
55.94350216385975 -3.1886700251485474 SSE 55.94322499999999 -3.188555220118838 999.4375762939453 838.4710566997528
55.94322499999999 -3.188555220118838 NNW 55.94350216385975 -3.1886700251485474 999.4375762939453 837.2210566997528
55.94350216385975 -3.1886700251485474 SSW 55.94322499999999 -3.188784830178257 999.4375762939453 835.9710566997528
55.94322499999999 -3.188784830178257 N 55.943524999999994 -3.188784830178257 999.4375762939453 834.7210566997528
55.943524999999994 -3.188784830178257 E 55.943524999999994 -3.1884848301782567 999.4375762939453 833.4710566997528
55.943524999999994 -3.1884848301782567 W 55.943524999999994 -3.188784830178257 999.4375762939453 832.2210566997528
55.943524999999994 -3.188784830178257 SSW 55.94324783614024 -3.1888996352079664 999.4375762939453 830.9710566997528
55.94324783614024 -3.1888996352079664 NNE 55.943524999999994 -3.188784830178257 999.4375762939453 829.7210566997528
55.943524999999994 -3.188784830178257 N 55.943825 -3.188784830178257 999.4375762939453 828.4710566997528
55.943825 -3.188784830178257 SSE 55.94354783614024 -3.1886700251485474 999.4375762939453 827.2210566997528
55.94354783614024 -3.1886700251485474 NNW 55.943825 -3.188784830178257 999.4375762939453 825.9710566997528
55.943825 -3.188784830178257 N 55.944125 -3.188784830178257 999.4375762939453 824.7210566997528
55.944125 -3.188784830178257 S 55.943825 -3.188784830178257 999.4375762939453 823.4710566997528
55.943825 -3.188784830178257 SSE 55.94354783614024 -3.1886700251485474 999.4375762939453 822.2210566997528
55.94354783614024 -3.1886700251485474 NNW 55.943825 -3.188784830178257 999.4375762939453 820.9710566997528
55.943825 -3.188784830178257 W 55.943825 -3.189084830178257 1033.606430053711 844.290495634079
55.943825 -3.189084830178257 NE 55.94403713203435 -3.1888726981439013 1110.1042556762695 948.4264438152313
55.94403713203435 -3.1888726981439013 SW 55.943825 -3.189084830178257 1110.1042556762695 947.1764438152313
55.943825 -3.189084830178257 N 55.944125 -3.189084830178257 1110.1042556762695 945.9264438152313
55.944125 -3.189084830178257 SSW 55.94384783614024 -3.1891996352079666 1180.8630676269531 957.1726615428925
55.94384783614024 -3.1891996352079666 NE 55.9440599681746 -3.188987503173611 1180.8630676269531 955.9226615428925
55.9440599681746 -3.188987503173611 SW 55.94384783614024 -3.1891996352079666 1180.8630676269531 954.6726615428925
55.94384783614024 -3.1891996352079666 NNE 55.944125 -3.189084830178257 1180.8630676269531 953.4226615428925
55.944125 -3.189084830178257 SSW 55.94384783614024 -3.1891996352079666 1180.8630676269531 952.1726615428925
55.94384783614024 -3.1891996352079666 S 55.94354783614024 -3.1891996352079666 1180.8630676269531 950.9226615428925
55.94354783614024 -3.1891996352079666 N 55.94384783614024 -3.1891996352079666 1180.8630676269531 949.6726615428925
55.94384783614024 -3.1891996352079666 SSW 55.94357067228049 -3.189314440237676 1180.8630676269531 948.4226615428925
55.94357067228049 -3.189314440237676 N 55.94387067228049 -3.189314440237676 1183.4674501419067 1040.0393607616425
55.94387067228049 -3.189314440237676 SSW 55.94359350842073 -3.1894292452673856 1299.1416215896606 1049.0758969783783
55.94359350842073 -3.1894292452673856 NNE 55.94387067228049 -3.189314440237676 1299.1416215896606 1047.8258969783783
55.94387067228049 -3.189314440237676 SSW 55.94359350842073 -3.1894292452673856 1299.1416215896606 1046.5758969783783
55.94359350842073 -3.1894292452673856 N 55.943893508420736 -3.1894292452673856 1405.2878007888794 1058.431011915207
55.943893508420736 -3.1894292452673856 ESE 55.943778703391025 -3.189152081407632 1405.2878007888794 1057.181011915207
55.943778703391025 -3.189152081407632 WNW 55.943893508420736 -3.1894292452673856 1405.2878007888794 1055.931011915207
55.943893508420736 -3.1894292452673856 NE 55.94410564045509 -3.18921711323303 1405.2878007888794 1054.681011915207
55.94410564045509 -3.18921711323303 WSW 55.94399083542538 -3.189494277092783 1484.1290941238403 1171.9487960338593
55.94399083542538 -3.189494277092783 W 55.94399083542538 -3.1897942770927834 1484.1290941238403 1170.6987960338593
55.94399083542538 -3.1897942770927834 ESE 55.94387603039567 -3.18951711323303 1484.1290941238403 1169.4487960338593
55.94387603039567 -3.18951711323303 WSW 55.94376122536596 -3.1897942770927834 1492.343906402588 1194.3463714122772
55.94376122536596 -3.1897942770927834 ENE 55.94387603039567 -3.18951711323303 1492.343906402588 1193.0963714122772
55.94387603039567 -3.18951711323303 SW 55.943663898361315 -3.1897292452673858 1583.879337310791 1230.3463714122772
55.943663898361315 -3.1897292452673858 N 55.94396389836132 -3.1897292452673858 1583.879337310791 1229.0963714122772
55.94396389836132 -3.1897292452673858 SSW 55.94368673450156 -3.1898440502970953 1681.824047088623 1284.4597861766815
55.94368673450156 -3.1898440502970953 NNE 55.94396389836132 -3.1897292452673858 1681.824047088623 1283.2097861766815
55.94396389836132 -3.1897292452673858 SSW 55.94368673450156 -3.1898440502970953 1681.824047088623 1281.9597861766815
55.94368673450156 -3.1898440502970953 NE 55.94389886653592 -3.1896319182627395 1746.8907051086426 1343.7459571361542
55.94389886653592 -3.1896319182627395 W 55.94389886653592 -3.1899319182627397 1746.8907051086426 1342.4959571361542
55.94389886653592 -3.1899319182627397 ESE 55.94378406150621 -3.1896547544029863 1828.9442405700684 1463.5303809642792
55.94378406150621 -3.1896547544029863 WNW 55.94389886653592 -3.1899319182627397 1828.9442405700684 1462.2803809642792
55.94389886653592 -3.1899319182627397 E 55.94389886653592 -3.1896319182627395 1828.9442405700684 1461.0303809642792
55.94389886653592 -3.1896319182627395 WNW 55.94401367156563 -3.189909082122493 1870.224739074707 1571.701622724533
55.94401367156563 -3.189909082122493 E 55.94401367156563 -3.1896090821224927 1993.0126190185547 1688.4959647655487
55.94401367156563 -3.1896090821224927 W 55.94401367156563 -3.189909082122493 1993.0126190185547 1687.2459647655487
55.94401367156563 -3.189909082122493 E 55.94401367156563 -3.1896090821224927 1993.0126190185547 1685.9959647655487
55.94401367156563 -3.1896090821224927 W 55.94401367156563 -3.189909082122493 1993.0126190185547 1684.7459647655487
55.94401367156563 -3.189909082122493 NE 55.944225803599984 -3.189696950088137 1993.0126190185547 1683.4959647655487
55.944225803599984 -3.189696950088137 WSW 55.944110998570274 -3.1899741139478905 2059.942657470703 1718.3485724925995
55.944110998570274 -3.1899741139478905 ENE 55.944225803599984 -3.189696950088137 2059.942657470703 1717.0985724925995
55.944225803599984 -3.189696950088137 WSW 55.944110998570274 -3.1899741139478905 2059.942657470703 1715.8485724925995
55.944110998570274 -3.1899741139478905 NW 55.94432313060463 -3.1901862459822463 2127.3558959960938 1747.7192237377167
55.94432313060463 -3.1901862459822463 SE 55.944110998570274 -3.1899741139478905 2127.3558959960938 1746.4692237377167
55.944110998570274 -3.1899741139478905 SW 55.94389886653592 -3.1901862459822463 2127.3558959960938 1745.2192237377167
55.94389886653592 -3.1901862459822463 NE 55.944110998570274 -3.1899741139478905 2127.3558959960938 1743.9692237377167
55.944110998570274 -3.1899741139478905 SW 55.94389886653592 -3.1901862459822463 2127.3558959960938 1742.7192237377167
55.94389886653592 -3.1901862459822463 NE 55.944110998570274 -3.1899741139478905 2127.3558959960938 1741.4692237377167
55.944110998570274 -3.1899741139478905 WSW 55.94399619354056 -3.190251277807644 2127.3558959960938 1740.2192237377167
55.94399619354056 -3.190251277807644 SE 55.94378406150621 -3.190039145773288 2127.3558959960938 1738.9692237377167
55.94378406150621 -3.190039145773288 NW 55.94399619354056 -3.190251277807644 2127.3558959960938 1737.7192237377167
55.94399619354056 -3.190251277807644 S 55.94369619354056 -3.190251277807644 2148.1798877716064 1792.3795783519745
55.94369619354056 -3.190251277807644 NNE 55.94397335740032 -3.1901364727779344 2148.1798877716064 1791.1295783519745
55.94397335740032 -3.1901364727779344 SSW 55.94369619354056 -3.190251277807644 2148.1798877716064 1789.8795783519745
55.94369619354056 -3.190251277807644 NNE 55.94397335740032 -3.1901364727779344 2148.1798877716064 1788.6295783519745
55.94397335740032 -3.1901364727779344 SSW 55.94369619354056 -3.190251277807644 2148.1798877716064 1787.3795783519745
55.94369619354056 -3.190251277807644 E 55.94369619354056 -3.1899512778076438 2148.1798877716064 1786.1295783519745
55.94369619354056 -3.1899512778076438 W 55.94369619354056 -3.190251277807644 2148.1798877716064 1784.8795783519745
55.94369619354056 -3.190251277807644 ENE 55.94381099857027 -3.1899741139478905 2148.1798877716064 1783.6295783519745
55.94381099857027 -3.1899741139478905 N 55.944110998570274 -3.1899741139478905 2148.1798877716064 1782.3795783519745
55.944110998570274 -3.1899741139478905 SSE 55.94383383471052 -3.189859308918181 2148.1798877716064 1781.1295783519745
55.94383383471052 -3.189859308918181 SSE 55.94355667085076 -3.1897445038884715 2148.1798877716064 1779.8795783519745
55.94355667085076 -3.1897445038884715 NNW 55.94383383471052 -3.189859308918181 2148.1798877716064 1778.6295783519745
55.94383383471052 -3.189859308918181 S 55.943533834710514 -3.189859308918181 2266.799196243286 1817.485699415207
55.943533834710514 -3.189859308918181 NNW 55.94381099857027 -3.1899741139478905 2266.799196243286 1816.235699415207
55.94381099857027 -3.1899741139478905 S 55.94351099857027 -3.1899741139478905 2334.125909805298 1910.8746764659882
55.94351099857027 -3.1899741139478905 SSW 55.94323383471051 -3.1900889189776 2361.46244430542 2033.8571364879608
55.94323383471051 -3.1900889189776 NNE 55.94351099857027 -3.1899741139478905 2361.46244430542 2032.6071364879608
55.94351099857027 -3.1899741139478905 WNW 55.94362580359998 -3.190251277807644 2482.2030754089355 2066.171044111252
55.94362580359998 -3.190251277807644 ESE 55.94351099857027 -3.1899741139478905 2482.2030754089355 2064.921044111252
55.94351099857027 -3.1899741139478905 ESE 55.94339619354056 -3.189696950088137 2482.2030754089355 2063.671044111252
55.94339619354056 -3.189696950088137 NW 55.943608325574914 -3.189909082122493 2544.360340118408 2087.7058913707733
55.943608325574914 -3.189909082122493 SE 55.94339619354056 -3.189696950088137 2544.360340118408 2086.4558913707733
55.94339619354056 -3.189696950088137 NNW 55.943673357400314 -3.1898117551178466 2544.360340118408 2085.2058913707733
55.943673357400314 -3.1898117551178466 S 55.94337335740031 -3.1898117551178466 2627.439952850342 2147.0909163951874
55.94337335740031 -3.1898117551178466 N 55.943673357400314 -3.1898117551178466 2627.439952850342 2145.8409163951874
55.943673357400314 -3.1898117551178466 SSE 55.94339619354056 -3.189696950088137 2627.439952850342 2144.5909163951874
55.94339619354056 -3.189696950088137 N 55.94369619354056 -3.189696950088137 2627.439952850342 2143.3409163951874
55.94369619354056 -3.189696950088137 SSE 55.943419029680804 -3.1895821450584276 2691.8156394958496 2262.839230298996
55.943419029680804 -3.1895821450584276 NW 55.94363116171516 -3.1897942770927834 2719.311939239502 2322.6971633434296
55.94363116171516 -3.1897942770927834 ESE 55.94351635668545 -3.18951711323303 2841.964740753174 2416.9965484142303
55.94351635668545 -3.18951711323303 SW 55.943304224651094 -3.1897292452673858 2913.9918098449707 2530.3047835826874
55.943304224651094 -3.1897292452673858 ENE 55.943419029680804 -3.1894520814076324 2977.3390312194824 2643.9236648082733
55.943419029680804 -3.1894520814076324 WSW 55.943304224651094 -3.1897292452673858 2977.3390312194824 2642.6736648082733
55.943304224651094 -3.1897292452673858 NE 55.94351635668545 -3.18951711323303 2977.3390312194824 2641.4236648082733
55.94351635668545 -3.18951711323303 SW 55.943304224651094 -3.1897292452673858 2977.3390312194824 2640.1736648082733
55.943304224651094 -3.1897292452673858 NNE 55.94358138851085 -3.1896144402376763 3017.4749145507812 2661.889761686325
55.94358138851085 -3.1896144402376763 SSW 55.943304224651094 -3.1897292452673858 3017.4749145507812 2660.639761686325
55.943304224651094 -3.1897292452673858 SSE 55.94302706079134 -3.1896144402376763 3123.5478286743164 2780.8240115642548
55.94302706079134 -3.1896144402376763 N 55.94332706079134 -3.1896144402376763 3129.819484233856 2786.8436377048492
55.94332706079134 -3.1896144402376763 SSW 55.94304989693158 -3.1897292452673858 3197.14567899704 2902.758615732193
55.94304989693158 -3.1897292452673858 NNE 55.94332706079134 -3.1896144402376763 3197.14567899704 2901.508615732193
55.94332706079134 -3.1896144402376763 SSW 55.94304989693158 -3.1897292452673858 3197.14567899704 2900.258615732193
55.94304989693158 -3.1897292452673858 N 55.943349896931586 -3.1897292452673858 3197.14567899704 2899.008615732193
55.943349896931586 -3.1897292452673858 S 55.94304989693158 -3.1897292452673858 3197.14567899704 2897.758615732193
55.94304989693158 -3.1897292452673858 N 55.943349896931586 -3.1897292452673858 3197.14567899704 2896.508615732193
55.943349896931586 -3.1897292452673858 S 55.94304989693158 -3.1897292452673858 3197.14567899704 2895.258615732193
55.94304989693158 -3.1897292452673858 N 55.943349896931586 -3.1897292452673858 3197.14567899704 2894.008615732193
55.943349896931586 -3.1897292452673858 SSW 55.94307273307183 -3.1898440502970953 3317.590465068817 2914.601539850235
55.94307273307183 -3.1898440502970953 NNE 55.943349896931586 -3.1897292452673858 3317.590465068817 2913.351539850235
55.943349896931586 -3.1897292452673858 SSW 55.94307273307183 -3.1898440502970953 3317.590465068817 2912.101539850235
55.94307273307183 -3.1898440502970953 SSW 55.94279556921207 -3.189958855326805 3317.590465068817 2910.851539850235
55.94279556921207 -3.189958855326805 NNE 55.94307273307183 -3.1898440502970953 3317.590465068817 2909.601539850235
55.94307273307183 -3.1898440502970953 SW 55.942860601037474 -3.190056182331451 3317.590465068817 2908.351539850235
55.942860601037474 -3.190056182331451 NE 55.94307273307183 -3.1898440502970953 3317.590465068817 2907.101539850235
55.94307273307183 -3.1898440502970953 WNW 55.94318753810154 -3.1901212141568487 3329.2726635932922 2956.736492395401
55.94318753810154 -3.1901212141568487 ESE 55.94307273307183 -3.1898440502970953 3329.2726635932922 2955.486492395401
55.94307273307183 -3.1898440502970953 NW 55.943284865106186 -3.190056182331451 3329.2726635932922 2954.236492395401
55.943284865106186 -3.190056182331451 SE 55.94307273307183 -3.1898440502970953 3329.2726635932922 2952.986492395401
55.94307273307183 -3.1898440502970953 NW 55.943284865106186 -3.190056182331451 3329.2726635932922 2951.736492395401
55.943284865106186 -3.190056182331451 SE 55.94307273307183 -3.1898440502970953 3329.2726635932922 2950.486492395401
55.94307273307183 -3.1898440502970953 W 55.94307273307183 -3.1901440502970955 3329.2726635932922 2949.236492395401
55.94307273307183 -3.1901440502970955 NNW 55.943349896931586 -3.190258855326805 3329.2726635932922 2947.986492395401
55.943349896931586 -3.190258855326805 SSE 55.94307273307183 -3.1901440502970955 3329.2726635932922 2946.736492395401
55.94307273307183 -3.1901440502970955 ESE 55.94295792804212 -3.189866886437342 3404.4498257637024 2976.309402704239
55.94295792804212 -3.189866886437342 WNW 55.94307273307183 -3.1901440502970955 3404.4498257637024 2975.059402704239
55.94307273307183 -3.1901440502970955 NW 55.943284865106186 -3.1903561823314512 3404.4498257637024 2973.809402704239
