55.944425 -3.188396 NW 55.94463713203436 -3.188608132034356 0.0 248.75
55.94463713203436 -3.188608132034356 S 55.944337132034356 -3.188608132034356 0.0 247.5
55.944337132034356 -3.188608132034356 NW 55.94454926406871 -3.1888202640687116 0.0 246.25
55.94454926406871 -3.1888202640687116 SE 55.944337132034356 -3.188608132034356 0.0 245.0
55.944337132034356 -3.188608132034356 WNW 55.944451937064066 -3.188885295894109 0.0 243.75
55.944451937064066 -3.188885295894109 W 55.944451937064066 -3.1891852958941094 0.0 242.5
55.944451937064066 -3.1891852958941094 SW 55.94423980502971 -3.189397427928465 0.0 241.25
55.94423980502971 -3.189397427928465 SW 55.944027672995354 -3.189609559962821 0.0 240.0
55.944027672995354 -3.189609559962821 NE 55.94423980502971 -3.189397427928465 0.0 238.75
55.94423980502971 -3.189397427928465 S 55.94393980502971 -3.189397427928465 0.0 237.5
55.94393980502971 -3.189397427928465 NW 55.94415193706406 -3.189609559962821 0.0 236.25
55.94415193706406 -3.189609559962821 WNW 55.944266742093774 -3.1898867238225743 91.35307312011719 353.52645111083984
55.944266742093774 -3.1898867238225743 NNE 55.94454390595353 -3.189771918792865 91.35307312011719 352.27645111083984
55.94454390595353 -3.189771918792865 SSW 55.944266742093774 -3.1898867238225743 91.35307312011719 351.02645111083984
55.944266742093774 -3.1898867238225743 SSW 55.94398957823402 -3.190001528852284 91.35307312011719 349.77645111083984
55.94398957823402 -3.190001528852284 SE 55.94377744619966 -3.189789396817928 91.35307312011719 348.52645111083984
55.94377744619966 -3.189789396817928 ENE 55.94389225122937 -3.1895122329581747 91.35307312011719 347.27645111083984
55.94389225122937 -3.1895122329581747 WSW 55.94377744619966 -3.189789396817928 91.35307312011719 346.02645111083984
55.94377744619966 -3.189789396817928 SW 55.943565314165305 -3.190001528852284 91.35307312011719 344.77645111083984
55.943565314165305 -3.190001528852284 SW 55.94335318213095 -3.1902136608866396 175.35108184814453 466.68817138671875
55.94335318213095 -3.1902136608866396 W 55.94335318213095 -3.19051366088664 175.35108184814453 465.43817138671875
55.94335318213095 -3.19051366088664 ESE 55.94323837710124 -3.1902364970268864 175.35108184814453 464.18817138671875
55.94323837710124 -3.1902364970268864 SSW 55.94296121324148 -3.190351302056596 220.81160354614258 514.2221145629883
55.94296121324148 -3.190351302056596 ESE 55.94284640821177 -3.1900741381968425 220.81160354614258 512.9721145629883
55.94284640821177 -3.1900741381968425 ESE 55.94273160318206 -3.189796974337089 220.81160354614258 511.7221145629883
55.94273160318206 -3.189796974337089 W 55.94273160318206 -3.1900969743370893 220.81160354614258 510.4721145629883
55.94273160318206 -3.1900969743370893 E 55.94273160318206 -3.189796974337089 220.81160354614258 509.2221145629883
55.94273160318206 -3.189796974337089 W 55.94273160318206 -3.1900969743370893 220.81160354614258 507.9721145629883
55.94273160318206 -3.1900969743370893 ENE 55.94284640821177 -3.189819810477336 220.81160354614258 506.7221145629883
55.94284640821177 -3.189819810477336 SE 55.942634276177415 -3.18960767844298 220.81160354614258 505.4721145629883
55.942634276177415 -3.18960767844298 E 55.942634276177415 -3.18930767844298 220.81160354614258 504.2221145629883
55.942634276177415 -3.18930767844298 ENE 55.942749081207126 -3.1890305145832265 220.81160354614258 502.9721145629883
55.942749081207126 -3.1890305145832265 ESE 55.942634276177415 -3.188753350723473 220.81160354614258 501.7221145629883
55.942634276177415 -3.188753350723473 ENE 55.942749081207126 -3.1884761868637197 220.81160354614258 500.4721145629883
55.942749081207126 -3.1884761868637197 NE 55.94296121324148 -3.188264054829364 220.81160354614258 499.2221145629883
55.94296121324148 -3.188264054829364 NNE 55.94323837710124 -3.1881492497996544 220.81160354614258 497.9721145629883
55.94323837710124 -3.1881492497996544 NE 55.943450509135594 -3.1879371177652986 264.1831855773926 553.7044486999512
55.943450509135594 -3.1879371177652986 WNW 55.943565314165305 -3.188214281625052 264.1831855773926 552.4544486999512
55.943565314165305 -3.188214281625052 NNW 55.94384247802506 -3.1883290866547616 264.1831855773926 551.2044486999512
55.94384247802506 -3.1883290866547616 ENE 55.94395728305477 -3.188051922795008 264.1831855773926 549.9544486999512
55.94395728305477 -3.188051922795008 WSW 55.94384247802506 -3.1883290866547616 264.1831855773926 548.7044486999512
55.94384247802506 -3.1883290866547616 SW 55.943630345990705 -3.1885412186891173 264.1831855773926 547.4544486999512
55.943630345990705 -3.1885412186891173 SE 55.94341821395635 -3.1883290866547616 264.1831855773926 546.2044486999512
55.94341821395635 -3.1883290866547616 NW 55.943630345990705 -3.1885412186891173 264.1831855773926 544.9544486999512
55.943630345990705 -3.1885412186891173 SSE 55.94335318213095 -3.188426413659408 264.1831855773926 543.7044486999512
55.94335318213095 -3.188426413659408 WSW 55.94323837710124 -3.1887035775191612 264.1831855773926 542.4544486999512
55.94323837710124 -3.1887035775191612 WNW 55.94335318213095 -3.1889807413789146 264.1831855773926 541.2044486999512
55.94335318213095 -3.1889807413789146 NNW 55.943630345990705 -3.189095546408624 274.9619550704956 607.9598655700684
55.943630345990705 -3.189095546408624 S 55.9433303459907 -3.189095546408624 274.9619550704956 606.7098655700684
55.9433303459907 -3.189095546408624 ENE 55.94344515102041 -3.1888183825488707 274.9619550704956 605.4598655700684
55.94344515102041 -3.1888183825488707 NE 55.94365728305477 -3.188606250514515 274.9619550704956 604.2098655700684
55.94365728305477 -3.188606250514515 NNE 55.943934446914525 -3.1884914454848055 274.9619550704956 602.9598655700684
55.943934446914525 -3.1884914454848055 NE 55.94414657894888 -3.1882793134504497 274.9619550704956 601.7098655700684
55.94414657894888 -3.1882793134504497 SE 55.943934446914525 -3.188067181416094 274.9619550704956 600.4598655700684
55.943934446914525 -3.188067181416094 N 55.94423444691453 -3.188067181416094 281.1439528465271 688.9886054992676
55.94423444691453 -3.188067181416094 ENE 55.94434925194424 -3.1877900175563405 281.1439528465271 687.7386054992676
55.94434925194424 -3.1877900175563405 S 55.944049251944236 -3.1877900175563405 281.1439528465271 686.4886054992676
55.944049251944236 -3.1877900175563405 E 55.944049251944236 -3.1874900175563403 281.1439528465271 685.2386054992676
55.944049251944236 -3.1874900175563403 N 55.94434925194424 -3.1874900175563403 281.1439528465271 683.9886054992676
55.94434925194424 -3.1874900175563403 NE 55.944561383978595 -3.1872778855219845 281.1439528465271 682.7386054992676
55.944561383978595 -3.1872778855219845 W 55.944561383978595 -3.1875778855219847 281.1439528465271 681.4886054992676
55.944561383978595 -3.1875778855219847 E 55.944561383978595 -3.1872778855219845 281.1439528465271 680.2386054992676
55.944561383978595 -3.1872778855219845 ENE 55.944676189008305 -3.187000721662231 281.1439528465271 678.9886054992676
55.944676189008305 -3.187000721662231 ENE 55.944790994038016 -3.1867235578024777 281.1439528465271 677.7386054992676
55.944790994038016 -3.1867235578024777 SE 55.94457886200366 -3.186511425768122 281.1439528465271 676.4886054992676
55.94457886200366 -3.186511425768122 NW 55.944790994038016 -3.1867235578024777 281.1439528465271 675.2386054992676
55.944790994038016 -3.1867235578024777 N 55.94509099403802 -3.1867235578024777 281.1439528465271 673.9886054992676
55.94509099403802 -3.1867235578024777 WNW 55.94520579906773 -3.187000721662231 281.1439528465271 672.7386054992676
55.94520579906773 -3.187000721662231 ESE 55.94509099403802 -3.1867235578024777 281.1439528465271 671.4886054992676
55.94509099403802 -3.1867235578024777 WNW 55.94520579906773 -3.187000721662231 281.1439528465271 670.2386054992676
55.94520579906773 -3.187000721662231 W 55.94520579906773 -3.1873007216622313 281.1439528465271 668.9886054992676
55.94520579906773 -3.1873007216622313 SSW 55.94492863520797 -3.187415526691941 281.1439528465271 667.7386054992676
55.94492863520797 -3.187415526691941 WNW 55.94504344023768 -3.1876926905516942 357.76710653305054 783.4405937194824
55.94504344023768 -3.1876926905516942 N 55.945343440237686 -3.1876926905516942 357.76710653305054 782.1905937194824
55.945343440237686 -3.1876926905516942 NNW 55.94562060409744 -3.1878074955814037 357.76710653305054 780.9405937194824
55.94562060409744 -3.1878074955814037 ENE 55.94573540912715 -3.1875303317216503 357.76710653305054 779.6905937194824
55.94573540912715 -3.1875303317216503 NNE 55.94601257298691 -3.187415526691941 357.76710653305054 778.4405937194824
55.94601257298691 -3.187415526691941 NE 55.946224705021265 -3.187203394657585 357.76710653305054 777.1905937194824
55.946224705021265 -3.187203394657585 SSE 55.94594754116151 -3.1870885896278756 357.76710653305054 775.9405937194824
55.94594754116151 -3.1870885896278756 ESE 55.9458327361318 -3.186811425768122 441.34313344955444 823.8781585693359
55.9458327361318 -3.186811425768122 NNE 55.946109899991555 -3.1866966207384126 441.34313344955444 822.6281585693359
55.946109899991555 -3.1866966207384126 W 55.946109899991555 -3.186996620738413 441.34313344955444 821.3781585693359
55.946109899991555 -3.186996620738413 E 55.946109899991555 -3.1866966207384126 441.34313344955444 820.1281585693359
55.946109899991555 -3.1866966207384126 ENE 55.946224705021265 -3.1864194568786592 441.34313344955444 818.8781585693359
55.946224705021265 -3.1864194568786592 SSE 55.94594754116151 -3.1863046518489497 441.34313344955444 817.6281585693359
55.94594754116151 -3.1863046518489497 ENE 55.94606234619122 -3.1860274879891963 441.34313344955444 816.3781585693359
55.94606234619122 -3.1860274879891963 WSW 55.94594754116151 -3.1863046518489497 441.34313344955444 815.1281585693359
55.94594754116151 -3.1863046518489497 SSE 55.94567037730175 -3.1861898468192402 441.34313344955444 813.8781585693359
55.94567037730175 -3.1861898468192402 ESE 55.94555557227204 -3.185912682959487 441.34313344955444 812.6281585693359
55.94555557227204 -3.185912682959487 NE 55.9457677043064 -3.185700550925131 441.34313344955444 811.3781585693359
55.9457677043064 -3.185700550925131 SW 55.94555557227204 -3.185912682959487 441.34313344955444 810.1281585693359
55.94555557227204 -3.185912682959487 SE 55.945343440237686 -3.185700550925131 470.3184103965759 932.8348693847656
55.945343440237686 -3.185700550925131 NW 55.94555557227204 -3.185912682959487 470.3184103965759 931.5848693847656
55.94555557227204 -3.185912682959487 SE 55.945343440237686 -3.185700550925131 470.3184103965759 930.3348693847656
55.945343440237686 -3.185700550925131 WNW 55.945458245267396 -3.1859777147848845 470.3184103965759 929.0848693847656
55.945458245267396 -3.1859777147848845 WNW 55.94557305029711 -3.186254878644638 470.3184103965759 927.8348693847656
55.94557305029711 -3.186254878644638 SSW 55.94529588643735 -3.1863696836743474 470.3184103965759 926.5848693847656
55.94529588643735 -3.1863696836743474 SW 55.945083754402994 -3.186581815708703 470.3184103965759 925.3348693847656
55.945083754402994 -3.186581815708703 ESE 55.94496894937328 -3.1863046518489497 470.3184103965759 924.0848693847656
55.94496894937328 -3.1863046518489497 SE 55.94475681733893 -3.186092519814594 470.3184103965759 922.8348693847656
55.94475681733893 -3.186092519814594 NE 55.94496894937328 -3.185880387780238 470.3184103965759 921.5848693847656
55.94496894937328 -3.185880387780238 WNW 55.945083754402994 -3.1861575516399916 470.3184103965759 920.3348693847656
55.945083754402994 -3.1861575516399916 ENE 55.945198559432704 -3.185880387780238 470.3184103965759 919.0848693847656
55.945198559432704 -3.185880387780238 E 55.945198559432704 -3.185580387780238 470.3184103965759 917.8348693847656
55.945198559432704 -3.185580387780238 NE 55.94541069146706 -3.1853682557458822 470.3184103965759 916.5848693847656
55.94541069146706 -3.1853682557458822 SE 55.945198559432704 -3.1851561237115265 502.6841025352478 1027.1080322265625
55.945198559432704 -3.1851561237115265 NNW 55.94547572329246 -3.185270928741236 502.6841025352478 1025.8580322265625
55.94547572329246 -3.185270928741236 SSE 55.945198559432704 -3.1851561237115265 502.6841025352478 1024.6080322265625
55.945198559432704 -3.1851561237115265 E 55.945198559432704 -3.1848561237115263 502.6841025352478 1023.3580322265625
55.945198559432704 -3.1848561237115263 SSE 55.94492139557295 -3.1847413186818168 502.6841025352478 1022.1080322265625
55.94492139557295 -3.1847413186818168 WNW 55.94503620060266 -3.18501848254157 562.0706725120544 1100.1660842895508
55.94503620060266 -3.18501848254157 SW 55.9448240685683 -3.185230614575926 562.0706725120544 1098.9160842895508
55.9448240685683 -3.185230614575926 SW 55.944611936533946 -3.1854427466102817 562.0706725120544 1097.6660842895508
55.944611936533946 -3.1854427466102817 WSW 55.944497131504235 -3.185719910470035 562.0706725120544 1096.4160842895508
55.944497131504235 -3.185719910470035 SW 55.94428499946988 -3.185932042504391 562.0706725120544 1095.1660842895508
55.94428499946988 -3.185932042504391 NNE 55.944562163329635 -3.1858172374746814 660.3639845848083 1168.2593460083008
55.944562163329635 -3.1858172374746814 NNE 55.94483932718939 -3.185702432444972 692.8935370445251 1250.6403503417969
55.94483932718939 -3.185702432444972 SE 55.944627195155036 -3.185490300410616 692.8935370445251 1249.3903503417969
55.944627195155036 -3.185490300410616 SE 55.94441506312068 -3.1852781683762603 692.8935370445251 1248.1403503417969
55.94441506312068 -3.1852781683762603 ESE 55.94430025809097 -3.185001004516507 692.8935370445251 1246.8903503417969
55.94430025809097 -3.185001004516507 ENE 55.94441506312068 -3.1847238406567535 782.8960928916931 1325.7748947143555
55.94441506312068 -3.1847238406567535 NE 55.944627195155036 -3.1845117086223977 782.8960928916931 1324.5248947143555
55.944627195155036 -3.1845117086223977 N 55.94492719515504 -3.1845117086223977 782.8960928916931 1323.2748947143555
55.94492719515504 -3.1845117086223977 N 55.94522719515504 -3.1845117086223977 782.8960928916931 1322.0248947143555
55.94522719515504 -3.1845117086223977 NNW 55.9455043590148 -3.1846265136521072 782.8960928916931 1320.7748947143555
55.9455043590148 -3.1846265136521072 N 55.9458043590148 -3.1846265136521072 782.8960928916931 1319.5248947143555
55.9458043590148 -3.1846265136521072 SSE 55.945527195155044 -3.1845117086223977 782.8960928916931 1318.2748947143555
55.945527195155044 -3.1845117086223977 NNW 55.9458043590148 -3.1846265136521072 782.8960928916931 1317.0248947143555
55.9458043590148 -3.1846265136521072 E 55.9458043590148 -3.184326513652107 782.8960928916931 1315.7748947143555
55.9458043590148 -3.184326513652107 WSW 55.94568955398509 -3.1846036775118605 782.8960928916931 1314.5248947143555
55.94568955398509 -3.1846036775118605 ENE 55.9458043590148 -3.184326513652107 782.8960928916931 1313.2748947143555
55.9458043590148 -3.184326513652107 WSW 55.94568955398509 -3.1846036775118605 782.8960928916931 1312.0248947143555
55.94568955398509 -3.1846036775118605 WSW 55.94557474895538 -3.184880841371614 782.8960928916931 1310.7748947143555
55.94557474895538 -3.184880841371614 WNW 55.94568955398509 -3.1851580052313673 782.8960928916931 1309.5248947143555
55.94568955398509 -3.1851580052313673 NW 55.94590168601945 -3.185370137265723 782.8960928916931 1308.2748947143555
55.94590168601945 -3.185370137265723 NNE 55.9461788498792 -3.1852553322360135 889.0989127159119 1314.196373462677
55.9461788498792 -3.1852553322360135 SW 55.94596671784485 -3.1854674642703693 889.0989127159119 1312.946373462677
55.94596671784485 -3.1854674642703693 W 55.94596671784485 -3.1857674642703695 889.0989127159119 1311.696373462677
55.94596671784485 -3.1857674642703695 W 55.94596671784485 -3.1860674642703697 889.0989127159119 1310.446373462677
55.94596671784485 -3.1860674642703697 WSW 55.94585191281514 -3.186344628130123 911.0112700462341 1313.3636765480042
55.94585191281514 -3.186344628130123 W 55.94585191281514 -3.1866446281301233 911.0112700462341 1312.1136765480042
55.94585191281514 -3.1866446281301233 SW 55.94563978078078 -3.186856760164479 911.0112700462341 1310.8636765480042
55.94563978078078 -3.186856760164479 WNW 55.94575458581049 -3.1871339240242325 911.0112700462341 1309.6136765480042
55.94575458581049 -3.1871339240242325 WNW 55.9458693908402 -3.187411087883986 911.0112700462341 1308.3636765480042
55.9458693908402 -3.187411087883986 NW 55.94608152287456 -3.1876232199183416 911.0112700462341 1307.1136765480042
55.94608152287456 -3.1876232199183416 W 55.94608152287456 -3.187923219918342 911.0112700462341 1305.8636765480042
55.94608152287456 -3.187923219918342 W 55.94608152287456 -3.188223219918342 979.0582823753357 1401.9178376197815
55.94608152287456 -3.188223219918342 W 55.94608152287456 -3.188523219918342 979.0582823753357 1400.6678376197815
55.94608152287456 -3.188523219918342 SSW 55.9458043590148 -3.1886380249480517 979.0582823753357 1399.4178376197815
55.9458043590148 -3.1886380249480517 SW 55.945592226980445 -3.1888501569824075 979.0582823753357 1398.1678376197815
55.945592226980445 -3.1888501569824075 WNW 55.945707032010155 -3.189127320842161 979.0582823753357 1396.9178376197815
55.945707032010155 -3.189127320842161 ESE 55.945592226980445 -3.1888501569824075 979.0582823753357 1395.6678376197815
55.945592226980445 -3.1888501569824075 SE 55.94538009494609 -3.1886380249480517 1090.8029112815857 1490.085913181305
55.94538009494609 -3.1886380249480517 NE 55.945592226980445 -3.188425892913696 1191.5678572654724 1565.9188828468323
55.945592226980445 -3.188425892913696 NW 55.9458043590148 -3.1886380249480517 1191.5678572654724 1564.6688828468323
55.9458043590148 -3.1886380249480517 SE 55.945592226980445 -3.188425892913696 1191.5678572654724 1563.4188828468323
55.945592226980445 -3.188425892913696 WNW 55.945707032010155 -3.1887030567734493 1191.5678572654724 1562.1688828468323
55.945707032010155 -3.1887030567734493 ESE 55.945592226980445 -3.188425892913696 1191.5678572654724 1560.9188828468323
55.945592226980445 -3.188425892913696 ENE 55.945707032010155 -3.1881487290539425 1191.5678572654724 1559.6688828468323
55.945707032010155 -3.1881487290539425 SSE 55.9454298681504 -3.188033924024233 1191.5678572654724 1558.4188828468323
55.9454298681504 -3.188033924024233 SSW 55.94515270429064 -3.1881487290539425 1191.5678572654724 1557.1688828468323
55.94515270429064 -3.1881487290539425 W 55.94515270429064 -3.1884487290539427 1266.515130519867 1659.3143219947815
55.94515270429064 -3.1884487290539427 SSE 55.944875540430886 -3.188333924024233 1266.515130519867 1658.0643219947815
55.944875540430886 -3.188333924024233 SE 55.94466340839653 -3.1881217919898774 1266.515130519867 1656.8143219947815
55.94466340839653 -3.1881217919898774 W 55.94466340839653 -3.1884217919898776 1266.515130519867 1655.5643219947815
55.94466340839653 -3.1884217919898776 E 55.94466340839653 -3.1881217919898774 1266.515130519867 1654.3143219947815
55.94466340839653 -3.1881217919898774 E 55.94466340839653 -3.1878217919898773 1266.515130519867 1653.0643219947815
55.94466340839653 -3.1878217919898773 ESE 55.94454860336682 -3.187544628130124 1266.515130519867 1651.8143219947815
55.94454860336682 -3.187544628130124 ESE 55.94443379833711 -3.1872674642703704 1266.515130519867 1650.5643219947815
55.94443379833711 -3.1872674642703704 SSE 55.94415663447735 -3.187152659240661 1356.1982741355896 1656.6489520072937
55.94415663447735 -3.187152659240661 E 55.94415663447735 -3.1868526592406607 1356.1982741355896 1655.3989520072937
55.94415663447735 -3.1868526592406607 S 55.94385663447735 -3.1868526592406607 1356.1982741355896 1654.1489520072937
55.94385663447735 -3.1868526592406607 S 55.943556634477346 -3.1868526592406607 1356.1982741355896 1652.8989520072937
55.943556634477346 -3.1868526592406607 NNW 55.9438337983371 -3.1869674642703703 1356.1982741355896 1651.6489520072937
55.9438337983371 -3.1869674642703703 WSW 55.94371899330739 -3.1872446281301237 1356.1982741355896 1650.3989520072937
55.94371899330739 -3.1872446281301237 W 55.94371899330739 -3.187544628130124 1356.1982741355896 1649.1489520072937
55.94371899330739 -3.187544628130124 E 55.94371899330739 -3.1872446281301237 1356.1982741355896 1647.8989520072937
55.94371899330739 -3.1872446281301237 W 55.94371899330739 -3.187544628130124 1356.1982741355896 1646.6489520072937
55.94371899330739 -3.187544628130124 ESE 55.94360418827768 -3.1872674642703704 1356.1982741355896 1645.3989520072937
55.94360418827768 -3.1872674642703704 SSW 55.943327024417925 -3.18738226930008 1356.1982741355896 1644.1489520072937
55.943327024417925 -3.18738226930008 E 55.943327024417925 -3.1870822693000798 1356.1982741355896 1642.8989520072937
55.943327024417925 -3.1870822693000798 SSE 55.94304986055817 -3.1869674642703703 1356.1982741355896 1641.6489520072937
55.94304986055817 -3.1869674642703703 SSE 55.94277269669841 -3.1868526592406607 1356.1982741355896 1640.3989520072937
55.94277269669841 -3.1868526592406607 NW 55.94298482873277 -3.1870647912750165 1356.1982741355896 1639.1489520072937
55.94298482873277 -3.1870647912750165 SSE 55.94270766487301 -3.186949986245307 1356.1982741355896 1637.8989520072937
55.94270766487301 -3.186949986245307 NE 55.94291979690737 -3.1867378542109512 1356.1982741355896 1636.6489520072937
55.94291979690737 -3.1867378542109512 ENE 55.94303460193708 -3.186460690351198 1356.1982741355896 1635.3989520072937
55.94303460193708 -3.186460690351198 ENE 55.94314940696679 -3.1861835264914444 1356.1982741355896 1634.1489520072937
55.94314940696679 -3.1861835264914444 ENE 55.9432642119965 -3.185906362631691 1356.1982741355896 1632.8989520072937
55.9432642119965 -3.185906362631691 SSW 55.94298704813674 -3.1860211676614005 1356.1982741355896 1631.6489520072937
55.94298704813674 -3.1860211676614005 SSW 55.94270988427699 -3.18613597269111 1356.1982741355896 1630.3989520072937
55.94270988427699 -3.18613597269111 NE 55.94292201631134 -3.1859238406567543 1356.1982741355896 1629.1489520072937
55.94292201631134 -3.1859238406567543 E 55.94292201631134 -3.185623840656754 1356.1982741355896 1627.8989520072937
55.94292201631134 -3.185623840656754 SSW 55.942644852451586 -3.1857386456864636 1356.1982741355896 1626.6489520072937
55.942644852451586 -3.1857386456864636 N 55.94294485245159 -3.1857386456864636 1356.1982741355896 1625.3989520072937
55.94294485245159 -3.1857386456864636 NNE 55.943222016311346 -3.185623840656754 1356.1982741355896 1624.1489520072937
55.943222016311346 -3.185623840656754 NE 55.9434341483457 -3.1854117086223983 1356.1982741355896 1622.8989520072937
55.9434341483457 -3.1854117086223983 NE 55.94364628038006 -3.1851995765880425 1356.1982741355896 1621.6489520072937
55.94364628038006 -3.1851995765880425 S 55.943346280380055 -3.1851995765880425 1356.1982741355896 1620.3989520072937
55.943346280380055 -3.1851995765880425 W 55.943346280380055 -3.1854995765880427 1356.1982741355896 1619.1489520072937
55.943346280380055 -3.1854995765880427 ENE 55.943461085409766 -3.1852224127282893 1356.1982741355896 1617.8989520072937
55.943461085409766 -3.1852224127282893 SE 55.94324895337541 -3.1850102806939335 1356.1982741355896 1616.6489520072937
55.94324895337541 -3.1850102806939335 SE 55.94303682134105 -3.1847981486595778 1414.9625220298767 1670.1766543388367
55.94303682134105 -3.1847981486595778 ESE 55.94292201631134 -3.1845209847998244 1414.9625220298767 1668.9266543388367
55.94292201631134 -3.1845209847998244 SSE 55.942644852451586 -3.184406179770115 1414.9625220298767 1667.6766543388367
55.942644852451586 -3.184406179770115 N 55.94294485245159 -3.184406179770115 1414.9625220298767 1666.4266543388367
55.94294485245159 -3.184406179770115 N 55.94324485245159 -3.184406179770115 1414.9625220298767 1665.1766543388367
55.94324485245159 -3.184406179770115 N 55.943544852451595 -3.184406179770115 1414.9625220298767 1663.9266543388367
55.943544852451595 -3.184406179770115 NW 55.94375698448595 -3.1846183118044706 1414.9625220298767 1662.6766543388367
55.94375698448595 -3.1846183118044706 WNW 55.94387178951566 -3.184895475664224 1414.9625220298767 1661.4266543388367
55.94387178951566 -3.184895475664224 NW 55.94408392155002 -3.18510760769858 1414.9625220298767 1660.1766543388367
55.94408392155002 -3.18510760769858 W 55.94408392155002 -3.18540760769858 1414.9625220298767 1658.9266543388367
55.94408392155002 -3.18540760769858 SW 55.94387178951566 -3.1856197397329358 1414.9625220298767 1657.6766543388367
55.94387178951566 -3.1856197397329358 W 55.94387178951566 -3.185919739732936 1414.9625220298767 1656.4266543388367
55.94387178951566 -3.185919739732936 W 55.94387178951566 -3.186219739732936 1414.9625220298767 1655.1766543388367
55.94387178951566 -3.186219739732936 NNE 55.94414895337542 -3.1861049347032266 1414.9625220298767 1653.9266543388367
55.94414895337542 -3.1861049347032266 SSW 55.94387178951566 -3.186219739732936 1414.9625220298767 1652.6766543388367
55.94387178951566 -3.186219739732936 NNW 55.94414895337542 -3.1863345447626457 1414.9625220298767 1651.4266543388367
55.94414895337542 -3.1863345447626457 SSE 55.94387178951566 -3.186219739732936 1414.9625220298767 1650.1766543388367
55.94387178951566 -3.186219739732936 SSE 55.943594625655905 -3.1861049347032266 1414.9625220298767 1648.9266543388367
55.943594625655905 -3.1861049347032266 NW 55.94380675769026 -3.1863170667375824 1414.9625220298767 1647.6766543388367
55.94380675769026 -3.1863170667375824 NNW 55.94408392155002 -3.186431871767292 1414.9625220298767 1646.4266543388367
55.94408392155002 -3.186431871767292 ESE 55.94396911652031 -3.1861547079075385 1414.9625220298767 1645.1766543388367
55.94396911652031 -3.1861547079075385 NW 55.94418124855466 -3.1863668399418943 1414.9625220298767 1643.9266543388367
55.94418124855466 -3.1863668399418943 W 55.94418124855466 -3.1866668399418945 1414.9625220298767 1642.6766543388367
55.94418124855466 -3.1866668399418945 SSE 55.94390408469491 -3.186552034912185 1414.9625220298767 1641.4266543388367
55.94390408469491 -3.186552034912185 S 55.943604084694904 -3.186552034912185 1418.6566896438599 1726.62793302536
55.943604084694904 -3.186552034912185 N 55.94390408469491 -3.186552034912185 1418.6566896438599 1725.37793302536
55.94390408469491 -3.186552034912185 WNW 55.94401888972462 -3.1868291987719384 1418.6566896438599 1724.12793302536
55.94401888972462 -3.1868291987719384 WNW 55.94413369475433 -3.187106362631692 1418.6566896438599 1722.87793302536
55.94413369475433 -3.187106362631692 W 55.94413369475433 -3.187406362631692 1418.6566896438599 1721.62793302536
55.94413369475433 -3.187406362631692 W 55.94413369475433 -3.187706362631692 1418.6566896438599 1720.37793302536
55.94413369475433 -3.187706362631692 WNW 55.94424849978404 -3.1879835264914456 1418.6566896438599 1719.12793302536
55.94424849978404 -3.1879835264914456 W 55.94424849978404 -3.1882835264914458 1418.6566896438599 1717.87793302536
55.94424849978404 -3.1882835264914458 NW 55.944460631818394 -3.1884956585258015 1418.6566896438599 1716.62793302536
55.944460631818394 -3.1884956585258015 WNW 55.944575436848105 -3.188772822385555 1418.6566896438599 1715.37793302536
55.944575436848105 -3.188772822385555 NNW 55.94485260070786 -3.1888876274152644 1418.6566896438599 1714.12793302536
55.94485260070786 -3.1888876274152644 W 55.94485260070786 -3.1891876274152646 1418.6566896438599 1712.87793302536
55.94485260070786 -3.1891876274152646 SSW 55.944575436848105 -3.189302432444974 1418.6566896438599 1711.62793302536
55.944575436848105 -3.189302432444974 WNW 55.944690241877815 -3.1895795963047275 1418.6566896438599 1710.37793302536
55.944690241877815 -3.1895795963047275 SW 55.94447810984346 -3.1897917283390833 1418.6566896438599 1709.12793302536
55.94447810984346 -3.1897917283390833 WNW 55.94459291487317 -3.1900688921988367 1418.6566896438599 1707.87793302536
55.94459291487317 -3.1900688921988367 SW 55.94438078283881 -3.1902810242331925 1418.6566896438599 1706.62793302536
55.94438078283881 -3.1902810242331925 N 55.944680782838816 -3.1902810242331925 1418.6566896438599 1705.37793302536
55.944680782838816 -3.1902810242331925 NNW 55.94495794669857 -3.190395829262902 1418.6566896438599 1704.12793302536
55.94495794669857 -3.190395829262902 NNE 55.94523511055833 -3.1902810242331925 1418.6566896438599 1702.87793302536
55.94523511055833 -3.1902810242331925 WNW 55.94534991558804 -3.190558188092946 1542.5544786453247 1730.8793406486511
55.94534991558804 -3.190558188092946 ESE 55.94523511055833 -3.1902810242331925 1542.5544786453247 1729.6293406486511
55.94523511055833 -3.1902810242331925 NNW 55.945512274418085 -3.190395829262902 1542.5544786453247 1728.3793406486511
55.945512274418085 -3.190395829262902 WSW 55.945397469388375 -3.1906729931226554 1542.5544786453247 1727.1293406486511
