55.944425 -3.188396 NW 55.94463713203436 -3.188608132034356 0.0 248.75
55.94463713203436 -3.188608132034356 ESE 55.94452232700465 -3.1883309681746024 0.0 247.5
55.94452232700465 -3.1883309681746024 SSE 55.94424516314489 -3.188216163144893 0.0 246.25
55.94424516314489 -3.188216163144893 NNW 55.94452232700465 -3.1883309681746024 0.0 245.0
55.94452232700465 -3.1883309681746024 SSE 55.94424516314489 -3.188216163144893 0.0 243.75
55.94424516314489 -3.188216163144893 NNW 55.94452232700465 -3.1883309681746024 0.0 242.5
55.94452232700465 -3.1883309681746024 S 55.944222327004645 -3.1883309681746024 0.0 241.25
55.944222327004645 -3.1883309681746024 NNE 55.9444994908644 -3.188216163144893 0.0 240.0
55.9444994908644 -3.188216163144893 NW 55.94471162289876 -3.1884282951792486 0.0 238.75
55.94471162289876 -3.1884282951792486 SE 55.9444994908644 -3.188216163144893 0.0 237.5
55.9444994908644 -3.188216163144893 SSE 55.944222327004645 -3.1881013581151834 0.0 236.25
55.944222327004645 -3.1881013581151834 NNW 55.9444994908644 -3.188216163144893 0.0 235.0
55.9444994908644 -3.188216163144893 N 55.944799490864405 -3.188216163144893 0.0 233.75
55.944799490864405 -3.188216163144893 SSW 55.94452232700465 -3.1883309681746024 0.0 232.5
55.94452232700465 -3.1883309681746024 NNE 55.944799490864405 -3.188216163144893 0.0 231.25
55.944799490864405 -3.188216163144893 SSW 55.94452232700465 -3.1883309681746024 0.0 230.0
55.94452232700465 -3.1883309681746024 N 55.94482232700465 -3.1883309681746024 0.0 228.75
55.94482232700465 -3.1883309681746024 SW 55.944610194970295 -3.188543100208958 67.90696716308594 244.7387638092041
55.944610194970295 -3.188543100208958 N 55.9449101949703 -3.188543100208958 67.90696716308594 243.4887638092041
55.9449101949703 -3.188543100208958 S 55.944610194970295 -3.188543100208958 67.90696716308594 242.2387638092041
55.944610194970295 -3.188543100208958 NW 55.94482232700465 -3.188755232243314 67.90696716308594 240.9887638092041
55.94482232700465 -3.188755232243314 SE 55.944610194970295 -3.188543100208958 67.90696716308594 239.7387638092041
55.944610194970295 -3.188543100208958 WNW 55.944725000000005 -3.1888202640687116 67.90696716308594 238.4887638092041
55.944725000000005 -3.1888202640687116 ESE 55.944610194970295 -3.188543100208958 67.90696716308594 237.2387638092041
55.944610194970295 -3.188543100208958 WSW 55.944495389940585 -3.1888202640687116 67.90696716308594 235.9887638092041
55.944495389940585 -3.1888202640687116 ENE 55.944610194970295 -3.188543100208958 67.90696716308594 234.7387638092041
55.944610194970295 -3.188543100208958 NNE 55.94488735883005 -3.1884282951792486 136.56227111816406 317.41453742980957
55.94488735883005 -3.1884282951792486 SSW 55.944610194970295 -3.188543100208958 136.56227111816406 316.16453742980957
55.944610194970295 -3.188543100208958 S 55.94431019497029 -3.188543100208958 136.56227111816406 314.91453742980957
55.94431019497029 -3.188543100208958 N 55.944610194970295 -3.188543100208958 136.56227111816406 313.66453742980957
55.944610194970295 -3.188543100208958 SSE 55.94433303111054 -3.1884282951792486 136.56227111816406 312.41453742980957
55.94433303111054 -3.1884282951792486 NW 55.944545163144895 -3.1886404272136044 136.56227111816406 311.16453742980957
55.944545163144895 -3.1886404272136044 SSE 55.94426799928514 -3.188525622183895 136.56227111816406 309.91453742980957
55.94426799928514 -3.188525622183895 NW 55.944480131319494 -3.1887377542182507 136.56227111816406 308.66453742980957
55.944480131319494 -3.1887377542182507 SE 55.94426799928514 -3.188525622183895 136.56227111816406 307.41453742980957
55.94426799928514 -3.188525622183895 NW 55.944480131319494 -3.1887377542182507 136.56227111816406 306.16453742980957
55.944480131319494 -3.1887377542182507 SE 55.94426799928514 -3.188525622183895 136.56227111816406 304.91453742980957
55.94426799928514 -3.188525622183895 NW 55.944480131319494 -3.1887377542182507 136.56227111816406 303.66453742980957
55.944480131319494 -3.1887377542182507 WNW 55.944594936349205 -3.189014918078004 136.56227111816406 302.41453742980957
55.944594936349205 -3.189014918078004 ESE 55.944480131319494 -3.1887377542182507 136.56227111816406 301.16453742980957
55.944480131319494 -3.1887377542182507 ESE 55.944365326289784 -3.1884605903584973 136.56227111816406 299.91453742980957
55.944365326289784 -3.1884605903584973 WNW 55.944480131319494 -3.1887377542182507 136.56227111816406 298.66453742980957
55.944480131319494 -3.1887377542182507 NNW 55.94475729517925 -3.18885255924796 136.56227111816406 297.41453742980957
55.94475729517925 -3.18885255924796 SSE 55.944480131319494 -3.1887377542182507 136.56227111816406 296.16453742980957
55.944480131319494 -3.1887377542182507 ENE 55.944594936349205 -3.1884605903584973 136.56227111816406 294.91453742980957
55.944594936349205 -3.1884605903584973 WSW 55.944480131319494 -3.1887377542182507 136.56227111816406 293.66453742980957
55.944480131319494 -3.1887377542182507 NW 55.94469226335385 -3.1889498862526064 136.56227111816406 292.41453742980957
55.94469226335385 -3.1889498862526064 SSE 55.944415099494094 -3.188835081222897 136.56227111816406 291.16453742980957
55.944415099494094 -3.188835081222897 NNW 55.94469226335385 -3.1889498862526064 136.56227111816406 289.91453742980957
55.94469226335385 -3.1889498862526064 SSE 55.944415099494094 -3.188835081222897 136.56227111816406 288.66453742980957
55.944415099494094 -3.188835081222897 WNW 55.944529904523804 -3.1891122450826503 136.56227111816406 287.41453742980957
55.944529904523804 -3.1891122450826503 SE 55.94431777248945 -3.1889001130482946 136.56227111816406 286.16453742980957
55.94431777248945 -3.1889001130482946 SSE 55.94404060862969 -3.188785308018585 136.56227111816406 284.91453742980957
55.94404060862969 -3.188785308018585 NNW 55.94431777248945 -3.1889001130482946 136.56227111816406 283.66453742980957
55.94431777248945 -3.1889001130482946 NE 55.944529904523804 -3.188687981013939 136.56227111816406 282.41453742980957
55.944529904523804 -3.188687981013939 SW 55.94431777248945 -3.1889001130482946 136.56227111816406 281.16453742980957
55.94431777248945 -3.1889001130482946 ENE 55.94443257751916 -3.188622949188541 136.56227111816406 279.91453742980957
55.94443257751916 -3.188622949188541 W 55.94443257751916 -3.1889229491885414 136.56227111816406 278.66453742980957
55.94443257751916 -3.1889229491885414 W 55.94443257751916 -3.1892229491885415 136.56227111816406 277.41453742980957
55.94443257751916 -3.1892229491885415 ESE 55.94431777248945 -3.188945785328788 136.56227111816406 276.16453742980957
55.94431777248945 -3.188945785328788 WSW 55.94420296745974 -3.1892229491885415 136.56227111816406 274.91453742980957
55.94420296745974 -3.1892229491885415 E 55.94420296745974 -3.1889229491885414 136.56227111816406 273.66453742980957
55.94420296745974 -3.1889229491885414 S 55.943902967459735 -3.1889229491885414 245.57540893554688 312.3069591522217
55.943902967459735 -3.1889229491885414 N 55.94420296745974 -3.1889229491885414 245.57540893554688 311.0569591522217
55.94420296745974 -3.1889229491885414 S 55.943902967459735 -3.1889229491885414 245.57540893554688 309.8069591522217
55.943902967459735 -3.1889229491885414 N 55.94420296745974 -3.1889229491885414 245.57540893554688 308.5569591522217
55.94420296745974 -3.1889229491885414 SW 55.94399083542538 -3.189135081222897 245.57540893554688 307.3069591522217
55.94399083542538 -3.189135081222897 NE 55.94420296745974 -3.1889229491885414 245.57540893554688 306.0569591522217
55.94420296745974 -3.1889229491885414 SW 55.94399083542538 -3.189135081222897 245.57540893554688 304.8069591522217
55.94399083542538 -3.189135081222897 N 55.944290835425385 -3.189135081222897 330.6752243041992 308.0102505683899
55.944290835425385 -3.189135081222897 SSW 55.94401367156563 -3.1892498862526066 330.6752243041992 306.7602505683899
55.94401367156563 -3.1892498862526066 NNE 55.944290835425385 -3.189135081222897 330.6752243041992 305.5102505683899
55.944290835425385 -3.189135081222897 SW 55.94407870339103 -3.189347213257253 330.6752243041992 304.2602505683899
55.94407870339103 -3.189347213257253 NNE 55.944355867250785 -3.1892324082275434 330.6752243041992 303.0102505683899
55.944355867250785 -3.1892324082275434 SW 55.94414373521643 -3.189444540261899 445.2586669921875 307.7827305793762
55.94414373521643 -3.189444540261899 NE 55.944355867250785 -3.1892324082275434 445.2586669921875 306.5327305793762
55.944355867250785 -3.1892324082275434 SW 55.94414373521643 -3.189444540261899 445.2586669921875 305.2827305793762
55.94414373521643 -3.189444540261899 S 55.943843735216426 -3.189444540261899 445.2586669921875 304.0327305793762
55.943843735216426 -3.189444540261899 N 55.94414373521643 -3.189444540261899 445.2586669921875 302.7827305793762
55.94414373521643 -3.189444540261899 W 55.94414373521643 -3.1897445402618994 445.2586669921875 301.5327305793762
55.94414373521643 -3.1897445402618994 E 55.94414373521643 -3.189444540261899 445.2586669921875 300.2827305793762
55.94414373521643 -3.189444540261899 W 55.94414373521643 -3.1897445402618994 445.2586669921875 299.0327305793762
55.94414373521643 -3.1897445402618994 E 55.94414373521643 -3.189444540261899 445.2586669921875 297.7827305793762
55.94414373521643 -3.189444540261899 W 55.94414373521643 -3.1897445402618994 445.2586669921875 296.5327305793762
55.94414373521643 -3.1897445402618994 SW 55.94393160318207 -3.189956672296255 445.2586669921875 295.2827305793762
55.94393160318207 -3.189956672296255 NE 55.94414373521643 -3.1897445402618994 445.2586669921875 294.0327305793762
55.94414373521643 -3.1897445402618994 SE 55.94393160318207 -3.1895324082275436 445.2586669921875 292.7827305793762
55.94393160318207 -3.1895324082275436 NW 55.94414373521643 -3.1897445402618994 445.2586669921875 291.5327305793762
55.94414373521643 -3.1897445402618994 WNW 55.94425854024614 -3.1900217041216528 485.12489318847656 319.06288957595825
55.94425854024614 -3.1900217041216528 ESE 55.94414373521643 -3.1897445402618994 485.12489318847656 317.81288957595825
55.94414373521643 -3.1897445402618994 WNW 55.94425854024614 -3.1900217041216528 485.12489318847656 316.56288957595825
55.94425854024614 -3.1900217041216528 ESE 55.94414373521643 -3.1897445402618994 485.12489318847656 315.31288957595825
55.94414373521643 -3.1897445402618994 WSW 55.94402893018672 -3.1900217041216528 485.12489318847656 314.06288957595825
55.94402893018672 -3.1900217041216528 ENE 55.94414373521643 -3.1897445402618994 485.12489318847656 312.81288957595825
55.94414373521643 -3.1897445402618994 SW 55.94393160318207 -3.189956672296255 485.12489318847656 311.56288957595825
55.94393160318207 -3.189956672296255 NE 55.94414373521643 -3.1897445402618994 485.12489318847656 310.31288957595825
55.94414373521643 -3.1897445402618994 SSW 55.94386657135667 -3.189859345291609 485.12489318847656 309.06288957595825
55.94386657135667 -3.189859345291609 NNE 55.94414373521643 -3.1897445402618994 485.12489318847656 307.81288957595825
55.94414373521643 -3.1897445402618994 S 55.943843735216426 -3.1897445402618994 485.12489318847656 306.56288957595825
55.943843735216426 -3.1897445402618994 NNE 55.94412089907618 -3.18962973523219 485.12489318847656 305.31288957595825
55.94412089907618 -3.18962973523219 SSE 55.943843735216426 -3.1895149302024803 485.12489318847656 304.06288957595825
55.943843735216426 -3.1895149302024803 W 55.943843735216426 -3.1898149302024805 603.1665725708008 328.6644501686096
55.943843735216426 -3.1898149302024805 E 55.943843735216426 -3.1895149302024803 603.1665725708008 327.4144501686096
55.943843735216426 -3.1895149302024803 WSW 55.943728930186715 -3.1897920940622337 603.1665725708008 326.1644501686096
55.943728930186715 -3.1897920940622337 ENE 55.943843735216426 -3.1895149302024803 603.1665725708008 324.9144501686096
55.943843735216426 -3.1895149302024803 WSW 55.943728930186715 -3.1897920940622337 603.1665725708008 323.6644501686096
55.943728930186715 -3.1897920940622337 SW 55.94351679815236 -3.1900042260965895 603.1665725708008 322.4144501686096
55.94351679815236 -3.1900042260965895 NE 55.943728930186715 -3.1897920940622337 603.1665725708008 321.1644501686096
55.943728930186715 -3.1897920940622337 NNW 55.94400609404647 -3.1899068990919432 603.1665725708008 319.9144501686096
55.94400609404647 -3.1899068990919432 SSE 55.943728930186715 -3.1897920940622337 603.1665725708008 318.6644501686096
55.943728930186715 -3.1897920940622337 NNW 55.94400609404647 -3.1899068990919432 603.1665725708008 317.4144501686096
55.94400609404647 -3.1899068990919432 SSE 55.943728930186715 -3.1897920940622337 603.1665725708008 316.1644501686096
55.943728930186715 -3.1897920940622337 NNW 55.94400609404647 -3.1899068990919432 603.1665725708008 314.9144501686096
55.94400609404647 -3.1899068990919432 SSW 55.943728930186715 -3.1900217041216528 603.1665725708008 313.6644501686096
55.943728930186715 -3.1900217041216528 N 55.94402893018672 -3.1900217041216528 603.1665725708008 312.4144501686096
55.94402893018672 -3.1900217041216528 SW 55.94381679815236 -3.1902338361560085 603.1665725708008 311.1644501686096
55.94381679815236 -3.1902338361560085 NE 55.94402893018672 -3.1900217041216528 603.1665725708008 309.9144501686096
55.94402893018672 -3.1900217041216528 SW 55.94381679815236 -3.1902338361560085 603.1665725708008 308.6644501686096
55.94381679815236 -3.1902338361560085 NE 55.94402893018672 -3.1900217041216528 603.1665725708008 307.4144501686096
55.94402893018672 -3.1900217041216528 SW 55.94381679815236 -3.1902338361560085 603.1665725708008 306.1644501686096
55.94381679815236 -3.1902338361560085 NNE 55.94409396201212 -3.190119031126299 603.1665725708008 304.9144501686096
55.94409396201212 -3.190119031126299 SSW 55.94381679815236 -3.1902338361560085 603.1665725708008 303.6644501686096
55.94381679815236 -3.1902338361560085 NW 55.94402893018672 -3.1904459681903643 603.1665725708008 302.4144501686096
55.94402893018672 -3.1904459681903643 SE 55.94381679815236 -3.1902338361560085 603.1665725708008 301.1644501686096
55.94381679815236 -3.1902338361560085 NW 55.94402893018672 -3.1904459681903643 603.1665725708008 299.9144501686096
55.94402893018672 -3.1904459681903643 SE 55.94381679815236 -3.1902338361560085 603.1665725708008 298.6644501686096
55.94381679815236 -3.1902338361560085 WNW 55.94393160318207 -3.190511000015762 603.1665725708008 297.4144501686096
55.94393160318207 -3.190511000015762 ESE 55.94381679815236 -3.1902338361560085 603.1665725708008 296.1644501686096
55.94381679815236 -3.1902338361560085 W 55.94381679815236 -3.1905338361560087 603.1665725708008 294.9144501686096
55.94381679815236 -3.1905338361560087 E 55.94381679815236 -3.1902338361560085 603.1665725708008 293.6644501686096
55.94381679815236 -3.1902338361560085 W 55.94381679815236 -3.1905338361560087 603.1665725708008 292.4144501686096
55.94381679815236 -3.1905338361560087 E 55.94381679815236 -3.1902338361560085 603.1665725708008 291.1644501686096
55.94381679815236 -3.1902338361560085 WNW 55.94393160318207 -3.190511000015762 603.1665725708008 289.9144501686096
55.94393160318207 -3.190511000015762 E 55.94393160318207 -3.1902110000157617 603.1665725708008 288.6644501686096
55.94393160318207 -3.1902110000157617 NW 55.94414373521643 -3.1904231320501175 603.1665725708008 287.4144501686096
55.94414373521643 -3.1904231320501175 SE 55.94393160318207 -3.1902110000157617 603.1665725708008 286.1644501686096
55.94393160318207 -3.1902110000157617 N 55.944231603182075 -3.1902110000157617 603.1665725708008 284.9144501686096
55.944231603182075 -3.1902110000157617 SSE 55.94395443932232 -3.1900961949860522 603.1665725708008 283.6644501686096
55.94395443932232 -3.1900961949860522 NNW 55.944231603182075 -3.1902110000157617 603.1665725708008 282.4144501686096
55.944231603182075 -3.1902110000157617 SE 55.94401947114772 -3.189998867981406 603.1665725708008 281.1644501686096
55.94401947114772 -3.189998867981406 NW 55.944231603182075 -3.1902110000157617 603.1665725708008 279.9144501686096
55.944231603182075 -3.1902110000157617 SE 55.94401947114772 -3.189998867981406 603.1665725708008 278.6644501686096
55.94401947114772 -3.189998867981406 SW 55.94380733911336 -3.1902110000157617 603.1665725708008 277.4144501686096
55.94380733911336 -3.1902110000157617 NE 55.94401947114772 -3.189998867981406 603.1665725708008 276.1644501686096
55.94401947114772 -3.189998867981406 NNE 55.944296635007476 -3.1898840629516965 603.1665725708008 274.9144501686096
55.944296635007476 -3.1898840629516965 SSW 55.94401947114772 -3.189998867981406 603.1665725708008 273.6644501686096
55.94401947114772 -3.189998867981406 N 55.94431947114772 -3.189998867981406 628.4891662597656 345.49931955337524
55.94431947114772 -3.189998867981406 SSE 55.944042307287965 -3.1898840629516965 628.4891662597656 344.24931955337524
55.944042307287965 -3.1898840629516965 W 55.944042307287965 -3.1901840629516967 628.4891662597656 342.99931955337524
55.944042307287965 -3.1901840629516967 E 55.944042307287965 -3.1898840629516965 628.4891662597656 341.74931955337524
55.944042307287965 -3.1898840629516965 NNW 55.94431947114772 -3.189998867981406 628.4891662597656 340.49931955337524
55.94431947114772 -3.189998867981406 S 55.94401947114772 -3.189998867981406 628.4891662597656 339.24931955337524
55.94401947114772 -3.189998867981406 N 55.94431947114772 -3.189998867981406 628.4891662597656 337.99931955337524
55.94431947114772 -3.189998867981406 S 55.94401947114772 -3.189998867981406 628.4891662597656 336.74931955337524
55.94401947114772 -3.189998867981406 N 55.94431947114772 -3.189998867981406 628.4891662597656 335.49931955337524
55.94431947114772 -3.189998867981406 E 55.94431947114772 -3.189698867981406 628.4891662597656 334.24931955337524
55.94431947114772 -3.189698867981406 W 55.94431947114772 -3.189998867981406 628.4891662597656 332.99931955337524
55.94431947114772 -3.189998867981406 W 55.94431947114772 -3.190298867981406 628.4891662597656 331.74931955337524
55.94431947114772 -3.190298867981406 E 55.94431947114772 -3.189998867981406 628.4891662597656 330.49931955337524
55.94431947114772 -3.189998867981406 NNW 55.94459663500748 -3.1901136730111155 724.950309753418 366.4663224220276
55.94459663500748 -3.1901136730111155 SSE 55.94431947114772 -3.189998867981406 724.950309753418 365.2163224220276
55.94431947114772 -3.189998867981406 NNW 55.94459663500748 -3.1901136730111155 724.950309753418 363.9663224220276
55.94459663500748 -3.1901136730111155 ESE 55.94448182997777 -3.189836509151362 724.950309753418 362.7163224220276
55.94448182997777 -3.189836509151362 WNW 55.94459663500748 -3.1901136730111155 724.950309753418 361.4663224220276
55.94459663500748 -3.1901136730111155 E 55.94459663500748 -3.1898136730111153 724.950309753418 360.2163224220276
55.94459663500748 -3.1898136730111153 W 55.94459663500748 -3.1901136730111155 724.950309753418 358.9663224220276
55.94459663500748 -3.1901136730111155 ESE 55.94448182997777 -3.189836509151362 724.950309753418 357.7163224220276
55.94448182997777 -3.189836509151362 WNW 55.94459663500748 -3.1901136730111155 724.950309753418 356.4663224220276
55.94459663500748 -3.1901136730111155 W 55.94459663500748 -3.1904136730111157 724.950309753418 355.2163224220276
55.94459663500748 -3.1904136730111157 ESE 55.94448182997777 -3.1901365091513623 724.950309753418 353.9663224220276
55.94448182997777 -3.1901365091513623 WSW 55.94436702494806 -3.1904136730111157 724.950309753418 352.7163224220276
55.94436702494806 -3.1904136730111157 ENE 55.94448182997777 -3.1901365091513623 724.950309753418 351.4663224220276
55.94448182997777 -3.1901365091513623 WSW 55.94436702494806 -3.1904136730111157 724.950309753418 350.2163224220276
55.94436702494806 -3.1904136730111157 NE 55.944579156982414 -3.19020154097676 724.950309753418 348.9663224220276
55.944579156982414 -3.19020154097676 SSW 55.94430199312266 -3.1903163460064694 724.950309753418 347.7163224220276
55.94430199312266 -3.1903163460064694 NNE 55.944579156982414 -3.19020154097676 724.950309753418 346.4663224220276
55.944579156982414 -3.19020154097676 SSW 55.94430199312266 -3.1903163460064694 724.950309753418 345.2163224220276
55.94430199312266 -3.1903163460064694 WNW 55.94441679815237 -3.190593509866223 724.950309753418 343.9663224220276
55.94441679815237 -3.190593509866223 ESE 55.94430199312266 -3.1903163460064694 724.950309753418 342.7163224220276
55.94430199312266 -3.1903163460064694 WSW 55.94418718809295 -3.190593509866223 724.950309753418 341.4663224220276
55.94418718809295 -3.190593509866223 E 55.94418718809295 -3.1902935098662226 724.950309753418 340.2163224220276
55.94418718809295 -3.1902935098662226 WSW 55.94407238306324 -3.190570673725976 782.2612533569336 444.07041788101196
55.94407238306324 -3.190570673725976 ENE 55.94418718809295 -3.1902935098662226 782.2612533569336 442.82041788101196
55.94418718809295 -3.1902935098662226 W 55.94418718809295 -3.190593509866223 782.2612533569336 441.57041788101196
55.94418718809295 -3.190593509866223 SSE 55.94391002423319 -3.1904787048365133 782.2612533569336 440.32041788101196
55.94391002423319 -3.1904787048365133 NNW 55.94418718809295 -3.190593509866223 782.2612533569336 439.07041788101196
55.94418718809295 -3.190593509866223 S 55.943887188092944 -3.190593509866223 782.2612533569336 437.82041788101196
55.943887188092944 -3.190593509866223 N 55.94418718809295 -3.190593509866223 782.2612533569336 436.57041788101196
55.94418718809295 -3.190593509866223 S 55.943887188092944 -3.190593509866223 782.2612533569336 435.32041788101196
55.943887188092944 -3.190593509866223 NNE 55.9441643519527 -3.1904787048365133 782.2612533569336 434.07041788101196
55.9441643519527 -3.1904787048365133 SSW 55.943887188092944 -3.190593509866223 782.2612533569336 432.82041788101196
55.943887188092944 -3.190593509866223 ENE 55.944001993122654 -3.1903163460064694 782.2612533569336 431.57041788101196
55.944001993122654 -3.1903163460064694 W 55.944001993122654 -3.1906163460064696 782.2612533569336 430.32041788101196
55.944001993122654 -3.1906163460064696 SSE 55.9437248292629 -3.19050154097676 782.2612533569336 429.07041788101196
55.9437248292629 -3.19050154097676 NNW 55.944001993122654 -3.1906163460064696 782.2612533569336 427.82041788101196
55.944001993122654 -3.1906163460064696 SSE 55.9437248292629 -3.19050154097676 782.2612533569336 426.57041788101196
55.9437248292629 -3.19050154097676 N 55.9440248292629 -3.19050154097676 782.2612533569336 425.32041788101196
55.9440248292629 -3.19050154097676 S 55.9437248292629 -3.19050154097676 782.2612533569336 424.07041788101196
55.9437248292629 -3.19050154097676 ESE 55.94361002423319 -3.1902243771170067 782.2612533569336 422.82041788101196
55.94361002423319 -3.1902243771170067 WNW 55.9437248292629 -3.19050154097676 782.2612533569336 421.57041788101196
55.9437248292629 -3.19050154097676 WSW 55.94361002423319 -3.1907787048365135 782.2612533569336 420.32041788101196
55.94361002423319 -3.1907787048365135 E 55.94361002423319 -3.1904787048365133 785.4361727237701 482.0938935279846
55.94361002423319 -3.1904787048365133 SW 55.94339789219883 -3.190690836870869 865.5168154239655 605.7304062843323
55.94339789219883 -3.190690836870869 NNE 55.94367505605859 -3.1905760318411596 865.5168154239655 604.4804062843323
55.94367505605859 -3.1905760318411596 SW 55.94346292402423 -3.1907881638755153 865.5168154239655 603.2304062843323
55.94346292402423 -3.1907881638755153 NW 55.94367505605859 -3.191000295909871 888.251650094986 623.0115418434143
55.94367505605859 -3.191000295909871 SE 55.94346292402423 -3.1907881638755153 888.251650094986 621.7615418434143
55.94346292402423 -3.1907881638755153 ESE 55.94334811899452 -3.190511000015762 888.251650094986 620.5115418434143
55.94334811899452 -3.190511000015762 WNW 55.94346292402423 -3.1907881638755153 888.251650094986 619.2615418434143
55.94346292402423 -3.1907881638755153 WNW 55.94357772905394 -3.1910653277352687 888.251650094986 618.0115418434143
55.94357772905394 -3.1910653277352687 ESE 55.94346292402423 -3.1907881638755153 888.251650094986 616.7615418434143
55.94346292402423 -3.1907881638755153 NW 55.94367505605859 -3.191000295909871 888.251650094986 615.5115418434143
55.94367505605859 -3.191000295909871 SE 55.94346292402423 -3.1907881638755153 888.251650094986 614.2615418434143
55.94346292402423 -3.1907881638755153 NNW 55.94374008788399 -3.190902968905225 888.251650094986 613.0115418434143
55.94374008788399 -3.190902968905225 SE 55.94352795584963 -3.190690836870869 888.251650094986 611.7615418434143
55.94352795584963 -3.190690836870869 NNW 55.94380511970939 -3.1908056419005786 888.251650094986 610.5115418434143
55.94380511970939 -3.1908056419005786 SSE 55.94352795584963 -3.190690836870869 888.251650094986 609.2615418434143
55.94352795584963 -3.190690836870869 NNW 55.94380511970939 -3.1908056419005786 888.251650094986 608.0115418434143
55.94380511970939 -3.1908056419005786 SE 55.94359298767503 -3.190593509866223 888.251650094986 606.7615418434143
55.94359298767503 -3.190593509866223 NW 55.94380511970939 -3.1908056419005786 888.251650094986 605.5115418434143
55.94380511970939 -3.1908056419005786 SE 55.94359298767503 -3.190593509866223 888.251650094986 604.2615418434143
55.94359298767503 -3.190593509866223 NW 55.94380511970939 -3.1908056419005786 888.251650094986 603.0115418434143
55.94380511970939 -3.1908056419005786 NNW 55.944082283569145 -3.190920446930288 888.251650094986 601.7615418434143
55.944082283569145 -3.190920446930288 S 55.94378228356914 -3.190920446930288 888.251650094986 600.5115418434143
55.94378228356914 -3.190920446930288 NNE 55.9440594474289 -3.1908056419005786 888.251650094986 599.2615418434143
55.9440594474289 -3.1908056419005786 SSW 55.94378228356914 -3.190920446930288 888.251650094986 598.0115418434143
55.94378228356914 -3.190920446930288 NNE 55.9440594474289 -3.1908056419005786 888.251650094986 596.7615418434143
55.9440594474289 -3.1908056419005786 S 55.943759447428896 -3.1908056419005786 998.0945913791656 678.476179599762
55.943759447428896 -3.1908056419005786 N 55.9440594474289 -3.1908056419005786 998.0945913791656 677.226179599762
55.9440594474289 -3.1908056419005786 SSW 55.94378228356914 -3.190920446930288 998.0945913791656 675.976179599762
55.94378228356914 -3.190920446930288 NNE 55.9440594474289 -3.1908056419005786 998.0945913791656 674.726179599762
55.9440594474289 -3.1908056419005786 N 55.9443594474289 -3.1908056419005786 998.0945913791656 673.476179599762
55.9443594474289 -3.1908056419005786 SE 55.944147315394545 -3.190593509866223 998.0945913791656 672.226179599762
55.944147315394545 -3.190593509866223 NW 55.9443594474289 -3.1908056419005786 998.0945913791656 670.976179599762
55.9443594474289 -3.1908056419005786 SE 55.944147315394545 -3.190593509866223 998.0945913791656 669.726179599762
55.944147315394545 -3.190593509866223 NNW 55.9444244792543 -3.1907083148959323 998.0945913791656 668.476179599762
55.9444244792543 -3.1907083148959323 SSE 55.944147315394545 -3.190593509866223 998.0945913791656 667.226179599762
55.944147315394545 -3.190593509866223 NNE 55.9444244792543 -3.1904787048365133 998.0945913791656 665.976179599762
55.9444244792543 -3.1904787048365133 SSW 55.944147315394545 -3.190593509866223 998.0945913791656 664.726179599762
55.944147315394545 -3.190593509866223 NW 55.9443594474289 -3.1908056419005786 998.0945913791656 663.476179599762
55.9443594474289 -3.1908056419005786 ESE 55.94424464239919 -3.190528478040825 998.0945913791656 662.226179599762
55.94424464239919 -3.190528478040825 NW 55.94445677443355 -3.190740610075181 998.0945913791656 660.976179599762
55.94445677443355 -3.190740610075181 SE 55.94424464239919 -3.190528478040825 998.0945913791656 659.726179599762
55.94424464239919 -3.190528478040825 NW 55.94445677443355 -3.190740610075181 998.0945913791656 658.476179599762
55.94445677443355 -3.190740610075181 SSW 55.94417961057379 -3.1908554151048905 998.0945913791656 657.226179599762
55.94417961057379 -3.1908554151048905 NNE 55.94445677443355 -3.190740610075181 998.0945913791656 655.976179599762
55.94445677443355 -3.190740610075181 SSW 55.94417961057379 -3.1908554151048905 998.0945913791656 654.726179599762
55.94417961057379 -3.1908554151048905 N 55.944479610573794 -3.1908554151048905 998.0945913791656 653.476179599762
55.944479610573794 -3.1908554151048905 S 55.94417961057379 -3.1908554151048905 998.0945913791656 652.226179599762
55.94417961057379 -3.1908554151048905 NNW 55.94445677443355 -3.1909702201346 998.0945913791656 650.976179599762
