55.944425 -3.188396 SE 55.944212867965646 -3.1881838679656442 0.0 248.75
55.944212867965646 -3.1881838679656442 NW 55.944425 -3.188396 0.0 247.5
55.944425 -3.188396 ESE 55.94431019497029 -3.1881188361402466 0.0 246.25
55.94431019497029 -3.1881188361402466 WNW 55.944425 -3.188396 0.0 245.0
55.944425 -3.188396 SE 55.944212867965646 -3.1881838679656442 0.0 243.75
55.944212867965646 -3.1881838679656442 NW 55.944425 -3.188396 0.0 242.5
55.944425 -3.188396 ESE 55.94431019497029 -3.1881188361402466 0.0 241.25
55.94431019497029 -3.1881188361402466 SSE 55.944033031110536 -3.188004031110537 0.0 240.0
55.944033031110536 -3.188004031110537 WNW 55.944147836140246 -3.1882811949702905 0.0 238.75
55.944147836140246 -3.1882811949702905 ESE 55.944033031110536 -3.188004031110537 0.0 237.5
55.944033031110536 -3.188004031110537 WNW 55.944147836140246 -3.1882811949702905 0.0 236.25
55.944147836140246 -3.1882811949702905 NNW 55.944425 -3.188396 0.0 235.0
55.944425 -3.188396 SSE 55.944147836140246 -3.1882811949702905 0.0 233.75
55.944147836140246 -3.1882811949702905 S 55.94384783614024 -3.1882811949702905 0.0 232.5
55.94384783614024 -3.1882811949702905 N 55.944147836140246 -3.1882811949702905 0.0 231.25
55.944147836140246 -3.1882811949702905 W 55.944147836140246 -3.1885811949702907 0.0 230.0
55.944147836140246 -3.1885811949702907 SE 55.94393570410589 -3.188369062935935 0.0 228.75
55.94393570410589 -3.188369062935935 NW 55.944147836140246 -3.1885811949702907 0.0 227.5
55.944147836140246 -3.1885811949702907 E 55.944147836140246 -3.1882811949702905 0.0 226.25
55.944147836140246 -3.1882811949702905 W 55.944147836140246 -3.1885811949702907 0.0 225.0
55.944147836140246 -3.1885811949702907 NE 55.9443599681746 -3.188369062935935 0.0 223.75
55.9443599681746 -3.188369062935935 SW 55.944147836140246 -3.1885811949702907 0.0 222.5
55.944147836140246 -3.1885811949702907 SE 55.94393570410589 -3.188369062935935 0.0 221.25
55.94393570410589 -3.188369062935935 W 55.94393570410589 -3.188669062935935 0.0 220.0
55.94393570410589 -3.188669062935935 SE 55.943723572071534 -3.1884569309015793 0.0 218.75
55.943723572071534 -3.1884569309015793 SW 55.94351144003718 -3.188669062935935 0.0 217.5
55.94351144003718 -3.188669062935935 E 55.94351144003718 -3.188369062935935 0.0 216.25
55.94351144003718 -3.188369062935935 W 55.94351144003718 -3.188669062935935 0.0 215.0
55.94351144003718 -3.188669062935935 SE 55.94329930800282 -3.1884569309015793 0.0 213.75
55.94329930800282 -3.1884569309015793 WNW 55.94341411303253 -3.1887340947613327 0.0 212.5
55.94341411303253 -3.1887340947613327 WNW 55.94352891806224 -3.189011258621086 0.0 211.25
55.94352891806224 -3.189011258621086 ESE 55.94341411303253 -3.1887340947613327 0.0 210.0
55.94341411303253 -3.1887340947613327 N 55.943714113032534 -3.1887340947613327 58.2823486328125 327.5885772705078
55.943714113032534 -3.1887340947613327 SE 55.94350198099818 -3.188521962726977 58.2823486328125 326.3385772705078
55.94350198099818 -3.188521962726977 NW 55.943714113032534 -3.1887340947613327 58.2823486328125 325.0885772705078
55.943714113032534 -3.1887340947613327 NNE 55.94399127689229 -3.1886192897316232 58.2823486328125 323.8385772705078
55.94399127689229 -3.1886192897316232 SW 55.943779144857935 -3.188831421765979 58.2823486328125 322.5885772705078
55.943779144857935 -3.188831421765979 NE 55.94399127689229 -3.1886192897316232 58.2823486328125 321.3385772705078
55.94399127689229 -3.1886192897316232 SW 55.943779144857935 -3.188831421765979 58.2823486328125 320.0885772705078
55.943779144857935 -3.188831421765979 NE 55.94399127689229 -3.1886192897316232 58.2823486328125 318.8385772705078
55.94399127689229 -3.1886192897316232 SW 55.943779144857935 -3.188831421765979 58.2823486328125 317.5885772705078
55.943779144857935 -3.188831421765979 WNW 55.943893949887645 -3.1891085856257324 58.2823486328125 316.3385772705078
55.943893949887645 -3.1891085856257324 W 55.943893949887645 -3.1894085856257326 58.2823486328125 315.0885772705078
55.943893949887645 -3.1894085856257326 ENE 55.944008754917355 -3.189131421765979 58.2823486328125 313.8385772705078
55.944008754917355 -3.189131421765979 N 55.94430875491736 -3.189131421765979 58.2823486328125 312.5885772705078
55.94430875491736 -3.189131421765979 SSE 55.9440315910576 -3.1890166167362697 58.2823486328125 311.3385772705078
55.9440315910576 -3.1890166167362697 N 55.944331591057605 -3.1890166167362697 58.2823486328125 310.0885772705078
55.944331591057605 -3.1890166167362697 SSW 55.94405442719785 -3.189131421765979 58.2823486328125 308.8385772705078
55.94405442719785 -3.189131421765979 WNW 55.94416923222756 -3.1894085856257326 58.2823486328125 307.5885772705078
55.94416923222756 -3.1894085856257326 E 55.94416923222756 -3.1891085856257324 58.2823486328125 306.3385772705078
55.94416923222756 -3.1891085856257324 W 55.94416923222756 -3.1894085856257326 58.2823486328125 305.0885772705078
55.94416923222756 -3.1894085856257326 S 55.943869232227556 -3.1894085856257326 58.2823486328125 303.8385772705078
55.943869232227556 -3.1894085856257326 NNW 55.94414639608731 -3.189523390655442 103.68038940429688 345.4057960510254
55.94414639608731 -3.189523390655442 WNW 55.94426120111702 -3.1898005545151955 103.68038940429688 344.1557960510254
55.94426120111702 -3.1898005545151955 E 55.94426120111702 -3.1895005545151953 103.68038940429688 342.9057960510254
55.94426120111702 -3.1895005545151953 W 55.94426120111702 -3.1898005545151955 103.68038940429688 341.6557960510254
55.94426120111702 -3.1898005545151955 S 55.94396120111702 -3.1898005545151955 103.68038940429688 340.4057960510254
55.94396120111702 -3.1898005545151955 N 55.94426120111702 -3.1898005545151955 103.68038940429688 339.1557960510254
55.94426120111702 -3.1898005545151955 SSW 55.943984037257266 -3.189915359544905 103.68038940429688 337.9057960510254
55.943984037257266 -3.189915359544905 NNE 55.94426120111702 -3.1898005545151955 103.68038940429688 336.6557960510254
55.94426120111702 -3.1898005545151955 NW 55.94447333315138 -3.1900126865495513 224.26853942871094 357.27678298950195
55.94447333315138 -3.1900126865495513 ENE 55.94458813818109 -3.189735522689798 224.26853942871094 356.02678298950195
55.94458813818109 -3.189735522689798 WSW 55.94447333315138 -3.1900126865495513 224.26853942871094 354.77678298950195
55.94447333315138 -3.1900126865495513 NNE 55.944750497011135 -3.1898978815198418 224.26853942871094 353.52678298950195
55.944750497011135 -3.1898978815198418 SW 55.94453836497678 -3.1901100135541975 224.26853942871094 352.27678298950195
55.94453836497678 -3.1901100135541975 N 55.94483836497678 -3.1901100135541975 298.21400451660156 415.164852142334
55.94483836497678 -3.1901100135541975 S 55.94453836497678 -3.1901100135541975 298.21400451660156 413.914852142334
55.94453836497678 -3.1901100135541975 SE 55.94432623294242 -3.1898978815198418 298.21400451660156 412.664852142334
55.94432623294242 -3.1898978815198418 WNW 55.94444103797213 -3.190175045379595 298.21400451660156 411.414852142334
55.94444103797213 -3.190175045379595 SE 55.94422890593778 -3.1899629133452394 298.21400451660156 410.164852142334
55.94422890593778 -3.1899629133452394 S 55.943928905937774 -3.1899629133452394 298.21400451660156 408.914852142334
55.943928905937774 -3.1899629133452394 N 55.94422890593778 -3.1899629133452394 298.21400451660156 407.664852142334
55.94422890593778 -3.1899629133452394 SE 55.94401677390342 -3.1897507813108836 298.21400451660156 406.414852142334
55.94401677390342 -3.1897507813108836 SSW 55.943739610043664 -3.189865586340593 298.21400451660156 405.164852142334
55.943739610043664 -3.189865586340593 NNE 55.94401677390342 -3.1897507813108836 298.21400451660156 403.914852142334
55.94401677390342 -3.1897507813108836 SSW 55.943739610043664 -3.189865586340593 298.21400451660156 402.664852142334
55.943739610043664 -3.189865586340593 ENE 55.943854415073375 -3.1895884224808397 298.21400451660156 401.414852142334
55.943854415073375 -3.1895884224808397 SW 55.94364228303902 -3.1898005545151955 298.21400451660156 400.164852142334
55.94364228303902 -3.1898005545151955 ENE 55.94375708806873 -3.189523390655442 298.21400451660156 398.914852142334
55.94375708806873 -3.189523390655442 SW 55.94354495603437 -3.189735522689798 298.21400451660156 397.664852142334
55.94354495603437 -3.189735522689798 NE 55.94375708806873 -3.189523390655442 298.21400451660156 396.414852142334
55.94375708806873 -3.189523390655442 SW 55.94354495603437 -3.189735522689798 298.21400451660156 395.164852142334
55.94354495603437 -3.189735522689798 W 55.94354495603437 -3.190035522689798 298.21400451660156 393.914852142334
55.94354495603437 -3.190035522689798 E 55.94354495603437 -3.189735522689798 298.21400451660156 392.664852142334
55.94354495603437 -3.189735522689798 W 55.94354495603437 -3.190035522689798 298.21400451660156 391.414852142334
55.94354495603437 -3.190035522689798 SW 55.94333282400002 -3.190247654724154 298.21400451660156 390.164852142334
55.94333282400002 -3.190247654724154 NE 55.94354495603437 -3.190035522689798 298.21400451660156 388.914852142334
55.94354495603437 -3.190035522689798 NNW 55.94382211989413 -3.1901503277195076 298.21400451660156 387.664852142334
55.94382211989413 -3.1901503277195076 E 55.94382211989413 -3.1898503277195074 298.21400451660156 386.414852142334
55.94382211989413 -3.1898503277195074 WNW 55.94393692492384 -3.190127491579261 298.21400451660156 385.164852142334
55.94393692492384 -3.190127491579261 NE 55.944149056958196 -3.189915359544905 298.21400451660156 383.914852142334
55.944149056958196 -3.189915359544905 SW 55.94393692492384 -3.190127491579261 298.21400451660156 382.664852142334
55.94393692492384 -3.190127491579261 NE 55.944149056958196 -3.189915359544905 298.21400451660156 381.414852142334
55.944149056958196 -3.189915359544905 SW 55.94393692492384 -3.190127491579261 298.21400451660156 380.164852142334
55.94393692492384 -3.190127491579261 SSW 55.94365976106408 -3.1902422966089703 298.21400451660156 378.914852142334
55.94365976106408 -3.1902422966089703 N 55.943959761064086 -3.1902422966089703 298.21400451660156 377.664852142334
55.943959761064086 -3.1902422966089703 E 55.943959761064086 -3.18994229660897 298.21400451660156 376.414852142334
55.943959761064086 -3.18994229660897 W 55.943959761064086 -3.1902422966089703 298.21400451660156 375.164852142334
55.943959761064086 -3.1902422966089703 WSW 55.943844956034376 -3.1905194604687237 298.21400451660156 373.914852142334
55.943844956034376 -3.1905194604687237 NE 55.94405708806873 -3.190307328434368 298.21400451660156 372.664852142334
55.94405708806873 -3.190307328434368 SW 55.943844956034376 -3.1905194604687237 298.21400451660156 371.414852142334
55.943844956034376 -3.1905194604687237 WNW 55.943959761064086 -3.190796624328477 298.21400451660156 370.164852142334
55.943959761064086 -3.190796624328477 E 55.943959761064086 -3.190496624328477 298.21400451660156 368.914852142334
55.943959761064086 -3.190496624328477 NNE 55.94423692492384 -3.1903818192987674 298.21400451660156 367.664852142334
55.94423692492384 -3.1903818192987674 SW 55.944024792889486 -3.190593951333123 298.21400451660156 366.414852142334
55.944024792889486 -3.190593951333123 N 55.94432479288949 -3.190593951333123 298.21400451660156 365.164852142334
55.94432479288949 -3.190593951333123 S 55.944024792889486 -3.190593951333123 298.21400451660156 363.914852142334
55.944024792889486 -3.190593951333123 N 55.94432479288949 -3.190593951333123 298.21400451660156 362.664852142334
55.94432479288949 -3.190593951333123 WSW 55.94420998785978 -3.1908711151928766 298.21400451660156 361.414852142334
55.94420998785978 -3.1908711151928766 ESE 55.94409518283007 -3.190593951333123 298.21400451660156 360.164852142334
55.94409518283007 -3.190593951333123 W 55.94409518283007 -3.1908939513331234 298.21400451660156 358.914852142334
55.94409518283007 -3.1908939513331234 NNW 55.944372346689825 -3.191008756362833 298.21400451660156 357.664852142334
55.944372346689825 -3.191008756362833 S 55.94407234668982 -3.191008756362833 298.21400451660156 356.414852142334
55.94407234668982 -3.191008756362833 SW 55.943860214655466 -3.1912208883971886 298.21400451660156 355.164852142334
55.943860214655466 -3.1912208883971886 NE 55.94407234668982 -3.191008756362833 298.21400451660156 353.914852142334
55.94407234668982 -3.191008756362833 SSE 55.943795182830065 -3.1908939513331234 298.21400451660156 352.664852142334
55.943795182830065 -3.1908939513331234 NNW 55.94407234668982 -3.191008756362833 298.21400451660156 351.414852142334
55.94407234668982 -3.191008756362833 SSE 55.943795182830065 -3.1908939513331234 298.21400451660156 350.164852142334
55.943795182830065 -3.1908939513331234 NW 55.94400731486442 -3.191106083367479 298.21400451660156 348.914852142334
55.94400731486442 -3.191106083367479 SE 55.943795182830065 -3.1908939513331234 298.21400451660156 347.664852142334
55.943795182830065 -3.1908939513331234 N 55.94409518283007 -3.1908939513331234 298.21400451660156 346.414852142334
55.94409518283007 -3.1908939513331234 ESE 55.94398037780036 -3.19061678747337 298.21400451660156 345.164852142334
55.94398037780036 -3.19061678747337 SSW 55.9437032139406 -3.1907315925030795 318.6580009460449 440.2497367858887
55.9437032139406 -3.1907315925030795 SW 55.943491081906245 -3.1909437245374352 318.6580009460449 438.9997367858887
55.943491081906245 -3.1909437245374352 N 55.94379108190625 -3.1909437245374352 318.6580009460449 437.7497367858887
55.94379108190625 -3.1909437245374352 SSW 55.94351391804649 -3.1910585295671448 356.87844467163086 496.8417167663574
55.94351391804649 -3.1910585295671448 NW 55.94372605008085 -3.1912706616015005 356.87844467163086 495.5917167663574
55.94372605008085 -3.1912706616015005 SSE 55.94344888622109 -3.191155856571791 356.87844467163086 494.3417167663574
55.94344888622109 -3.191155856571791 WSW 55.94333408119138 -3.1914330204315444 356.87844467163086 493.0917167663574
55.94333408119138 -3.1914330204315444 ENE 55.94344888622109 -3.191155856571791 356.87844467163086 491.8417167663574
55.94344888622109 -3.191155856571791 W 55.94344888622109 -3.191455856571791 356.87844467163086 490.5917167663574
55.94344888622109 -3.191455856571791 ENE 55.9435636912508 -3.191178692712038 356.87844467163086 489.3417167663574
55.9435636912508 -3.191178692712038 WSW 55.94344888622109 -3.191455856571791 356.87844467163086 488.0917167663574
55.94344888622109 -3.191455856571791 NNE 55.94372605008085 -3.1913410515420817 356.87844467163086 486.8417167663574
55.94372605008085 -3.1913410515420817 WNW 55.94384085511056 -3.191618215401835 356.87844467163086 485.5917167663574
55.94384085511056 -3.191618215401835 ESE 55.94372605008085 -3.1913410515420817 356.87844467163086 484.3417167663574
55.94372605008085 -3.1913410515420817 E 55.94372605008085 -3.1910410515420815 356.87844467163086 483.0917167663574
55.94372605008085 -3.1910410515420815 WSW 55.94361124505114 -3.191318215401835 356.87844467163086 481.8417167663574
55.94361124505114 -3.191318215401835 N 55.94391124505114 -3.191318215401835 356.87844467163086 480.5917167663574
55.94391124505114 -3.191318215401835 WSW 55.94379644002143 -3.1915953792615883 356.87844467163086 479.3417167663574
55.94379644002143 -3.1915953792615883 NE 55.944008572055786 -3.1913832472272325 356.87844467163086 478.0917167663574
55.944008572055786 -3.1913832472272325 SW 55.94379644002143 -3.1915953792615883 356.87844467163086 476.8417167663574
55.94379644002143 -3.1915953792615883 NE 55.944008572055786 -3.1913832472272325 356.87844467163086 475.5917167663574
55.944008572055786 -3.1913832472272325 E 55.944008572055786 -3.1910832472272324 356.87844467163086 474.3417167663574
55.944008572055786 -3.1910832472272324 W 55.944008572055786 -3.1913832472272325 356.87844467163086 473.0917167663574
55.944008572055786 -3.1913832472272325 NNE 55.94428573591554 -3.191268442197523 399.5691795349121 594.4332695007324
55.94428573591554 -3.191268442197523 SSE 55.944008572055786 -3.1911536371678135 399.5691795349121 593.1832695007324
55.944008572055786 -3.1911536371678135 NNW 55.94428573591554 -3.191268442197523 399.5691795349121 591.9332695007324
55.94428573591554 -3.191268442197523 ENE 55.94440054094525 -3.1909912783377696 399.5691795349121 590.6832695007324
55.94440054094525 -3.1909912783377696 SE 55.9441884089109 -3.190779146303414 399.5691795349121 589.4332695007324
55.9441884089109 -3.190779146303414 NW 55.94440054094525 -3.1909912783377696 399.5691795349121 588.1832695007324
55.94440054094525 -3.1909912783377696 NNE 55.94467770480501 -3.19087647330806 512.8458824157715 623.0007858276367
55.94467770480501 -3.19087647330806 SSW 55.94440054094525 -3.1909912783377696 512.8458824157715 621.7507858276367
55.94440054094525 -3.1909912783377696 SSE 55.944123377085496 -3.19087647330806 512.8458824157715 620.5007858276367
55.944123377085496 -3.19087647330806 N 55.9444233770855 -3.19087647330806 512.8458824157715 619.2507858276367
55.9444233770855 -3.19087647330806 ESE 55.94430857205579 -3.1905993094483067 512.8458824157715 618.0007858276367
55.94430857205579 -3.1905993094483067 NNW 55.944585735915545 -3.1907141144780162 512.8458824157715 616.7507858276367
55.944585735915545 -3.1907141144780162 E 55.944585735915545 -3.190414114478016 512.8458824157715 615.5007858276367
55.944585735915545 -3.190414114478016 W 55.944585735915545 -3.1907141144780162 512.8458824157715 614.2507858276367
55.944585735915545 -3.1907141144780162 N 55.94488573591555 -3.1907141144780162 512.8458824157715 613.0007858276367
55.94488573591555 -3.1907141144780162 S 55.944585735915545 -3.1907141144780162 512.8458824157715 611.7507858276367
55.944585735915545 -3.1907141144780162 ENE 55.944700540945256 -3.190436950618263 565.7175178527832 661.9630508422852
55.944700540945256 -3.190436950618263 W 55.944700540945256 -3.190736950618263 565.7175178527832 660.7130508422852
55.944700540945256 -3.190736950618263 NE 55.94491267297961 -3.1905248185839072 565.7175178527832 659.4630508422852
55.94491267297961 -3.1905248185839072 W 55.94491267297961 -3.1908248185839074 565.7175178527832 658.2130508422852
55.94491267297961 -3.1908248185839074 S 55.94461267297961 -3.1908248185839074 565.7175178527832 656.9630508422852
55.94461267297961 -3.1908248185839074 NNW 55.944889836839366 -3.190939623613617 565.7175178527832 655.7130508422852
55.944889836839366 -3.190939623613617 SSE 55.94461267297961 -3.1908248185839074 565.7175178527832 654.4630508422852
55.94461267297961 -3.1908248185839074 W 55.94461267297961 -3.1911248185839076 565.7175178527832 653.2130508422852
55.94461267297961 -3.1911248185839076 E 55.94461267297961 -3.1908248185839074 565.7175178527832 651.9630508422852
55.94461267297961 -3.1908248185839074 WSW 55.9444978679499 -3.191101982443661 565.7175178527832 650.7130508422852
55.9444978679499 -3.191101982443661 NNE 55.944775031809655 -3.1909871774139513 565.7175178527832 649.4630508422852
55.944775031809655 -3.1909871774139513 SSW 55.9444978679499 -3.191101982443661 565.7175178527832 648.2130508422852
55.9444978679499 -3.191101982443661 NNW 55.944775031809655 -3.1912167874733703 565.7175178527832 646.9630508422852
55.944775031809655 -3.1912167874733703 WSW 55.944660226779945 -3.1914939513331237 565.7175178527832 645.7130508422852
55.944660226779945 -3.1914939513331237 ENE 55.944775031809655 -3.1912167874733703 565.7175178527832 644.4630508422852
55.944775031809655 -3.1912167874733703 SSW 55.9444978679499 -3.19133159250308 565.7175178527832 643.2130508422852
55.9444978679499 -3.19133159250308 NNE 55.944775031809655 -3.1912167874733703 565.7175178527832 641.9630508422852
55.944775031809655 -3.1912167874733703 SSW 55.9444978679499 -3.19133159250308 565.7175178527832 640.7130508422852
55.9444978679499 -3.19133159250308 NE 55.944709999984255 -3.191119460468724 565.7175178527832 639.4630508422852
55.944709999984255 -3.191119460468724 SW 55.9444978679499 -3.19133159250308 565.7175178527832 638.2130508422852
55.9444978679499 -3.19133159250308 ENE 55.94461267297961 -3.1910544286433264 565.7175178527832 636.9630508422852
55.94461267297961 -3.1910544286433264 WSW 55.9444978679499 -3.19133159250308 565.7175178527832 635.7130508422852
55.9444978679499 -3.19133159250308 W 55.9444978679499 -3.19163159250308 565.7175178527832 634.4630508422852
55.9444978679499 -3.19163159250308 ESE 55.94438306292019 -3.1913544286433266 565.7175178527832 633.2130508422852
55.94438306292019 -3.1913544286433266 WNW 55.9444978679499 -3.19163159250308 565.7175178527832 631.9630508422852
55.9444978679499 -3.19163159250308 NE 55.944709999984255 -3.1914194604687243 565.7175178527832 630.7130508422852
55.944709999984255 -3.1914194604687243 SW 55.9444978679499 -3.19163159250308 565.7175178527832 629.4630508422852
55.9444978679499 -3.19163159250308 NNE 55.944775031809655 -3.1915167874733705 565.7175178527832 628.2130508422852
55.944775031809655 -3.1915167874733705 SW 55.9445628997753 -3.1917289195077263 565.7175178527832 626.9630508422852
55.9445628997753 -3.1917289195077263 NNW 55.944840063635056 -3.191843724537436 565.7175178527832 625.7130508422852
55.944840063635056 -3.191843724537436 SE 55.9446279316007 -3.19163159250308 565.7175178527832 624.4630508422852
55.9446279316007 -3.19163159250308 NW 55.944840063635056 -3.191843724537436 565.7175178527832 623.2130508422852
55.944840063635056 -3.191843724537436 ESE 55.944725258605345 -3.1915665606776824 565.7175178527832 621.9630508422852
55.944725258605345 -3.1915665606776824 WNW 55.944840063635056 -3.191843724537436 565.7175178527832 620.7130508422852
55.944840063635056 -3.191843724537436 N 55.94514006363506 -3.191843724537436 663.718334197998 689.8750839233398
55.94514006363506 -3.191843724537436 NNE 55.945417227494815 -3.1917289195077263 663.718334197998 688.6250839233398
55.945417227494815 -3.1917289195077263 WSW 55.945302422465105 -3.1920060833674797 668.1233305931091 802.3158950805664
55.945302422465105 -3.1920060833674797 SSW 55.94502525860535 -3.192120888397189 668.1233305931091 801.0658950805664
55.94502525860535 -3.192120888397189 WNW 55.94514006363506 -3.1923980522569426 703.4782767295837 826.0528049468994
55.94514006363506 -3.1923980522569426 SSE 55.9448628997753 -3.192283247227233 703.4782767295837 824.8028049468994
55.9448628997753 -3.192283247227233 NNW 55.94514006363506 -3.1923980522569426 703.4782767295837 823.5528049468994
55.94514006363506 -3.1923980522569426 SSE 55.9448628997753 -3.192283247227233 703.4782767295837 822.3028049468994
55.9448628997753 -3.192283247227233 NNW 55.94514006363506 -3.1923980522569426 703.4782767295837 821.0528049468994
55.94514006363506 -3.1923980522569426 S 55.944840063635056 -3.1923980522569426 703.4782767295837 819.8028049468994
55.944840063635056 -3.1923980522569426 S 55.94454006363505 -3.1923980522569426 703.4782767295837 818.5528049468994
55.94454006363505 -3.1923980522569426 N 55.944840063635056 -3.1923980522569426 703.4782767295837 817.3028049468994
55.944840063635056 -3.1923980522569426 SSE 55.9445628997753 -3.192283247227233 703.4782767295837 816.0528049468994
55.9445628997753 -3.192283247227233 NNW 55.944840063635056 -3.1923980522569426 703.4782767295837 814.8028049468994
55.944840063635056 -3.1923980522569426 S 55.94454006363505 -3.1923980522569426 703.4782767295837 813.5528049468994
55.94454006363505 -3.1923980522569426 SSE 55.944262899775296 -3.192283247227233 703.4782767295837 812.3028049468994
55.944262899775296 -3.192283247227233 NE 55.94447503180965 -3.1920711151928773 703.4782767295837 811.0528049468994
55.94447503180965 -3.1920711151928773 SW 55.944262899775296 -3.192283247227233 703.4782767295837 809.8028049468994
55.944262899775296 -3.192283247227233 S 55.94396289977529 -3.192283247227233 703.4782767295837 808.5528049468994
55.94396289977529 -3.192283247227233 NNW 55.94424006363505 -3.1923980522569426 703.4782767295837 807.3028049468994
55.94424006363505 -3.1923980522569426 SSE 55.94396289977529 -3.192283247227233 703.4782767295837 806.0528049468994
55.94396289977529 -3.192283247227233 ENE 55.944077704805004 -3.1920060833674797 772.936589717865 876.7104587554932
55.944077704805004 -3.1920060833674797 WSW 55.94396289977529 -3.192283247227233 772.936589717865 875.4604587554932
55.94396289977529 -3.192283247227233 ENE 55.944077704805004 -3.1920060833674797 772.936589717865 874.2104587554932
55.944077704805004 -3.1920060833674797 SSW 55.94380054094525 -3.192120888397189 772.936589717865 872.9604587554932
55.94380054094525 -3.192120888397189 NNE 55.944077704805004 -3.1920060833674797 772.936589717865 871.7104587554932
55.944077704805004 -3.1920060833674797 WNW 55.944192509834714 -3.192283247227233 772.936589717865 870.4604587554932
55.944192509834714 -3.192283247227233 E 55.944192509834714 -3.191983247227233 772.936589717865 869.2104587554932
55.944192509834714 -3.191983247227233 NNE 55.94446967369447 -3.1918684421975234 772.936589717865 867.9604587554932
55.94446967369447 -3.1918684421975234 SE 55.944257541660114 -3.1916563101631676 772.936589717865 866.7104587554932
55.944257541660114 -3.1916563101631676 WNW 55.944372346689825 -3.191933474022921 772.936589717865 865.4604587554932
55.944372346689825 -3.191933474022921 ESE 55.944257541660114 -3.1916563101631676 772.936589717865 864.2104587554932
55.944257541660114 -3.1916563101631676 NNW 55.94453470551987 -3.191771115192877 772.936589717865 862.9604587554932
55.94453470551987 -3.191771115192877 ESE 55.94441990049016 -3.1914939513331237 772.936589717865 861.7104587554932
55.94441990049016 -3.1914939513331237 WNW 55.94453470551987 -3.191771115192877 772.936589717865 860.4604587554932
55.94453470551987 -3.191771115192877 SSW 55.944257541660114 -3.1918859202225867 772.936589717865 859.2104587554932
55.944257541660114 -3.1918859202225867 NW 55.94446967369447 -3.1920980522569424 772.936589717865 857.9604587554932
55.94446967369447 -3.1920980522569424 NNW 55.94474683755423 -3.192212857286652 772.936589717865 856.7104587554932
55.94474683755423 -3.192212857286652 ESE 55.94463203252452 -3.1919356934268985 772.936589717865 855.4604587554932
55.94463203252452 -3.1919356934268985 NNW 55.94490919638427 -3.192050498456608 772.936589717865 854.2104587554932
55.94490919638427 -3.192050498456608 S 55.94460919638427 -3.192050498456608 772.936589717865 852.9604587554932
55.94460919638427 -3.192050498456608 N 55.94490919638427 -3.192050498456608 772.936589717865 851.7104587554932
55.94490919638427 -3.192050498456608 WNW 55.945024001413984 -3.1923276623163614 772.936589717865 850.4604587554932
55.945024001413984 -3.1923276623163614 NNW 55.94530116527374 -3.192442467346071 772.936589717865 849.2104587554932
55.94530116527374 -3.192442467346071 SSE 55.945024001413984 -3.1923276623163614 772.936589717865 847.9604587554932
55.945024001413984 -3.1923276623163614 NNW 55.94530116527374 -3.192442467346071 772.936589717865 846.7104587554932
55.94530116527374 -3.192442467346071 SSE 55.945024001413984 -3.1923276623163614 772.936589717865 845.4604587554932
55.945024001413984 -3.1923276623163614 NNW 55.94530116527374 -3.192442467346071 772.936589717865 844.2104587554932
55.94530116527374 -3.192442467346071 SSE 55.945024001413984 -3.1923276623163614 772.936589717865 842.9604587554932
55.945024001413984 -3.1923276623163614 NE 55.94523613344834 -3.1921155302820057 772.936589717865 841.7104587554932
55.94523613344834 -3.1921155302820057 N 55.94553613344834 -3.1921155302820057 772.936589717865 840.4604587554932
55.94553613344834 -3.1921155302820057 NNE 55.9458132973081 -3.192000725252296 772.936589717865 839.2104587554932
55.9458132973081 -3.192000725252296 S 55.945513297308096 -3.192000725252296 772.936589717865 837.9604587554932
55.945513297308096 -3.192000725252296 N 55.9458132973081 -3.192000725252296 772.936589717865 836.7104587554932
55.9458132973081 -3.192000725252296 ESE 55.94569849227839 -3.1917235613925428 772.936589717865 835.4604587554932
