55.944425 -3.188396 WNW 55.94453980502971 -3.1886731638597534 0.0 248.75
55.94453980502971 -3.1886731638597534 E 55.94453980502971 -3.1883731638597532 0.0 247.5
55.94453980502971 -3.1883731638597532 SE 55.94432767299536 -3.1881610318253975 0.0 246.25
55.94432767299536 -3.1881610318253975 NW 55.94453980502971 -3.1883731638597532 0.0 245.0
55.94453980502971 -3.1883731638597532 SSE 55.944262641169956 -3.1882583588300437 0.0 243.75
55.944262641169956 -3.1882583588300437 NNW 55.94453980502971 -3.1883731638597532 0.0 242.5
55.94453980502971 -3.1883731638597532 SSE 55.944262641169956 -3.1882583588300437 0.0 241.25
55.944262641169956 -3.1882583588300437 NNW 55.94453980502971 -3.1883731638597532 0.0 240.0
55.94453980502971 -3.1883731638597532 ESE 55.944425 -3.188096 0.0 238.75
55.944425 -3.188096 WNW 55.94453980502971 -3.1883731638597532 0.0 237.5
55.94453980502971 -3.1883731638597532 ESE 55.944425 -3.188096 0.0 236.25
55.944425 -3.188096 NW 55.94463713203436 -3.1883081320343556 0.0 235.0
55.94463713203436 -3.1883081320343556 E 55.94463713203436 -3.1880081320343554 0.0 233.75
55.94463713203436 -3.1880081320343554 W 55.94463713203436 -3.1883081320343556 0.0 232.5
55.94463713203436 -3.1883081320343556 NNW 55.944914295894115 -3.188422937064065 0.0 231.25
55.944914295894115 -3.188422937064065 SSE 55.94463713203436 -3.1883081320343556 0.0 230.0
55.94463713203436 -3.1883081320343556 W 55.94463713203436 -3.188608132034356 0.0 228.75
55.94463713203436 -3.188608132034356 E 55.94463713203436 -3.1883081320343556 0.0 227.5
55.94463713203436 -3.1883081320343556 W 55.94463713203436 -3.188608132034356 0.0 226.25
55.94463713203436 -3.188608132034356 ENE 55.94475193706407 -3.1883309681746024 0.0 225.0
55.94475193706407 -3.1883309681746024 NNE 55.945029100923826 -3.188216163144893 0.0 223.75
55.945029100923826 -3.188216163144893 SSW 55.94475193706407 -3.1883309681746024 0.0 222.5
55.94475193706407 -3.1883309681746024 ENE 55.94486674209378 -3.188053804314849 0.0 221.25
55.94486674209378 -3.188053804314849 WSW 55.94475193706407 -3.1883309681746024 0.0 220.0
55.94475193706407 -3.1883309681746024 NE 55.944964069098425 -3.1881188361402466 0.0 218.75
55.944964069098425 -3.1881188361402466 WSW 55.944849264068715 -3.188396 0.0 217.5
55.944849264068715 -3.188396 ENE 55.944964069098425 -3.1881188361402466 0.0 216.25
55.944964069098425 -3.1881188361402466 WSW 55.944849264068715 -3.188396 0.0 215.0
55.944849264068715 -3.188396 ENE 55.944964069098425 -3.1881188361402466 0.0 213.75
55.944964069098425 -3.1881188361402466 WSW 55.944849264068715 -3.188396 0.0 212.5
55.944849264068715 -3.188396 ENE 55.944964069098425 -3.1881188361402466 0.0 211.25
55.944964069098425 -3.1881188361402466 WSW 55.944849264068715 -3.188396 0.0 210.0
55.944849264068715 -3.188396 ENE 55.944964069098425 -3.1881188361402466 0.0 208.75
55.944964069098425 -3.1881188361402466 S 55.94466406909842 -3.1881188361402466 0.0 207.5
55.94466406909842 -3.1881188361402466 N 55.944964069098425 -3.1881188361402466 0.0 206.25
55.944964069098425 -3.1881188361402466 SW 55.94475193706407 -3.1883309681746024 0.0 205.0
55.94475193706407 -3.1883309681746024 N 55.94505193706407 -3.1883309681746024 0.0 203.75
55.94505193706407 -3.1883309681746024 S 55.94475193706407 -3.1883309681746024 0.0 202.5
55.94475193706407 -3.1883309681746024 NNW 55.945029100923826 -3.188445773204312 0.0 201.25
55.945029100923826 -3.188445773204312 SE 55.94481696888947 -3.188233641169956 0.0 200.0
55.94481696888947 -3.188233641169956 NW 55.945029100923826 -3.188445773204312 0.0 198.75
55.945029100923826 -3.188445773204312 SSE 55.94475193706407 -3.1883309681746024 0.0 197.5
55.94475193706407 -3.1883309681746024 N 55.94505193706407 -3.1883309681746024 0.0 196.25
55.94505193706407 -3.1883309681746024 NW 55.94526406909843 -3.188543100208958 0.0 195.0
55.94526406909843 -3.188543100208958 SE 55.94505193706407 -3.1883309681746024 0.0 193.75
55.94505193706407 -3.1883309681746024 SW 55.944839805029716 -3.188543100208958 0.0 192.5
55.944839805029716 -3.188543100208958 NE 55.94505193706407 -3.1883309681746024 0.0 191.25
55.94505193706407 -3.1883309681746024 ENE 55.94516674209378 -3.188053804314849 0.0 190.0
55.94516674209378 -3.188053804314849 WSW 55.94505193706407 -3.1883309681746024 0.0 188.75
55.94505193706407 -3.1883309681746024 NW 55.94526406909843 -3.188543100208958 0.0 187.5
55.94526406909843 -3.188543100208958 SSE 55.94498690523867 -3.1884282951792486 0.0 186.25
55.94498690523867 -3.1884282951792486 NW 55.94519903727303 -3.1886404272136044 0.0 185.0
55.94519903727303 -3.1886404272136044 SE 55.94498690523867 -3.1884282951792486 0.0 183.75
55.94498690523867 -3.1884282951792486 W 55.94498690523867 -3.188728295179249 0.0 182.5
55.94498690523867 -3.188728295179249 ENE 55.94510171026838 -3.1884511313194954 0.0 181.25
55.94510171026838 -3.1884511313194954 WSW 55.94498690523867 -3.188728295179249 0.0 180.0
55.94498690523867 -3.188728295179249 NNE 55.94526406909843 -3.1886134901495393 0.0 178.75
55.94526406909843 -3.1886134901495393 SSW 55.94498690523867 -3.188728295179249 0.0 177.5
55.94498690523867 -3.188728295179249 S 55.94468690523867 -3.188728295179249 0.0 176.25
55.94468690523867 -3.188728295179249 N 55.94498690523867 -3.188728295179249 0.0 175.0
55.94498690523867 -3.188728295179249 SSW 55.944709741378915 -3.1888431002089583 0.0 173.75
55.944709741378915 -3.1888431002089583 NNE 55.94498690523867 -3.188728295179249 0.0 172.5
55.94498690523867 -3.188728295179249 SSW 55.944709741378915 -3.1888431002089583 0.0 171.25
55.944709741378915 -3.1888431002089583 N 55.94500974137892 -3.1888431002089583 0.0 170.0
55.94500974137892 -3.1888431002089583 S 55.944709741378915 -3.1888431002089583 0.0 168.75
55.944709741378915 -3.1888431002089583 N 55.94500974137892 -3.1888431002089583 0.0 167.5
55.94500974137892 -3.1888431002089583 S 55.944709741378915 -3.1888431002089583 0.0 166.25
55.944709741378915 -3.1888431002089583 NNW 55.94498690523867 -3.188957905238668 0.0 165.0
55.94498690523867 -3.188957905238668 SSE 55.944709741378915 -3.1888431002089583 0.0 163.75
55.944709741378915 -3.1888431002089583 NW 55.94492187341327 -3.189055232243314 0.0 162.5
55.94492187341327 -3.189055232243314 ESE 55.94480706838356 -3.1887780683835607 0.0 161.25
55.94480706838356 -3.1887780683835607 WNW 55.94492187341327 -3.189055232243314 0.0 160.0
55.94492187341327 -3.189055232243314 SE 55.944709741378915 -3.1888431002089583 0.0 158.75
55.944709741378915 -3.1888431002089583 NW 55.94492187341327 -3.189055232243314 0.0 157.5
55.94492187341327 -3.189055232243314 SE 55.944709741378915 -3.1888431002089583 0.0 156.25
55.944709741378915 -3.1888431002089583 NW 55.94492187341327 -3.189055232243314 0.0 155.0
55.94492187341327 -3.189055232243314 ENE 55.94503667844298 -3.1887780683835607 0.0 153.75
55.94503667844298 -3.1887780683835607 WSW 55.94492187341327 -3.189055232243314 0.0 152.5
55.94492187341327 -3.189055232243314 ENE 55.94503667844298 -3.1887780683835607 0.0 151.25
55.94503667844298 -3.1887780683835607 WSW 55.94492187341327 -3.189055232243314 0.0 150.0
55.94492187341327 -3.189055232243314 ENE 55.94503667844298 -3.1887780683835607 0.0 148.75
55.94503667844298 -3.1887780683835607 NNE 55.94531384230274 -3.188663263353851 0.0 147.5
55.94531384230274 -3.188663263353851 SSW 55.94503667844298 -3.1887780683835607 0.0 146.25
55.94503667844298 -3.1887780683835607 NNE 55.94531384230274 -3.188663263353851 0.0 145.0
55.94531384230274 -3.188663263353851 SSW 55.94503667844298 -3.1887780683835607 0.0 143.75
55.94503667844298 -3.1887780683835607 N 55.945336678442985 -3.1887780683835607 0.0 142.5
55.945336678442985 -3.1887780683835607 SSE 55.94505951458323 -3.188663263353851 0.0 141.25
55.94505951458323 -3.188663263353851 N 55.94535951458323 -3.188663263353851 0.0 140.0
55.94535951458323 -3.188663263353851 SSE 55.945082350723474 -3.1885484583241417 0.0 138.75
55.945082350723474 -3.1885484583241417 NW 55.94529448275783 -3.1887605903584975 0.0 137.5
55.94529448275783 -3.1887605903584975 SE 55.945082350723474 -3.1885484583241417 0.0 136.25
55.945082350723474 -3.1885484583241417 NNW 55.94535951458323 -3.188663263353851 0.0 135.0
55.94535951458323 -3.188663263353851 ENE 55.94547431961294 -3.188386099494098 0.0 133.75
55.94547431961294 -3.188386099494098 SW 55.945262187578585 -3.1885982315284536 0.0 132.5
55.945262187578585 -3.1885982315284536 ESE 55.945147382548875 -3.1883210676687 0.0 131.25
55.945147382548875 -3.1883210676687 NNW 55.94542454640863 -3.1884358726984097 0.0 130.0
55.94542454640863 -3.1884358726984097 SE 55.945212414374275 -3.188223740664054 22.125782012939453 174.96111679077148
55.945212414374275 -3.188223740664054 NW 55.94542454640863 -3.1884358726984097 22.125782012939453 173.71111679077148
55.94542454640863 -3.1884358726984097 SE 55.945212414374275 -3.188223740664054 22.125782012939453 172.46111679077148
55.945212414374275 -3.188223740664054 NNE 55.94548957823403 -3.1881089356343444 22.125782012939453 171.21111679077148
55.94548957823403 -3.1881089356343444 SSW 55.945212414374275 -3.188223740664054 22.125782012939453 169.96111679077148
55.945212414374275 -3.188223740664054 SSE 55.94493525051452 -3.1881089356343444 22.125782012939453 168.71111679077148
55.94493525051452 -3.1881089356343444 NNW 55.945212414374275 -3.188223740664054 22.125782012939453 167.46111679077148
55.945212414374275 -3.188223740664054 SSW 55.94493525051452 -3.1883385456937634 22.125782012939453 166.21111679077148
55.94493525051452 -3.1883385456937634 NNE 55.945212414374275 -3.188223740664054 22.125782012939453 164.96111679077148
55.945212414374275 -3.188223740664054 SW 55.94500028233992 -3.1884358726984097 22.125782012939453 163.71111679077148
55.94500028233992 -3.1884358726984097 NE 55.945212414374275 -3.188223740664054 22.125782012939453 162.46111679077148
55.945212414374275 -3.188223740664054 SSW 55.94493525051452 -3.1883385456937634 22.125782012939453 161.21111679077148
55.94493525051452 -3.1883385456937634 NE 55.945147382548875 -3.1881264136594076 22.125782012939453 159.96111679077148
55.945147382548875 -3.1881264136594076 S 55.94484738254887 -3.1881264136594076 22.125782012939453 158.71111679077148
55.94484738254887 -3.1881264136594076 N 55.945147382548875 -3.1881264136594076 22.125782012939453 157.46111679077148
55.945147382548875 -3.1881264136594076 SSE 55.94487021868912 -3.188011608629698 22.125782012939453 156.21111679077148
55.94487021868912 -3.188011608629698 NNW 55.945147382548875 -3.1881264136594076 22.125782012939453 154.96111679077148
55.945147382548875 -3.1881264136594076 ENE 55.945262187578585 -3.1878492497996542 22.125782012939453 153.71111679077148
55.945262187578585 -3.1878492497996542 WSW 55.945147382548875 -3.1881264136594076 22.125782012939453 152.46111679077148
55.945147382548875 -3.1881264136594076 N 55.94544738254888 -3.1881264136594076 22.125782012939453 151.21111679077148
55.94544738254888 -3.1881264136594076 S 55.945147382548875 -3.1881264136594076 22.125782012939453 149.96111679077148
55.945147382548875 -3.1881264136594076 ENE 55.945262187578585 -3.1878492497996542 22.125782012939453 148.71111679077148
55.945262187578585 -3.1878492497996542 WNW 55.945376992608296 -3.1881264136594076 22.125782012939453 147.46111679077148
55.945376992608296 -3.1881264136594076 ESE 55.945262187578585 -3.1878492497996542 22.125782012939453 146.21111679077148
55.945262187578585 -3.1878492497996542 WNW 55.945376992608296 -3.1881264136594076 22.125782012939453 144.96111679077148
55.945376992608296 -3.1881264136594076 E 55.945376992608296 -3.1878264136594074 22.125782012939453 143.71111679077148
55.945376992608296 -3.1878264136594074 W 55.945376992608296 -3.1881264136594076 22.125782012939453 142.46111679077148
55.945376992608296 -3.1881264136594076 NE 55.94558912464265 -3.187914281625052 22.125782012939453 141.21111679077148
55.94558912464265 -3.187914281625052 W 55.94558912464265 -3.188214281625052 22.125782012939453 139.96111679077148
55.94558912464265 -3.188214281625052 E 55.94558912464265 -3.187914281625052 22.125782012939453 138.71111679077148
55.94558912464265 -3.187914281625052 W 55.94558912464265 -3.188214281625052 22.125782012939453 137.46111679077148
55.94558912464265 -3.188214281625052 E 55.94558912464265 -3.187914281625052 22.125782012939453 136.21111679077148
55.94558912464265 -3.187914281625052 W 55.94558912464265 -3.188214281625052 22.125782012939453 134.96111679077148
55.94558912464265 -3.188214281625052 W 55.94558912464265 -3.1885142816250522 65.06006240844727 207.28264236450195
55.94558912464265 -3.1885142816250522 E 55.94558912464265 -3.188214281625052 65.06006240844727 206.03264236450195
55.94558912464265 -3.188214281625052 WSW 55.94547431961294 -3.1884914454848055 65.06006240844727 204.78264236450195
55.94547431961294 -3.1884914454848055 ENE 55.94558912464265 -3.188214281625052 65.06006240844727 203.53264236450195
55.94558912464265 -3.188214281625052 SW 55.945376992608296 -3.188426413659408 65.06006240844727 202.28264236450195
55.945376992608296 -3.188426413659408 NE 55.94558912464265 -3.188214281625052 65.06006240844727 201.03264236450195
55.94558912464265 -3.188214281625052 SW 55.945376992608296 -3.188426413659408 65.06006240844727 199.78264236450195
55.945376992608296 -3.188426413659408 NNE 55.94565415646805 -3.1883116086296983 65.06006240844727 198.53264236450195
55.94565415646805 -3.1883116086296983 SSW 55.945376992608296 -3.188426413659408 65.06006240844727 197.28264236450195
55.945376992608296 -3.188426413659408 NNW 55.94565415646805 -3.1885412186891173 65.06006240844727 196.03264236450195
55.94565415646805 -3.1885412186891173 SSE 55.945376992608296 -3.188426413659408 65.06006240844727 194.78264236450195
55.945376992608296 -3.188426413659408 SSW 55.94509982874854 -3.1885412186891173 65.06006240844727 193.53264236450195
55.94509982874854 -3.1885412186891173 NNE 55.945376992608296 -3.188426413659408 65.06006240844727 192.28264236450195
55.945376992608296 -3.188426413659408 NW 55.94558912464265 -3.1886385456937636 65.06006240844727 191.03264236450195
55.94558912464265 -3.1886385456937636 SE 55.945376992608296 -3.188426413659408 65.06006240844727 189.78264236450195
55.945376992608296 -3.188426413659408 WNW 55.945491797638006 -3.1887035775191612 65.06006240844727 188.53264236450195
55.945491797638006 -3.1887035775191612 E 55.945491797638006 -3.188403577519161 65.06006240844727 187.28264236450195
55.945491797638006 -3.188403577519161 W 55.945491797638006 -3.1887035775191612 65.06006240844727 186.03264236450195
55.945491797638006 -3.1887035775191612 E 55.945491797638006 -3.188403577519161 65.06006240844727 184.78264236450195
55.945491797638006 -3.188403577519161 NW 55.94570392967236 -3.188615709553517 65.06006240844727 183.53264236450195
55.94570392967236 -3.188615709553517 SE 55.945491797638006 -3.188403577519161 65.06006240844727 182.28264236450195
55.945491797638006 -3.188403577519161 NNW 55.94576896149776 -3.1885183825488705 65.06006240844727 181.03264236450195
55.94576896149776 -3.1885183825488705 S 55.94546896149776 -3.1885183825488705 65.06006240844727 179.78264236450195
55.94546896149776 -3.1885183825488705 N 55.94576896149776 -3.1885183825488705 65.06006240844727 178.53264236450195
55.94576896149776 -3.1885183825488705 SSW 55.945491797638006 -3.18863318757858 90.89836883544922 297.1398582458496
55.945491797638006 -3.18863318757858 N 55.94579179763801 -3.18863318757858 90.89836883544922 295.8898582458496
55.94579179763801 -3.18863318757858 S 55.945491797638006 -3.18863318757858 90.89836883544922 294.6398582458496
55.945491797638006 -3.18863318757858 N 55.94579179763801 -3.18863318757858 90.89836883544922 293.3898582458496
55.94579179763801 -3.18863318757858 SSW 55.94551463377825 -3.1887479926082896 90.89836883544922 292.1398582458496
55.94551463377825 -3.1887479926082896 NNE 55.94579179763801 -3.18863318757858 90.89836883544922 290.8898582458496
55.94579179763801 -3.18863318757858 SSW 55.94551463377825 -3.1887479926082896 90.89836883544922 289.6398582458496
55.94551463377825 -3.1887479926082896 N 55.945814633778255 -3.1887479926082896 90.89836883544922 288.3898582458496
55.945814633778255 -3.1887479926082896 SE 55.9456025017439 -3.188535860573934 90.89836883544922 287.1398582458496
55.9456025017439 -3.188535860573934 NW 55.945814633778255 -3.1887479926082896 90.89836883544922 285.8898582458496
55.945814633778255 -3.1887479926082896 S 55.94551463377825 -3.1887479926082896 90.89836883544922 284.6398582458496
55.94551463377825 -3.1887479926082896 N 55.945814633778255 -3.1887479926082896 90.89836883544922 283.3898582458496
55.945814633778255 -3.1887479926082896 WNW 55.945929438807966 -3.189025156468043 90.89836883544922 282.1398582458496
55.945929438807966 -3.189025156468043 ESE 55.945814633778255 -3.1887479926082896 90.89836883544922 280.8898582458496
55.945814633778255 -3.1887479926082896 N 55.94611463377826 -3.1887479926082896 90.89836883544922 279.6398582458496
55.94611463377826 -3.1887479926082896 S 55.945814633778255 -3.1887479926082896 90.89836883544922 278.3898582458496
55.945814633778255 -3.1887479926082896 N 55.94611463377826 -3.1887479926082896 90.89836883544922 277.1398582458496
55.94611463377826 -3.1887479926082896 SSE 55.9458374699185 -3.18863318757858 90.89836883544922 275.8898582458496
55.9458374699185 -3.18863318757858 N 55.946137469918504 -3.18863318757858 90.89836883544922 274.6398582458496
55.946137469918504 -3.18863318757858 S 55.9458374699185 -3.18863318757858 90.89836883544922 273.3898582458496
55.9458374699185 -3.18863318757858 E 55.9458374699185 -3.18833318757858 90.89836883544922 272.1398582458496
55.9458374699185 -3.18833318757858 W 55.9458374699185 -3.18863318757858 90.89836883544922 270.8898582458496
55.9458374699185 -3.18863318757858 E 55.9458374699185 -3.18833318757858 90.89836883544922 269.6398582458496
55.9458374699185 -3.18833318757858 W 55.9458374699185 -3.18863318757858 90.89836883544922 268.3898582458496
55.9458374699185 -3.18863318757858 E 55.9458374699185 -3.18833318757858 90.89836883544922 267.1398582458496
55.9458374699185 -3.18833318757858 WNW 55.94595227494821 -3.1886103514383333 90.89836883544922 265.8898582458496
55.94595227494821 -3.1886103514383333 ESE 55.9458374699185 -3.18833318757858 90.89836883544922 264.6398582458496
55.9458374699185 -3.18833318757858 N 55.946137469918504 -3.18833318757858 90.89836883544922 263.3898582458496
55.946137469918504 -3.18833318757858 S 55.9458374699185 -3.18833318757858 90.89836883544922 262.1398582458496
55.9458374699185 -3.18833318757858 NE 55.94604960195286 -3.188121055544224 143.71858596801758 314.1563415527344
55.94604960195286 -3.188121055544224 SW 55.9458374699185 -3.18833318757858 143.71858596801758 312.9063415527344
55.9458374699185 -3.18833318757858 NE 55.94604960195286 -3.188121055544224 143.71858596801758 311.6563415527344
55.94604960195286 -3.188121055544224 SW 55.9458374699185 -3.18833318757858 143.71858596801758 310.4063415527344
55.9458374699185 -3.18833318757858 WSW 55.94572266488879 -3.1886103514383333 143.71858596801758 309.1563415527344
55.94572266488879 -3.1886103514383333 ENE 55.9458374699185 -3.18833318757858 143.71858596801758 307.9063415527344
55.9458374699185 -3.18833318757858 WSW 55.94572266488879 -3.1886103514383333 143.71858596801758 306.6563415527344
55.94572266488879 -3.1886103514383333 E 55.94572266488879 -3.188310351438333 143.71858596801758 305.4063415527344
55.94572266488879 -3.188310351438333 W 55.94572266488879 -3.1886103514383333 143.71858596801758 304.1563415527344
55.94572266488879 -3.1886103514383333 ENE 55.9458374699185 -3.18833318757858 143.71858596801758 302.9063415527344
55.9458374699185 -3.18833318757858 SW 55.945625337884145 -3.1885453196129356 143.71858596801758 301.6563415527344
55.945625337884145 -3.1885453196129356 NE 55.9458374699185 -3.18833318757858 143.71858596801758 300.4063415527344
55.9458374699185 -3.18833318757858 SSW 55.945560306058745 -3.1884479926082894 143.71858596801758 299.1563415527344
55.945560306058745 -3.1884479926082894 NNE 55.9458374699185 -3.18833318757858 143.71858596801758 297.9063415527344
55.9458374699185 -3.18833318757858 S 55.9455374699185 -3.18833318757858 143.71858596801758 296.6563415527344
55.9455374699185 -3.18833318757858 NNE 55.945814633778255 -3.1882183825488704 143.71858596801758 295.4063415527344
55.945814633778255 -3.1882183825488704 SSW 55.9455374699185 -3.18833318757858 143.71858596801758 294.1563415527344
55.9455374699185 -3.18833318757858 NE 55.945749601952855 -3.188121055544224 143.71858596801758 292.9063415527344
55.945749601952855 -3.188121055544224 NNW 55.94602676581261 -3.1882358605739336 143.71858596801758 291.6563415527344
55.94602676581261 -3.1882358605739336 SSE 55.945749601952855 -3.188121055544224 143.71858596801758 290.4063415527344
55.945749601952855 -3.188121055544224 NE 55.94596173398721 -3.1879089235098683 143.71858596801758 289.1563415527344
55.94596173398721 -3.1879089235098683 SW 55.945749601952855 -3.188121055544224 143.71858596801758 287.9063415527344
55.945749601952855 -3.188121055544224 NNW 55.94602676581261 -3.1882358605739336 143.71858596801758 286.6563415527344
55.94602676581261 -3.1882358605739336 SSE 55.945749601952855 -3.188121055544224 143.71858596801758 285.4063415527344
55.945749601952855 -3.188121055544224 NNW 55.94602676581261 -3.1882358605739336 143.71858596801758 284.1563415527344
55.94602676581261 -3.1882358605739336 SSE 55.945749601952855 -3.188121055544224 143.71858596801758 282.9063415527344
55.945749601952855 -3.188121055544224 NNW 55.94602676581261 -3.1882358605739336 143.71858596801758 281.6563415527344
55.94602676581261 -3.1882358605739336 SW 55.945814633778255 -3.1884479926082894 143.71858596801758 280.4063415527344
55.945814633778255 -3.1884479926082894 NE 55.94602676581261 -3.1882358605739336 143.71858596801758 279.1563415527344
55.94602676581261 -3.1882358605739336 WSW 55.9459119607829 -3.188513024433687 143.71858596801758 277.9063415527344
55.9459119607829 -3.188513024433687 NE 55.94612409281726 -3.1883008923993312 205.02097702026367 370.71065521240234
55.94612409281726 -3.1883008923993312 SW 55.9459119607829 -3.188513024433687 205.02097702026367 369.46065521240234
55.9459119607829 -3.188513024433687 NE 55.94612409281726 -3.1883008923993312 205.02097702026367 368.21065521240234
55.94612409281726 -3.1883008923993312 E 55.94612409281726 -3.188000892399331 205.02097702026367 366.96065521240234
55.94612409281726 -3.188000892399331 W 55.94612409281726 -3.1883008923993312 205.02097702026367 365.71065521240234
55.94612409281726 -3.1883008923993312 SSW 55.9458469289575 -3.1884156974290407 299.29387283325195 485.86253356933594
55.9458469289575 -3.1884156974290407 N 55.9461469289575 -3.1884156974290407 299.29387283325195 484.61253356933594
55.9461469289575 -3.1884156974290407 S 55.9458469289575 -3.1884156974290407 299.29387283325195 483.36253356933594
55.9458469289575 -3.1884156974290407 N 55.9461469289575 -3.1884156974290407 299.29387283325195 482.11253356933594
55.9461469289575 -3.1884156974290407 SW 55.94593479692315 -3.1886278294633965 299.29387283325195 480.86253356933594
55.94593479692315 -3.1886278294633965 ENE 55.94604960195286 -3.188350665603643 299.29387283325195 479.61253356933594
55.94604960195286 -3.188350665603643 SW 55.9458374699185 -3.188562797637999 299.29387283325195 478.36253356933594
55.9458374699185 -3.188562797637999 NE 55.94604960195286 -3.188350665603643 299.29387283325195 477.11253356933594
55.94604960195286 -3.188350665603643 W 55.94604960195286 -3.1886506656036433 299.29387283325195 475.86253356933594
55.94604960195286 -3.1886506656036433 SW 55.9458374699185 -3.188862797637999 299.29387283325195 474.61253356933594
55.9458374699185 -3.188862797637999 NE 55.94604960195286 -3.1886506656036433 299.29387283325195 473.36253356933594
55.94604960195286 -3.1886506656036433 ESE 55.94593479692315 -3.18837350174389 299.29387283325195 472.11253356933594
55.94593479692315 -3.18837350174389 WNW 55.94604960195286 -3.1886506656036433 299.29387283325195 470.86253356933594
55.94604960195286 -3.1886506656036433 SW 55.9458374699185 -3.188862797637999 299.29387283325195 469.61253356933594
55.9458374699185 -3.188862797637999 NNE 55.94611463377826 -3.1887479926082896 299.29387283325195 468.36253356933594
55.94611463377826 -3.1887479926082896 ENE 55.94622943880797 -3.188470828748536 299.29387283325195 467.11253356933594
55.94622943880797 -3.188470828748536 SW 55.94601730677361 -3.188682960782892 299.29387283325195 465.86253356933594
55.94601730677361 -3.188682960782892 NE 55.94622943880797 -3.188470828748536 299.29387283325195 464.61253356933594
55.94622943880797 -3.188470828748536 SW 55.94601730677361 -3.188682960782892 299.29387283325195 463.36253356933594
55.94601730677361 -3.188682960782892 NE 55.94622943880797 -3.188470828748536 299.29387283325195 462.11253356933594
55.94622943880797 -3.188470828748536 WSW 55.94611463377826 -3.1887479926082896 299.29387283325195 460.86253356933594
55.94611463377826 -3.1887479926082896 ENE 55.94622943880797 -3.188470828748536 299.29387283325195 459.61253356933594
55.94622943880797 -3.188470828748536 WSW 55.94611463377826 -3.1887479926082896 299.29387283325195 458.36253356933594
55.94611463377826 -3.1887479926082896 ENE 55.94622943880797 -3.188470828748536 299.29387283325195 457.11253356933594
55.94622943880797 -3.188470828748536 W 55.94622943880797 -3.1887708287485363 299.29387283325195 455.86253356933594
55.94622943880797 -3.1887708287485363 SE 55.94601730677361 -3.1885586967141806 299.29387283325195 454.61253356933594
55.94601730677361 -3.1885586967141806 NW 55.94622943880797 -3.1887708287485363 299.29387283325195 453.36253356933594
55.94622943880797 -3.1887708287485363 WSW 55.94611463377826 -3.1890479926082897 308.0565929412842 452.4010334312916
55.94611463377826 -3.1890479926082897 ESE 55.94599982874855 -3.1887708287485363 308.0565929412842 451.1510334312916
55.94599982874855 -3.1887708287485363 WNW 55.94611463377826 -3.1890479926082897 308.0565929412842 449.9010334312916
55.94611463377826 -3.1890479926082897 ESE 55.94599982874855 -3.1887708287485363 308.0565929412842 448.6510334312916
55.94599982874855 -3.1887708287485363 WNW 55.94611463377826 -3.1890479926082897 308.0565929412842 447.4010334312916
55.94611463377826 -3.1890479926082897 SE 55.9459025017439 -3.188835860573934 308.0565929412842 446.1510334312916
