55.944425 -3.188396 N 55.944725000000005 -3.188396 0.0 248.75
55.944725000000005 -3.188396 S 55.944425 -3.188396 0.0 247.5
55.944425 -3.188396 ESE 55.94431019497029 -3.1881188361402466 0.0 246.25
55.94431019497029 -3.1881188361402466 W 55.94431019497029 -3.188418836140247 0.0 245.0
55.94431019497029 -3.188418836140247 E 55.94431019497029 -3.1881188361402466 0.0 243.75
55.94431019497029 -3.1881188361402466 W 55.94431019497029 -3.188418836140247 0.0 242.5
55.94431019497029 -3.188418836140247 E 55.94431019497029 -3.1881188361402466 0.0 241.25
55.94431019497029 -3.1881188361402466 SSE 55.944033031110536 -3.188004031110537 0.0 240.0
55.944033031110536 -3.188004031110537 NNW 55.94431019497029 -3.1881188361402466 0.0 238.75
55.94431019497029 -3.1881188361402466 S 55.94401019497029 -3.1881188361402466 0.0 237.5
55.94401019497029 -3.1881188361402466 SW 55.94379806293593 -3.1883309681746024 0.0 236.25
55.94379806293593 -3.1883309681746024 NE 55.94401019497029 -3.1881188361402466 0.0 235.0
55.94401019497029 -3.1881188361402466 E 55.94401019497029 -3.1878188361402464 0.0 233.75
55.94401019497029 -3.1878188361402464 W 55.94401019497029 -3.1881188361402466 0.0 232.5
55.94401019497029 -3.1881188361402466 NNW 55.944287358830046 -3.188233641169956 0.0 231.25
55.944287358830046 -3.188233641169956 SW 55.94407522679569 -3.188445773204312 0.0 230.0
55.94407522679569 -3.188445773204312 ENE 55.9441900318254 -3.1881686093445585 0.0 228.75
55.9441900318254 -3.1881686093445585 WSW 55.94407522679569 -3.188445773204312 0.0 227.5
55.94407522679569 -3.188445773204312 WNW 55.9441900318254 -3.1887229370640653 0.0 226.25
55.9441900318254 -3.1887229370640653 E 55.9441900318254 -3.188422937064065 0.0 225.0
55.9441900318254 -3.188422937064065 W 55.9441900318254 -3.1887229370640653 0.0 223.75
55.9441900318254 -3.1887229370640653 E 55.9441900318254 -3.188422937064065 0.0 222.5
55.9441900318254 -3.188422937064065 NNW 55.94446719568516 -3.1885377420937746 0.0 221.25
55.94446719568516 -3.1885377420937746 SSE 55.9441900318254 -3.188422937064065 0.0 220.0
55.9441900318254 -3.188422937064065 NW 55.944402163859756 -3.188635069098421 0.0 218.75
55.944402163859756 -3.188635069098421 S 55.94410216385975 -3.188635069098421 70.3781509399414 247.4031467437744
55.94410216385975 -3.188635069098421 N 55.944402163859756 -3.188635069098421 70.3781509399414 246.1531467437744
55.944402163859756 -3.188635069098421 SSW 55.944125 -3.1887498741281304 70.3781509399414 244.9031467437744
55.944125 -3.1887498741281304 NNE 55.944402163859756 -3.188635069098421 70.3781509399414 243.6531467437744
55.944402163859756 -3.188635069098421 NW 55.94461429589411 -3.1888472011327766 70.3781509399414 242.4031467437744
55.94461429589411 -3.1888472011327766 SE 55.944402163859756 -3.188635069098421 70.3781509399414 241.1531467437744
55.944402163859756 -3.188635069098421 NW 55.94461429589411 -3.1888472011327766 70.3781509399414 239.9031467437744
55.94461429589411 -3.1888472011327766 ESE 55.9444994908644 -3.1885700372730232 70.3781509399414 238.6531467437744
55.9444994908644 -3.1885700372730232 E 55.9444994908644 -3.188270037273023 113.87848281860352 315.02805519104004
55.9444994908644 -3.188270037273023 W 55.9444994908644 -3.1885700372730232 113.87848281860352 313.77805519104004
55.9444994908644 -3.1885700372730232 NE 55.94471162289876 -3.1883579052386675 113.87848281860352 312.52805519104004
55.94471162289876 -3.1883579052386675 WSW 55.94459681786905 -3.188635069098421 113.87848281860352 311.27805519104004
55.94459681786905 -3.188635069098421 NNE 55.944873981728804 -3.1885202640687114 113.87848281860352 310.02805519104004
55.944873981728804 -3.1885202640687114 S 55.9445739817288 -3.1885202640687114 113.87848281860352 308.77805519104004
55.9445739817288 -3.1885202640687114 NNE 55.94485114558856 -3.188405459039002 113.87848281860352 307.52805519104004
55.94485114558856 -3.188405459039002 SSE 55.9445739817288 -3.1882906540092923 113.87848281860352 306.27805519104004
55.9445739817288 -3.1882906540092923 ESE 55.94445917669909 -3.188013490149539 113.87848281860352 305.02805519104004
55.94445917669909 -3.188013490149539 W 55.94445917669909 -3.188313490149539 113.87848281860352 303.77805519104004
55.94445917669909 -3.188313490149539 E 55.94445917669909 -3.188013490149539 113.87848281860352 302.52805519104004
55.94445917669909 -3.188013490149539 W 55.94445917669909 -3.188313490149539 113.87848281860352 301.27805519104004
55.94445917669909 -3.188313490149539 E 55.94445917669909 -3.188013490149539 113.87848281860352 300.02805519104004
55.94445917669909 -3.188013490149539 ENE 55.9445739817288 -3.1877363262897855 113.87848281860352 298.77805519104004
55.9445739817288 -3.1877363262897855 SSW 55.944296817869045 -3.187851131319495 113.87848281860352 297.52805519104004
55.944296817869045 -3.187851131319495 NE 55.9445089499034 -3.1876389992851393 190.12398147583008 415.935266494751
55.9445089499034 -3.1876389992851393 SW 55.944296817869045 -3.187851131319495 190.12398147583008 414.685266494751
55.944296817869045 -3.187851131319495 SSE 55.94401965400929 -3.1877363262897855 190.12398147583008 413.435266494751
55.94401965400929 -3.1877363262897855 NNW 55.944296817869045 -3.187851131319495 190.12398147583008 412.185266494751
55.944296817869045 -3.187851131319495 S 55.94399681786904 -3.187851131319495 190.12398147583008 410.935266494751
55.94399681786904 -3.187851131319495 NNE 55.9442739817288 -3.1877363262897855 190.12398147583008 409.685266494751
55.9442739817288 -3.1877363262897855 SSW 55.94399681786904 -3.187851131319495 190.12398147583008 408.435266494751
55.94399681786904 -3.187851131319495 NNE 55.9442739817288 -3.1877363262897855 190.12398147583008 407.185266494751
55.9442739817288 -3.1877363262897855 SSW 55.94399681786904 -3.187851131319495 190.12398147583008 405.935266494751
55.94399681786904 -3.187851131319495 NNE 55.9442739817288 -3.1877363262897855 190.12398147583008 404.685266494751
55.9442739817288 -3.1877363262897855 SSW 55.94399681786904 -3.187851131319495 190.12398147583008 403.435266494751
55.94399681786904 -3.187851131319495 SW 55.943784685834686 -3.188063263353851 190.12398147583008 402.185266494751
55.943784685834686 -3.188063263353851 NNW 55.94406184969444 -3.1881780683835603 190.12398147583008 400.935266494751
55.94406184969444 -3.1881780683835603 SSE 55.943784685834686 -3.188063263353851 190.12398147583008 399.685266494751
55.943784685834686 -3.188063263353851 WNW 55.943899490864396 -3.1883404272136042 190.12398147583008 398.435266494751
55.943899490864396 -3.1883404272136042 SE 55.94368735883004 -3.1881282951792485 190.12398147583008 397.185266494751
55.94368735883004 -3.1881282951792485 NW 55.943899490864396 -3.1883404272136042 190.12398147583008 395.935266494751
55.943899490864396 -3.1883404272136042 WNW 55.94401429589411 -3.1886175910733576 190.12398147583008 394.685266494751
55.94401429589411 -3.1886175910733576 ESE 55.943899490864396 -3.1883404272136042 190.12398147583008 393.435266494751
55.943899490864396 -3.1883404272136042 SW 55.94368735883004 -3.18855255924796 190.12398147583008 392.185266494751
55.94368735883004 -3.18855255924796 N 55.94398735883004 -3.18855255924796 190.12398147583008 390.935266494751
55.94398735883004 -3.18855255924796 SSW 55.943710194970286 -3.1886673642776695 190.12398147583008 389.685266494751
55.943710194970286 -3.1886673642776695 NNW 55.94398735883004 -3.188782169307379 190.12398147583008 388.435266494751
55.94398735883004 -3.188782169307379 SSE 55.943710194970286 -3.1886673642776695 190.12398147583008 387.185266494751
55.943710194970286 -3.1886673642776695 SSE 55.94343303111053 -3.18855255924796 190.12398147583008 385.935266494751
55.94343303111053 -3.18855255924796 NNW 55.943710194970286 -3.1886673642776695 190.12398147583008 384.685266494751
55.943710194970286 -3.1886673642776695 NNW 55.94398735883004 -3.188782169307379 190.12398147583008 383.435266494751
55.94398735883004 -3.188782169307379 SSE 55.943710194970286 -3.1886673642776695 190.12398147583008 382.185266494751
55.943710194970286 -3.1886673642776695 NNW 55.94398735883004 -3.188782169307379 190.12398147583008 380.935266494751
55.94398735883004 -3.188782169307379 SSE 55.943710194970286 -3.1886673642776695 190.12398147583008 379.685266494751
55.943710194970286 -3.1886673642776695 N 55.94401019497029 -3.1886673642776695 190.12398147583008 378.435266494751
55.94401019497029 -3.1886673642776695 N 55.94431019497029 -3.1886673642776695 190.12398147583008 377.185266494751
55.94431019497029 -3.1886673642776695 SSW 55.944033031110536 -3.188782169307379 190.12398147583008 375.935266494751
55.944033031110536 -3.188782169307379 NNW 55.94431019497029 -3.1888969743370885 223.7793426513672 496.78826332092285
55.94431019497029 -3.1888969743370885 NNE 55.94458735883005 -3.188782169307379 223.7793426513672 495.53826332092285
55.94458735883005 -3.188782169307379 SSW 55.94431019497029 -3.1888969743370885 223.7793426513672 494.28826332092285
55.94431019497029 -3.1888969743370885 NNE 55.94458735883005 -3.188782169307379 223.7793426513672 493.03826332092285
55.94458735883005 -3.188782169307379 SW 55.94437522679569 -3.188994301341735 223.7793426513672 491.78826332092285
55.94437522679569 -3.188994301341735 NW 55.94458735883005 -3.1892064333760906 223.7793426513672 490.53826332092285
55.94458735883005 -3.1892064333760906 SSE 55.94431019497029 -3.189091628346381 223.7793426513672 489.28826332092285
55.94431019497029 -3.189091628346381 NNW 55.94458735883005 -3.1892064333760906 223.7793426513672 488.03826332092285
55.94458735883005 -3.1892064333760906 NNE 55.944864522689805 -3.189091628346381 223.7793426513672 486.78826332092285
55.944864522689805 -3.189091628346381 SSW 55.94458735883005 -3.1892064333760906 223.7793426513672 485.53826332092285
55.94458735883005 -3.1892064333760906 NNE 55.944864522689805 -3.189091628346381 223.7793426513672 484.28826332092285
55.944864522689805 -3.189091628346381 W 55.944864522689805 -3.1893916283463812 347.5956115722656 538.8516979217529
55.944864522689805 -3.1893916283463812 E 55.944864522689805 -3.189091628346381 347.5956115722656 537.6016979217529
55.944864522689805 -3.189091628346381 W 55.944864522689805 -3.1893916283463812 347.5956115722656 536.3516979217529
55.944864522689805 -3.1893916283463812 SE 55.94465239065545 -3.1891794963120255 347.5956115722656 535.1016979217529
55.94465239065545 -3.1891794963120255 NW 55.944864522689805 -3.1893916283463812 347.5956115722656 533.8516979217529
55.944864522689805 -3.1893916283463812 SW 55.94465239065545 -3.189603760380737 347.5956115722656 532.6016979217529
55.94465239065545 -3.189603760380737 NE 55.944864522689805 -3.1893916283463812 347.5956115722656 531.3516979217529
55.944864522689805 -3.1893916283463812 WNW 55.944979327719516 -3.1896687922061346 347.5956115722656 530.1016979217529
55.944979327719516 -3.1896687922061346 E 55.944979327719516 -3.1893687922061345 427.52367401123047 542.1866598129272
55.944979327719516 -3.1893687922061345 NW 55.94519145975387 -3.1895809242404902 427.52367401123047 540.9366598129272
55.94519145975387 -3.1895809242404902 SSE 55.944914295894115 -3.1894661192107807 427.52367401123047 539.6866598129272
55.944914295894115 -3.1894661192107807 NNW 55.94519145975387 -3.1895809242404902 427.52367401123047 538.4366598129272
55.94519145975387 -3.1895809242404902 WNW 55.94530626478358 -3.1898580881002436 427.52367401123047 537.1866598129272
55.94530626478358 -3.1898580881002436 ESE 55.94519145975387 -3.1895809242404902 427.52367401123047 535.9366598129272
55.94519145975387 -3.1895809242404902 NNW 55.94546862361363 -3.1896957292701997 427.52367401123047 534.6866598129272
55.94546862361363 -3.1896957292701997 SE 55.94525649157927 -3.189483597235844 427.52367401123047 533.4366598129272
55.94525649157927 -3.189483597235844 WNW 55.94537129660898 -3.1897607610955974 427.52367401123047 532.1866598129272
55.94537129660898 -3.1897607610955974 ESE 55.94525649157927 -3.189483597235844 427.52367401123047 530.9366598129272
55.94525649157927 -3.189483597235844 ESE 55.94514168654956 -3.1892064333760906 448.79869270324707 543.6771697998047
55.94514168654956 -3.1892064333760906 WNW 55.94525649157927 -3.189483597235844 448.79869270324707 542.4271697998047
55.94525649157927 -3.189483597235844 ENE 55.94537129660898 -3.1892064333760906 448.79869270324707 541.1771697998047
55.94537129660898 -3.1892064333760906 WSW 55.94525649157927 -3.189483597235844 448.79869270324707 539.9271697998047
55.94525649157927 -3.189483597235844 NNE 55.94553365543903 -3.1893687922061345 448.79869270324707 538.6771697998047
55.94553365543903 -3.1893687922061345 SSW 55.94525649157927 -3.189483597235844 448.79869270324707 537.4271697998047
55.94525649157927 -3.189483597235844 NNW 55.94553365543903 -3.1895984022655535 448.79869270324707 536.1771697998047
55.94553365543903 -3.1895984022655535 NE 55.945745787473385 -3.1893862702311977 448.79869270324707 534.9271697998047
55.945745787473385 -3.1893862702311977 SW 55.94553365543903 -3.1895984022655535 448.79869270324707 533.6771697998047
55.94553365543903 -3.1895984022655535 SSW 55.94525649157927 -3.189713207295263 448.79869270324707 532.4271697998047
55.94525649157927 -3.189713207295263 N 55.945556491579275 -3.189713207295263 448.79869270324707 531.1771697998047
55.945556491579275 -3.189713207295263 NNE 55.94583365543903 -3.1895984022655535 448.79869270324707 529.9271697998047
55.94583365543903 -3.1895984022655535 SSW 55.945556491579275 -3.189713207295263 448.79869270324707 528.6771697998047
55.945556491579275 -3.189713207295263 NNE 55.94583365543903 -3.1895984022655535 448.79869270324707 527.4271697998047
55.94583365543903 -3.1895984022655535 NNW 55.94611081929879 -3.189713207295263 448.79869270324707 526.1771697998047
55.94611081929879 -3.189713207295263 SSW 55.94583365543903 -3.1898280123249725 521.4763507843018 601.0016021728516
55.94583365543903 -3.1898280123249725 NW 55.94604578747339 -3.1900401443593283 521.4763507843018 599.7516021728516
55.94604578747339 -3.1900401443593283 E 55.94604578747339 -3.189740144359328 521.4763507843018 598.5016021728516
55.94604578747339 -3.189740144359328 W 55.94604578747339 -3.1900401443593283 521.4763507843018 597.2516021728516
55.94604578747339 -3.1900401443593283 WNW 55.9461605925031 -3.1903173082190817 547.8265762329102 659.3185043334961
55.9461605925031 -3.1903173082190817 E 55.9461605925031 -3.1900173082190815 636.850456237793 662.101809501648
55.9461605925031 -3.1900173082190815 SE 55.94594846046874 -3.1898051761847257 736.5317535400391 784.4836378097534
55.94594846046874 -3.1898051761847257 NW 55.9461605925031 -3.1900173082190815 736.5317535400391 783.2336378097534
55.9461605925031 -3.1900173082190815 W 55.9461605925031 -3.1903173082190817 736.5317535400391 781.9836378097534
55.9461605925031 -3.1903173082190817 E 55.9461605925031 -3.1900173082190815 736.5317535400391 780.7336378097534
55.9461605925031 -3.1900173082190815 W 55.9461605925031 -3.1903173082190817 736.5317535400391 779.4836378097534
55.9461605925031 -3.1903173082190817 ESE 55.94604578747339 -3.1900401443593283 736.5317535400391 778.2336378097534
55.94604578747339 -3.1900401443593283 WSW 55.94593098244368 -3.1903173082190817 736.5317535400391 776.9836378097534
55.94593098244368 -3.1903173082190817 SE 55.94571885040932 -3.190105176184726 810.2662582397461 884.2988843917847
55.94571885040932 -3.190105176184726 NW 55.94593098244368 -3.1903173082190817 810.2662582397461 883.0488843917847
55.94593098244368 -3.1903173082190817 SSW 55.94565381858392 -3.190432113248791 810.2662582397461 881.7988843917847
55.94565381858392 -3.190432113248791 NNE 55.94593098244368 -3.1903173082190817 810.2662582397461 880.5488843917847
55.94593098244368 -3.1903173082190817 SW 55.94571885040932 -3.1905294402534374 810.2662582397461 879.2988843917847
55.94571885040932 -3.1905294402534374 NE 55.94593098244368 -3.1903173082190817 810.2662582397461 878.0488843917847
55.94593098244368 -3.1903173082190817 WNW 55.94604578747339 -3.190594472078835 810.2662582397461 876.7988843917847
55.94604578747339 -3.190594472078835 ENE 55.9461605925031 -3.1903173082190817 810.2662582397461 875.5488843917847
55.9461605925031 -3.1903173082190817 W 55.9461605925031 -3.190617308219082 810.2662582397461 874.2988843917847
55.9461605925031 -3.190617308219082 SSE 55.94588342864334 -3.1905025031893723 810.2662582397461 873.0488843917847
55.94588342864334 -3.1905025031893723 NNW 55.9461605925031 -3.190617308219082 810.2662582397461 871.7988843917847
55.9461605925031 -3.190617308219082 SW 55.94594846046874 -3.1908294402534376 810.2662582397461 870.5488843917847
55.94594846046874 -3.1908294402534376 NNE 55.9462256243285 -3.190714635223728 853.5819778442383 988.6732740402222
55.9462256243285 -3.190714635223728 SSW 55.94594846046874 -3.1908294402534376 853.5819778442383 987.4232740402222
55.94594846046874 -3.1908294402534376 W 55.94594846046874 -3.191129440253438 853.5819778442383 986.1732740402222
55.94594846046874 -3.191129440253438 ESE 55.94583365543903 -3.1908522763936844 853.5819778442383 984.9232740402222
55.94583365543903 -3.1908522763936844 WNW 55.94594846046874 -3.191129440253438 853.5819778442383 983.6732740402222
55.94594846046874 -3.191129440253438 SE 55.945736328434386 -3.190917308219082 853.5819778442383 982.4232740402222
55.945736328434386 -3.190917308219082 NE 55.94594846046874 -3.1907051761847263 853.5819778442383 981.1732740402222
55.94594846046874 -3.1907051761847263 SW 55.945736328434386 -3.190917308219082 853.5819778442383 979.9232740402222
55.945736328434386 -3.190917308219082 W 55.945736328434386 -3.1912173082190822 853.5819778442383 978.6732740402222
55.945736328434386 -3.1912173082190822 SE 55.94552419640003 -3.1910051761847265 853.5819778442383 977.4232740402222
55.94552419640003 -3.1910051761847265 WNW 55.94563900142974 -3.19128234004448 859.2980270385742 998.777533531189
55.94563900142974 -3.19128234004448 ESE 55.94552419640003 -3.1910051761847265 859.2980270385742 997.527533531189
55.94552419640003 -3.1910051761847265 SW 55.94531206436567 -3.1912173082190822 859.2980270385742 996.277533531189
55.94531206436567 -3.1912173082190822 NE 55.94552419640003 -3.1910051761847265 859.2980270385742 995.027533531189
55.94552419640003 -3.1910051761847265 SE 55.94531206436567 -3.1907930441503707 859.2980270385742 993.777533531189
55.94531206436567 -3.1907930441503707 NW 55.94552419640003 -3.1910051761847265 859.2980270385742 992.527533531189
55.94552419640003 -3.1910051761847265 E 55.94552419640003 -3.1907051761847263 859.2980270385742 991.277533531189
55.94552419640003 -3.1907051761847263 W 55.94552419640003 -3.1910051761847265 859.2980270385742 990.027533531189
55.94552419640003 -3.1910051761847265 E 55.94552419640003 -3.1907051761847263 859.2980270385742 988.777533531189
55.94552419640003 -3.1907051761847263 NNW 55.945801360259786 -3.1908199812144358 859.2980270385742 987.527533531189
55.945801360259786 -3.1908199812144358 SSE 55.94552419640003 -3.1907051761847263 859.2980270385742 986.277533531189
55.94552419640003 -3.1907051761847263 N 55.94582419640003 -3.1907051761847263 859.2980270385742 985.027533531189
55.94582419640003 -3.1907051761847263 N 55.946124196400035 -3.1907051761847263 859.2980270385742 983.777533531189
55.946124196400035 -3.1907051761847263 S 55.94582419640003 -3.1907051761847263 859.2980270385742 982.527533531189
55.94582419640003 -3.1907051761847263 NE 55.94603632843439 -3.1904930441503705 859.2980270385742 981.277533531189
55.94603632843439 -3.1904930441503705 S 55.945736328434386 -3.1904930441503705 859.2980270385742 980.027533531189
55.945736328434386 -3.1904930441503705 S 55.94543632843438 -3.1904930441503705 859.2980270385742 978.777533531189
55.94543632843438 -3.1904930441503705 SW 55.94522419640003 -3.1907051761847263 859.2980270385742 977.527533531189
55.94522419640003 -3.1907051761847263 NE 55.94543632843438 -3.1904930441503705 859.2980270385742 976.277533531189
55.94543632843438 -3.1904930441503705 SE 55.94522419640003 -3.1902809121160147 943.6038970947266 996.7737703323364
55.94522419640003 -3.1902809121160147 NW 55.94543632843438 -3.1904930441503705 943.6038970947266 995.5237703323364
55.94543632843438 -3.1904930441503705 SE 55.94522419640003 -3.1902809121160147 943.6038970947266 994.2737703323364
55.94522419640003 -3.1902809121160147 SSE 55.94494703254027 -3.190166107086305 943.6038970947266 993.0237703323364
55.94494703254027 -3.190166107086305 NNW 55.94522419640003 -3.1902809121160147 943.6038970947266 991.7737703323364
55.94522419640003 -3.1902809121160147 S 55.944924196400024 -3.1902809121160147 943.6038970947266 990.5237703323364
55.944924196400024 -3.1902809121160147 N 55.94522419640003 -3.1902809121160147 943.6038970947266 989.2737703323364
55.94522419640003 -3.1902809121160147 WNW 55.94533900142974 -3.190558075975768 943.6038970947266 988.0237703323364
55.94533900142974 -3.190558075975768 ESE 55.94522419640003 -3.1902809121160147 943.6038970947266 986.7737703323364
55.94522419640003 -3.1902809121160147 ENE 55.94533900142974 -3.1900037482562613 1060.360481262207 1096.716549873352
55.94533900142974 -3.1900037482562613 WSW 55.94522419640003 -3.1902809121160147 1060.360481262207 1095.466549873352
55.94522419640003 -3.1902809121160147 SE 55.94501206436567 -3.190068780081659 1060.360481262207 1094.216549873352
55.94501206436567 -3.190068780081659 NW 55.94522419640003 -3.1902809121160147 1060.360481262207 1092.966549873352
55.94522419640003 -3.1902809121160147 SSE 55.94494703254027 -3.190166107086305 1060.360481262207 1091.716549873352
55.94494703254027 -3.190166107086305 N 55.94524703254027 -3.190166107086305 1096.126823425293 1128.102105140686
55.94524703254027 -3.190166107086305 S 55.94494703254027 -3.190166107086305 1096.126823425293 1126.852105140686
55.94494703254027 -3.190166107086305 SSW 55.94466986868051 -3.1902809121160147 1096.126823425293 1125.602105140686
55.94466986868051 -3.1902809121160147 NNE 55.94494703254027 -3.190166107086305 1096.126823425293 1124.352105140686
55.94494703254027 -3.190166107086305 SSW 55.94466986868051 -3.1902809121160147 1096.126823425293 1123.102105140686
55.94466986868051 -3.1902809121160147 N 55.944969868680516 -3.1902809121160147 1096.126823425293 1121.852105140686
55.944969868680516 -3.1902809121160147 S 55.94466986868051 -3.1902809121160147 1096.126823425293 1120.602105140686
55.94466986868051 -3.1902809121160147 W 55.94466986868051 -3.190580912116015 1096.126823425293 1119.352105140686
55.94466986868051 -3.190580912116015 E 55.94466986868051 -3.1902809121160147 1096.126823425293 1118.102105140686
55.94466986868051 -3.1902809121160147 W 55.94466986868051 -3.190580912116015 1096.126823425293 1116.852105140686
55.94466986868051 -3.190580912116015 SW 55.94445773664616 -3.1907930441503707 1096.126823425293 1115.602105140686
55.94445773664616 -3.1907930441503707 NE 55.94466986868051 -3.190580912116015 1096.126823425293 1114.352105140686
55.94466986868051 -3.190580912116015 SW 55.94445773664616 -3.1907930441503707 1096.126823425293 1113.102105140686
55.94445773664616 -3.1907930441503707 NNW 55.944734900505914 -3.19090784918008 1096.126823425293 1111.852105140686
55.944734900505914 -3.19090784918008 SSE 55.94445773664616 -3.1907930441503707 1096.126823425293 1110.602105140686
55.94445773664616 -3.1907930441503707 NNW 55.944734900505914 -3.19090784918008 1096.126823425293 1109.352105140686
55.944734900505914 -3.19090784918008 ENE 55.944849705535624 -3.190630685320327 1096.126823425293 1108.102105140686
55.944849705535624 -3.190630685320327 WSW 55.944734900505914 -3.19090784918008 1096.126823425293 1106.852105140686
55.944734900505914 -3.19090784918008 ENE 55.944849705535624 -3.190630685320327 1096.126823425293 1105.602105140686
55.944849705535624 -3.190630685320327 SW 55.94463757350127 -3.1908428173546826 1096.126823425293 1104.352105140686
55.94463757350127 -3.1908428173546826 NE 55.944849705535624 -3.190630685320327 1096.126823425293 1103.102105140686
55.944849705535624 -3.190630685320327 SSW 55.94457254167587 -3.1907454903500363 1096.126823425293 1101.852105140686
55.94457254167587 -3.1907454903500363 S 55.944272541675865 -3.1907454903500363 1150.8011894226074 1105.2081880569458
55.944272541675865 -3.1907454903500363 ENE 55.944387346705575 -3.190468326490283 1150.8011894226074 1103.9581880569458
55.944387346705575 -3.190468326490283 WSW 55.944272541675865 -3.1907454903500363 1150.8011894226074 1102.7081880569458
55.944272541675865 -3.1907454903500363 E 55.944272541675865 -3.190445490350036 1150.8011894226074 1101.4581880569458
55.944272541675865 -3.190445490350036 WSW 55.944157736646154 -3.1907226542097895 1150.8011894226074 1100.2081880569458
55.944157736646154 -3.1907226542097895 NNE 55.94443490050591 -3.19060784918008 1150.8011894226074 1098.9581880569458
55.94443490050591 -3.19060784918008 SSW 55.944157736646154 -3.1907226542097895 1150.8011894226074 1097.7081880569458
55.944157736646154 -3.1907226542097895 WSW 55.944042931616444 -3.190999818069543 1150.8011894226074 1096.4581880569458
55.944042931616444 -3.190999818069543 ENE 55.944157736646154 -3.1907226542097895 1150.8011894226074 1095.2081880569458
55.944157736646154 -3.1907226542097895 W 55.944157736646154 -3.1910226542097897 1150.8011894226074 1093.9581880569458
55.944157736646154 -3.1910226542097897 E 55.944157736646154 -3.1907226542097895 1150.8011894226074 1092.7081880569458
55.944157736646154 -3.1907226542097895 W 55.944157736646154 -3.1910226542097897 1150.8011894226074 1091.4581880569458
55.944157736646154 -3.1910226542097897 WSW 55.944042931616444 -3.191299818069543 1219.8052864074707 1191.3958940505981
55.944042931616444 -3.191299818069543 ENE 55.944157736646154 -3.1910226542097897 1219.8052864074707 1190.1458940505981
55.944157736646154 -3.1910226542097897 SSE 55.9438805727864 -3.19090784918008 1335.8405265808105 1195.1020941734314
55.9438805727864 -3.19090784918008 NNW 55.944157736646154 -3.1910226542097897 1335.8405265808105 1193.8520941734314
55.944157736646154 -3.1910226542097897 SSE 55.9438805727864 -3.19090784918008 1335.8405265808105 1192.6020941734314
55.9438805727864 -3.19090784918008 W 55.9438805727864 -3.1912078491800804 1335.8405265808105 1191.3520941734314
55.9438805727864 -3.1912078491800804 E 55.9438805727864 -3.19090784918008 1335.8405265808105 1190.1020941734314
55.9438805727864 -3.19090784918008 NNW 55.944157736646154 -3.1910226542097897 1335.8405265808105 1188.8520941734314
55.944157736646154 -3.1910226542097897 SSE 55.9438805727864 -3.19090784918008 1335.8405265808105 1187.6020941734314
55.9438805727864 -3.19090784918008 SSW 55.94360340892664 -3.1910226542097897 1335.8405265808105 1186.3520941734314
55.94360340892664 -3.1910226542097897 NNE 55.9438805727864 -3.19090784918008 1335.8405265808105 1185.1020941734314
55.9438805727864 -3.19090784918008 NNE 55.944157736646154 -3.1907930441503707 1335.8405265808105 1183.8520941734314
55.944157736646154 -3.1907930441503707 SSW 55.9438805727864 -3.19090784918008 1335.8405265808105 1182.6020941734314
55.9438805727864 -3.19090784918008 ENE 55.94399537781611 -3.190630685320327 1445.756259918213 1215.5912909507751
55.94399537781611 -3.190630685320327 SSW 55.94371821395635 -3.1907454903500363 1445.756259918213 1214.3412909507751
55.94371821395635 -3.1907454903500363 SW 55.943506081921996 -3.190957622384392 1445.756259918213 1213.0912909507751
55.943506081921996 -3.190957622384392 NNE 55.94378324578175 -3.1908428173546826 1445.756259918213 1211.8412909507751
55.94378324578175 -3.1908428173546826 SW 55.943571113747396 -3.1910549493890383 1445.756259918213 1210.5912909507751
55.943571113747396 -3.1910549493890383 W 55.943571113747396 -3.1913549493890385 1445.756259918213 1209.3412909507751
55.943571113747396 -3.1913549493890385 ENE 55.943685918777106 -3.191077785529285 1445.756259918213 1208.0912909507751
55.943685918777106 -3.191077785529285 W 55.943685918777106 -3.1913777855292853 1445.756259918213 1206.8412909507751
55.943685918777106 -3.1913777855292853 E 55.943685918777106 -3.191077785529285 1445.756259918213 1205.5912909507751
55.943685918777106 -3.191077785529285 WNW 55.94380072380682 -3.1913549493890385 1445.756259918213 1204.3412909507751
