55.944425 -3.188396 SE 55.944212867965646 -3.1881838679656442 0.0 248.75
55.944212867965646 -3.1881838679656442 NW 55.944425 -3.188396 0.0 247.5
55.944425 -3.188396 ESE 55.94431019497029 -3.1881188361402466 0.0 246.25
55.94431019497029 -3.1881188361402466 WNW 55.944425 -3.188396 0.0 245.0
55.944425 -3.188396 E 55.944425 -3.188096 0.0 243.75
55.944425 -3.188096 W 55.944425 -3.188396 0.0 242.5
55.944425 -3.188396 E 55.944425 -3.188096 0.0 241.25
55.944425 -3.188096 NW 55.94463713203436 -3.1883081320343556 0.0 240.0
55.94463713203436 -3.1883081320343556 E 55.94463713203436 -3.1880081320343554 0.0 238.75
55.94463713203436 -3.1880081320343554 W 55.94463713203436 -3.1883081320343556 0.0 237.5
55.94463713203436 -3.1883081320343556 SSE 55.9443599681746 -3.188193327004646 0.0 236.25
55.9443599681746 -3.188193327004646 NNW 55.94463713203436 -3.1883081320343556 0.0 235.0
55.94463713203436 -3.1883081320343556 W 55.94463713203436 -3.188608132034356 0.0 233.75
55.94463713203436 -3.188608132034356 E 55.94463713203436 -3.1883081320343556 0.0 232.5
55.94463713203436 -3.1883081320343556 NNW 55.944914295894115 -3.188422937064065 0.0 231.25
55.944914295894115 -3.188422937064065 S 55.94461429589411 -3.188422937064065 0.0 230.0
55.94461429589411 -3.188422937064065 NNW 55.94489145975387 -3.1885377420937746 0.0 228.75
55.94489145975387 -3.1885377420937746 S 55.944591459753866 -3.1885377420937746 0.0 227.5
55.944591459753866 -3.1885377420937746 N 55.94489145975387 -3.1885377420937746 0.0 226.25
55.94489145975387 -3.1885377420937746 NE 55.945103591788225 -3.188325610059419 0.0 225.0
55.945103591788225 -3.188325610059419 SW 55.94489145975387 -3.1885377420937746 0.0 223.75
55.94489145975387 -3.1885377420937746 NE 55.945103591788225 -3.188325610059419 0.0 222.5
55.945103591788225 -3.188325610059419 W 55.945103591788225 -3.188625610059419 0.0 221.25
55.945103591788225 -3.188625610059419 E 55.945103591788225 -3.188325610059419 0.0 220.0
55.945103591788225 -3.188325610059419 SSE 55.94482642792847 -3.1882108050297093 0.0 218.75
55.94482642792847 -3.1882108050297093 NNW 55.945103591788225 -3.188325610059419 0.0 217.5
55.945103591788225 -3.188325610059419 WNW 55.945218396817936 -3.1886027739191722 0.0 216.25
55.945218396817936 -3.1886027739191722 ESE 55.945103591788225 -3.188325610059419 0.0 215.0
55.945103591788225 -3.188325610059419 ENE 55.945218396817936 -3.1880484461996654 0.0 213.75
55.945218396817936 -3.1880484461996654 WSW 55.945103591788225 -3.188325610059419 0.0 212.5
55.945103591788225 -3.188325610059419 N 55.94540359178823 -3.188325610059419 0.0 211.25
55.94540359178823 -3.188325610059419 SE 55.94519145975387 -3.188113478025063 0.0 210.0
55.94519145975387 -3.188113478025063 NW 55.94540359178823 -3.188325610059419 0.0 208.75
55.94540359178823 -3.188325610059419 S 55.945103591788225 -3.188325610059419 0.0 207.5
55.945103591788225 -3.188325610059419 N 55.94540359178823 -3.188325610059419 0.0 206.25
55.94540359178823 -3.188325610059419 SSE 55.94512642792847 -3.1882108050297093 0.0 205.0
55.94512642792847 -3.1882108050297093 NNW 55.94540359178823 -3.188325610059419 0.0 203.75
55.94540359178823 -3.188325610059419 NNE 55.945680755647984 -3.1882108050297093 0.0 202.5
55.945680755647984 -3.1882108050297093 SSW 55.94540359178823 -3.188325610059419 0.0 201.25
55.94540359178823 -3.188325610059419 NNE 55.945680755647984 -3.1882108050297093 0.0 200.0
55.945680755647984 -3.1882108050297093 SSE 55.94540359178823 -3.188096 0.0 198.75
55.94540359178823 -3.188096 N 55.94570359178823 -3.188096 0.0 197.5
55.94570359178823 -3.188096 S 55.94540359178823 -3.188096 0.0 196.25
55.94540359178823 -3.188096 N 55.94570359178823 -3.188096 0.0 195.0
55.94570359178823 -3.188096 NNW 55.94598075564799 -3.1882108050297093 0.0 193.75
55.94598075564799 -3.1882108050297093 SSE 55.94570359178823 -3.188096 0.0 192.5
55.94570359178823 -3.188096 NE 55.94591572382259 -3.187883867965644 0.0 191.25
55.94591572382259 -3.187883867965644 SW 55.94570359178823 -3.188096 0.0 190.0
55.94570359178823 -3.188096 ENE 55.94581839681794 -3.1878188361402464 0.0 188.75
55.94581839681794 -3.1878188361402464 WSW 55.94570359178823 -3.188096 0.0 187.5
55.94570359178823 -3.188096 ESE 55.94558878675852 -3.1878188361402464 0.0 186.25
55.94558878675852 -3.1878188361402464 W 55.94558878675852 -3.1881188361402466 0.0 185.0
55.94558878675852 -3.1881188361402466 E 55.94558878675852 -3.1878188361402464 0.0 183.75
55.94558878675852 -3.1878188361402464 W 55.94558878675852 -3.1881188361402466 0.0 182.5
55.94558878675852 -3.1881188361402466 E 55.94558878675852 -3.1878188361402464 0.0 181.25
55.94558878675852 -3.1878188361402464 S 55.94528878675852 -3.1878188361402464 0.0 180.0
55.94528878675852 -3.1878188361402464 N 55.94558878675852 -3.1878188361402464 0.0 178.75
55.94558878675852 -3.1878188361402464 WNW 55.94570359178823 -3.188096 0.0 177.5
55.94570359178823 -3.188096 ESE 55.94558878675852 -3.1878188361402464 0.0 176.25
55.94558878675852 -3.1878188361402464 SSE 55.945311622898764 -3.187704031110537 0.0 175.0
55.945311622898764 -3.187704031110537 NNE 55.94558878675852 -3.1875892260808274 0.0 173.75
55.94558878675852 -3.1875892260808274 SSW 55.945311622898764 -3.187704031110537 0.0 172.5
55.945311622898764 -3.187704031110537 NE 55.94552375493312 -3.187491899076181 0.0 171.25
55.94552375493312 -3.187491899076181 SSW 55.945246591073364 -3.1876067041058906 0.0 170.0
55.945246591073364 -3.1876067041058906 NNE 55.94552375493312 -3.187491899076181 0.0 168.75
55.94552375493312 -3.187491899076181 S 55.94522375493312 -3.187491899076181 0.0 167.5
55.94522375493312 -3.187491899076181 N 55.94552375493312 -3.187491899076181 0.0 166.25
55.94552375493312 -3.187491899076181 ESE 55.94540894990341 -3.1872147352164277 0.0 165.0
55.94540894990341 -3.1872147352164277 WSW 55.9452941448737 -3.187491899076181 0.0 163.75
55.9452941448737 -3.187491899076181 NE 55.945506276908056 -3.1872797670418254 0.0 162.5
55.945506276908056 -3.1872797670418254 SSW 55.9452291130483 -3.187394572071535 0.0 161.25
55.9452291130483 -3.187394572071535 NNE 55.945506276908056 -3.1872797670418254 0.0 160.0
55.945506276908056 -3.1872797670418254 SSW 55.9452291130483 -3.187394572071535 0.0 158.75
55.9452291130483 -3.187394572071535 ENE 55.94534391807801 -3.1871174082117815 0.0 157.5
55.94534391807801 -3.1871174082117815 WSW 55.9452291130483 -3.187394572071535 0.0 156.25
55.9452291130483 -3.187394572071535 ESE 55.94511430801859 -3.1871174082117815 0.0 155.0
55.94511430801859 -3.1871174082117815 NNW 55.945391471878345 -3.187232213241491 0.0 153.75
55.945391471878345 -3.187232213241491 SSE 55.94511430801859 -3.1871174082117815 0.0 152.5
55.94511430801859 -3.1871174082117815 NNW 55.945391471878345 -3.187232213241491 0.0 151.25
55.945391471878345 -3.187232213241491 SW 55.94517933984399 -3.1874443452758467 13.875226020812988 210.06203842163086
55.94517933984399 -3.1874443452758467 NE 55.945391471878345 -3.187232213241491 13.875226020812988 208.81203842163086
55.945391471878345 -3.187232213241491 ESE 55.945276666848635 -3.1869550493817376 56.700310707092285 279.8472328186035
55.945276666848635 -3.1869550493817376 WNW 55.945391471878345 -3.187232213241491 56.700310707092285 278.5972328186035
55.945391471878345 -3.187232213241491 N 55.94569147187835 -3.187232213241491 56.700310707092285 277.3472328186035
55.94569147187835 -3.187232213241491 S 55.945391471878345 -3.187232213241491 56.700310707092285 276.0972328186035
55.945391471878345 -3.187232213241491 N 55.94569147187835 -3.187232213241491 56.700310707092285 274.8472328186035
55.94569147187835 -3.187232213241491 SW 55.94547933984399 -3.1874443452758467 56.700310707092285 273.5972328186035
55.94547933984399 -3.1874443452758467 NNE 55.94575650370375 -3.1873295402461372 56.700310707092285 272.3472328186035
55.94575650370375 -3.1873295402461372 WSW 55.94564169867404 -3.1876067041058906 56.700310707092285 271.0972328186035
55.94564169867404 -3.1876067041058906 ENE 55.94575650370375 -3.1873295402461372 56.700310707092285 269.8472328186035
55.94575650370375 -3.1873295402461372 WSW 55.94564169867404 -3.1876067041058906 56.700310707092285 268.5972328186035
55.94564169867404 -3.1876067041058906 NNW 55.945918862533794 -3.1877215091356 56.700310707092285 267.3472328186035
55.945918862533794 -3.1877215091356 SSE 55.94564169867404 -3.1876067041058906 56.700310707092285 266.0972328186035
55.94564169867404 -3.1876067041058906 NW 55.945853830708394 -3.1878188361402464 56.700310707092285 264.8472328186035
55.945853830708394 -3.1878188361402464 N 55.9461538307084 -3.1878188361402464 56.700310707092285 263.5972328186035
55.9461538307084 -3.1878188361402464 SSW 55.94587666684864 -3.187933641169956 56.700310707092285 262.3472328186035
55.94587666684864 -3.187933641169956 NNW 55.9461538307084 -3.1880484461996654 56.700310707092285 261.0972328186035
55.9461538307084 -3.1880484461996654 SE 55.94594169867404 -3.1878363141653097 56.700310707092285 259.8472328186035
55.94594169867404 -3.1878363141653097 WNW 55.94605650370375 -3.188113478025063 56.700310707092285 258.5972328186035
55.94605650370375 -3.188113478025063 ENE 55.94617130873346 -3.1878363141653097 56.700310707092285 257.3472328186035
55.94617130873346 -3.1878363141653097 W 55.94617130873346 -3.18813631416531 56.700310707092285 256.0972328186035
55.94617130873346 -3.18813631416531 E 55.94617130873346 -3.1878363141653097 56.700310707092285 254.84723281860352
55.94617130873346 -3.1878363141653097 WSW 55.94605650370375 -3.188113478025063 56.700310707092285 253.59723281860352
55.94605650370375 -3.188113478025063 E 55.94605650370375 -3.187813478025063 56.700310707092285 252.34723281860352
55.94605650370375 -3.187813478025063 ENE 55.94617130873346 -3.1875363141653095 56.700310707092285 251.09723281860352
55.94617130873346 -3.1875363141653095 WSW 55.94605650370375 -3.187813478025063 56.700310707092285 249.84723281860352
55.94605650370375 -3.187813478025063 ESE 55.94594169867404 -3.1875363141653095 56.700310707092285 248.59723281860352
55.94594169867404 -3.1875363141653095 WNW 55.94605650370375 -3.187813478025063 56.700310707092285 247.34723281860352
55.94605650370375 -3.187813478025063 SSE 55.945779339843995 -3.1876986729953534 56.700310707092285 246.09723281860352
55.945779339843995 -3.1876986729953534 NNW 55.94605650370375 -3.187813478025063 56.700310707092285 244.84723281860352
55.94605650370375 -3.187813478025063 SSE 55.945779339843995 -3.1876986729953534 56.700310707092285 243.59723281860352
55.945779339843995 -3.1876986729953534 NE 55.94599147187835 -3.1874865409609976 56.700310707092285 242.34723281860352
55.94599147187835 -3.1874865409609976 NW 55.94620360391271 -3.1876986729953534 56.700310707092285 241.09723281860352
55.94620360391271 -3.1876986729953534 SE 55.94599147187835 -3.1874865409609976 56.700310707092285 239.84723281860352
55.94599147187835 -3.1874865409609976 ESE 55.94587666684864 -3.187209377101244 56.700310707092285 238.59723281860352
55.94587666684864 -3.187209377101244 WNW 55.94599147187835 -3.1874865409609976 56.700310707092285 237.34723281860352
55.94599147187835 -3.1874865409609976 ENE 55.94610627690806 -3.187209377101244 56.700310707092285 236.09723281860352
55.94610627690806 -3.187209377101244 SSW 55.945829113048305 -3.1873241821309537 56.700310707092285 234.84723281860352
55.945829113048305 -3.1873241821309537 NE 55.94604124508266 -3.187112050096598 56.700310707092285 233.59723281860352
55.94604124508266 -3.187112050096598 SW 55.945829113048305 -3.1873241821309537 56.700310707092285 232.34723281860352
55.945829113048305 -3.1873241821309537 NE 55.94604124508266 -3.187112050096598 56.700310707092285 231.09723281860352
55.94604124508266 -3.187112050096598 SSW 55.945764081222904 -3.1872268551263074 56.700310707092285 229.84723281860352
55.945764081222904 -3.1872268551263074 SW 55.94555194918855 -3.187438987160663 56.700310707092285 228.59723281860352
55.94555194918855 -3.187438987160663 NE 55.945764081222904 -3.1872268551263074 56.700310707092285 227.34723281860352
55.945764081222904 -3.1872268551263074 WNW 55.945878886252615 -3.187504018986061 56.700310707092285 226.09723281860352
55.945878886252615 -3.187504018986061 SE 55.94566675421826 -3.187291886951705 56.700310707092285 224.84723281860352
55.94566675421826 -3.187291886951705 NNW 55.945943918078015 -3.1874066919814146 56.700310707092285 223.59723281860352
55.945943918078015 -3.1874066919814146 SSE 55.94566675421826 -3.187291886951705 56.700310707092285 222.34723281860352
55.94566675421826 -3.187291886951705 NNW 55.945943918078015 -3.1874066919814146 56.700310707092285 221.09723281860352
55.945943918078015 -3.1874066919814146 SSE 55.94566675421826 -3.187291886951705 56.700310707092285 219.84723281860352
55.94566675421826 -3.187291886951705 NE 55.945878886252615 -3.1870797549173493 56.700310707092285 218.59723281860352
55.945878886252615 -3.1870797549173493 S 55.94557888625261 -3.1870797549173493 56.700310707092285 217.34723281860352
55.94557888625261 -3.1870797549173493 N 55.945878886252615 -3.1870797549173493 56.700310707092285 216.09723281860352
55.945878886252615 -3.1870797549173493 SE 55.94566675421826 -3.1868676228829935 56.700310707092285 214.84723281860352
55.94566675421826 -3.1868676228829935 NW 55.945878886252615 -3.1870797549173493 56.700310707092285 213.59723281860352
55.945878886252615 -3.1870797549173493 NNE 55.94615605011237 -3.18696494988764 56.700310707092285 212.34723281860352
55.94615605011237 -3.18696494988764 SW 55.945943918078015 -3.1871770819219956 56.700310707092285 211.09723281860352
55.945943918078015 -3.1871770819219956 NE 55.94615605011237 -3.18696494988764 56.700310707092285 209.84723281860352
55.94615605011237 -3.18696494988764 SW 55.945943918078015 -3.1871770819219956 56.700310707092285 208.59723281860352
55.945943918078015 -3.1871770819219956 NE 55.94615605011237 -3.18696494988764 56.700310707092285 207.34723281860352
55.94615605011237 -3.18696494988764 SW 55.945943918078015 -3.1871770819219956 56.700310707092285 206.09723281860352
55.945943918078015 -3.1871770819219956 NE 55.94615605011237 -3.18696494988764 56.700310707092285 204.84723281860352
55.94615605011237 -3.18696494988764 SW 55.945943918078015 -3.1871770819219956 56.700310707092285 203.59723281860352
55.945943918078015 -3.1871770819219956 ENE 55.946058723107726 -3.186899918062242 56.700310707092285 202.34723281860352
55.946058723107726 -3.186899918062242 W 55.946058723107726 -3.1871999180622423 56.700310707092285 201.09723281860352
55.946058723107726 -3.1871999180622423 E 55.946058723107726 -3.186899918062242 56.700310707092285 199.84723281860352
55.946058723107726 -3.186899918062242 WSW 55.945943918078015 -3.1871770819219956 56.700310707092285 198.59723281860352
55.945943918078015 -3.1871770819219956 ENE 55.946058723107726 -3.186899918062242 56.700310707092285 197.34723281860352
55.946058723107726 -3.186899918062242 ENE 55.946173528137436 -3.1866227542024887 56.700310707092285 196.09723281860352
55.946173528137436 -3.1866227542024887 W 55.946173528137436 -3.186922754202489 56.700310707092285 194.84723281860352
55.946173528137436 -3.186922754202489 SW 55.94596139610308 -3.1871348862368447 56.700310707092285 193.59723281860352
55.94596139610308 -3.1871348862368447 NE 55.946173528137436 -3.186922754202489 56.700310707092285 192.34723281860352
55.946173528137436 -3.186922754202489 E 55.946173528137436 -3.1866227542024887 56.700310707092285 191.09723281860352
55.946173528137436 -3.1866227542024887 W 55.946173528137436 -3.186922754202489 56.700310707092285 189.84723281860352
55.946173528137436 -3.186922754202489 E 55.946173528137436 -3.1866227542024887 56.700310707092285 188.59723281860352
55.946173528137436 -3.1866227542024887 SW 55.94596139610308 -3.1868348862368445 56.700310707092285 187.34723281860352
55.94596139610308 -3.1868348862368445 NE 55.946173528137436 -3.1866227542024887 56.700310707092285 186.09723281860352
55.946173528137436 -3.1866227542024887 S 55.94587352813743 -3.1866227542024887 56.700310707092285 184.84723281860352
55.94587352813743 -3.1866227542024887 N 55.946173528137436 -3.1866227542024887 56.700310707092285 183.59723281860352
55.946173528137436 -3.1866227542024887 W 55.946173528137436 -3.186922754202489 56.700310707092285 182.34723281860352
55.946173528137436 -3.186922754202489 E 55.946173528137436 -3.1866227542024887 56.700310707092285 181.09723281860352
55.946173528137436 -3.1866227542024887 E 55.946173528137436 -3.1863227542024886 56.700310707092285 179.84723281860352
55.946173528137436 -3.1863227542024886 W 55.946173528137436 -3.1866227542024887 56.700310707092285 178.59723281860352
55.946173528137436 -3.1866227542024887 E 55.946173528137436 -3.1863227542024886 56.700310707092285 177.34723281860352
55.946173528137436 -3.1863227542024886 WSW 55.946058723107726 -3.186599918062242 56.700310707092285 176.09723281860352
55.946058723107726 -3.186599918062242 E 55.946058723107726 -3.1862999180622418 56.700310707092285 174.84723281860352
55.946058723107726 -3.1862999180622418 W 55.946058723107726 -3.186599918062242 56.700310707092285 173.59723281860352
55.946058723107726 -3.186599918062242 E 55.946058723107726 -3.1862999180622418 56.700310707092285 172.34723281860352
55.946058723107726 -3.1862999180622418 W 55.946058723107726 -3.186599918062242 56.700310707092285 171.09723281860352
55.946058723107726 -3.186599918062242 E 55.946058723107726 -3.1862999180622418 56.700310707092285 169.84723281860352
55.946058723107726 -3.1862999180622418 ENE 55.946173528137436 -3.1860227542024884 56.700310707092285 168.59723281860352
55.946173528137436 -3.1860227542024884 WSW 55.946058723107726 -3.1862999180622418 56.700310707092285 167.34723281860352
55.946058723107726 -3.1862999180622418 ENE 55.946173528137436 -3.1860227542024884 56.700310707092285 166.09723281860352
55.946173528137436 -3.1860227542024884 W 55.946173528137436 -3.1863227542024886 56.700310707092285 164.84723281860352
55.946173528137436 -3.1863227542024886 SE 55.94596139610308 -3.186110622168133 56.700310707092285 163.59723281860352
55.94596139610308 -3.186110622168133 NW 55.946173528137436 -3.1863227542024886 56.700310707092285 162.34723281860352
55.946173528137436 -3.1863227542024886 SE 55.94596139610308 -3.186110622168133 56.700310707092285 161.09723281860352
55.94596139610308 -3.186110622168133 NW 55.946173528137436 -3.1863227542024886 56.700310707092285 159.84723281860352
55.946173528137436 -3.1863227542024886 SE 55.94596139610308 -3.186110622168133 56.700310707092285 158.59723281860352
55.94596139610308 -3.186110622168133 NE 55.946173528137436 -3.185898490133777 56.700310707092285 157.34723281860352
55.946173528137436 -3.185898490133777 SW 55.94596139610308 -3.186110622168133 56.700310707092285 156.09723281860352
55.94596139610308 -3.186110622168133 NE 55.946173528137436 -3.185898490133777 56.700310707092285 154.84723281860352
55.946173528137436 -3.185898490133777 SW 55.94596139610308 -3.186110622168133 56.700310707092285 153.59723281860352
55.94596139610308 -3.186110622168133 NE 55.946173528137436 -3.185898490133777 56.700310707092285 152.34723281860352
55.946173528137436 -3.185898490133777 SW 55.94596139610308 -3.186110622168133 56.700310707092285 151.09723281860352
55.94596139610308 -3.186110622168133 NE 55.946173528137436 -3.185898490133777 56.700310707092285 149.84723281860352
55.946173528137436 -3.185898490133777 WSW 55.946058723107726 -3.1861756539935304 56.700310707092285 148.59723281860352
55.946058723107726 -3.1861756539935304 E 55.946058723107726 -3.1858756539935302 56.700310707092285 147.34723281860352
55.946058723107726 -3.1858756539935302 SE 55.94584659107337 -3.1856635219591745 56.700310707092285 146.09723281860352
55.94584659107337 -3.1856635219591745 NW 55.946058723107726 -3.1858756539935302 56.700310707092285 144.84723281860352
55.946058723107726 -3.1858756539935302 SSW 55.94578155924797 -3.1859904590232397 56.700310707092285 143.59723281860352
55.94578155924797 -3.1859904590232397 NNE 55.946058723107726 -3.1858756539935302 56.700310707092285 142.34723281860352
55.946058723107726 -3.1858756539935302 SSE 55.94578155924797 -3.1857608489638207 56.700310707092285 141.09723281860352
55.94578155924797 -3.1857608489638207 NNW 55.946058723107726 -3.1858756539935302 56.700310707092285 139.84723281860352
55.946058723107726 -3.1858756539935302 SSW 55.94578155924797 -3.1859904590232397 56.700310707092285 138.59723281860352
55.94578155924797 -3.1859904590232397 NNE 55.946058723107726 -3.1858756539935302 56.700310707092285 137.34723281860352
55.946058723107726 -3.1858756539935302 SSW 55.94578155924797 -3.1859904590232397 56.700310707092285 136.09723281860352
55.94578155924797 -3.1859904590232397 N 55.94608155924797 -3.1859904590232397 56.700310707092285 134.84723281860352
55.94608155924797 -3.1859904590232397 SSE 55.945804395388215 -3.1858756539935302 56.700310707092285 133.59723281860352
55.945804395388215 -3.1858756539935302 NNW 55.94608155924797 -3.1859904590232397 56.700310707092285 132.34723281860352
55.94608155924797 -3.1859904590232397 S 55.94578155924797 -3.1859904590232397 56.700310707092285 131.09723281860352
55.94578155924797 -3.1859904590232397 NNW 55.946058723107726 -3.1861052640529492 56.700310707092285 129.84723281860352
55.946058723107726 -3.1861052640529492 SW 55.94584659107337 -3.186317396087305 56.700310707092285 128.59723281860352
55.94584659107337 -3.186317396087305 NW 55.946058723107726 -3.186529528121661 56.700310707092285 127.34723281860352
55.946058723107726 -3.186529528121661 SE 55.94584659107337 -3.186317396087305 56.700310707092285 126.09723281860352
55.94584659107337 -3.186317396087305 WNW 55.94596139610308 -3.1865945599470584 56.700310707092285 124.84723281860352
55.94596139610308 -3.1865945599470584 E 55.94596139610308 -3.1862945599470582 56.700310707092285 123.59723281860352
55.94596139610308 -3.1862945599470582 WNW 55.94607620113279 -3.1865717238068116 56.700310707092285 122.34723281860352
55.94607620113279 -3.1865717238068116 ESE 55.94596139610308 -3.1862945599470582 56.700310707092285 121.09723281860352
55.94596139610308 -3.1862945599470582 WNW 55.94607620113279 -3.1865717238068116 56.700310707092285 119.84723281860352
55.94607620113279 -3.1865717238068116 ESE 55.94596139610308 -3.1862945599470582 56.700310707092285 118.59723281860352
55.94596139610308 -3.1862945599470582 W 55.94596139610308 -3.1865945599470584 56.700310707092285 117.34723281860352
55.94596139610308 -3.1865945599470584 NE 55.946173528137436 -3.1863824279127027 56.700310707092285 116.09723281860352
55.946173528137436 -3.1863824279127027 SW 55.94596139610308 -3.1865945599470584 56.700310707092285 114.84723281860352
55.94596139610308 -3.1865945599470584 W 55.94596139610308 -3.1868945599470586 56.700310707092285 113.59723281860352
55.94596139610308 -3.1868945599470586 E 55.94596139610308 -3.1865945599470584 56.700310707092285 112.34723281860352
55.94596139610308 -3.1865945599470584 WNW 55.94607620113279 -3.186871723806812 56.700310707092285 111.09723281860352
55.94607620113279 -3.186871723806812 ESE 55.94596139610308 -3.1865945599470584 56.700310707092285 109.84723281860352
55.94596139610308 -3.1865945599470584 WSW 55.94584659107337 -3.186871723806812 56.700310707092285 108.59723281860352
55.94584659107337 -3.186871723806812 E 55.94584659107337 -3.1865717238068116 56.700310707092285 107.34723281860352
55.94584659107337 -3.1865717238068116 SSW 55.94556942721361 -3.186686528836521 56.700310707092285 106.09723281860352
55.94556942721361 -3.186686528836521 ENE 55.94568423224332 -3.1864093649767677 56.700310707092285 104.84723281860352
55.94568423224332 -3.1864093649767677 NNW 55.94596139610308 -3.1865241700064773 56.700310707092285 103.59723281860352
55.94596139610308 -3.1865241700064773 SSE 55.94568423224332 -3.1864093649767677 56.700310707092285 102.34723281860352
55.94568423224332 -3.1864093649767677 NNE 55.94596139610308 -3.1862945599470582 56.700310707092285 101.09723281860352
55.94596139610308 -3.1862945599470582 S 55.94566139610308 -3.1862945599470582 56.700310707092285 99.84723281860352
55.94566139610308 -3.1862945599470582 N 55.94596139610308 -3.1862945599470582 56.700310707092285 98.59723281860352
55.94596139610308 -3.1862945599470582 S 55.94566139610308 -3.1862945599470582 56.700310707092285 97.34723281860352
55.94566139610308 -3.1862945599470582 NW 55.94587352813743 -3.186506691981414 56.700310707092285 96.09723281860352
55.94587352813743 -3.186506691981414 SE 55.94566139610308 -3.1862945599470582 56.700310707092285 94.84723281860352
55.94566139610308 -3.1862945599470582 WNW 55.94577620113279 -3.1865717238068116 56.700310707092285 93.59723281860352
55.94577620113279 -3.1865717238068116 ESE 55.94566139610308 -3.1862945599470582 56.700310707092285 92.34723281860352
55.94566139610308 -3.1862945599470582 WNW 55.94577620113279 -3.1865717238068116 56.700310707092285 91.09723281860352
55.94577620113279 -3.1865717238068116 ESE 55.94566139610308 -3.1862945599470582 56.700310707092285 89.84723281860352
55.94566139610308 -3.1862945599470582 WNW 55.94577620113279 -3.1865717238068116 56.700310707092285 88.59723281860352
55.94577620113279 -3.1865717238068116 ESE 55.94566139610308 -3.1862945599470582 56.700310707092285 87.34723281860352
55.94566139610308 -3.1862945599470582 S 55.945361396103074 -3.1862945599470582 56.700310707092285 86.09723281860352
55.945361396103074 -3.1862945599470582 NNE 55.94563855996283 -3.1861797549173487 56.700310707092285 84.84723281860352
55.94563855996283 -3.1861797549173487 SSW 55.945361396103074 -3.1862945599470582 56.700310707092285 83.59723281860352
55.945361396103074 -3.1862945599470582 SW 55.94514926406872 -3.186506691981414 56.700310707092285 82.34723281860352
55.94514926406872 -3.186506691981414 NE 55.945361396103074 -3.1862945599470582 56.700310707092285 81.09723281860352
55.945361396103074 -3.1862945599470582 S 55.94506139610307 -3.1862945599470582 56.700310707092285 79.84723281860352
55.94506139610307 -3.1862945599470582 NNE 55.94533855996283 -3.1861797549173487 56.700310707092285 78.59723281860352
55.94533855996283 -3.1861797549173487 SSW 55.94506139610307 -3.1862945599470582 56.700310707092285 77.34723281860352
55.94506139610307 -3.1862945599470582 NE 55.94527352813743 -3.1860824279127025 56.700310707092285 76.09723281860352
55.94527352813743 -3.1860824279127025 SW 55.94506139610307 -3.1862945599470582 56.700310707092285 74.84723281860352
55.94506139610307 -3.1862945599470582 NNE 55.94533855996283 -3.1861797549173487 56.700310707092285 73.59723281860352
55.94533855996283 -3.1861797549173487 SSW 55.94506139610307 -3.1862945599470582 56.700310707092285 72.34723281860352
55.94506139610307 -3.1862945599470582 NNW 55.94533855996283 -3.1864093649767677 56.700310707092285 71.09723281860352
55.94533855996283 -3.1864093649767677 SSE 55.94506139610307 -3.1862945599470582 56.700310707092285 69.84723281860352
