55.944425 -3.188396 WNW 55.94453980502971 -3.1886731638597534 0.0 248.75
55.94453980502971 -3.1886731638597534 E 55.94453980502971 -3.1883731638597532 0.0 247.5
55.94453980502971 -3.1883731638597532 SE 55.94432767299536 -3.1881610318253975 0.0 246.25
55.94432767299536 -3.1881610318253975 NW 55.94453980502971 -3.1883731638597532 0.0 245.0
55.94453980502971 -3.1883731638597532 SSE 55.944262641169956 -3.1882583588300437 0.0 243.75
55.944262641169956 -3.1882583588300437 NNW 55.94453980502971 -3.1883731638597532 0.0 242.5
55.94453980502971 -3.1883731638597532 SSE 55.944262641169956 -3.1882583588300437 0.0 241.25
55.944262641169956 -3.1882583588300437 NNW 55.94453980502971 -3.1883731638597532 0.0 240.0
55.94453980502971 -3.1883731638597532 ESE 55.944425 -3.188096 0.0 238.75
55.944425 -3.188096 WNW 55.94453980502971 -3.1883731638597532 0.0 237.5
55.94453980502971 -3.1883731638597532 ESE 55.944425 -3.188096 0.0 236.25
55.944425 -3.188096 NW 55.94463713203436 -3.1883081320343556 0.0 235.0
55.94463713203436 -3.1883081320343556 E 55.94463713203436 -3.1880081320343554 0.0 233.75
55.94463713203436 -3.1880081320343554 W 55.94463713203436 -3.1883081320343556 0.0 232.5
55.94463713203436 -3.1883081320343556 ESE 55.94452232700465 -3.188030968174602 0.0 231.25
55.94452232700465 -3.188030968174602 WNW 55.94463713203436 -3.1883081320343556 0.0 230.0
55.94463713203436 -3.1883081320343556 E 55.94463713203436 -3.1880081320343554 0.0 228.75
55.94463713203436 -3.1880081320343554 W 55.94463713203436 -3.1883081320343556 0.0 227.5
55.94463713203436 -3.1883081320343556 NNW 55.944914295894115 -3.188422937064065 0.0 226.25
55.944914295894115 -3.188422937064065 SSE 55.94463713203436 -3.1883081320343556 0.0 225.0
55.94463713203436 -3.1883081320343556 NW 55.944849264068715 -3.1885202640687114 0.0 223.75
55.944849264068715 -3.1885202640687114 E 55.944849264068715 -3.188220264068711 0.0 222.5
55.944849264068715 -3.188220264068711 W 55.944849264068715 -3.1885202640687114 0.0 221.25
55.944849264068715 -3.1885202640687114 E 55.944849264068715 -3.188220264068711 0.0 220.0
55.944849264068715 -3.188220264068711 W 55.944849264068715 -3.1885202640687114 0.0 218.75
55.944849264068715 -3.1885202640687114 E 55.944849264068715 -3.188220264068711 0.0 217.5
55.944849264068715 -3.188220264068711 NW 55.94506139610307 -3.188432396103067 0.0 216.25
55.94506139610307 -3.188432396103067 SE 55.944849264068715 -3.188220264068711 0.0 215.0
55.944849264068715 -3.188220264068711 WNW 55.944964069098425 -3.1884974279284646 0.0 213.75
55.944964069098425 -3.1884974279284646 ESE 55.944849264068715 -3.188220264068711 0.0 212.5
55.944849264068715 -3.188220264068711 NNE 55.94512642792847 -3.1881054590390017 0.0 211.25
55.94512642792847 -3.1881054590390017 SSW 55.944849264068715 -3.188220264068711 0.0 210.0
55.944849264068715 -3.188220264068711 E 55.944849264068715 -3.187920264068711 0.0 208.75
55.944849264068715 -3.187920264068711 W 55.944849264068715 -3.188220264068711 0.0 207.5
55.944849264068715 -3.188220264068711 ENE 55.944964069098425 -3.1879431002089578 0.0 206.25
55.944964069098425 -3.1879431002089578 WSW 55.944849264068715 -3.188220264068711 0.0 205.0
55.944849264068715 -3.188220264068711 ENE 55.944964069098425 -3.1879431002089578 0.0 203.75
55.944964069098425 -3.1879431002089578 SSW 55.94468690523867 -3.1880579052386673 0.0 202.5
55.94468690523867 -3.1880579052386673 NNE 55.944964069098425 -3.1879431002089578 0.0 201.25
55.944964069098425 -3.1879431002089578 SSW 55.94468690523867 -3.1880579052386673 0.0 200.0
55.94468690523867 -3.1880579052386673 NNE 55.944964069098425 -3.1879431002089578 0.0 198.75
55.944964069098425 -3.1879431002089578 SSW 55.94468690523867 -3.1880579052386673 0.0 197.5
55.94468690523867 -3.1880579052386673 NNW 55.944964069098425 -3.188172710268377 0.0 196.25
55.944964069098425 -3.188172710268377 SSE 55.94468690523867 -3.1880579052386673 0.0 195.0
55.94468690523867 -3.1880579052386673 NE 55.944899037273025 -3.1878457732043115 0.0 193.75
55.944899037273025 -3.1878457732043115 SSW 55.94462187341327 -3.187960578234021 0.0 192.5
55.94462187341327 -3.187960578234021 NNW 55.944899037273025 -3.1880753832637305 0.0 191.25
55.944899037273025 -3.1880753832637305 SSE 55.94462187341327 -3.187960578234021 0.0 190.0
55.94462187341327 -3.187960578234021 SSW 55.94434470955351 -3.1880753832637305 0.0 188.75
55.94434470955351 -3.1880753832637305 NNE 55.94462187341327 -3.187960578234021 0.0 187.5
55.94462187341327 -3.187960578234021 ESE 55.94450706838356 -3.1876834143742676 0.0 186.25
55.94450706838356 -3.1876834143742676 WNW 55.94462187341327 -3.187960578234021 0.0 185.0
55.94462187341327 -3.187960578234021 SE 55.94440974137891 -3.1877484461996652 0.0 183.75
55.94440974137891 -3.1877484461996652 NNW 55.94468690523867 -3.1878632512293748 0.0 182.5
55.94468690523867 -3.1878632512293748 SSE 55.94440974137891 -3.1877484461996652 0.0 181.25
55.94440974137891 -3.1877484461996652 NNW 55.94468690523867 -3.1878632512293748 0.0 180.0
55.94468690523867 -3.1878632512293748 SSE 55.94440974137891 -3.1877484461996652 0.0 178.75
55.94440974137891 -3.1877484461996652 NNW 55.94468690523867 -3.1878632512293748 0.0 177.5
55.94468690523867 -3.1878632512293748 SE 55.94447477320431 -3.187651119195019 0.0 176.25
55.94447477320431 -3.187651119195019 ESE 55.9443599681746 -3.1873739553352656 0.0 175.0
55.9443599681746 -3.1873739553352656 WNW 55.94447477320431 -3.187651119195019 0.0 173.75
55.94447477320431 -3.187651119195019 SW 55.944262641169956 -3.1878632512293748 0.0 172.5
55.944262641169956 -3.1878632512293748 NE 55.94447477320431 -3.187651119195019 0.0 171.25
55.94447477320431 -3.187651119195019 SSW 55.944197609344556 -3.1877659242247285 0.0 170.0
55.944197609344556 -3.1877659242247285 NE 55.94440974137891 -3.1875537921903727 0.0 168.75
55.94440974137891 -3.1875537921903727 SSW 55.944132577519156 -3.1876685972200822 0.0 167.5
55.944132577519156 -3.1876685972200822 E 55.944132577519156 -3.187368597220082 0.0 166.25
55.944132577519156 -3.187368597220082 W 55.944132577519156 -3.1876685972200822 0.0 165.0
55.944132577519156 -3.1876685972200822 E 55.944132577519156 -3.187368597220082 0.0 163.75
55.944132577519156 -3.187368597220082 WNW 55.944247382548866 -3.1876457610798354 0.0 162.5
55.944247382548866 -3.1876457610798354 E 55.944247382548866 -3.1873457610798352 0.0 161.25
55.944247382548866 -3.1873457610798352 W 55.944247382548866 -3.1876457610798354 0.0 160.0
55.944247382548866 -3.1876457610798354 ENE 55.94436218757858 -3.187368597220082 0.0 158.75
55.94436218757858 -3.187368597220082 NW 55.94457431961293 -3.187580729254438 0.0 157.5
55.94457431961293 -3.187580729254438 SE 55.94436218757858 -3.187368597220082 0.0 156.25
55.94436218757858 -3.187368597220082 NNW 55.94463935143833 -3.1874834022497915 0.0 155.0
55.94463935143833 -3.1874834022497915 SSE 55.94436218757858 -3.187368597220082 0.0 153.75
55.94436218757858 -3.187368597220082 NE 55.94457431961293 -3.1871564651857263 0.0 152.5
55.94457431961293 -3.1871564651857263 SW 55.94436218757858 -3.187368597220082 0.0 151.25
55.94436218757858 -3.187368597220082 NNE 55.94463935143833 -3.1872537921903725 0.0 150.0
55.94463935143833 -3.1872537921903725 SSW 55.94436218757858 -3.187368597220082 0.0 148.75
55.94436218757858 -3.187368597220082 NNE 55.94463935143833 -3.1872537921903725 0.0 147.5
55.94463935143833 -3.1872537921903725 SSW 55.94436218757858 -3.187368597220082 0.0 146.25
55.94436218757858 -3.187368597220082 NNE 55.94463935143833 -3.1872537921903725 0.0 145.0
55.94463935143833 -3.1872537921903725 WSW 55.94452454640862 -3.187530956050126 0.0 143.75
55.94452454640862 -3.187530956050126 E 55.94452454640862 -3.1872309560501257 0.0 142.5
55.94452454640862 -3.1872309560501257 WNW 55.94463935143833 -3.187508119909879 0.0 141.25
55.94463935143833 -3.187508119909879 ESE 55.94452454640862 -3.1872309560501257 0.0 140.0
55.94452454640862 -3.1872309560501257 N 55.944824546408626 -3.1872309560501257 0.0 138.75
55.944824546408626 -3.1872309560501257 S 55.94452454640862 -3.1872309560501257 0.0 137.5
55.94452454640862 -3.1872309560501257 N 55.944824546408626 -3.1872309560501257 0.0 136.25
55.944824546408626 -3.1872309560501257 S 55.94452454640862 -3.1872309560501257 0.0 135.0
55.94452454640862 -3.1872309560501257 N 55.944824546408626 -3.1872309560501257 0.0 133.75
55.944824546408626 -3.1872309560501257 S 55.94452454640862 -3.1872309560501257 0.0 132.5
55.94452454640862 -3.1872309560501257 NE 55.94473667844298 -3.18701882401577 0.0 131.25
55.94473667844298 -3.18701882401577 WSW 55.94462187341327 -3.1872959878755234 0.0 130.0
55.94462187341327 -3.1872959878755234 ENE 55.94473667844298 -3.18701882401577 0.0 128.75
55.94473667844298 -3.18701882401577 WSW 55.94462187341327 -3.1872959878755234 0.0 127.5
55.94462187341327 -3.1872959878755234 NE 55.944834005447625 -3.1870838558411676 0.0 126.25
55.944834005447625 -3.1870838558411676 WSW 55.944719200417914 -3.187361019700921 0.0 125.0
55.944719200417914 -3.187361019700921 ENE 55.944834005447625 -3.1870838558411676 0.0 123.75
55.944834005447625 -3.1870838558411676 WSW 55.944719200417914 -3.187361019700921 0.0 122.5
55.944719200417914 -3.187361019700921 NE 55.94493133245227 -3.1871488876665652 0.0 121.25
55.94493133245227 -3.1871488876665652 SSE 55.944654168592514 -3.1870340826368557 0.0 120.0
55.944654168592514 -3.1870340826368557 NNW 55.94493133245227 -3.1871488876665652 0.0 118.75
55.94493133245227 -3.1871488876665652 ESE 55.94481652742256 -3.186871723806812 121.8658447265625 208.6893539428711
55.94481652742256 -3.186871723806812 WNW 55.94493133245227 -3.1871488876665652 121.8658447265625 207.4393539428711
55.94493133245227 -3.1871488876665652 N 55.94523133245227 -3.1871488876665652 121.8658447265625 206.1893539428711
55.94523133245227 -3.1871488876665652 S 55.94493133245227 -3.1871488876665652 121.8658447265625 204.9393539428711
55.94493133245227 -3.1871488876665652 N 55.94523133245227 -3.1871488876665652 121.8658447265625 203.6893539428711
55.94523133245227 -3.1871488876665652 S 55.94493133245227 -3.1871488876665652 121.8658447265625 202.4393539428711
55.94493133245227 -3.1871488876665652 N 55.94523133245227 -3.1871488876665652 121.8658447265625 201.1893539428711
55.94523133245227 -3.1871488876665652 WNW 55.945346137481984 -3.1874260515263186 121.8658447265625 199.9393539428711
55.945346137481984 -3.1874260515263186 ESE 55.94523133245227 -3.1871488876665652 121.8658447265625 198.6893539428711
55.94523133245227 -3.1871488876665652 WNW 55.945346137481984 -3.1874260515263186 121.8658447265625 197.4393539428711
55.945346137481984 -3.1874260515263186 ESE 55.94523133245227 -3.1871488876665652 121.8658447265625 196.1893539428711
55.94523133245227 -3.1871488876665652 NNW 55.94550849631203 -3.1872636926962747 121.8658447265625 194.9393539428711
55.94550849631203 -3.1872636926962747 SSE 55.94523133245227 -3.1871488876665652 121.8658447265625 193.6893539428711
55.94523133245227 -3.1871488876665652 NNW 55.94550849631203 -3.1872636926962747 121.8658447265625 192.4393539428711
55.94550849631203 -3.1872636926962747 SSE 55.94523133245227 -3.1871488876665652 121.8658447265625 191.1893539428711
55.94523133245227 -3.1871488876665652 NNW 55.94550849631203 -3.1872636926962747 121.8658447265625 189.9393539428711
55.94550849631203 -3.1872636926962747 SSE 55.94523133245227 -3.1871488876665652 121.8658447265625 188.6893539428711
55.94523133245227 -3.1871488876665652 NNW 55.94550849631203 -3.1872636926962747 121.8658447265625 187.4393539428711
55.94550849631203 -3.1872636926962747 SSE 55.94523133245227 -3.1871488876665652 121.8658447265625 186.1893539428711
55.94523133245227 -3.1871488876665652 NNW 55.94550849631203 -3.1872636926962747 121.8658447265625 184.9393539428711
55.94550849631203 -3.1872636926962747 SE 55.945296364277674 -3.187051560661919 121.8658447265625 183.6893539428711
55.945296364277674 -3.187051560661919 NW 55.94550849631203 -3.1872636926962747 121.8658447265625 182.4393539428711
55.94550849631203 -3.1872636926962747 E 55.94550849631203 -3.1869636926962746 121.8658447265625 181.1893539428711
55.94550849631203 -3.1869636926962746 WNW 55.94562330134174 -3.187240856556028 121.8658447265625 179.9393539428711
55.94562330134174 -3.187240856556028 SE 55.945411169307384 -3.187028724521672 121.8658447265625 178.6893539428711
55.945411169307384 -3.187028724521672 NNW 55.94568833316714 -3.1871435295513817 121.8658447265625 177.4393539428711
55.94568833316714 -3.1871435295513817 SE 55.945476201132784 -3.186931397517026 121.8658447265625 176.1893539428711
55.945476201132784 -3.186931397517026 NW 55.94568833316714 -3.1871435295513817 121.8658447265625 174.9393539428711
55.94568833316714 -3.1871435295513817 SE 55.945476201132784 -3.186931397517026 121.8658447265625 173.6893539428711
55.945476201132784 -3.186931397517026 NNW 55.94575336499254 -3.1870462025467354 121.8658447265625 172.4393539428711
55.94575336499254 -3.1870462025467354 SSE 55.945476201132784 -3.186931397517026 121.8658447265625 171.1893539428711
55.945476201132784 -3.186931397517026 NNW 55.94575336499254 -3.1870462025467354 121.8658447265625 169.9393539428711
55.94575336499254 -3.1870462025467354 SSE 55.945476201132784 -3.186931397517026 121.8658447265625 168.6893539428711
55.945476201132784 -3.186931397517026 N 55.94577620113279 -3.186931397517026 121.8658447265625 167.4393539428711
55.94577620113279 -3.186931397517026 S 55.945476201132784 -3.186931397517026 121.8658447265625 166.1893539428711
55.945476201132784 -3.186931397517026 N 55.94577620113279 -3.186931397517026 121.8658447265625 164.9393539428711
55.94577620113279 -3.186931397517026 SW 55.94556406909843 -3.1871435295513817 121.8658447265625 163.6893539428711
55.94556406909843 -3.1871435295513817 NE 55.94577620113279 -3.186931397517026 121.8658447265625 162.4393539428711
55.94577620113279 -3.186931397517026 S 55.945476201132784 -3.186931397517026 121.8658447265625 161.1893539428711
55.945476201132784 -3.186931397517026 N 55.94577620113279 -3.186931397517026 121.8658447265625 159.9393539428711
55.94577620113279 -3.186931397517026 SSE 55.94549903727303 -3.1868165924873164 136.2381410598755 241.2686767578125
55.94549903727303 -3.1868165924873164 NNW 55.94577620113279 -3.186931397517026 136.2381410598755 240.0186767578125
55.94577620113279 -3.186931397517026 SW 55.94556406909843 -3.1871435295513817 136.2381410598755 238.7686767578125
55.94556406909843 -3.1871435295513817 NE 55.94577620113279 -3.186931397517026 136.2381410598755 237.5186767578125
55.94577620113279 -3.186931397517026 WNW 55.9458910061625 -3.1872085613767793 136.2381410598755 236.2686767578125
55.9458910061625 -3.1872085613767793 E 55.9458910061625 -3.186908561376779 136.2381410598755 235.0186767578125
55.9458910061625 -3.186908561376779 W 55.9458910061625 -3.1872085613767793 136.2381410598755 233.7686767578125
55.9458910061625 -3.1872085613767793 NE 55.946103138196854 -3.1869964293424236 136.2381410598755 232.5186767578125
55.946103138196854 -3.1869964293424236 SW 55.9458910061625 -3.1872085613767793 136.2381410598755 231.2686767578125
55.9458910061625 -3.1872085613767793 NE 55.946103138196854 -3.1869964293424236 136.2381410598755 230.0186767578125
55.946103138196854 -3.1869964293424236 SW 55.9458910061625 -3.1872085613767793 136.2381410598755 228.7686767578125
55.9458910061625 -3.1872085613767793 NNE 55.946168170022254 -3.18709375634707 136.2381410598755 227.5186767578125
55.946168170022254 -3.18709375634707 S 55.94586817002225 -3.18709375634707 136.2381410598755 226.2686767578125
55.94586817002225 -3.18709375634707 N 55.946168170022254 -3.18709375634707 136.2381410598755 225.0186767578125
55.946168170022254 -3.18709375634707 SE 55.9459560379879 -3.186881624312714 136.2381410598755 223.7686767578125
55.9459560379879 -3.186881624312714 NW 55.946168170022254 -3.18709375634707 136.2381410598755 222.5186767578125
55.946168170022254 -3.18709375634707 SE 55.9459560379879 -3.186881624312714 136.2381410598755 221.2686767578125
55.9459560379879 -3.186881624312714 NW 55.946168170022254 -3.18709375634707 136.2381410598755 220.0186767578125
55.946168170022254 -3.18709375634707 SE 55.9459560379879 -3.186881624312714 136.2381410598755 218.7686767578125
55.9459560379879 -3.186881624312714 ESE 55.94584123295819 -3.1866044604529606 136.2381410598755 217.5186767578125
55.94584123295819 -3.1866044604529606 WNW 55.9459560379879 -3.186881624312714 136.2381410598755 216.2686767578125
55.9459560379879 -3.186881624312714 E 55.9459560379879 -3.186581624312714 136.2381410598755 215.0186767578125
55.9459560379879 -3.186581624312714 W 55.9459560379879 -3.186881624312714 136.2381410598755 213.7686767578125
55.9459560379879 -3.186881624312714 SSE 55.94567887412814 -3.1867668192830045 136.2381410598755 212.5186767578125
55.94567887412814 -3.1867668192830045 NNW 55.9459560379879 -3.186881624312714 136.2381410598755 211.2686767578125
55.9459560379879 -3.186881624312714 SSE 55.94567887412814 -3.1867668192830045 136.2381410598755 210.0186767578125
55.94567887412814 -3.1867668192830045 NNW 55.9459560379879 -3.186881624312714 136.2381410598755 208.7686767578125
55.9459560379879 -3.186881624312714 S 55.945656037987895 -3.186881624312714 136.2381410598755 207.5186767578125
55.945656037987895 -3.186881624312714 N 55.9459560379879 -3.186881624312714 136.2381410598755 206.2686767578125
55.9459560379879 -3.186881624312714 SSE 55.94567887412814 -3.1867668192830045 136.2381410598755 205.0186767578125
55.94567887412814 -3.1867668192830045 N 55.945978874128144 -3.1867668192830045 136.2381410598755 203.7686767578125
55.945978874128144 -3.1867668192830045 WNW 55.946093679157855 -3.187043983142758 136.2381410598755 202.5186767578125
55.946093679157855 -3.187043983142758 ESE 55.945978874128144 -3.1867668192830045 136.2381410598755 201.2686767578125
55.945978874128144 -3.1867668192830045 NW 55.9461910061625 -3.1869789513173603 172.36619663238525 283.8963317871094
55.9461910061625 -3.1869789513173603 SE 55.945978874128144 -3.1867668192830045 172.36619663238525 282.6463317871094
55.945978874128144 -3.1867668192830045 NW 55.9461910061625 -3.1869789513173603 172.36619663238525 281.3963317871094
55.9461910061625 -3.1869789513173603 SE 55.945978874128144 -3.1867668192830045 172.36619663238525 280.1463317871094
55.945978874128144 -3.1867668192830045 ENE 55.946093679157855 -3.186489655423251 172.36619663238525 278.8963317871094
55.946093679157855 -3.186489655423251 WSW 55.945978874128144 -3.1867668192830045 172.36619663238525 277.6463317871094
55.945978874128144 -3.1867668192830045 E 55.945978874128144 -3.1864668192830043 172.36619663238525 276.3963317871094
55.945978874128144 -3.1864668192830043 W 55.945978874128144 -3.1867668192830045 172.36619663238525 275.1463317871094
55.945978874128144 -3.1867668192830045 E 55.945978874128144 -3.1864668192830043 172.36619663238525 273.8963317871094
55.945978874128144 -3.1864668192830043 W 55.945978874128144 -3.1867668192830045 172.36619663238525 272.6463317871094
55.945978874128144 -3.1867668192830045 ESE 55.945864069098434 -3.186489655423251 172.36619663238525 271.3963317871094
55.945864069098434 -3.186489655423251 WNW 55.945978874128144 -3.1867668192830045 172.36619663238525 270.1463317871094
55.945978874128144 -3.1867668192830045 SE 55.94576674209379 -3.1865546872486488 172.36619663238525 268.8963317871094
55.94576674209379 -3.1865546872486488 NW 55.945978874128144 -3.1867668192830045 172.36619663238525 267.6463317871094
55.945978874128144 -3.1867668192830045 SE 55.94576674209379 -3.1865546872486488 172.36619663238525 266.3963317871094
55.94576674209379 -3.1865546872486488 W 55.94576674209379 -3.186854687248649 172.36619663238525 265.1463317871094
55.94576674209379 -3.186854687248649 E 55.94576674209379 -3.1865546872486488 172.36619663238525 263.8963317871094
55.94576674209379 -3.1865546872486488 SSW 55.94548957823403 -3.1866694922783583 172.36619663238525 262.6463317871094
55.94548957823403 -3.1866694922783583 NNE 55.94576674209379 -3.1865546872486488 172.36619663238525 261.3963317871094
55.94576674209379 -3.1865546872486488 SW 55.94555461005943 -3.1867668192830045 172.36619663238525 260.1463317871094
55.94555461005943 -3.1867668192830045 ENE 55.94566941508914 -3.186489655423251 172.36619663238525 258.8963317871094
55.94566941508914 -3.186489655423251 SSW 55.945392251229386 -3.1866044604529606 172.36619663238525 257.6463317871094
55.945392251229386 -3.1866044604529606 N 55.94569225122939 -3.1866044604529606 172.36619663238525 256.3963317871094
55.94569225122939 -3.1866044604529606 S 55.945392251229386 -3.1866044604529606 172.36619663238525 255.14633178710938
55.945392251229386 -3.1866044604529606 NNE 55.94566941508914 -3.186489655423251 172.36619663238525 253.89633178710938
55.94566941508914 -3.186489655423251 SSW 55.945392251229386 -3.1866044604529606 172.36619663238525 252.64633178710938
55.945392251229386 -3.1866044604529606 E 55.945392251229386 -3.1863044604529605 172.36619663238525 251.39633178710938
55.945392251229386 -3.1863044604529605 W 55.945392251229386 -3.1866044604529606 172.36619663238525 250.14633178710938
55.945392251229386 -3.1866044604529606 SE 55.94518011919503 -3.186392328418605 172.36619663238525 248.89633178710938
55.94518011919503 -3.186392328418605 NW 55.945392251229386 -3.1866044604529606 172.36619663238525 247.64633178710938
55.945392251229386 -3.1866044604529606 SSE 55.94511508736963 -3.186489655423251 172.36619663238525 246.39633178710938
55.94511508736963 -3.186489655423251 NNW 55.945392251229386 -3.1866044604529606 172.36619663238525 245.14633178710938
55.945392251229386 -3.1866044604529606 SSW 55.94511508736963 -3.18671926548267 172.36619663238525 243.89633178710938
55.94511508736963 -3.18671926548267 NNE 55.945392251229386 -3.1866044604529606 172.36619663238525 242.64633178710938
55.945392251229386 -3.1866044604529606 W 55.945392251229386 -3.186904460452961 172.36619663238525 241.39633178710938
55.945392251229386 -3.186904460452961 E 55.945392251229386 -3.1866044604529606 172.36619663238525 240.14633178710938
55.945392251229386 -3.1866044604529606 W 55.945392251229386 -3.186904460452961 172.36619663238525 238.89633178710938
55.945392251229386 -3.186904460452961 ESE 55.945277446199675 -3.1866272965932074 172.36619663238525 237.64633178710938
55.945277446199675 -3.1866272965932074 WSW 55.945162641169965 -3.186904460452961 172.36619663238525 236.39633178710938
55.945162641169965 -3.186904460452961 ENE 55.945277446199675 -3.1866272965932074 172.36619663238525 235.14633178710938
55.945277446199675 -3.1866272965932074 SSW 55.94500028233992 -3.186742101622917 172.36619663238525 233.89633178710938
55.94500028233992 -3.186742101622917 NNE 55.945277446199675 -3.1866272965932074 172.36619663238525 232.64633178710938
55.945277446199675 -3.1866272965932074 S 55.94497744619967 -3.1866272965932074 172.36619663238525 231.39633178710938
55.94497744619967 -3.1866272965932074 N 55.945277446199675 -3.1866272965932074 172.36619663238525 230.14633178710938
55.945277446199675 -3.1866272965932074 S 55.94497744619967 -3.1866272965932074 172.36619663238525 228.89633178710938
55.94497744619967 -3.1866272965932074 NNE 55.94525461005943 -3.186512491563498 172.36619663238525 227.64633178710938
55.94525461005943 -3.186512491563498 SSW 55.94497744619967 -3.1866272965932074 172.36619663238525 226.39633178710938
55.94497744619967 -3.1866272965932074 SSW 55.944700282339916 -3.186742101622917 172.36619663238525 225.14633178710938
55.944700282339916 -3.186742101622917 NNE 55.94497744619967 -3.1866272965932074 172.36619663238525 223.89633178710938
55.94497744619967 -3.1866272965932074 SSE 55.944700282339916 -3.186512491563498 172.36619663238525 222.64633178710938
55.944700282339916 -3.186512491563498 NNW 55.94497744619967 -3.1866272965932074 172.36619663238525 221.39633178710938
55.94497744619967 -3.1866272965932074 NNE 55.94525461005943 -3.186512491563498 172.36619663238525 220.14633178710938
55.94525461005943 -3.186512491563498 SSW 55.94497744619967 -3.1866272965932074 172.36619663238525 218.89633178710938
55.94497744619967 -3.1866272965932074 NW 55.94518957823403 -3.186839428627563 172.36619663238525 217.64633178710938
55.94518957823403 -3.186839428627563 SE 55.94497744619967 -3.1866272965932074 172.36619663238525 216.39633178710938
55.94497744619967 -3.1866272965932074 W 55.94497744619967 -3.1869272965932076 172.36619663238525 215.14633178710938
55.94497744619967 -3.1869272965932076 E 55.94497744619967 -3.1866272965932074 172.36619663238525 213.89633178710938
55.94497744619967 -3.1866272965932074 NW 55.94518957823403 -3.186839428627563 172.36619663238525 212.64633178710938
55.94518957823403 -3.186839428627563 SSE 55.94491241437427 -3.1867246235978537 172.36619663238525 211.39633178710938
55.94491241437427 -3.1867246235978537 N 55.945212414374275 -3.1867246235978537 172.36619663238525 210.14633178710938
55.945212414374275 -3.1867246235978537 SSW 55.94493525051452 -3.186839428627563 172.36619663238525 208.89633178710938
55.94493525051452 -3.186839428627563 NNE 55.945212414374275 -3.1867246235978537 172.36619663238525 207.64633178710938
55.945212414374275 -3.1867246235978537 SW 55.94500028233992 -3.1869367556322095 172.36619663238525 206.39633178710938
55.94500028233992 -3.1869367556322095 NE 55.945212414374275 -3.1867246235978537 172.36619663238525 205.14633178710938
55.945212414374275 -3.1867246235978537 SW 55.94500028233992 -3.1869367556322095 172.36619663238525 203.89633178710938
55.94500028233992 -3.1869367556322095 NE 55.945212414374275 -3.1867246235978537 172.36619663238525 202.64633178710938
55.945212414374275 -3.1867246235978537 NW 55.94542454640863 -3.1869367556322095 172.36619663238525 201.39633178710938
55.94542454640863 -3.1869367556322095 SSW 55.945147382548875 -3.187051560661919 172.36619663238525 200.14633178710938
55.945147382548875 -3.187051560661919 SE 55.94493525051452 -3.186839428627563 172.36619663238525 198.89633178710938
55.94493525051452 -3.186839428627563 NW 55.945147382548875 -3.187051560661919 172.36619663238525 197.64633178710938
55.945147382548875 -3.187051560661919 E 55.945147382548875 -3.186751560661919 172.36619663238525 196.39633178710938
55.945147382548875 -3.186751560661919 W 55.945147382548875 -3.187051560661919 172.36619663238525 195.14633178710938
