55.944425 -3.188396 SE 55.944212867965646 -3.1881838679656442 0.0 248.75
55.944212867965646 -3.1881838679656442 NW 55.944425 -3.188396 0.0 247.5
55.944425 -3.188396 ESE 55.94431019497029 -3.1881188361402466 0.0 246.25
55.94431019497029 -3.1881188361402466 WNW 55.944425 -3.188396 0.0 245.0
55.944425 -3.188396 E 55.944425 -3.188096 0.0 243.75
55.944425 -3.188096 NW 55.94463713203436 -3.1883081320343556 0.0 242.5
55.94463713203436 -3.1883081320343556 SE 55.944425 -3.188096 0.0 241.25
55.944425 -3.188096 NNW 55.94470216385976 -3.1882108050297093 0.0 240.0
55.94470216385976 -3.1882108050297093 SSE 55.944425 -3.188096 0.0 238.75
55.944425 -3.188096 SW 55.944212867965646 -3.1883081320343556 0.0 237.5
55.944212867965646 -3.1883081320343556 ENE 55.94432767299536 -3.188030968174602 0.0 236.25
55.94432767299536 -3.188030968174602 SW 55.944115540961 -3.188243100208958 0.0 235.0
55.944115540961 -3.188243100208958 ESE 55.94400073593129 -3.1879659363492046 0.0 233.75
55.94400073593129 -3.1879659363492046 WNW 55.944115540961 -3.188243100208958 0.0 232.5
55.944115540961 -3.188243100208958 SE 55.943903408926644 -3.188030968174602 0.0 231.25
55.943903408926644 -3.188030968174602 NW 55.944115540961 -3.188243100208958 0.0 230.0
55.944115540961 -3.188243100208958 SSE 55.943838377101244 -3.1881282951792485 0.0 228.75
55.943838377101244 -3.1881282951792485 NNW 55.944115540961 -3.188243100208958 0.0 227.5
55.944115540961 -3.188243100208958 SSE 55.943838377101244 -3.1881282951792485 0.0 226.25
55.943838377101244 -3.1881282951792485 SW 55.94362624506689 -3.1883404272136042 0.0 225.0
55.94362624506689 -3.1883404272136042 NE 55.943838377101244 -3.1881282951792485 0.0 223.75
55.943838377101244 -3.1881282951792485 S 55.94353837710124 -3.1881282951792485 0.0 222.5
55.94353837710124 -3.1881282951792485 NW 55.9437505091356 -3.1883404272136042 0.0 221.25
55.9437505091356 -3.1883404272136042 NNW 55.944027672995354 -3.1884552322433137 0.0 220.0
55.944027672995354 -3.1884552322433137 SSE 55.9437505091356 -3.1883404272136042 0.0 218.75
55.9437505091356 -3.1883404272136042 NNE 55.944027672995354 -3.1882256221838947 0.0 217.5
55.944027672995354 -3.1882256221838947 SSW 55.9437505091356 -3.1883404272136042 0.0 216.25
55.9437505091356 -3.1883404272136042 NNW 55.944027672995354 -3.1884552322433137 0.0 215.0
55.944027672995354 -3.1884552322433137 SSE 55.9437505091356 -3.1883404272136042 0.0 213.75
55.9437505091356 -3.1883404272136042 NW 55.94396264116995 -3.18855255924796 0.0 212.5
55.94396264116995 -3.18855255924796 NE 55.94417477320431 -3.1883404272136042 0.0 211.25
55.94417477320431 -3.1883404272136042 SW 55.94396264116995 -3.18855255924796 0.0 210.0
55.94396264116995 -3.18855255924796 N 55.944262641169956 -3.18855255924796 0.0 208.75
55.944262641169956 -3.18855255924796 S 55.94396264116995 -3.18855255924796 0.0 207.5
55.94396264116995 -3.18855255924796 N 55.944262641169956 -3.18855255924796 0.0 206.25
55.944262641169956 -3.18855255924796 SSW 55.9439854773102 -3.1886673642776695 0.0 205.0
55.9439854773102 -3.1886673642776695 N 55.9442854773102 -3.1886673642776695 0.0 203.75
55.9442854773102 -3.1886673642776695 SE 55.94407334527585 -3.1884552322433137 0.0 202.5
55.94407334527585 -3.1884552322433137 N 55.94437334527585 -3.1884552322433137 0.0 201.25
55.94437334527585 -3.1884552322433137 NNW 55.944650509135606 -3.1885700372730232 0.0 200.0
55.944650509135606 -3.1885700372730232 SSE 55.94437334527585 -3.1884552322433137 0.0 198.75
55.94437334527585 -3.1884552322433137 ESE 55.94425854024614 -3.1881780683835603 0.0 197.5
55.94425854024614 -3.1881780683835603 WNW 55.94437334527585 -3.1884552322433137 0.0 196.25
55.94437334527585 -3.1884552322433137 ESE 55.94425854024614 -3.1881780683835603 0.0 195.0
55.94425854024614 -3.1881780683835603 WSW 55.94414373521643 -3.1884552322433137 0.0 193.75
55.94414373521643 -3.1884552322433137 E 55.94414373521643 -3.1881552322433135 0.0 192.5
55.94414373521643 -3.1881552322433135 W 55.94414373521643 -3.1884552322433137 0.0 191.25
55.94414373521643 -3.1884552322433137 E 55.94414373521643 -3.1881552322433135 0.0 190.0
55.94414373521643 -3.1881552322433135 SSW 55.94386657135667 -3.188270037273023 0.0 188.75
55.94386657135667 -3.188270037273023 NNW 55.94414373521643 -3.1883848423027326 0.0 187.5
55.94414373521643 -3.1883848423027326 WSW 55.94402893018672 -3.188662006162486 0.0 186.25
55.94402893018672 -3.188662006162486 SE 55.94381679815236 -3.18844987412813 0.0 185.0
55.94381679815236 -3.18844987412813 W 55.94381679815236 -3.1887498741281304 0.0 183.75
55.94381679815236 -3.1887498741281304 NE 55.94402893018672 -3.1885377420937746 0.0 182.5
55.94402893018672 -3.1885377420937746 SW 55.94381679815236 -3.1887498741281304 0.0 181.25
55.94381679815236 -3.1887498741281304 SE 55.943604666118006 -3.1885377420937746 0.0 180.0
55.943604666118006 -3.1885377420937746 NW 55.94381679815236 -3.1887498741281304 0.0 178.75
55.94381679815236 -3.1887498741281304 SSE 55.943539634292605 -3.188635069098421 0.0 177.5
55.943539634292605 -3.188635069098421 NW 55.94375176632696 -3.1888472011327766 0.0 176.25
55.94375176632696 -3.1888472011327766 SE 55.943539634292605 -3.188635069098421 0.0 175.0
55.943539634292605 -3.188635069098421 N 55.94383963429261 -3.188635069098421 0.0 173.75
55.94383963429261 -3.188635069098421 SSE 55.94356247043285 -3.1885202640687114 0.0 172.5
55.94356247043285 -3.1885202640687114 ENE 55.94367727546256 -3.188243100208958 0.0 171.25
55.94367727546256 -3.188243100208958 WSW 55.94356247043285 -3.1885202640687114 0.0 170.0
55.94356247043285 -3.1885202640687114 SE 55.943350338398496 -3.1883081320343556 0.0 168.75
55.943350338398496 -3.1883081320343556 WNW 55.943465143428206 -3.188585295894109 0.0 167.5
55.943465143428206 -3.188585295894109 S 55.9431651434282 -3.188585295894109 0.0 166.25
55.9431651434282 -3.188585295894109 NNW 55.94344230728796 -3.1887001009238185 0.0 165.0
55.94344230728796 -3.1887001009238185 NNW 55.943719471147716 -3.188814905953528 0.0 163.75
55.943719471147716 -3.188814905953528 SSE 55.94344230728796 -3.1887001009238185 0.0 162.5
55.94344230728796 -3.1887001009238185 S 55.94314230728796 -3.1887001009238185 0.0 161.25
55.94314230728796 -3.1887001009238185 NE 55.94335443932231 -3.1884879688894627 0.0 160.0
55.94335443932231 -3.1884879688894627 SSW 55.94307727546256 -3.1886027739191722 0.0 158.75
55.94307727546256 -3.1886027739191722 NW 55.94328940749691 -3.188814905953528 0.0 157.5
55.94328940749691 -3.188814905953528 SSE 55.943012243637156 -3.1887001009238185 0.0 156.25
55.943012243637156 -3.1887001009238185 WNW 55.94312704866687 -3.188977264783572 0.0 155.0
55.94312704866687 -3.188977264783572 ESE 55.943012243637156 -3.1887001009238185 0.0 153.75
55.943012243637156 -3.1887001009238185 SE 55.9428001116028 -3.1884879688894627 0.0 152.5
55.9428001116028 -3.1884879688894627 NW 55.943012243637156 -3.1887001009238185 0.0 151.25
55.943012243637156 -3.1887001009238185 ESE 55.942897438607446 -3.188422937064065 0.0 150.0
55.942897438607446 -3.188422937064065 NW 55.9431095706418 -3.188635069098421 0.0 148.75
55.9431095706418 -3.188635069098421 ESE 55.94299476561209 -3.1883579052386675 0.0 147.5
55.94299476561209 -3.1883579052386675 NW 55.94320689764645 -3.1885700372730232 0.0 146.25
55.94320689764645 -3.1885700372730232 SE 55.94299476561209 -3.1883579052386675 0.0 145.0
55.94299476561209 -3.1883579052386675 SW 55.942782633577735 -3.1885700372730232 50.91679000854492 173.9438190460205
55.942782633577735 -3.1885700372730232 NE 55.94299476561209 -3.1883579052386675 50.91679000854492 172.6938190460205
55.94299476561209 -3.1883579052386675 E 55.94299476561209 -3.1880579052386673 50.91679000854492 171.4438190460205
55.94299476561209 -3.1880579052386673 WSW 55.94287996058238 -3.1883350690984207 50.91679000854492 170.1938190460205
55.94287996058238 -3.1883350690984207 SE 55.942667828548025 -3.188122937064065 50.91679000854492 168.9438190460205
55.942667828548025 -3.188122937064065 NW 55.94287996058238 -3.1883350690984207 50.91679000854492 167.6938190460205
55.94287996058238 -3.1883350690984207 SE 55.942667828548025 -3.188122937064065 50.91679000854492 166.4438190460205
55.942667828548025 -3.188122937064065 ENE 55.942782633577735 -3.1878457732043115 50.91679000854492 165.1938190460205
55.942782633577735 -3.1878457732043115 WSW 55.942667828548025 -3.188122937064065 50.91679000854492 163.9438190460205
55.942667828548025 -3.188122937064065 NE 55.94287996058238 -3.187910805029709 50.91679000854492 162.6938190460205
55.94287996058238 -3.187910805029709 SE 55.942667828548025 -3.1876986729953534 50.91679000854492 161.4438190460205
55.942667828548025 -3.1876986729953534 NW 55.94287996058238 -3.187910805029709 50.91679000854492 160.1938190460205
55.94287996058238 -3.187910805029709 SE 55.942667828548025 -3.1876986729953534 50.91679000854492 158.9438190460205
55.942667828548025 -3.1876986729953534 NW 55.94287996058238 -3.187910805029709 50.91679000854492 157.6938190460205
55.94287996058238 -3.187910805029709 NW 55.94309209261674 -3.188122937064065 50.91679000854492 156.4438190460205
55.94309209261674 -3.188122937064065 ESE 55.94297728758703 -3.1878457732043115 50.91679000854492 155.1938190460205
55.94297728758703 -3.1878457732043115 WNW 55.94309209261674 -3.188122937064065 50.91679000854492 153.9438190460205
55.94309209261674 -3.188122937064065 E 55.94309209261674 -3.1878229370640647 50.91679000854492 152.6938190460205
55.94309209261674 -3.1878229370640647 NW 55.943304224651094 -3.1880350690984205 50.91679000854492 151.4438190460205
55.943304224651094 -3.1880350690984205 SE 55.94309209261674 -3.1878229370640647 50.91679000854492 150.1938190460205
55.94309209261674 -3.1878229370640647 NW 55.943304224651094 -3.1880350690984205 50.91679000854492 148.9438190460205
55.943304224651094 -3.1880350690984205 ENE 55.943419029680804 -3.187757905238667 50.91679000854492 147.6938190460205
55.943419029680804 -3.187757905238667 WSW 55.943304224651094 -3.1880350690984205 50.91679000854492 146.4438190460205
55.943304224651094 -3.1880350690984205 NNW 55.94358138851085 -3.18814987412813 50.91679000854492 145.1938190460205
55.94358138851085 -3.18814987412813 SE 55.943369256476494 -3.1879377420937742 86.45915985107422 201.38880729675293
55.943369256476494 -3.1879377420937742 NW 55.94358138851085 -3.18814987412813 86.45915985107422 200.13880729675293
55.94358138851085 -3.18814987412813 S 55.94328138851085 -3.18814987412813 86.45915985107422 198.88880729675293
55.94328138851085 -3.18814987412813 N 55.94358138851085 -3.18814987412813 86.45915985107422 197.63880729675293
55.94358138851085 -3.18814987412813 WSW 55.94346658348114 -3.1884270379878834 86.45915985107422 196.38880729675293
55.94346658348114 -3.1884270379878834 NE 55.943678715515496 -3.1882149059535276 86.45915985107422 195.13880729675293
55.943678715515496 -3.1882149059535276 SSW 55.94340155165574 -3.188329710983237 86.45915985107422 193.88880729675293
55.94340155165574 -3.188329710983237 NNE 55.943678715515496 -3.1882149059535276 86.45915985107422 192.63880729675293
55.943678715515496 -3.1882149059535276 SSW 55.94340155165574 -3.188329710983237 86.45915985107422 191.38880729675293
55.94340155165574 -3.188329710983237 W 55.94340155165574 -3.1886297109832373 86.45915985107422 190.13880729675293
55.94340155165574 -3.1886297109832373 ESE 55.94328674662603 -3.188352547123484 86.45915985107422 188.88880729675293
55.94328674662603 -3.188352547123484 E 55.94328674662603 -3.1880525471234837 86.45915985107422 187.63880729675293
55.94328674662603 -3.1880525471234837 W 55.94328674662603 -3.188352547123484 86.45915985107422 186.38880729675293
55.94328674662603 -3.188352547123484 ENE 55.94340155165574 -3.1880753832637305 86.45915985107422 185.13880729675293
55.94340155165574 -3.1880753832637305 WSW 55.94328674662603 -3.188352547123484 86.45915985107422 183.88880729675293
55.94328674662603 -3.188352547123484 ESE 55.94317194159632 -3.1880753832637305 86.45915985107422 182.63880729675293
55.94317194159632 -3.1880753832637305 WNW 55.94328674662603 -3.188352547123484 86.45915985107422 181.38880729675293
55.94328674662603 -3.188352547123484 ESE 55.94317194159632 -3.1880753832637305 86.45915985107422 180.13880729675293
55.94317194159632 -3.1880753832637305 WSW 55.94305713656661 -3.188352547123484 86.45915985107422 178.88880729675293
55.94305713656661 -3.188352547123484 E 55.94305713656661 -3.1880525471234837 86.45915985107422 177.63880729675293
55.94305713656661 -3.1880525471234837 NNW 55.943334300426365 -3.1881673521531932 86.45915985107422 176.38880729675293
55.943334300426365 -3.1881673521531932 E 55.943334300426365 -3.187867352153193 86.45915985107422 175.13880729675293
55.943334300426365 -3.187867352153193 NE 55.94354643246072 -3.1876552201188373 86.45915985107422 173.88880729675293
55.94354643246072 -3.1876552201188373 SW 55.943334300426365 -3.187867352153193 86.45915985107422 172.63880729675293
55.943334300426365 -3.187867352153193 WNW 55.943449105456075 -3.1881445160129465 86.45915985107422 171.38880729675293
55.943449105456075 -3.1881445160129465 ESE 55.943334300426365 -3.187867352153193 86.45915985107422 170.13880729675293
55.943334300426365 -3.187867352153193 WNW 55.943449105456075 -3.1881445160129465 86.45915985107422 168.88880729675293
55.943449105456075 -3.1881445160129465 ESE 55.943334300426365 -3.187867352153193 86.45915985107422 167.63880729675293
55.943334300426365 -3.187867352153193 NE 55.94354643246072 -3.1876552201188373 86.45915985107422 166.38880729675293
55.94354643246072 -3.1876552201188373 SSE 55.943269268600964 -3.1875404150891278 86.45915985107422 165.13880729675293
55.943269268600964 -3.1875404150891278 NW 55.94348140063532 -3.1877525471234835 86.45915985107422 163.88880729675293
55.94348140063532 -3.1877525471234835 SE 55.943269268600964 -3.1875404150891278 86.45915985107422 162.63880729675293
55.943269268600964 -3.1875404150891278 ESE 55.943154463571254 -3.1872632512293744 86.45915985107422 161.38880729675293
55.943154463571254 -3.1872632512293744 WNW 55.943269268600964 -3.1875404150891278 86.45915985107422 160.13880729675293
55.943269268600964 -3.1875404150891278 ESE 55.943154463571254 -3.1872632512293744 86.45915985107422 158.88880729675293
55.943154463571254 -3.1872632512293744 W 55.943154463571254 -3.1875632512293746 86.45915985107422 157.63880729675293
55.943154463571254 -3.1875632512293746 E 55.943154463571254 -3.1872632512293744 86.45915985107422 156.38880729675293
55.943154463571254 -3.1872632512293744 SW 55.9429423315369 -3.18747538326373 86.45915985107422 155.13880729675293
55.9429423315369 -3.18747538326373 E 55.9429423315369 -3.18717538326373 86.45915985107422 153.88880729675293
55.9429423315369 -3.18717538326373 W 55.9429423315369 -3.18747538326373 86.45915985107422 152.63880729675293
55.9429423315369 -3.18747538326373 E 55.9429423315369 -3.18717538326373 86.45915985107422 151.38880729675293
55.9429423315369 -3.18717538326373 NNW 55.943219495396654 -3.1872901882934395 86.45915985107422 150.13880729675293
55.943219495396654 -3.1872901882934395 S 55.94291949539665 -3.1872901882934395 86.45915985107422 148.88880729675293
55.94291949539665 -3.1872901882934395 NNE 55.94319665925641 -3.18717538326373 86.45915985107422 147.63880729675293
55.94319665925641 -3.18717538326373 ENE 55.94331146428612 -3.1868982194039766 86.45915985107422 146.38880729675293
55.94331146428612 -3.1868982194039766 W 55.94331146428612 -3.1871982194039767 86.45915985107422 145.13880729675293
55.94331146428612 -3.1871982194039767 NE 55.943523596320475 -3.186986087369621 86.45915985107422 143.88880729675293
55.943523596320475 -3.186986087369621 SW 55.94331146428612 -3.1871982194039767 86.45915985107422 142.63880729675293
55.94331146428612 -3.1871982194039767 NE 55.943523596320475 -3.186986087369621 86.45915985107422 141.38880729675293
55.943523596320475 -3.186986087369621 WNW 55.943638401350185 -3.1872632512293744 86.45915985107422 140.13880729675293
55.943638401350185 -3.1872632512293744 ESE 55.943523596320475 -3.186986087369621 86.45915985107422 138.88880729675293
55.943523596320475 -3.186986087369621 SE 55.94331146428612 -3.186773955335265 86.45915985107422 137.63880729675293
55.94331146428612 -3.186773955335265 WNW 55.94342626931583 -3.1870511191950186 86.45915985107422 136.38880729675293
55.94342626931583 -3.1870511191950186 SSE 55.94314910545607 -3.186936314165309 86.45915985107422 135.13880729675293
55.94314910545607 -3.186936314165309 NNE 55.94342626931583 -3.1868215091355996 86.45915985107422 133.88880729675293
55.94342626931583 -3.1868215091355996 S 55.943126269315826 -3.1868215091355996 86.45915985107422 132.63880729675293
55.943126269315826 -3.1868215091355996 SE 55.94291413728147 -3.186609377101244 86.45915985107422 131.38880729675293
55.94291413728147 -3.186609377101244 NW 55.943126269315826 -3.1868215091355996 86.45915985107422 130.13880729675293
55.943126269315826 -3.1868215091355996 SSE 55.94284910545607 -3.18670670410589 180.52326202392578 244.81686973571777
55.94284910545607 -3.18670670410589 NNW 55.943126269315826 -3.1868215091355996 180.52326202392578 243.56686973571777
55.943126269315826 -3.1868215091355996 SE 55.94291413728147 -3.186609377101244 180.52326202392578 242.31686973571777
55.94291413728147 -3.186609377101244 SSW 55.94263697342171 -3.1867241821309533 180.52326202392578 241.06686973571777
55.94263697342171 -3.1867241821309533 NNE 55.94291413728147 -3.186609377101244 180.52326202392578 239.81686973571777
55.94291413728147 -3.186609377101244 SW 55.942702005247114 -3.1868215091355996 180.52326202392578 238.56686973571777
55.942702005247114 -3.1868215091355996 NE 55.94291413728147 -3.186609377101244 180.52326202392578 237.31686973571777
55.94291413728147 -3.186609377101244 SSW 55.94263697342171 -3.1867241821309533 180.52326202392578 236.06686973571777
55.94263697342171 -3.1867241821309533 W 55.94263697342171 -3.1870241821309535 180.52326202392578 234.81686973571777
55.94263697342171 -3.1870241821309535 NNE 55.94291413728147 -3.186909377101244 180.52326202392578 233.56686973571777
55.94291413728147 -3.186909377101244 SSW 55.94263697342171 -3.1870241821309535 180.52326202392578 232.31686973571777
55.94263697342171 -3.1870241821309535 N 55.942936973421716 -3.1870241821309535 180.52326202392578 231.06686973571777
55.942936973421716 -3.1870241821309535 E 55.942936973421716 -3.1867241821309533 180.52326202392578 229.81686973571777
55.942936973421716 -3.1867241821309533 W 55.942936973421716 -3.1870241821309535 180.52326202392578 228.56686973571777
55.942936973421716 -3.1870241821309535 SSW 55.94265980956196 -3.187138987160663 180.52326202392578 227.31686973571777
55.94265980956196 -3.187138987160663 E 55.94265980956196 -3.186838987160663 180.52326202392578 226.06686973571777
55.94265980956196 -3.186838987160663 W 55.94265980956196 -3.187138987160663 180.52326202392578 224.81686973571777
55.94265980956196 -3.187138987160663 W 55.94265980956196 -3.187438987160663 180.52326202392578 223.56686973571777
55.94265980956196 -3.187438987160663 ENE 55.94277461459167 -3.18716182330091 180.52326202392578 222.31686973571777
55.94277461459167 -3.18716182330091 WSW 55.94265980956196 -3.187438987160663 180.52326202392578 221.06686973571777
55.94265980956196 -3.187438987160663 NW 55.942871941596316 -3.187651119195019 180.52326202392578 219.81686973571777
55.942871941596316 -3.187651119195019 SE 55.94265980956196 -3.187438987160663 180.52326202392578 218.56686973571777
55.94265980956196 -3.187438987160663 NW 55.942871941596316 -3.187651119195019 180.52326202392578 217.31686973571777
55.942871941596316 -3.187651119195019 WSW 55.942757136566605 -3.1879282830547724 180.52326202392578 216.06686973571777
55.942757136566605 -3.1879282830547724 ENE 55.942871941596316 -3.187651119195019 180.52326202392578 214.81686973571777
55.942871941596316 -3.187651119195019 SE 55.94265980956196 -3.187438987160663 180.52326202392578 213.56686973571777
55.94265980956196 -3.187438987160663 W 55.94265980956196 -3.1877389871606634 180.52326202392578 212.31686973571777
55.94265980956196 -3.1877389871606634 NNW 55.942936973421716 -3.187853792190373 180.52326202392578 211.06686973571777
55.942936973421716 -3.187853792190373 NNE 55.94321413728147 -3.1877389871606634 180.52326202392578 209.81686973571777
55.94321413728147 -3.1877389871606634 SSW 55.942936973421716 -3.187853792190373 180.52326202392578 208.56686973571777
55.942936973421716 -3.187853792190373 NNE 55.94321413728147 -3.1877389871606634 180.52326202392578 207.31686973571777
55.94321413728147 -3.1877389871606634 SSW 55.942936973421716 -3.187853792190373 180.52326202392578 206.06686973571777
55.942936973421716 -3.187853792190373 NNE 55.94321413728147 -3.1877389871606634 180.52326202392578 204.81686973571777
55.94321413728147 -3.1877389871606634 E 55.94321413728147 -3.187438987160663 180.52326202392578 203.56686973571777
55.94321413728147 -3.187438987160663 SW 55.943002005247116 -3.187651119195019 180.52326202392578 202.31686973571777
55.943002005247116 -3.187651119195019 NE 55.94321413728147 -3.187438987160663 180.52326202392578 201.06686973571777
55.94321413728147 -3.187438987160663 N 55.943514137281475 -3.187438987160663 180.52326202392578 199.81686973571777
55.943514137281475 -3.187438987160663 SSW 55.94323697342172 -3.1875537921903727 180.52326202392578 198.56686973571777
55.94323697342172 -3.1875537921903727 NNE 55.943514137281475 -3.187438987160663 180.52326202392578 197.31686973571777
55.943514137281475 -3.187438987160663 N 55.94381413728148 -3.187438987160663 180.52326202392578 196.06686973571777
55.94381413728148 -3.187438987160663 S 55.943514137281475 -3.187438987160663 180.52326202392578 194.81686973571777
55.943514137281475 -3.187438987160663 NE 55.94372626931583 -3.1872268551263074 180.52326202392578 193.56686973571777
55.94372626931583 -3.1872268551263074 SSW 55.943449105456075 -3.187341660156017 180.52326202392578 192.31686973571777
55.943449105456075 -3.187341660156017 SSE 55.94317194159632 -3.1872268551263074 180.52326202392578 191.06686973571777
55.94317194159632 -3.1872268551263074 NNW 55.943449105456075 -3.187341660156017 180.52326202392578 189.81686973571777
55.943449105456075 -3.187341660156017 SE 55.94323697342172 -3.187129528121661 180.52326202392578 188.56686973571777
55.94323697342172 -3.187129528121661 NE 55.943449105456075 -3.1869173960873054 180.52326202392578 187.31686973571777
55.943449105456075 -3.1869173960873054 SE 55.94323697342172 -3.1867052640529496 180.52326202392578 186.06686973571777
55.94323697342172 -3.1867052640529496 NW 55.943449105456075 -3.1869173960873054 180.52326202392578 184.81686973571777
55.943449105456075 -3.1869173960873054 SE 55.94323697342172 -3.1867052640529496 180.52326202392578 183.56686973571777
55.94323697342172 -3.1867052640529496 NW 55.943449105456075 -3.1869173960873054 180.52326202392578 182.31686973571777
55.943449105456075 -3.1869173960873054 E 55.943449105456075 -3.186617396087305 180.52326202392578 181.06686973571777
55.943449105456075 -3.186617396087305 NW 55.94366123749043 -3.186829528121661 269.48058319091797 261.70949363708496
55.94366123749043 -3.186829528121661 NNW 55.94393840135019 -3.1869443331513705 269.48058319091797 260.45949363708496
55.94393840135019 -3.1869443331513705 SSE 55.94366123749043 -3.186829528121661 269.48058319091797 259.20949363708496
55.94366123749043 -3.186829528121661 NNW 55.94393840135019 -3.1869443331513705 269.48058319091797 257.95949363708496
55.94393840135019 -3.1869443331513705 WNW 55.9440532063799 -3.187221497011124 269.48058319091797 256.70949363708496
55.9440532063799 -3.187221497011124 ESE 55.94393840135019 -3.1869443331513705 269.48058319091797 255.45949363708496
55.94393840135019 -3.1869443331513705 SE 55.94372626931583 -3.1867322011170147 269.48058319091797 254.20949363708496
55.94372626931583 -3.1867322011170147 NW 55.94393840135019 -3.1869443331513705 269.48058319091797 252.95949363708496
55.94393840135019 -3.1869443331513705 ESE 55.94382359632048 -3.186667169291617 269.48058319091797 251.70949363708496
55.94382359632048 -3.186667169291617 NNW 55.944100760180234 -3.1867819743213266 292.9393997192383 294.2405300140381
55.944100760180234 -3.1867819743213266 S 55.94380076018023 -3.1867819743213266 405.3598937988281 336.70865058898926
55.94380076018023 -3.1867819743213266 N 55.944100760180234 -3.1867819743213266 405.3598937988281 335.45865058898926
55.944100760180234 -3.1867819743213266 S 55.94380076018023 -3.1867819743213266 405.3598937988281 334.20865058898926
55.94380076018023 -3.1867819743213266 N 55.944100760180234 -3.1867819743213266 405.3598937988281 332.95865058898926
55.944100760180234 -3.1867819743213266 N 55.94440076018024 -3.1867819743213266 439.85913467407227 379.33956718444824
55.94440076018024 -3.1867819743213266 S 55.944100760180234 -3.1867819743213266 439.85913467407227 378.08956718444824
55.944100760180234 -3.1867819743213266 WNW 55.944215565209944 -3.18705913818108 439.85913467407227 376.83956718444824
55.944215565209944 -3.18705913818108 ESE 55.944100760180234 -3.1867819743213266 439.85913467407227 375.58956718444824
55.944100760180234 -3.1867819743213266 NW 55.94431289221459 -3.1869941063556824 439.85913467407227 374.33956718444824
55.94431289221459 -3.1869941063556824 ESE 55.94419808718488 -3.186716942495929 439.85913467407227 373.08956718444824
55.94419808718488 -3.186716942495929 WNW 55.94431289221459 -3.1869941063556824 439.85913467407227 371.83956718444824
55.94431289221459 -3.1869941063556824 WSW 55.94419808718488 -3.1872712702154358 439.85913467407227 370.58956718444824
55.94419808718488 -3.1872712702154358 ENE 55.94431289221459 -3.1869941063556824 439.85913467407227 369.33956718444824
55.94431289221459 -3.1869941063556824 WSW 55.94419808718488 -3.1872712702154358 439.85913467407227 368.08956718444824
55.94419808718488 -3.1872712702154358 ENE 55.94431289221459 -3.1869941063556824 439.85913467407227 366.83956718444824
55.94431289221459 -3.1869941063556824 WNW 55.9444276972443 -3.1872712702154358 439.85913467407227 365.58956718444824
55.9444276972443 -3.1872712702154358 E 55.9444276972443 -3.1869712702154356 439.85913467407227 364.33956718444824
55.9444276972443 -3.1869712702154356 W 55.9444276972443 -3.1872712702154358 439.85913467407227 363.08956718444824
55.9444276972443 -3.1872712702154358 ESE 55.94431289221459 -3.1869941063556824 439.85913467407227 361.83956718444824
55.94431289221459 -3.1869941063556824 NE 55.94452502424895 -3.1867819743213266 439.85913467407227 360.58956718444824
55.94452502424895 -3.1867819743213266 SW 55.94431289221459 -3.1869941063556824 439.85913467407227 359.33956718444824
55.94431289221459 -3.1869941063556824 ENE 55.9444276972443 -3.186716942495929 439.85913467407227 358.08956718444824
