55.944425 -3.188396 NW 55.94463713203436 -3.188608132034356 0.0 248.75
55.94463713203436 -3.188608132034356 ESE 55.94452232700465 -3.1883309681746024 0.0 247.5
55.94452232700465 -3.1883309681746024 SSE 55.94424516314489 -3.188216163144893 0.0 246.25
55.94424516314489 -3.188216163144893 NNW 55.94452232700465 -3.1883309681746024 0.0 245.0
55.94452232700465 -3.1883309681746024 SE 55.94431019497029 -3.1881188361402466 0.0 243.75
55.94431019497029 -3.1881188361402466 NW 55.94452232700465 -3.1883309681746024 0.0 242.5
55.94452232700465 -3.1883309681746024 E 55.94452232700465 -3.188030968174602 0.0 241.25
55.94452232700465 -3.188030968174602 WNW 55.94463713203436 -3.1883081320343556 0.0 240.0
55.94463713203436 -3.1883081320343556 ENE 55.94475193706407 -3.188030968174602 0.0 238.75
55.94475193706407 -3.188030968174602 WSW 55.94463713203436 -3.1883081320343556 0.0 237.5
55.94463713203436 -3.1883081320343556 NW 55.944849264068715 -3.1885202640687114 0.0 236.25
55.944849264068715 -3.1885202640687114 SE 55.94463713203436 -3.1883081320343556 0.0 235.0
55.94463713203436 -3.1883081320343556 NNW 55.944914295894115 -3.188422937064065 0.0 233.75
55.944914295894115 -3.188422937064065 S 55.94461429589411 -3.188422937064065 0.0 232.5
55.94461429589411 -3.188422937064065 NNW 55.94489145975387 -3.1885377420937746 0.0 231.25
55.94489145975387 -3.1885377420937746 S 55.944591459753866 -3.1885377420937746 0.0 230.0
55.944591459753866 -3.1885377420937746 NNW 55.94486862361362 -3.188652547123484 0.0 228.75
55.94486862361362 -3.188652547123484 S 55.94456862361362 -3.188652547123484 0.0 227.5
55.94456862361362 -3.188652547123484 N 55.94486862361362 -3.188652547123484 0.0 226.25
55.94486862361362 -3.188652547123484 S 55.94456862361362 -3.188652547123484 0.0 225.0
55.94456862361362 -3.188652547123484 ENE 55.94468342864333 -3.1883753832637307 0.0 223.75
55.94468342864333 -3.1883753832637307 WSW 55.94456862361362 -3.188652547123484 0.0 222.5
55.94456862361362 -3.188652547123484 ESE 55.94445381858391 -3.1883753832637307 0.0 221.25
55.94445381858391 -3.1883753832637307 WNW 55.94456862361362 -3.188652547123484 0.0 220.0
55.94456862361362 -3.188652547123484 SSE 55.94429145975386 -3.1885377420937746 0.0 218.75
55.94429145975386 -3.1885377420937746 NNW 55.94456862361362 -3.188652547123484 0.0 217.5
55.94456862361362 -3.188652547123484 S 55.94426862361362 -3.188652547123484 0.0 216.25
55.94426862361362 -3.188652547123484 N 55.94456862361362 -3.188652547123484 0.0 215.0
55.94456862361362 -3.188652547123484 S 55.94426862361362 -3.188652547123484 0.0 213.75
55.94426862361362 -3.188652547123484 NNW 55.94454578747337 -3.1887673521531936 0.0 212.5
55.94454578747337 -3.1887673521531936 SE 55.94433365543902 -3.188555220118838 0.0 211.25
55.94433365543902 -3.188555220118838 WNW 55.94444846046873 -3.1888323839785913 0.0 210.0
55.94444846046873 -3.1888323839785913 ENE 55.94456326549844 -3.188555220118838 0.0 208.75
55.94456326549844 -3.188555220118838 WSW 55.94444846046873 -3.1888323839785913 0.0 207.5
55.94444846046873 -3.1888323839785913 ENE 55.94456326549844 -3.188555220118838 0.0 206.25
55.94456326549844 -3.188555220118838 W 55.94456326549844 -3.188855220118838 0.0 205.0
55.94456326549844 -3.188855220118838 E 55.94456326549844 -3.188555220118838 0.0 203.75
55.94456326549844 -3.188555220118838 W 55.94456326549844 -3.188855220118838 0.0 202.5
55.94456326549844 -3.188855220118838 SSW 55.94428610163868 -3.1889700251485475 0.0 201.25
55.94428610163868 -3.1889700251485475 NNE 55.94456326549844 -3.188855220118838 0.0 200.0
55.94456326549844 -3.188855220118838 SSW 55.94428610163868 -3.1889700251485475 0.0 198.75
55.94428610163868 -3.1889700251485475 NE 55.94449823367304 -3.1887578931141918 0.0 197.5
55.94449823367304 -3.1887578931141918 SW 55.94428610163868 -3.1889700251485475 0.0 196.25
55.94428610163868 -3.1889700251485475 ENE 55.94440090666839 -3.188692861288794 0.0 195.0
55.94440090666839 -3.188692861288794 W 55.94440090666839 -3.1889928612887943 0.0 193.75
55.94440090666839 -3.1889928612887943 SW 55.944188774634036 -3.18920499332315 0.0 192.5
55.944188774634036 -3.18920499332315 NE 55.94440090666839 -3.1889928612887943 0.0 191.25
55.94440090666839 -3.1889928612887943 S 55.94410090666839 -3.1889928612887943 0.0 190.0
55.94410090666839 -3.1889928612887943 N 55.94440090666839 -3.1889928612887943 0.0 188.75
55.94440090666839 -3.1889928612887943 SSW 55.944123742808635 -3.189107666318504 0.0 187.5
55.944123742808635 -3.189107666318504 ENE 55.944238547838346 -3.1888305024587504 0.0 186.25
55.944238547838346 -3.1888305024587504 SW 55.94402641580399 -3.189042634493106 0.0 185.0
55.94402641580399 -3.189042634493106 NE 55.944238547838346 -3.1888305024587504 0.0 183.75
55.944238547838346 -3.1888305024587504 SW 55.94402641580399 -3.189042634493106 0.0 182.5
55.94402641580399 -3.189042634493106 SW 55.94381428376963 -3.189254766527462 0.0 181.25
55.94381428376963 -3.189254766527462 NE 55.94402641580399 -3.189042634493106 0.0 180.0
55.94402641580399 -3.189042634493106 W 55.94402641580399 -3.1893426344931064 0.0 178.75
55.94402641580399 -3.1893426344931064 ENE 55.9441412208337 -3.189065470633353 0.0 177.5
55.9441412208337 -3.189065470633353 WNW 55.94425602586341 -3.1893426344931064 0.0 176.25
55.94425602586341 -3.1893426344931064 ESE 55.9441412208337 -3.189065470633353 0.0 175.0
55.9441412208337 -3.189065470633353 WNW 55.94425602586341 -3.1893426344931064 0.0 173.75
55.94425602586341 -3.1893426344931064 SSE 55.943978862003654 -3.189227829463397 0.0 172.5
55.943978862003654 -3.189227829463397 NNW 55.94425602586341 -3.1893426344931064 0.0 171.25
55.94425602586341 -3.1893426344931064 WSW 55.9441412208337 -3.18961979835286 0.0 170.0
55.9441412208337 -3.18961979835286 ESE 55.94402641580399 -3.1893426344931064 0.0 168.75
55.94402641580399 -3.1893426344931064 N 55.94432641580399 -3.1893426344931064 0.0 167.5
55.94432641580399 -3.1893426344931064 SSE 55.944049251944236 -3.189227829463397 0.0 166.25
55.944049251944236 -3.189227829463397 SW 55.94383711990988 -3.1894399614977527 0.0 165.0
55.94383711990988 -3.1894399614977527 NE 55.944049251944236 -3.189227829463397 0.0 163.75
55.944049251944236 -3.189227829463397 E 55.944049251944236 -3.1889278294633967 0.0 162.5
55.944049251944236 -3.1889278294633967 W 55.944049251944236 -3.189227829463397 0.0 161.25
55.944049251944236 -3.189227829463397 ESE 55.943934446914525 -3.1889506656036435 0.0 160.0
55.943934446914525 -3.1889506656036435 W 55.943934446914525 -3.1892506656036437 0.0 158.75
55.943934446914525 -3.1892506656036437 ESE 55.943819641884815 -3.1889735017438903 0.0 157.5
55.943819641884815 -3.1889735017438903 WNW 55.943934446914525 -3.1892506656036437 0.0 156.25
55.943934446914525 -3.1892506656036437 E 55.943934446914525 -3.1889506656036435 0.0 155.0
55.943934446914525 -3.1889506656036435 SW 55.94372231488017 -3.1891627976379993 0.0 153.75
55.94372231488017 -3.1891627976379993 NE 55.943934446914525 -3.1889506656036435 0.0 152.5
55.943934446914525 -3.1889506656036435 SSW 55.94365728305477 -3.189065470633353 0.0 151.25
55.94365728305477 -3.189065470633353 NNE 55.943934446914525 -3.1889506656036435 0.0 150.0
55.943934446914525 -3.1889506656036435 NNW 55.94421161077428 -3.189065470633353 0.0 148.75
55.94421161077428 -3.189065470633353 SSE 55.943934446914525 -3.1889506656036435 0.0 147.5
55.943934446914525 -3.1889506656036435 NE 55.94414657894888 -3.1887385335692877 0.0 146.25
55.94414657894888 -3.1887385335692877 SW 55.943934446914525 -3.1889506656036435 0.0 145.0
55.943934446914525 -3.1889506656036435 N 55.94423444691453 -3.1889506656036435 0.0 143.75
55.94423444691453 -3.1889506656036435 SE 55.94402231488017 -3.1887385335692877 0.0 142.5
55.94402231488017 -3.1887385335692877 NW 55.94423444691453 -3.1889506656036435 0.0 141.25
55.94423444691453 -3.1889506656036435 SE 55.94402231488017 -3.1887385335692877 0.0 140.0
55.94402231488017 -3.1887385335692877 NE 55.94423444691453 -3.188526401534932 0.0 138.75
55.94423444691453 -3.188526401534932 SW 55.94402231488017 -3.1887385335692877 0.0 137.5
55.94402231488017 -3.1887385335692877 S 55.94372231488017 -3.1887385335692877 0.0 136.25
55.94372231488017 -3.1887385335692877 N 55.94402231488017 -3.1887385335692877 0.0 135.0
55.94402231488017 -3.1887385335692877 SSW 55.943745151020416 -3.1888533385989972 0.0 133.75
55.943745151020416 -3.1888533385989972 ENE 55.943859956050126 -3.188576174739244 0.0 132.5
55.943859956050126 -3.188576174739244 WSW 55.943745151020416 -3.1888533385989972 0.0 131.25
55.943745151020416 -3.1888533385989972 E 55.943745151020416 -3.188553338598997 0.0 130.0
55.943745151020416 -3.188553338598997 W 55.943745151020416 -3.1888533385989972 0.0 128.75
55.943745151020416 -3.1888533385989972 E 55.943745151020416 -3.188553338598997 0.0 127.5
55.943745151020416 -3.188553338598997 W 55.943745151020416 -3.1888533385989972 0.0 126.25
55.943745151020416 -3.1888533385989972 ESE 55.943630345990705 -3.188576174739244 0.0 125.0
55.943630345990705 -3.188576174739244 ENE 55.943745151020416 -3.1882990108794904 0.0 123.75
55.943745151020416 -3.1882990108794904 WSW 55.943630345990705 -3.188576174739244 0.0 122.5
55.943630345990705 -3.188576174739244 NE 55.94384247802506 -3.188364042704888 0.0 121.25
55.94384247802506 -3.188364042704888 SW 55.943630345990705 -3.188576174739244 0.0 120.0
55.943630345990705 -3.188576174739244 ENE 55.943745151020416 -3.1882990108794904 0.0 118.75
55.943745151020416 -3.1882990108794904 SW 55.94353301898606 -3.188511142913846 0.0 117.5
55.94353301898606 -3.188511142913846 ENE 55.94364782401577 -3.188233979054093 0.0 116.25
55.94364782401577 -3.188233979054093 SW 55.94343569198141 -3.1884461110884486 0.0 115.0
55.94343569198141 -3.1884461110884486 ENE 55.943550497011124 -3.188168947228695 0.0 113.75
55.943550497011124 -3.188168947228695 NW 55.94376262904548 -3.188381079263051 0.0 112.5
55.94376262904548 -3.188381079263051 SE 55.943550497011124 -3.188168947228695 0.0 111.25
55.943550497011124 -3.188168947228695 NNE 55.94382766087088 -3.1880541421989856 0.0 110.0
55.94382766087088 -3.1880541421989856 S 55.94352766087088 -3.1880541421989856 0.0 108.75
55.94352766087088 -3.1880541421989856 N 55.94382766087088 -3.1880541421989856 0.0 107.5
55.94382766087088 -3.1880541421989856 S 55.94352766087088 -3.1880541421989856 0.0 106.25
55.94352766087088 -3.1880541421989856 NE 55.943739792905234 -3.18784201016463 0.0 105.0
55.943739792905234 -3.18784201016463 NNW 55.94401695676499 -3.1879568151943394 0.0 103.75
55.94401695676499 -3.1879568151943394 SSE 55.943739792905234 -3.18784201016463 0.0 102.5
55.943739792905234 -3.18784201016463 ENE 55.943854597934944 -3.1875648463048765 0.0 101.25
55.943854597934944 -3.1875648463048765 WSW 55.943739792905234 -3.18784201016463 0.0 100.0
55.943739792905234 -3.18784201016463 SE 55.94352766087088 -3.187629878130274 0.0 98.75
55.94352766087088 -3.187629878130274 WNW 55.94364246590059 -3.1879070419900275 0.0 97.5
55.94364246590059 -3.1879070419900275 ESE 55.94352766087088 -3.187629878130274 0.0 96.25
55.94352766087088 -3.187629878130274 WNW 55.94364246590059 -3.1879070419900275 0.0 95.0
55.94364246590059 -3.1879070419900275 ESE 55.94352766087088 -3.187629878130274 0.0 93.75
55.94352766087088 -3.187629878130274 WNW 55.94364246590059 -3.1879070419900275 0.0 92.5
55.94364246590059 -3.1879070419900275 S 55.943342465900585 -3.1879070419900275 0.0 91.25
55.943342465900585 -3.1879070419900275 N 55.94364246590059 -3.1879070419900275 0.0 90.0
55.94364246590059 -3.1879070419900275 S 55.943342465900585 -3.1879070419900275 0.0 88.75
55.943342465900585 -3.1879070419900275 E 55.943342465900585 -3.1876070419900273 0.0 87.5
55.943342465900585 -3.1876070419900273 W 55.943342465900585 -3.1879070419900275 0.0 86.25
55.943342465900585 -3.1879070419900275 SE 55.94313033386623 -3.1876949099556717 0.0 85.0
55.94313033386623 -3.1876949099556717 NW 55.943342465900585 -3.1879070419900275 0.0 83.75
55.943342465900585 -3.1879070419900275 S 55.94304246590058 -3.1879070419900275 0.0 82.5
55.94304246590058 -3.1879070419900275 N 55.943342465900585 -3.1879070419900275 0.0 81.25
55.943342465900585 -3.1879070419900275 S 55.94304246590058 -3.1879070419900275 0.0 80.0
55.94304246590058 -3.1879070419900275 N 55.943342465900585 -3.1879070419900275 0.0 78.75
55.943342465900585 -3.1879070419900275 W 55.943342465900585 -3.1882070419900277 0.0 77.5
55.943342465900585 -3.1882070419900277 ESE 55.943227660870875 -3.1879298781302743 0.0 76.25
55.943227660870875 -3.1879298781302743 W 55.943227660870875 -3.1882298781302745 0.0 75.0
55.943227660870875 -3.1882298781302745 E 55.943227660870875 -3.1879298781302743 0.0 73.75
55.943227660870875 -3.1879298781302743 S 55.94292766087087 -3.1879298781302743 0.0 72.5
55.94292766087087 -3.1879298781302743 NNW 55.94320482473063 -3.188044683159984 0.0 71.25
55.94320482473063 -3.188044683159984 S 55.942904824730626 -3.188044683159984 0.0 70.0
55.942904824730626 -3.188044683159984 N 55.94320482473063 -3.188044683159984 0.0 68.75
55.94320482473063 -3.188044683159984 SSE 55.94292766087087 -3.1879298781302743 0.0 67.5
55.94292766087087 -3.1879298781302743 NNW 55.94320482473063 -3.188044683159984 0.0 66.25
55.94320482473063 -3.188044683159984 S 55.942904824730626 -3.188044683159984 0.0 65.0
55.942904824730626 -3.188044683159984 N 55.94320482473063 -3.188044683159984 0.0 63.75
55.94320482473063 -3.188044683159984 S 55.942904824730626 -3.188044683159984 0.0 62.5
55.942904824730626 -3.188044683159984 WNW 55.943019629760336 -3.188321847019737 0.0 61.25
55.943019629760336 -3.188321847019737 ESE 55.942904824730626 -3.188044683159984 0.0 60.0
55.942904824730626 -3.188044683159984 NNE 55.94318198859038 -3.1879298781302743 0.0 58.75
55.94318198859038 -3.1879298781302743 SSW 55.942904824730626 -3.188044683159984 0.0 57.5
55.942904824730626 -3.188044683159984 SSW 55.94262766087087 -3.1881594881896933 0.0 56.25
55.94262766087087 -3.1881594881896933 ENE 55.94274246590058 -3.18788232432994 0.0 55.0
55.94274246590058 -3.18788232432994 WSW 55.94262766087087 -3.1881594881896933 0.0 53.75
55.94262766087087 -3.1881594881896933 NE 55.942839792905225 -3.1879473561553375 0.0 52.5
55.942839792905225 -3.1879473561553375 SW 55.94262766087087 -3.1881594881896933 0.0 51.25
55.94262766087087 -3.1881594881896933 NNE 55.942904824730626 -3.188044683159984 0.0 50.0
55.942904824730626 -3.188044683159984 SSW 55.94262766087087 -3.1881594881896933 0.0 48.75
55.94262766087087 -3.1881594881896933 NNE 55.942904824730626 -3.188044683159984 0.0 47.5
55.942904824730626 -3.188044683159984 WSW 55.942790019700915 -3.188321847019737 0.0 46.25
55.942790019700915 -3.188321847019737 NNE 55.94306718356067 -3.1882070419900277 0.0 45.0
55.94306718356067 -3.1882070419900277 SSW 55.942790019700915 -3.188321847019737 0.0 43.75
55.942790019700915 -3.188321847019737 NNE 55.94306718356067 -3.1882070419900277 0.0 42.5
55.94306718356067 -3.1882070419900277 ENE 55.94318198859038 -3.1879298781302743 0.0 41.25
55.94318198859038 -3.1879298781302743 WSW 55.94306718356067 -3.1882070419900277 0.0 40.0
55.94306718356067 -3.1882070419900277 NNE 55.94334434742043 -3.188092236960318 0.0 38.75
55.94334434742043 -3.188092236960318 SSW 55.94306718356067 -3.1882070419900277 0.0 37.5
55.94306718356067 -3.1882070419900277 NNE 55.94334434742043 -3.188092236960318 0.0 36.25
55.94334434742043 -3.188092236960318 N 55.94364434742043 -3.188092236960318 0.0 35.0
55.94364434742043 -3.188092236960318 S 55.94334434742043 -3.188092236960318 0.0 33.75
55.94334434742043 -3.188092236960318 NNE 55.943621511280185 -3.1879774319306087 0.0 32.5
55.943621511280185 -3.1879774319306087 SSW 55.94334434742043 -3.188092236960318 0.0 31.25
55.94334434742043 -3.188092236960318 N 55.94364434742043 -3.188092236960318 0.0 30.0
55.94364434742043 -3.188092236960318 S 55.94334434742043 -3.188092236960318 0.0 28.75
55.94334434742043 -3.188092236960318 NNW 55.943621511280185 -3.1882070419900277 0.0 27.5
55.943621511280185 -3.1882070419900277 S 55.94332151128018 -3.1882070419900277 0.0 26.25
55.94332151128018 -3.1882070419900277 NNW 55.94359867513994 -3.188321847019737 0.0 25.0
55.94359867513994 -3.188321847019737 S 55.943298675139935 -3.188321847019737 0.0 23.75
55.943298675139935 -3.188321847019737 NNW 55.94357583899969 -3.1884366520494467 0.0 22.5
55.94357583899969 -3.1884366520494467 SSE 55.943298675139935 -3.188321847019737 0.0 21.25
55.943298675139935 -3.188321847019737 NW 55.94351080717429 -3.188533979054093 0.0 20.0
55.94351080717429 -3.188533979054093 ESE 55.94339600214458 -3.1882568151943396 0.0 18.75
55.94339600214458 -3.1882568151943396 SSE 55.943118838284825 -3.18814201016463 0.0 17.5
55.943118838284825 -3.18814201016463 NNW 55.94339600214458 -3.1882568151943396 0.0 16.25
55.94339600214458 -3.1882568151943396 SSE 55.943118838284825 -3.18814201016463 0.0 15.0
55.943118838284825 -3.18814201016463 NW 55.94333097031918 -3.188354142198986 0.0 13.75
55.94333097031918 -3.188354142198986 SE 55.943118838284825 -3.18814201016463 0.0 12.5
55.943118838284825 -3.18814201016463 NW 55.94333097031918 -3.188354142198986 0.0 11.25
55.94333097031918 -3.188354142198986 SE 55.943118838284825 -3.18814201016463 0.0 10.0
55.943118838284825 -3.18814201016463 NW 55.94333097031918 -3.188354142198986 0.0 8.75
55.94333097031918 -3.188354142198986 SSW 55.943053806459424 -3.1884689472286953 0.0 7.5
55.943053806459424 -3.1884689472286953 NE 55.94326593849378 -3.1882568151943396 0.0 6.25
55.94326593849378 -3.1882568151943396 SSW 55.942988774634024 -3.188371620224049 0.0 5.0
55.942988774634024 -3.188371620224049 W 55.942988774634024 -3.1886716202240493 0.0 3.75
55.942988774634024 -3.1886716202240493 ESE 55.942873969604314 -3.188394456364296 0.0 2.5
55.942873969604314 -3.188394456364296 NW 55.94308610163867 -3.1886065883986516 0.0 1.25
55.94308610163867 -3.1886065883986516 SE 55.942873969604314 -3.188394456364296 0.0 0.0
