55.944425 -3.188396 S 55.944125 -3.188396 31.64939308166504 327.6701202392578
55.944125 -3.188396 SSE 55.94384783614024 -3.1882811949702905 31.64939308166504 326.4201202392578
55.94384783614024 -3.1882811949702905 SSE 55.94357067228049 -3.188166389940581 31.64939308166504 325.1701202392578
55.94357067228049 -3.188166389940581 S 55.943270672280484 -3.188166389940581 117.05383491516113 382.2410888671875
55.943270672280484 -3.188166389940581 SSW 55.94299350842073 -3.1882811949702905 160.7497730255127 388.4038987159729
55.94299350842073 -3.1882811949702905 WSW 55.94287870339102 -3.188558358830044 199.75089836120605 501.1370987892151
55.94287870339102 -3.188558358830044 ENE 55.94299350842073 -3.1882811949702905 199.75089836120605 499.8870987892151
55.94299350842073 -3.1882811949702905 ENE 55.94310831345044 -3.188004031110537 199.75089836120605 498.6370987892151
55.94310831345044 -3.188004031110537 ENE 55.94322311848015 -3.1877268672507837 199.75089836120605 497.3870987892151
55.94322311848015 -3.1877268672507837 ENE 55.94333792350986 -3.1874497033910303 236.1815128326416 535.8175148963928
55.94333792350986 -3.1874497033910303 SE 55.9431257914755 -3.1872375713566745 236.1815128326416 534.5675148963928
55.9431257914755 -3.1872375713566745 SE 55.942913659441146 -3.1870254393223187 261.2456531524658 593.6420159339905
55.942913659441146 -3.1870254393223187 E 55.942913659441146 -3.1867254393223186 261.2456531524658 592.3920159339905
55.942913659441146 -3.1867254393223186 ENE 55.943028464470856 -3.186448275462565 356.97825050354004 709.7691903114319
55.943028464470856 -3.186448275462565 ESE 55.942913659441146 -3.1861711116028117 434.73606300354004 717.3671946525574
55.942913659441146 -3.1861711116028117 NNW 55.9431908233009 -3.1862859166325213 434.73606300354004 716.1171946525574
55.9431908233009 -3.1862859166325213 N 55.943490823300905 -3.1862859166325213 434.73606300354004 714.8671946525574
55.943490823300905 -3.1862859166325213 N 55.94379082330091 -3.1862859166325213 514.6667499542236 771.4816088676453
55.94379082330091 -3.1862859166325213 W 55.94379082330091 -3.1865859166325214 514.6667499542236 770.2316088676453
55.94379082330091 -3.1865859166325214 W 55.94379082330091 -3.1868859166325216 588.5726261138916 823.4651942253113
55.94379082330091 -3.1868859166325216 NNW 55.944067987160665 -3.187000721662231 588.5726261138916 822.2151942253113
55.944067987160665 -3.187000721662231 WNW 55.944182792190375 -3.1872778855219845 632.6429386138916 921.6397700309753
55.944182792190375 -3.1872778855219845 NW 55.94439492422473 -3.1874900175563403 632.6429386138916 920.3897700309753
55.94439492422473 -3.1874900175563403 NNW 55.94467208808449 -3.18760482258605 632.6429386138916 919.1397700309753
55.94467208808449 -3.18760482258605 NW 55.944884220118844 -3.1878169546204056 632.6429386138916 917.8897700309753
55.944884220118844 -3.1878169546204056 NW 55.9450963521532 -3.1880290866547614 686.5319080352783 1012.5308680534363
55.9450963521532 -3.1880290866547614 NW 55.94530848418756 -3.188241218689117 756.3909397125244 1083.5985255241394
55.94530848418756 -3.188241218689117 WSW 55.945193679157846 -3.1885183825488705 756.3909397125244 1082.3485255241394
55.945193679157846 -3.1885183825488705 WSW 55.945078874128136 -3.188795546408624 756.3909397125244 1081.0985255241394
55.945078874128136 -3.188795546408624 WSW 55.944964069098425 -3.1890727102683774 819.3147563934326 1093.5764803886414
55.944964069098425 -3.1890727102683774 SW 55.94475193706407 -3.189284842302733 819.3147563934326 1092.3264803886414
55.94475193706407 -3.189284842302733 SSW 55.94447477320431 -3.1893996473324426 819.3147563934326 1091.0764803886414
55.94447477320431 -3.1893996473324426 SW 55.944262641169956 -3.1896117793667984 819.3147563934326 1089.8264803886414
55.944262641169956 -3.1896117793667984 WSW 55.944147836140246 -3.189888943226552 887.6435070037842 1115.897859096527
55.944147836140246 -3.189888943226552 NW 55.9443599681746 -3.1901010752609076 887.6435070037842 1114.647859096527
55.9443599681746 -3.1901010752609076 NNW 55.94463713203436 -3.190215880290617 887.6435070037842 1113.397859096527
55.94463713203436 -3.190215880290617 NW 55.944849264068715 -3.190428012324973 892.4210410118103 1171.7355704307556
55.944849264068715 -3.190428012324973 W 55.944849264068715 -3.190728012324973 892.4210410118103 1170.4855704307556
55.944849264068715 -3.190728012324973 W 55.944849264068715 -3.1910280123249732 892.4210410118103 1169.2355704307556
55.944849264068715 -3.1910280123249732 WNW 55.944964069098425 -3.1913051761847266 1014.0559134483337 1238.5887427330017
55.944964069098425 -3.1913051761847266 W 55.944964069098425 -3.191605176184727 1014.0559134483337 1237.3387427330017
55.944964069098425 -3.191605176184727 W 55.944964069098425 -3.191905176184727 1014.0559134483337 1236.0887427330017
55.944964069098425 -3.191905176184727 W 55.944964069098425 -3.192205176184727 1123.3360800743103 1351.6718192100525
55.944964069098425 -3.192205176184727 N 55.94526406909843 -3.192205176184727 1123.3360800743103 1350.4218192100525
55.94526406909843 -3.192205176184727 N 55.94556406909843 -3.192205176184727 1194.3383536338806 1415.341489315033
55.94556406909843 -3.192205176184727 NE 55.94577620113279 -3.1919930441503714 1242.9375929832458 1438.129870891571
55.94577620113279 -3.1919930441503714 NNW 55.946053364992544 -3.192107849180081 1292.738923549652 1544.0769305229187
55.946053364992544 -3.192107849180081 S 55.94575336499254 -3.192107849180081 1292.738923549652 1542.8269305229187
55.94575336499254 -3.192107849180081 SSW 55.945476201132784 -3.1922226542097905 1292.738923549652 1541.5769305229187
55.945476201132784 -3.1922226542097905 S 55.94517620113278 -3.1922226542097905 1292.738923549652 1540.3269305229187
55.94517620113278 -3.1922226542097905 SSW 55.944899037273025 -3.1923374592395 1292.738923549652 1539.0769305229187
55.944899037273025 -3.1923374592395 S 55.94459903727302 -3.1923374592395 1292.738923549652 1537.8269305229187
55.94459903727302 -3.1923374592395 SSE 55.944321873413266 -3.1922226542097905 1292.738923549652 1536.5769305229187
55.944321873413266 -3.1922226542097905 S 55.94402187341326 -3.1922226542097905 1292.738923549652 1535.3269305229187
55.94402187341326 -3.1922226542097905 S 55.94372187341326 -3.1922226542097905 1369.320451259613 1609.2862277030945
55.94372187341326 -3.1922226542097905 SSE 55.9434447095535 -3.192107849180081 1369.320451259613 1608.0362277030945
55.9434447095535 -3.192107849180081 SSE 55.94316754569375 -3.1919930441503714 1369.320451259613 1606.7862277030945
55.94316754569375 -3.1919930441503714 ESE 55.94305274066404 -3.191715880290618 1492.8449110984802 1727.5245242118835
55.94305274066404 -3.191715880290618 S 55.942752740664034 -3.191715880290618 1503.808075428009 1795.576533794403
55.942752740664034 -3.191715880290618 ENE 55.942867545693744 -3.1914387164308646 1503.808075428009 1794.326533794403
55.942867545693744 -3.1914387164308646 ENE 55.942982350723454 -3.1911615525711112 1503.808075428009 1793.076533794403
55.942982350723454 -3.1911615525711112 ENE 55.943097155753165 -3.190884388711358 1550.622528553009 1888.8203082084656
55.943097155753165 -3.190884388711358 ENE 55.943211960782875 -3.1906072248516044 1599.4802823066711 1913.5299468040466
55.943211960782875 -3.1906072248516044 NNE 55.94348912464263 -3.190492419821895 1599.4802823066711 1912.2799468040466
55.94348912464263 -3.190492419821895 NNW 55.94376628850239 -3.1906072248516044 1599.4802823066711 1911.0299468040466
55.94376628850239 -3.1906072248516044 WNW 55.9438810935321 -3.190884388711358 1702.9630398750305 2021.7224516868591
55.9438810935321 -3.190884388711358 ENE 55.94399589856181 -3.1906072248516044 1702.9630398750305 2020.4724516868591
55.94399589856181 -3.1906072248516044 ENE 55.94411070359152 -3.190330060991851 1702.9630398750305 2019.2224516868591
55.94411070359152 -3.190330060991851 ENE 55.94422550862123 -3.1900528971320976 1702.9630398750305 2017.9724516868591
55.94422550862123 -3.1900528971320976 E 55.94422550862123 -3.1897528971320974 1702.9630398750305 2016.7224516868591
55.94422550862123 -3.1897528971320974 ENE 55.94434031365094 -3.189475733272344 1702.9630398750305 2015.4724516868591
55.94434031365094 -3.189475733272344 ENE 55.94445511868065 -3.1891985694125906 1702.9630398750305 2014.2224516868591
55.94445511868065 -3.1891985694125906 ENE 55.94456992371036 -3.188921405552837 1702.9630398750305 2012.9724516868591
55.94456992371036 -3.188921405552837 ENE 55.94468472874007 -3.188644241693084 1702.9630398750305 2011.7224516868591
55.94468472874007 -3.188644241693084 ENE 55.94479953376978 -3.1883670778333304 1702.9630398750305 2010.4724516868591
55.94479953376978 -3.1883670778333304 ENE 55.94491433879949 -3.188089913973577 1702.9630398750305 2009.2224516868591
55.94491433879949 -3.188089913973577 ENE 55.9450291438292 -3.1878127501138236 1702.9630398750305 2007.9724516868591
55.9450291438292 -3.1878127501138236 ENE 55.94514394885891 -3.18753558625407 1702.9630398750305 2006.7224516868591
55.94514394885891 -3.18753558625407 ENE 55.94525875388862 -3.187258422394317 1702.9630398750305 2005.4724516868591
55.94525875388862 -3.187258422394317 E 55.94525875388862 -3.1869584223943166 1702.9630398750305 2004.2224516868591
55.94525875388862 -3.1869584223943166 ENE 55.945373558918334 -3.186681258534563 1702.9630398750305 2002.9724516868591
55.945373558918334 -3.186681258534563 ENE 55.945488363948044 -3.18640409467481 1824.2001767158508 2045.2578597068787
55.945488363948044 -3.18640409467481 NNE 55.9457655278078 -3.1862892896451003 1824.2001767158508 2044.0078597068787
55.9457655278078 -3.1862892896451003 N 55.946065527807804 -3.1862892896451003 1855.5289463996887 2072.137818813324
55.946065527807804 -3.1862892896451003 WNW 55.946180332837514 -3.1865664535048537 1970.2598042488098 2082.222993373871
55.946180332837514 -3.1865664535048537 SSE 55.94590316897776 -3.186451648475144 1970.2598042488098 2080.972993373871
55.94590316897776 -3.186451648475144 SSE 55.945626005118 -3.1863368434454347 1970.2598042488098 2079.722993373871
55.945626005118 -3.1863368434454347 SSE 55.945348841258244 -3.186222038415725 1970.2598042488098 2078.472993373871
55.945348841258244 -3.186222038415725 SE 55.94513670922389 -3.1860099063813694 1978.9913563728333 2168.2769255638123
55.94513670922389 -3.1860099063813694 SSW 55.94485954536413 -3.186124711411079 2051.816116809845 2177.939206600189
55.94485954536413 -3.186124711411079 NE 55.94507167739849 -3.185912579376723 2051.816116809845 2176.689206600189
55.94507167739849 -3.185912579376723 NE 55.945283809432844 -3.1857004473423673 2051.816116809845 2175.439206600189
55.945283809432844 -3.1857004473423673 E 55.945283809432844 -3.185400447342367 2051.816116809845 2174.189206600189
55.945283809432844 -3.185400447342367 E 55.945283809432844 -3.185100447342367 2051.816116809845 2172.939206600189
55.945283809432844 -3.185100447342367 ENE 55.945398614462555 -3.1848232834826136 2173.214165210724 2241.17178106308
55.945398614462555 -3.1848232834826136 E 55.945398614462555 -3.1845232834826134 2297.56920671463 2317.5090384483337
55.945398614462555 -3.1845232834826134 SSE 55.9451214506028 -3.184408478452904 2297.56920671463 2316.2590384483337
55.9451214506028 -3.184408478452904 S 55.944821450602795 -3.184408478452904 2297.56920671463 2315.0090384483337
55.944821450602795 -3.184408478452904 S 55.94452145060279 -3.184408478452904 2297.56920671463 2313.7590384483337
55.94452145060279 -3.184408478452904 S 55.94422145060279 -3.184408478452904 2297.56920671463 2312.5090384483337
55.94422145060279 -3.184408478452904 S 55.94392145060279 -3.184408478452904 2384.31742143631 2313.1832315921783
55.94392145060279 -3.184408478452904 SW 55.94370931856843 -3.1846206104872596 2384.31742143631 2311.9332315921783
55.94370931856843 -3.1846206104872596 S 55.94340931856843 -3.1846206104872596 2384.31742143631 2310.6832315921783
55.94340931856843 -3.1846206104872596 SSW 55.94313215470867 -3.184735415516969 2384.31742143631 2309.4332315921783
55.94313215470867 -3.184735415516969 NW 55.94334428674303 -3.184947547551325 2384.31742143631 2308.1832315921783
55.94334428674303 -3.184947547551325 E 55.94334428674303 -3.1846475475513247 2384.31742143631 2306.9332315921783
55.94334428674303 -3.1846475475513247 ESE 55.94322948171332 -3.1843703836915713 2384.31742143631 2305.6832315921783
55.94322948171332 -3.1843703836915713 SW 55.94301734967896 -3.184582515725927 2384.31742143631 2304.4332315921783
55.94301734967896 -3.184582515725927 NW 55.94322948171332 -3.184794647760283 2384.31742143631 2303.1832315921783
55.94322948171332 -3.184794647760283 NNE 55.94350664557307 -3.1846798427305734 2384.31742143631 2301.9332315921783
55.94350664557307 -3.1846798427305734 S 55.94320664557307 -3.1846798427305734 2384.31742143631 2300.6832315921783
55.94320664557307 -3.1846798427305734 W 55.94320664557307 -3.1849798427305736 2384.31742143631 2299.4332315921783
55.94320664557307 -3.1849798427305736 SE 55.942994513538714 -3.184767710696218 2384.31742143631 2298.1832315921783
55.942994513538714 -3.184767710696218 SW 55.94278238150436 -3.1849798427305736 2384.31742143631 2296.9332315921783
55.94278238150436 -3.1849798427305736 NE 55.942994513538714 -3.184767710696218 2384.31742143631 2295.6832315921783
55.942994513538714 -3.184767710696218 NNE 55.94327167739847 -3.1846529056665083 2384.31742143631 2294.4332315921783
55.94327167739847 -3.1846529056665083 S 55.94297167739847 -3.1846529056665083 2384.31742143631 2293.1832315921783
55.94297167739847 -3.1846529056665083 NNE 55.943248841258225 -3.1845381006367988 2384.31742143631 2291.9332315921783
55.943248841258225 -3.1845381006367988 NW 55.94346097329258 -3.1847502326711545 2384.31742143631 2290.6832315921783
55.94346097329258 -3.1847502326711545 NE 55.94367310532694 -3.1845381006367988 2384.31742143631 2289.4332315921783
55.94367310532694 -3.1845381006367988 S 55.943373105326934 -3.1845381006367988 2384.31742143631 2288.1832315921783
55.943373105326934 -3.1845381006367988 S 55.94307310532693 -3.1845381006367988 2384.31742143631 2286.9332315921783
55.94307310532693 -3.1845381006367988 WNW 55.94318791035664 -3.184815264496552 2384.31742143631 2285.6832315921783
55.94318791035664 -3.184815264496552 NE 55.943400042391 -3.1846031324621964 2384.31742143631 2284.4332315921783
55.943400042391 -3.1846031324621964 W 55.943400042391 -3.1849031324621966 2384.31742143631 2283.1832315921783
55.943400042391 -3.1849031324621966 ESE 55.94328523736129 -3.184625968602443 2384.31742143631 2281.9332315921783
55.94328523736129 -3.184625968602443 NW 55.943497369395644 -3.184838100636799 2384.31742143631 2280.6832315921783
55.943497369395644 -3.184838100636799 E 55.943497369395644 -3.1845381006367988 2384.31742143631 2279.4332315921783
55.943497369395644 -3.1845381006367988 W 55.943497369395644 -3.184838100636799 2384.31742143631 2278.1832315921783
55.943497369395644 -3.184838100636799 SSE 55.94322020553589 -3.1847232956070894 2384.31742143631 2276.9332315921783
55.94322020553589 -3.1847232956070894 S 55.942920205535884 -3.1847232956070894 2384.31742143631 2275.6832315921783
55.942920205535884 -3.1847232956070894 NW 55.94313233757024 -3.184935427641445 2384.31742143631 2274.4332315921783
55.94313233757024 -3.184935427641445 NNE 55.94340950143 -3.1848206226117357 2384.31742143631 2273.1832315921783
55.94340950143 -3.1848206226117357 SE 55.94319736939564 -3.18460849057738 2384.31742143631 2271.9332315921783
55.94319736939564 -3.18460849057738 N 55.943497369395644 -3.18460849057738 2384.31742143631 2270.6832315921783
55.943497369395644 -3.18460849057738 NE 55.94370950143 -3.184396358543024 2384.31742143631 2269.4332315921783
55.94370950143 -3.184396358543024 N 55.94400950143 -3.184396358543024 2384.31742143631 2268.1832315921783
55.94400950143 -3.184396358543024 S 55.94370950143 -3.184396358543024 2384.31742143631 2266.9332315921783
55.94370950143 -3.184396358543024 N 55.94400950143 -3.184396358543024 2384.31742143631 2265.6832315921783
55.94400950143 -3.184396358543024 S 55.94370950143 -3.184396358543024 2384.31742143631 2264.4332315921783
55.94370950143 -3.184396358543024 WSW 55.94359469640029 -3.1846735224027776 2384.31742143631 2263.1832315921783
55.94359469640029 -3.1846735224027776 SSW 55.94331753254053 -3.184788327432487 2384.31742143631 2261.9332315921783
55.94331753254053 -3.184788327432487 ENE 55.94343233757024 -3.1845111635727337 2384.31742143631 2260.6832315921783
55.94343233757024 -3.1845111635727337 NNW 55.94370950143 -3.184625968602443 2384.31742143631 2259.4332315921783
55.94370950143 -3.184625968602443 SSW 55.94343233757024 -3.1847407736321527 2384.31742143631 2258.1832315921783
55.94343233757024 -3.1847407736321527 ESE 55.94331753254053 -3.1844636097723993 2384.31742143631 2256.9332315921783
55.94331753254053 -3.1844636097723993 NW 55.94352966457489 -3.184675741806755 2384.31742143631 2255.6832315921783
55.94352966457489 -3.184675741806755 SSW 55.94325250071513 -3.1847905468364646 2384.31742143631 2254.4332315921783
55.94325250071513 -3.1847905468364646 N 55.943552500715136 -3.1847905468364646 2384.31742143631 2253.1832315921783
55.943552500715136 -3.1847905468364646 SSW 55.94327533685538 -3.184905351866174 2384.31742143631 2251.9332315921783
55.94327533685538 -3.184905351866174 SE 55.94306320482102 -3.1846932198318183 2384.31742143631 2250.6832315921783
55.94306320482102 -3.1846932198318183 SW 55.94285107278667 -3.184905351866174 2384.31742143631 2249.4332315921783
55.94285107278667 -3.184905351866174 N 55.94315107278667 -3.184905351866174 2384.31742143631 2248.1832315921783
55.94315107278667 -3.184905351866174 WSW 55.94303626775696 -3.1851825157259275 2384.31742143631 2246.9332315921783
55.94303626775696 -3.1851825157259275 SSE 55.9427591038972 -3.185067710696218 2384.31742143631 2245.6832315921783
55.9427591038972 -3.185067710696218 WNW 55.94287390892691 -3.1853448745559714 2384.31742143631 2244.4332315921783
55.94287390892691 -3.1853448745559714 WSW 55.9427591038972 -3.1856220384157248 2384.31742143631 2243.1832315921783
55.9427591038972 -3.1856220384157248 WSW 55.94264429886749 -3.185899202275478 2384.31742143631 2241.9332315921783
55.94264429886749 -3.185899202275478 N 55.942944298867495 -3.185899202275478 2384.31742143631 2240.6832315921783
55.942944298867495 -3.185899202275478 NNW 55.94322146272725 -3.1860140073051877 2384.31742143631 2239.4332315921783
55.94322146272725 -3.1860140073051877 SW 55.943009330692895 -3.1862261393395435 2384.31742143631 2238.1832315921783
55.943009330692895 -3.1862261393395435 SW 55.94279719865854 -3.1864382713738992 2384.31742143631 2236.9332315921783
55.94279719865854 -3.1864382713738992 NNE 55.943074362518296 -3.1863234663441897 2384.31742143631 2235.6832315921783
55.943074362518296 -3.1863234663441897 NNW 55.94335152637805 -3.1864382713738992 2384.31742143631 2234.4332315921783
55.94335152637805 -3.1864382713738992 N 55.943651526378055 -3.1864382713738992 2384.31742143631 2233.1832315921783
55.943651526378055 -3.1864382713738992 SSE 55.9433743625183 -3.1863234663441897 2384.31742143631 2231.9332315921783
55.9433743625183 -3.1863234663441897 WNW 55.94348916754801 -3.186600630203943 2384.31742143631 2230.6832315921783
55.94348916754801 -3.186600630203943 NNW 55.943766331407765 -3.1867154352336526 2384.31742143631 2229.4332315921783
55.943766331407765 -3.1867154352336526 S 55.94346633140776 -3.1867154352336526 2384.31742143631 2228.1832315921783
55.94346633140776 -3.1867154352336526 WSW 55.94335152637805 -3.186992599093406 2384.31742143631 2226.9332315921783
55.94335152637805 -3.186992599093406 SSW 55.943074362518296 -3.1871074041231156 2384.31742143631 2225.6832315921783
55.943074362518296 -3.1871074041231156 SE 55.94286223048394 -3.18689527208876 2384.31742143631 2224.4332315921783
55.94286223048394 -3.18689527208876 E 55.94286223048394 -3.1865952720887596 2384.31742143631 2223.1832315921783
55.94286223048394 -3.1865952720887596 SE 55.94265009844958 -3.186383140054404 2384.31742143631 2221.9332315921783
55.94265009844958 -3.186383140054404 WNW 55.94276490347929 -3.186660303914157 2384.31742143631 2220.6832315921783
55.94276490347929 -3.186660303914157 W 55.94276490347929 -3.1869603039141574 2384.31742143631 2219.4332315921783
55.94276490347929 -3.1869603039141574 N 55.943064903479296 -3.1869603039141574 2384.31742143631 2218.1832315921783
55.943064903479296 -3.1869603039141574 WSW 55.942950098449586 -3.187237467773911 2384.31742143631 2216.9332315921783
55.942950098449586 -3.187237467773911 E 55.942950098449586 -3.1869374677739106 2384.31742143631 2215.6832315921783
55.942950098449586 -3.1869374677739106 NNW 55.94322726230934 -3.18705227280362 2384.31742143631 2214.4332315921783
55.94322726230934 -3.18705227280362 WNW 55.94334206733905 -3.1873294366633735 2384.31742143631 2213.1832315921783
55.94334206733905 -3.1873294366633735 WSW 55.94322726230934 -3.187606600523127 2384.31742143631 2211.9332315921783
55.94322726230934 -3.187606600523127 SSW 55.942950098449586 -3.1877214055528365 2384.31742143631 2210.6832315921783
55.942950098449586 -3.1877214055528365 NW 55.94316223048394 -3.1879335375871922 2384.31742143631 2209.4332315921783
55.94316223048394 -3.1879335375871922 NE 55.9433743625183 -3.1877214055528365 2384.31742143631 2208.1832315921783
55.9433743625183 -3.1877214055528365 NW 55.943586494552655 -3.1879335375871922 2384.31742143631 2206.9332315921783
55.943586494552655 -3.1879335375871922 ENE 55.943701299582365 -3.187656373727439 2384.31742143631 2205.6832315921783
55.943701299582365 -3.187656373727439 S 55.94340129958236 -3.187656373727439 2384.31742143631 2204.4332315921783
55.94340129958236 -3.187656373727439 ESE 55.94328649455265 -3.1873792098676854 2384.31742143631 2203.1832315921783
55.94328649455265 -3.1873792098676854 W 55.94328649455265 -3.1876792098676856 2384.31742143631 2201.9332315921783
55.94328649455265 -3.1876792098676856 NNW 55.94356365841241 -3.187794014897395 2384.31742143631 2200.6832315921783
55.94356365841241 -3.187794014897395 W 55.94356365841241 -3.1880940148973953 2384.31742143631 2199.4332315921783
55.94356365841241 -3.1880940148973953 WSW 55.9434488533827 -3.1883711787571487 2384.31742143631 2198.1832315921783
55.9434488533827 -3.1883711787571487 S 55.943148853382695 -3.1883711787571487 2384.31742143631 2196.9332315921783
55.943148853382695 -3.1883711787571487 NE 55.94336098541705 -3.188159046722793 2384.31742143631 2195.6832315921783
55.94336098541705 -3.188159046722793 SE 55.943148853382695 -3.187946914688437 2384.31742143631 2194.4332315921783
55.943148853382695 -3.187946914688437 SW 55.94293672134834 -3.188159046722793 2384.31742143631 2193.1832315921783
55.94293672134834 -3.188159046722793 ENE 55.94305152637805 -3.1878818828630395 2384.31742143631 2191.9332315921783
55.94305152637805 -3.1878818828630395 W 55.94305152637805 -3.1881818828630397 2384.31742143631 2190.6832315921783
55.94305152637805 -3.1881818828630397 NNW 55.943328690237806 -3.1882966878927492 2384.31742143631 2189.4332315921783
55.943328690237806 -3.1882966878927492 W 55.943328690237806 -3.1885966878927494 2384.31742143631 2188.1832315921783
55.943328690237806 -3.1885966878927494 NNW 55.94360585409756 -3.188711492922459 2384.31742143631 2186.9332315921783
55.94360585409756 -3.188711492922459 N 55.943905854097565 -3.188711492922459 2384.31742143631 2185.6832315921783
55.943905854097565 -3.188711492922459 WNW 55.944020659127276 -3.1889886567822123 2384.31742143631 2184.4332315921783
55.944020659127276 -3.1889886567822123 SSW 55.94374349526752 -3.189103461811922 2384.31742143631 2183.1832315921783
55.94374349526752 -3.189103461811922 WNW 55.94385830029723 -3.1893806256716752 2384.31742143631 2181.9332315921783
55.94385830029723 -3.1893806256716752 WNW 55.94397310532694 -3.1896577895314286 2384.31742143631 2180.6832315921783
55.94397310532694 -3.1896577895314286 W 55.94397310532694 -3.189957789531429 2384.31742143631 2179.4332315921783
55.94397310532694 -3.189957789531429 NE 55.944185237361296 -3.189745657497073 2384.31742143631 2178.1832315921783
55.944185237361296 -3.189745657497073 SE 55.94397310532694 -3.1895335254627173 2384.31742143631 2176.9332315921783
55.94397310532694 -3.1895335254627173 WNW 55.94408791035665 -3.1898106893224707 2384.31742143631 2175.6832315921783
55.94408791035665 -3.1898106893224707 E 55.94408791035665 -3.1895106893224705 2384.31742143631 2174.4332315921783
55.94408791035665 -3.1895106893224705 SSE 55.943810746496894 -3.189395884292761 2384.31742143631 2173.1832315921783
55.943810746496894 -3.189395884292761 SE 55.94359861446254 -3.1891837522584052 2384.31742143631 2171.9332315921783
55.94359861446254 -3.1891837522584052 NW 55.943810746496894 -3.189395884292761 2384.31742143631 2170.6832315921783
55.943810746496894 -3.189395884292761 SE 55.94359861446254 -3.1891837522584052 2384.31742143631 2169.4332315921783
55.94359861446254 -3.1891837522584052 E 55.94359861446254 -3.188883752258405 2384.31742143631 2168.1832315921783
55.94359861446254 -3.188883752258405 ESE 55.94348380943283 -3.1886065883986516 2384.31742143631 2166.9332315921783
55.94348380943283 -3.1886065883986516 ESE 55.94336900440312 -3.1883294245388982 2384.31742143631 2165.6832315921783
55.94336900440312 -3.1883294245388982 SSW 55.94309184054336 -3.1884442295686077 2384.31742143631 2164.4332315921783
55.94309184054336 -3.1884442295686077 ENE 55.94320664557307 -3.1881670657088543 2384.31742143631 2163.1832315921783
55.94320664557307 -3.1881670657088543 NNE 55.94348380943283 -3.188052260679145 2384.31742143631 2161.9332315921783
55.94348380943283 -3.188052260679145 N 55.94378380943283 -3.188052260679145 2384.31742143631 2160.6832315921783
55.94378380943283 -3.188052260679145 SSE 55.94350664557307 -3.1879374556494353 2384.31742143631 2159.4332315921783
55.94350664557307 -3.1879374556494353 NNE 55.94378380943283 -3.187822650619726 2384.31742143631 2158.1832315921783
55.94378380943283 -3.187822650619726 W 55.94378380943283 -3.188122650619726 2384.31742143631 2156.9332315921783
55.94378380943283 -3.188122650619726 SW 55.943571677398474 -3.1883347826540818 2384.31742143631 2155.6832315921783
55.943571677398474 -3.1883347826540818 NE 55.94378380943283 -3.188122650619726 2384.31742143631 2154.4332315921783
55.94378380943283 -3.188122650619726 SSE 55.94350664557307 -3.1880078455900165 2384.31742143631 2153.1832315921783
55.94350664557307 -3.1880078455900165 S 55.94320664557307 -3.1880078455900165 2384.31742143631 2151.9332315921783
55.94320664557307 -3.1880078455900165 ESE 55.94309184054336 -3.187730681730263 2384.31742143631 2150.6832315921783
55.94309184054336 -3.187730681730263 ENE 55.94320664557307 -3.1874535178705097 2384.31742143631 2149.4332315921783
55.94320664557307 -3.1874535178705097 ESE 55.94309184054336 -3.1871763540107563 2384.31742143631 2148.1832315921783
55.94309184054336 -3.1871763540107563 WNW 55.94320664557307 -3.1874535178705097 2384.31742143631 2146.9332315921783
55.94320664557307 -3.1874535178705097 S 55.94290664557307 -3.1874535178705097 2384.31742143631 2145.6832315921783
55.94290664557307 -3.1874535178705097 SW 55.94269451353871 -3.1876656499048655 2384.31742143631 2144.4332315921783
55.94269451353871 -3.1876656499048655 NW 55.94290664557307 -3.1878777819392212 2384.31742143631 2143.1832315921783
55.94290664557307 -3.1878777819392212 NW 55.943118777607424 -3.188089913973577 2384.31742143631 2141.9332315921783
55.943118777607424 -3.188089913973577 WNW 55.943233582637134 -3.1883670778333304 2384.31742143631 2140.6832315921783
55.943233582637134 -3.1883670778333304 ENE 55.943348387666845 -3.188089913973577 2384.31742143631 2139.4332315921783
55.943348387666845 -3.188089913973577 E 55.943348387666845 -3.187789913973577 2384.31742143631 2138.1832315921783
55.943348387666845 -3.187789913973577 S 55.94304838766684 -3.187789913973577 2384.31742143631 2136.9332315921783
55.94304838766684 -3.187789913973577 SE 55.942836255632486 -3.187577781939221 2384.31742143631 2135.6832315921783
55.942836255632486 -3.187577781939221 NE 55.94304838766684 -3.1873656499048653 2384.31742143631 2134.4332315921783
55.94304838766684 -3.1873656499048653 WNW 55.94316319269655 -3.1876428137646187 2384.31742143631 2133.1832315921783
55.94316319269655 -3.1876428137646187 N 55.943463192696555 -3.1876428137646187 2384.31742143631 2131.9332315921783
55.943463192696555 -3.1876428137646187 SSW 55.9431860288368 -3.187757618794328 2384.31742143631 2130.6832315921783
55.9431860288368 -3.187757618794328 SSW 55.94290886497704 -3.1878724238240377 2384.31742143631 2129.4332315921783
55.94290886497704 -3.1878724238240377 NW 55.9431209970114 -3.1880845558583935 2384.31742143631 2128.1832315921783
55.9431209970114 -3.1880845558583935 W 55.9431209970114 -3.1883845558583936 2384.31742143631 2126.9332315921783
