55.944425 -3.188396 NNE 55.94470216385976 -3.1882811949702905 0.0 248.75
55.94470216385976 -3.1882811949702905 S 55.944402163859756 -3.1882811949702905 0.0 247.5
55.944402163859756 -3.1882811949702905 WSW 55.944287358830046 -3.188558358830044 0.0 246.25
55.944287358830046 -3.188558358830044 ENE 55.944402163859756 -3.1882811949702905 0.0 245.0
55.944402163859756 -3.1882811949702905 SW 55.9441900318254 -3.1884933270046463 0.0 243.75
55.9441900318254 -3.1884933270046463 ENE 55.94430483685511 -3.188216163144893 0.0 242.5
55.94430483685511 -3.188216163144893 WSW 55.9441900318254 -3.1884933270046463 0.0 241.25
55.9441900318254 -3.1884933270046463 SSW 55.94391286796564 -3.188608132034356 0.0 240.0
55.94391286796564 -3.188608132034356 NNE 55.9441900318254 -3.1884933270046463 0.0 238.75
55.9441900318254 -3.1884933270046463 NNE 55.94446719568516 -3.1883785219749368 0.0 237.5
55.94446719568516 -3.1883785219749368 SSW 55.9441900318254 -3.1884933270046463 0.0 236.25
55.9441900318254 -3.1884933270046463 SE 55.943977899791044 -3.1882811949702905 0.0 235.0
55.943977899791044 -3.1882811949702905 NW 55.9441900318254 -3.1884933270046463 0.0 233.75
55.9441900318254 -3.1884933270046463 SSE 55.94391286796564 -3.1883785219749368 0.0 232.5
55.94391286796564 -3.1883785219749368 NNW 55.9441900318254 -3.1884933270046463 0.0 231.25
55.9441900318254 -3.1884933270046463 SSE 55.94391286796564 -3.1883785219749368 0.0 230.0
55.94391286796564 -3.1883785219749368 NNW 55.9441900318254 -3.1884933270046463 0.0 228.75
55.9441900318254 -3.1884933270046463 S 55.9438900318254 -3.1884933270046463 0.0 227.5
55.9438900318254 -3.1884933270046463 N 55.9441900318254 -3.1884933270046463 0.0 226.25
55.9441900318254 -3.1884933270046463 S 55.9438900318254 -3.1884933270046463 0.0 225.0
55.9438900318254 -3.1884933270046463 NNW 55.944167195685154 -3.188608132034356 0.0 223.75
55.944167195685154 -3.188608132034356 SSE 55.9438900318254 -3.1884933270046463 0.0 222.5
55.9438900318254 -3.1884933270046463 NE 55.94410216385975 -3.1882811949702905 0.0 221.25
55.94410216385975 -3.1882811949702905 SW 55.9438900318254 -3.1884933270046463 0.0 220.0
55.9438900318254 -3.1884933270046463 E 55.9438900318254 -3.188193327004646 0.0 218.75
55.9438900318254 -3.188193327004646 W 55.9438900318254 -3.1884933270046463 0.0 217.5
55.9438900318254 -3.1884933270046463 E 55.9438900318254 -3.188193327004646 0.0 216.25
55.9438900318254 -3.188193327004646 W 55.9438900318254 -3.1884933270046463 0.0 215.0
55.9438900318254 -3.1884933270046463 E 55.9438900318254 -3.188193327004646 0.0 213.75
55.9438900318254 -3.188193327004646 WSW 55.94377522679569 -3.1884704908643995 0.0 212.5
55.94377522679569 -3.1884704908643995 ENE 55.9438900318254 -3.188193327004646 0.0 211.25
55.9438900318254 -3.188193327004646 E 55.9438900318254 -3.187893327004646 0.0 210.0
55.9438900318254 -3.187893327004646 W 55.9438900318254 -3.188193327004646 0.0 208.75
55.9438900318254 -3.188193327004646 SSW 55.94361286796564 -3.1883081320343556 0.0 207.5
55.94361286796564 -3.1883081320343556 NNE 55.9438900318254 -3.188193327004646 0.0 206.25
55.9438900318254 -3.188193327004646 SSW 55.94361286796564 -3.1883081320343556 0.0 205.0
55.94361286796564 -3.1883081320343556 NE 55.943825 -3.188096 0.0 203.75
55.943825 -3.188096 SW 55.94361286796564 -3.1883081320343556 0.0 202.5
55.94361286796564 -3.1883081320343556 NE 55.943825 -3.188096 0.0 201.25
55.943825 -3.188096 SW 55.94361286796564 -3.1883081320343556 0.0 200.0
55.94361286796564 -3.1883081320343556 ENE 55.94372767299535 -3.188030968174602 0.0 198.75
55.94372767299535 -3.188030968174602 WSW 55.94361286796564 -3.1883081320343556 0.0 197.5
55.94361286796564 -3.1883081320343556 E 55.94361286796564 -3.1880081320343554 0.0 196.25
55.94361286796564 -3.1880081320343554 W 55.94361286796564 -3.1883081320343556 0.0 195.0
55.94361286796564 -3.1883081320343556 E 55.94361286796564 -3.1880081320343554 0.0 193.75
55.94361286796564 -3.1880081320343554 NW 55.943825 -3.188220264068711 0.0 192.5
55.943825 -3.188220264068711 SE 55.94361286796564 -3.1880081320343554 0.0 191.25
55.94361286796564 -3.1880081320343554 SW 55.943400735931284 -3.188220264068711 0.0 190.0
55.943400735931284 -3.188220264068711 NE 55.94361286796564 -3.1880081320343554 0.0 188.75
55.94361286796564 -3.1880081320343554 NE 55.943825 -3.1877959999999996 0.0 187.5
55.943825 -3.1877959999999996 SW 55.94361286796564 -3.1880081320343554 0.0 186.25
55.94361286796564 -3.1880081320343554 NNE 55.9438900318254 -3.187893327004646 0.0 185.0
55.9438900318254 -3.187893327004646 SW 55.94367789979104 -3.1881054590390017 0.0 183.75
55.94367789979104 -3.1881054590390017 NNE 55.9439550636508 -3.187990654009292 0.0 182.5
55.9439550636508 -3.187990654009292 SW 55.94374293161644 -3.188202786043648 0.0 181.25
55.94374293161644 -3.188202786043648 NE 55.9439550636508 -3.187990654009292 0.0 180.0
55.9439550636508 -3.187990654009292 WSW 55.94384025862109 -3.1882678178690456 0.0 178.75
55.94384025862109 -3.1882678178690456 ENE 55.9439550636508 -3.187990654009292 0.0 177.5
55.9439550636508 -3.187990654009292 W 55.9439550636508 -3.1882906540092923 0.0 176.25
55.9439550636508 -3.1882906540092923 E 55.9439550636508 -3.187990654009292 0.0 175.0
55.9439550636508 -3.187990654009292 WSW 55.94384025862109 -3.1882678178690456 0.0 173.75
55.94384025862109 -3.1882678178690456 NE 55.94405239065544 -3.18805568583469 0.0 172.5
55.94405239065544 -3.18805568583469 WSW 55.94393758562573 -3.188332849694443 0.0 171.25
55.94393758562573 -3.188332849694443 ENE 55.94405239065544 -3.18805568583469 0.0 170.0
55.94405239065544 -3.18805568583469 WSW 55.94393758562573 -3.188332849694443 0.0 168.75
55.94393758562573 -3.188332849694443 NE 55.94414971766009 -3.1881207176600874 0.0 167.5
55.94414971766009 -3.1881207176600874 WSW 55.94403491263038 -3.188397881519841 0.0 166.25
55.94403491263038 -3.188397881519841 ENE 55.94414971766009 -3.1881207176600874 0.0 165.0
55.94414971766009 -3.1881207176600874 NE 55.944361849694445 -3.1879085856257317 0.0 163.75
55.944361849694445 -3.1879085856257317 SW 55.94414971766009 -3.1881207176600874 0.0 162.5
55.94414971766009 -3.1881207176600874 NNW 55.944426881519846 -3.188235522689797 0.0 161.25
55.944426881519846 -3.188235522689797 SSE 55.94414971766009 -3.1881207176600874 0.0 160.0
55.94414971766009 -3.1881207176600874 NW 55.944361849694445 -3.188332849694443 0.0 158.75
55.944361849694445 -3.188332849694443 SE 55.94414971766009 -3.1881207176600874 0.0 157.5
55.94414971766009 -3.1881207176600874 NNW 55.944426881519846 -3.188235522689797 0.0 156.25
55.944426881519846 -3.188235522689797 S 55.94412688151984 -3.188235522689797 0.0 155.0
55.94412688151984 -3.188235522689797 N 55.944426881519846 -3.188235522689797 0.0 153.75
55.944426881519846 -3.188235522689797 SSW 55.94414971766009 -3.1883503277195064 0.0 152.5
55.94414971766009 -3.1883503277195064 NNE 55.944426881519846 -3.188235522689797 0.0 151.25
55.944426881519846 -3.188235522689797 WSW 55.944312076490135 -3.1885126865495503 0.0 150.0
55.944312076490135 -3.1885126865495503 ENE 55.944426881519846 -3.188235522689797 0.0 148.75
55.944426881519846 -3.188235522689797 WSW 55.944312076490135 -3.1885126865495503 0.0 147.5
55.944312076490135 -3.1885126865495503 ENE 55.944426881519846 -3.188235522689797 0.0 146.25
55.944426881519846 -3.188235522689797 ESE 55.944312076490135 -3.1879583588300435 0.0 145.0
55.944312076490135 -3.1879583588300435 WNW 55.944426881519846 -3.188235522689797 0.0 143.75
55.944426881519846 -3.188235522689797 SSW 55.94414971766009 -3.1883503277195064 0.0 142.5
55.94414971766009 -3.1883503277195064 NNE 55.944426881519846 -3.188235522689797 0.0 141.25
55.944426881519846 -3.188235522689797 N 55.94472688151985 -3.188235522689797 0.0 140.0
55.94472688151985 -3.188235522689797 S 55.944426881519846 -3.188235522689797 0.0 138.75
55.944426881519846 -3.188235522689797 N 55.94472688151985 -3.188235522689797 0.0 137.5
55.94472688151985 -3.188235522689797 S 55.944426881519846 -3.188235522689797 0.0 136.25
55.944426881519846 -3.188235522689797 N 55.94472688151985 -3.188235522689797 0.0 135.0
55.94472688151985 -3.188235522689797 S 55.944426881519846 -3.188235522689797 0.0 133.75
55.944426881519846 -3.188235522689797 N 55.94472688151985 -3.188235522689797 0.0 132.5
55.94472688151985 -3.188235522689797 SW 55.94451474948549 -3.1884476547241527 0.0 131.25
55.94451474948549 -3.1884476547241527 NE 55.94472688151985 -3.188235522689797 0.0 130.0
55.94472688151985 -3.188235522689797 SW 55.94451474948549 -3.1884476547241527 0.0 128.75
55.94451474948549 -3.1884476547241527 NNE 55.94479191334525 -3.188332849694443 0.0 127.5
55.94479191334525 -3.188332849694443 WSW 55.94467710831554 -3.1886100135541966 0.0 126.25
55.94467710831554 -3.1886100135541966 NE 55.944889240349895 -3.188397881519841 0.0 125.0
55.944889240349895 -3.188397881519841 NE 55.94510137238425 -3.188185749485485 0.0 123.75
55.94510137238425 -3.188185749485485 SW 55.944889240349895 -3.188397881519841 0.0 122.5
55.944889240349895 -3.188397881519841 S 55.94458924034989 -3.188397881519841 0.0 121.25
55.94458924034989 -3.188397881519841 N 55.944889240349895 -3.188397881519841 0.0 120.0
55.944889240349895 -3.188397881519841 E 55.944889240349895 -3.1880978815198406 0.0 118.75
55.944889240349895 -3.1880978815198406 W 55.944889240349895 -3.188397881519841 0.0 117.5
55.944889240349895 -3.188397881519841 E 55.944889240349895 -3.1880978815198406 0.0 116.25
55.944889240349895 -3.1880978815198406 WNW 55.945004045379605 -3.188375045379594 0.0 115.0
55.945004045379605 -3.188375045379594 ESE 55.944889240349895 -3.1880978815198406 0.0 113.75
55.944889240349895 -3.1880978815198406 W 55.944889240349895 -3.188397881519841 0.0 112.5
55.944889240349895 -3.188397881519841 E 55.944889240349895 -3.1880978815198406 0.0 111.25
55.944889240349895 -3.1880978815198406 NW 55.94510137238425 -3.1883100135541964 0.0 110.0
55.94510137238425 -3.1883100135541964 SE 55.944889240349895 -3.1880978815198406 0.0 108.75
55.944889240349895 -3.1880978815198406 SSW 55.94461207649014 -3.18821268654955 0.0 107.5
55.94461207649014 -3.18821268654955 NNE 55.944889240349895 -3.1880978815198406 0.0 106.25
55.944889240349895 -3.1880978815198406 SSW 55.94461207649014 -3.18821268654955 0.0 105.0
55.94461207649014 -3.18821268654955 N 55.94491207649014 -3.18821268654955 0.0 103.75
55.94491207649014 -3.18821268654955 SSW 55.944634912630384 -3.1883274915792597 0.0 102.5
55.944634912630384 -3.1883274915792597 NNE 55.94491207649014 -3.18821268654955 0.0 101.25
55.94491207649014 -3.18821268654955 W 55.94491207649014 -3.1885126865495503 0.0 100.0
55.94491207649014 -3.1885126865495503 E 55.94491207649014 -3.18821268654955 0.0 98.75
55.94491207649014 -3.18821268654955 WNW 55.94502688151985 -3.1884898504093035 0.0 97.5
55.94502688151985 -3.1884898504093035 ESE 55.94491207649014 -3.18821268654955 0.0 96.25
55.94491207649014 -3.18821268654955 WNW 55.94502688151985 -3.1884898504093035 0.0 95.0
55.94502688151985 -3.1884898504093035 SE 55.944814749485495 -3.1882777183749478 0.0 93.75
55.944814749485495 -3.1882777183749478 NW 55.94502688151985 -3.1884898504093035 0.0 92.5
55.94502688151985 -3.1884898504093035 SW 55.944814749485495 -3.1887019824436593 0.0 91.25
55.944814749485495 -3.1887019824436593 ENE 55.944929554515205 -3.188424818583906 0.0 90.0
55.944929554515205 -3.188424818583906 WSW 55.944814749485495 -3.1887019824436593 0.0 88.75
55.944814749485495 -3.1887019824436593 NE 55.94502688151985 -3.1884898504093035 0.0 87.5
55.94502688151985 -3.1884898504093035 SW 55.944814749485495 -3.1887019824436593 0.0 86.25
55.944814749485495 -3.1887019824436593 SSE 55.94453758562574 -3.18858717741395 0.0 85.0
55.94453758562574 -3.18858717741395 NNW 55.944814749485495 -3.1887019824436593 0.0 83.75
55.944814749485495 -3.1887019824436593 ESE 55.944699944455785 -3.188424818583906 0.0 82.5
55.944699944455785 -3.188424818583906 W 55.944699944455785 -3.188724818583906 0.0 81.25
55.944699944455785 -3.188724818583906 SE 55.94448781242143 -3.1885126865495503 0.0 80.0
55.94448781242143 -3.1885126865495503 NW 55.944699944455785 -3.188724818583906 0.0 78.75
55.944699944455785 -3.188724818583906 ESE 55.944585139426074 -3.1884476547241527 0.0 77.5
55.944585139426074 -3.1884476547241527 WNW 55.944699944455785 -3.188724818583906 0.0 76.25
55.944699944455785 -3.188724818583906 ESE 55.944585139426074 -3.1884476547241527 0.0 75.0
55.944585139426074 -3.1884476547241527 WNW 55.944699944455785 -3.188724818583906 0.0 73.75
55.944699944455785 -3.188724818583906 ESE 55.944585139426074 -3.1884476547241527 0.0 72.5
55.944585139426074 -3.1884476547241527 SW 55.94437300739172 -3.1886597867585085 0.0 71.25
55.94437300739172 -3.1886597867585085 NE 55.944585139426074 -3.1884476547241527 0.0 70.0
55.944585139426074 -3.1884476547241527 SSW 55.94430797556632 -3.188562459753862 0.0 68.75
55.94430797556632 -3.188562459753862 N 55.94460797556632 -3.188562459753862 0.0 67.5
55.94460797556632 -3.188562459753862 SSW 55.944330811706564 -3.1886772647835717 0.0 66.25
55.944330811706564 -3.1886772647835717 NNE 55.94460797556632 -3.188562459753862 0.0 65.0
55.94460797556632 -3.188562459753862 SSW 55.944330811706564 -3.1886772647835717 0.0 63.75
55.944330811706564 -3.1886772647835717 NNE 55.94460797556632 -3.188562459753862 0.0 62.5
55.94460797556632 -3.188562459753862 SSW 55.944330811706564 -3.1886772647835717 0.0 61.25
55.944330811706564 -3.1886772647835717 NE 55.94454294374092 -3.188465132749216 0.0 60.0
55.94454294374092 -3.188465132749216 SW 55.944330811706564 -3.1886772647835717 0.0 58.75
55.944330811706564 -3.1886772647835717 NE 55.94454294374092 -3.188465132749216 0.0 57.5
55.94454294374092 -3.188465132749216 SSW 55.944265779881164 -3.1885799377789255 0.0 56.25
55.944265779881164 -3.1885799377789255 ENE 55.944380584910874 -3.188302773919172 0.0 55.0
55.944380584910874 -3.188302773919172 WSW 55.944265779881164 -3.1885799377789255 0.0 53.75
55.944265779881164 -3.1885799377789255 ENE 55.944380584910874 -3.188302773919172 0.0 52.5
55.944380584910874 -3.188302773919172 WSW 55.944265779881164 -3.1885799377789255 0.0 51.25
55.944265779881164 -3.1885799377789255 SW 55.94405364784681 -3.1887920698132812 0.0 50.0
55.94405364784681 -3.1887920698132812 NE 55.944265779881164 -3.1885799377789255 0.0 48.75
55.944265779881164 -3.1885799377789255 NW 55.94447791191552 -3.1887920698132812 0.0 47.5
55.94447791191552 -3.1887920698132812 SE 55.944265779881164 -3.1885799377789255 0.0 46.25
55.944265779881164 -3.1885799377789255 S 55.94396577988116 -3.1885799377789255 0.0 45.0
55.94396577988116 -3.1885799377789255 N 55.944265779881164 -3.1885799377789255 0.0 43.75
55.944265779881164 -3.1885799377789255 S 55.94396577988116 -3.1885799377789255 0.0 42.5
55.94396577988116 -3.1885799377789255 N 55.944265779881164 -3.1885799377789255 0.0 41.25
55.944265779881164 -3.1885799377789255 SSE 55.94398861602141 -3.188465132749216 0.0 40.0
55.94398861602141 -3.188465132749216 NNW 55.944265779881164 -3.1885799377789255 0.0 38.75
55.944265779881164 -3.1885799377789255 S 55.94396577988116 -3.1885799377789255 0.0 37.5
55.94396577988116 -3.1885799377789255 NNE 55.94424294374092 -3.188465132749216 0.0 36.25
55.94424294374092 -3.188465132749216 SSW 55.94396577988116 -3.1885799377789255 0.0 35.0
55.94396577988116 -3.1885799377789255 N 55.944265779881164 -3.1885799377789255 0.0 33.75
55.944265779881164 -3.1885799377789255 S 55.94396577988116 -3.1885799377789255 0.0 32.5
55.94396577988116 -3.1885799377789255 N 55.944265779881164 -3.1885799377789255 0.0 31.25
55.944265779881164 -3.1885799377789255 SW 55.94405364784681 -3.1887920698132812 0.0 30.0
55.94405364784681 -3.1887920698132812 ENE 55.94416845287652 -3.188514905953528 0.0 28.75
55.94416845287652 -3.188514905953528 WSW 55.94405364784681 -3.1887920698132812 0.0 27.5
55.94405364784681 -3.1887920698132812 E 55.94405364784681 -3.188492069813281 0.0 26.25
55.94405364784681 -3.188492069813281 W 55.94405364784681 -3.1887920698132812 0.0 25.0
55.94405364784681 -3.1887920698132812 SE 55.94384151581245 -3.1885799377789255 0.0 23.75
55.94384151581245 -3.1885799377789255 NW 55.94405364784681 -3.1887920698132812 0.0 22.5
55.94405364784681 -3.1887920698132812 NE 55.944265779881164 -3.1885799377789255 0.0 21.25
55.944265779881164 -3.1885799377789255 SW 55.94405364784681 -3.1887920698132812 0.0 20.0
55.94405364784681 -3.1887920698132812 SW 55.94384151581245 -3.189004201847637 0.7203655242919922 75.92481994628906
55.94384151581245 -3.189004201847637 NE 55.94405364784681 -3.1887920698132812 0.7203655242919922 74.67481994628906
55.94405364784681 -3.1887920698132812 SSE 55.94377648398705 -3.1886772647835717 0.7203655242919922 73.42481994628906
55.94377648398705 -3.1886772647835717 NNW 55.94405364784681 -3.1887920698132812 0.7203655242919922 72.17481994628906
55.94405364784681 -3.1887920698132812 W 55.94405364784681 -3.1890920698132814 0.7203655242919922 70.92481994628906
55.94405364784681 -3.1890920698132814 E 55.94405364784681 -3.1887920698132812 0.7203655242919922 69.67481994628906
55.94405364784681 -3.1887920698132812 W 55.94405364784681 -3.1890920698132814 0.7203655242919922 68.42481994628906
55.94405364784681 -3.1890920698132814 E 55.94405364784681 -3.1887920698132812 0.7203655242919922 67.17481994628906
55.94405364784681 -3.1887920698132812 W 55.94405364784681 -3.1890920698132814 0.7203655242919922 65.92481994628906
55.94405364784681 -3.1890920698132814 SSE 55.94377648398705 -3.188977264783572 0.7203655242919922 64.67481994628906
55.94377648398705 -3.188977264783572 NNW 55.94405364784681 -3.1890920698132814 0.7203655242919922 63.42481994628906
55.94405364784681 -3.1890920698132814 E 55.94405364784681 -3.1887920698132812 0.7203655242919922 62.17481994628906
55.94405364784681 -3.1887920698132812 W 55.94405364784681 -3.1890920698132814 0.7203655242919922 60.92481994628906
55.94405364784681 -3.1890920698132814 SSW 55.94377648398705 -3.189206874842991 0.7203655242919922 59.67481994628906
55.94377648398705 -3.189206874842991 NNE 55.94405364784681 -3.1890920698132814 0.7203655242919922 58.42481994628906
55.94405364784681 -3.1890920698132814 NNE 55.944330811706564 -3.188977264783572 0.7203655242919922 57.17481994628906
55.944330811706564 -3.188977264783572 SSW 55.94405364784681 -3.1890920698132814 0.7203655242919922 55.92481994628906
55.94405364784681 -3.1890920698132814 S 55.943753647846805 -3.1890920698132814 0.7203655242919922 54.67481994628906
55.943753647846805 -3.1890920698132814 N 55.94405364784681 -3.1890920698132814 0.7203655242919922 53.42481994628906
55.94405364784681 -3.1890920698132814 WSW 55.9439388428171 -3.189369233673035 0.7203655242919922 52.17481994628906
55.9439388428171 -3.189369233673035 ENE 55.94405364784681 -3.1890920698132814 0.7203655242919922 50.92481994628906
55.94405364784681 -3.1890920698132814 SW 55.94384151581245 -3.189304201847637 0.7203655242919922 49.67481994628906
55.94384151581245 -3.189304201847637 NE 55.94405364784681 -3.1890920698132814 0.7203655242919922 48.42481994628906
55.94405364784681 -3.1890920698132814 SSW 55.94377648398705 -3.189206874842991 0.7203655242919922 47.17481994628906
55.94377648398705 -3.189206874842991 NNE 55.94405364784681 -3.1890920698132814 0.7203655242919922 45.92481994628906
55.94405364784681 -3.1890920698132814 SSW 55.94377648398705 -3.189206874842991 0.7203655242919922 44.67481994628906
55.94377648398705 -3.189206874842991 NE 55.94398861602141 -3.188994742808635 0.7203655242919922 43.42481994628906
55.94398861602141 -3.188994742808635 WSW 55.9438738109917 -3.1892719066683886 0.7203655242919922 42.17481994628906
55.9438738109917 -3.1892719066683886 E 55.9438738109917 -3.1889719066683884 0.7203655242919922 40.92481994628906
55.9438738109917 -3.1889719066683884 W 55.9438738109917 -3.1892719066683886 0.7203655242919922 39.67481994628906
55.9438738109917 -3.1892719066683886 E 55.9438738109917 -3.1889719066683884 0.7203655242919922 38.42481994628906
55.9438738109917 -3.1889719066683884 WSW 55.94375900596199 -3.1892490705281418 37.628705978393555 61.421743392944336
55.94375900596199 -3.1892490705281418 ENE 55.9438738109917 -3.1889719066683884 37.628705978393555 60.171743392944336
55.9438738109917 -3.1889719066683884 E 55.9438738109917 -3.188671906668388 37.628705978393555 58.921743392944336
55.9438738109917 -3.188671906668388 W 55.9438738109917 -3.1889719066683884 37.628705978393555 57.671743392944336
55.9438738109917 -3.1889719066683884 S 55.943573810991694 -3.1889719066683884 37.628705978393555 56.421743392944336
55.943573810991694 -3.1889719066683884 N 55.9438738109917 -3.1889719066683884 37.628705978393555 55.171743392944336
55.9438738109917 -3.1889719066683884 WSW 55.94375900596199 -3.1892490705281418 37.628705978393555 53.921743392944336
55.94375900596199 -3.1892490705281418 ENE 55.9438738109917 -3.1889719066683884 37.628705978393555 52.671743392944336
55.9438738109917 -3.1889719066683884 E 55.9438738109917 -3.188671906668388 37.628705978393555 51.421743392944336
55.9438738109917 -3.188671906668388 W 55.9438738109917 -3.1889719066683884 37.628705978393555 50.171743392944336
55.9438738109917 -3.1889719066683884 S 55.943573810991694 -3.1889719066683884 37.628705978393555 48.921743392944336
55.943573810991694 -3.1889719066683884 N 55.9438738109917 -3.1889719066683884 37.628705978393555 47.671743392944336
55.9438738109917 -3.1889719066683884 NNE 55.94415097485145 -3.188857101638679 37.628705978393555 46.421743392944336
55.94415097485145 -3.188857101638679 SSW 55.9438738109917 -3.1889719066683884 37.628705978393555 45.171743392944336
55.9438738109917 -3.1889719066683884 ESE 55.94375900596199 -3.188694742808635 37.628705978393555 43.921743392944336
55.94375900596199 -3.188694742808635 W 55.94375900596199 -3.188994742808635 37.628705978393555 42.671743392944336
55.94375900596199 -3.188994742808635 E 55.94375900596199 -3.188694742808635 37.628705978393555 41.421743392944336
55.94375900596199 -3.188694742808635 W 55.94375900596199 -3.188994742808635 37.628705978393555 40.171743392944336
55.94375900596199 -3.188994742808635 E 55.94375900596199 -3.188694742808635 37.628705978393555 38.921743392944336
55.94375900596199 -3.188694742808635 WNW 55.9438738109917 -3.1889719066683884 37.628705978393555 37.671743392944336
55.9438738109917 -3.1889719066683884 ESE 55.94375900596199 -3.188694742808635 37.628705978393555 36.421743392944336
55.94375900596199 -3.188694742808635 E 55.94375900596199 -3.1883947428086348 37.628705978393555 35.171743392944336
55.94375900596199 -3.1883947428086348 W 55.94375900596199 -3.188694742808635 37.628705978393555 33.921743392944336
55.94375900596199 -3.188694742808635 W 55.94375900596199 -3.188994742808635 37.628705978393555 32.671743392944336
55.94375900596199 -3.188994742808635 E 55.94375900596199 -3.188694742808635 37.628705978393555 31.421743392944336
55.94375900596199 -3.188694742808635 SW 55.94354687392763 -3.1889068748429907 147.94050407409668 126.69315147399902
55.94354687392763 -3.1889068748429907 NE 55.94375900596199 -3.188694742808635 147.94050407409668 125.44315147399902
55.94375900596199 -3.188694742808635 ESE 55.943644200932276 -3.1884175789488816 147.94050407409668 124.19315147399902
55.943644200932276 -3.1884175789488816 WNW 55.94375900596199 -3.188694742808635 147.94050407409668 122.94315147399902
55.94375900596199 -3.188694742808635 SE 55.94354687392763 -3.188482610774279 147.94050407409668 121.69315147399902
55.94354687392763 -3.188482610774279 NW 55.94375900596199 -3.188694742808635 147.94050407409668 120.44315147399902
55.94375900596199 -3.188694742808635 SSE 55.94348184210223 -3.1885799377789255 147.94050407409668 119.19315147399902
55.94348184210223 -3.1885799377789255 NNW 55.94375900596199 -3.188694742808635 147.94050407409668 117.94315147399902
55.94375900596199 -3.188694742808635 SE 55.94354687392763 -3.188482610774279 147.94050407409668 116.69315147399902
55.94354687392763 -3.188482610774279 NW 55.94375900596199 -3.188694742808635 147.94050407409668 115.44315147399902
