55.944425 -3.188396 SSW 55.944147836140246 -3.1885108050297095 0.0 248.75
55.944147836140246 -3.1885108050297095 NNE 55.944425 -3.188396 0.0 247.5
55.944425 -3.188396 ESE 55.94431019497029 -3.1881188361402466 0.0 246.25
55.94431019497029 -3.1881188361402466 WNW 55.944425 -3.188396 0.0 245.0
55.944425 -3.188396 E 55.944425 -3.188096 0.0 243.75
55.944425 -3.188096 W 55.944425 -3.188396 0.0 242.5
55.944425 -3.188396 E 55.944425 -3.188096 0.0 241.25
55.944425 -3.188096 NW 55.94463713203436 -3.1883081320343556 0.0 240.0
55.94463713203436 -3.1883081320343556 E 55.94463713203436 -3.1880081320343554 0.0 238.75
55.94463713203436 -3.1880081320343554 W 55.94463713203436 -3.1883081320343556 0.0 237.5
55.94463713203436 -3.1883081320343556 NNW 55.944914295894115 -3.188422937064065 0.0 236.25
55.944914295894115 -3.188422937064065 SSE 55.94463713203436 -3.1883081320343556 0.0 235.0
55.94463713203436 -3.1883081320343556 WNW 55.94475193706407 -3.188585295894109 0.0 233.75
55.94475193706407 -3.188585295894109 WSW 55.94463713203436 -3.1888624597538624 0.0 232.5
55.94463713203436 -3.1888624597538624 ENE 55.94475193706407 -3.188585295894109 0.0 231.25
55.94475193706407 -3.188585295894109 NE 55.944964069098425 -3.1883731638597532 0.0 230.0
55.944964069098425 -3.1883731638597532 WSW 55.944849264068715 -3.1886503277195066 0.0 228.75
55.944849264068715 -3.1886503277195066 NE 55.94506139610307 -3.188438195685151 0.0 227.5
55.94506139610307 -3.188438195685151 S 55.94476139610307 -3.188438195685151 0.0 226.25
55.94476139610307 -3.188438195685151 N 55.94506139610307 -3.188438195685151 0.0 225.0
55.94506139610307 -3.188438195685151 ENE 55.94517620113278 -3.1881610318253975 0.0 223.75
55.94517620113278 -3.1881610318253975 WSW 55.94506139610307 -3.188438195685151 0.0 222.5
55.94506139610307 -3.188438195685151 ENE 55.94517620113278 -3.1881610318253975 0.0 221.25
55.94517620113278 -3.1881610318253975 NW 55.94538833316714 -3.1883731638597532 0.0 220.0
55.94538833316714 -3.1883731638597532 SE 55.94517620113278 -3.1881610318253975 0.0 218.75
55.94517620113278 -3.1881610318253975 NW 55.94538833316714 -3.1883731638597532 0.0 217.5
55.94538833316714 -3.1883731638597532 SSE 55.94511116930738 -3.1882583588300437 0.0 216.25
55.94511116930738 -3.1882583588300437 N 55.945411169307384 -3.1882583588300437 0.0 215.0
55.945411169307384 -3.1882583588300437 NE 55.94562330134174 -3.188046226795688 0.0 213.75
55.94562330134174 -3.188046226795688 SW 55.945411169307384 -3.1882583588300437 0.0 212.5
55.945411169307384 -3.1882583588300437 NNW 55.94568833316714 -3.1883731638597532 0.0 211.25
55.94568833316714 -3.1883731638597532 SE 55.945476201132784 -3.1881610318253975 0.0 210.0
55.945476201132784 -3.1881610318253975 NW 55.94568833316714 -3.1883731638597532 0.0 208.75
55.94568833316714 -3.1883731638597532 ESE 55.94557352813743 -3.188096 0.0 207.5
55.94557352813743 -3.188096 NNW 55.94585069199719 -3.1882108050297093 0.0 206.25
55.94585069199719 -3.1882108050297093 SE 55.94563855996283 -3.1879986729953536 0.0 205.0
55.94563855996283 -3.1879986729953536 NW 55.94585069199719 -3.1882108050297093 0.0 203.75
55.94585069199719 -3.1882108050297093 SSE 55.94557352813743 -3.188096 0.0 202.5
55.94557352813743 -3.188096 WNW 55.94568833316714 -3.1883731638597532 0.0 201.25
55.94568833316714 -3.1883731638597532 SE 55.945476201132784 -3.1881610318253975 0.0 200.0
55.945476201132784 -3.1881610318253975 NW 55.94568833316714 -3.1883731638597532 0.0 198.75
55.94568833316714 -3.1883731638597532 SSE 55.945411169307384 -3.1882583588300437 0.0 197.5
55.945411169307384 -3.1882583588300437 NNW 55.94568833316714 -3.1883731638597532 0.0 196.25
55.94568833316714 -3.1883731638597532 NW 55.9459004652015 -3.188585295894109 0.0 195.0
55.9459004652015 -3.188585295894109 SE 55.94568833316714 -3.1883731638597532 0.0 193.75
55.94568833316714 -3.1883731638597532 NNW 55.9459654970269 -3.1884879688894627 0.0 192.5
55.9459654970269 -3.1884879688894627 SSE 55.94568833316714 -3.1883731638597532 0.0 191.25
55.94568833316714 -3.1883731638597532 NNE 55.9459654970269 -3.1882583588300437 0.0 190.0
55.9459654970269 -3.1882583588300437 SSW 55.94568833316714 -3.1883731638597532 0.0 188.75
55.94568833316714 -3.1883731638597532 NNE 55.9459654970269 -3.1882583588300437 0.0 187.5
55.9459654970269 -3.1882583588300437 ENE 55.94608030205661 -3.1879811949702903 0.0 186.25
55.94608030205661 -3.1879811949702903 WSW 55.9459654970269 -3.1882583588300437 0.0 185.0
55.9459654970269 -3.1882583588300437 NE 55.94617762906125 -3.188046226795688 0.0 183.75
55.94617762906125 -3.188046226795688 WSW 55.94606282403154 -3.1883233906554413 0.0 182.5
55.94606282403154 -3.1883233906554413 ENE 55.94617762906125 -3.188046226795688 0.0 181.25
55.94617762906125 -3.188046226795688 WSW 55.94606282403154 -3.1883233906554413 0.0 180.0
55.94606282403154 -3.1883233906554413 SE 55.94585069199719 -3.1881112586210856 0.0 178.75
55.94585069199719 -3.1881112586210856 NW 55.94606282403154 -3.1883233906554413 0.0 177.5
55.94606282403154 -3.1883233906554413 E 55.94606282403154 -3.188023390655441 0.0 176.25
55.94606282403154 -3.188023390655441 W 55.94606282403154 -3.1883233906554413 0.0 175.0
55.94606282403154 -3.1883233906554413 SE 55.94585069199719 -3.1881112586210856 0.0 173.75
55.94585069199719 -3.1881112586210856 NW 55.94606282403154 -3.1883233906554413 0.0 172.5
55.94606282403154 -3.1883233906554413 WNW 55.94617762906125 -3.1886005545151948 0.0 171.25
55.94617762906125 -3.1886005545151948 E 55.94617762906125 -3.1883005545151946 0.0 170.0
55.94617762906125 -3.1883005545151946 W 55.94617762906125 -3.1886005545151948 0.0 168.75
55.94617762906125 -3.1886005545151948 E 55.94617762906125 -3.1883005545151946 0.0 167.5
55.94617762906125 -3.1883005545151946 WSW 55.94606282403154 -3.188577718374948 0.0 166.25
55.94606282403154 -3.188577718374948 E 55.94606282403154 -3.1882777183749478 0.0 165.0
55.94606282403154 -3.1882777183749478 WSW 55.94594801900183 -3.188554882234701 0.0 163.75
55.94594801900183 -3.188554882234701 ESE 55.94583321397212 -3.1882777183749478 23.447534561157227 283.8899688720703
55.94583321397212 -3.1882777183749478 WNW 55.94594801900183 -3.188554882234701 23.447534561157227 282.6399688720703
55.94594801900183 -3.188554882234701 S 55.94564801900183 -3.188554882234701 23.447534561157227 281.3899688720703
55.94564801900183 -3.188554882234701 NNE 55.945925182861586 -3.1884400772049917 23.447534561157227 280.1399688720703
55.945925182861586 -3.1884400772049917 SW 55.94571305082723 -3.1886522092393474 23.447534561157227 278.8899688720703
55.94571305082723 -3.1886522092393474 N 55.94601305082723 -3.1886522092393474 23.447534561157227 277.6399688720703
55.94601305082723 -3.1886522092393474 SW 55.94580091879288 -3.188864341273703 23.447534561157227 276.3899688720703
55.94580091879288 -3.188864341273703 NE 55.94601305082723 -3.1886522092393474 23.447534561157227 275.1399688720703
55.94601305082723 -3.1886522092393474 NW 55.94622518286159 -3.188864341273703 23.447534561157227 273.8899688720703
55.94622518286159 -3.188864341273703 ESE 55.94611037783188 -3.18858717741395 23.447534561157227 272.6399688720703
55.94611037783188 -3.18858717741395 ESE 55.94599557280217 -3.1883100135541964 23.447534561157227 271.3899688720703
55.94599557280217 -3.1883100135541964 WNW 55.94611037783188 -3.18858717741395 23.447534561157227 270.1399688720703
55.94611037783188 -3.18858717741395 WNW 55.94622518286159 -3.188864341273703 23.447534561157227 268.8899688720703
55.94622518286159 -3.188864341273703 ESE 55.94611037783188 -3.18858717741395 23.447534561157227 267.6399688720703
55.94611037783188 -3.18858717741395 WNW 55.94622518286159 -3.188864341273703 23.447534561157227 266.3899688720703
55.94622518286159 -3.188864341273703 S 55.945925182861586 -3.188864341273703 23.447534561157227 265.1399688720703
55.945925182861586 -3.188864341273703 NE 55.94613731489594 -3.1886522092393474 23.447534561157227 263.8899688720703
55.94613731489594 -3.1886522092393474 SW 55.945925182861586 -3.188864341273703 23.447534561157227 262.6399688720703
55.945925182861586 -3.188864341273703 SW 55.94571305082723 -3.189076473308059 23.447534561157227 261.3899688720703
55.94571305082723 -3.189076473308059 NE 55.945925182861586 -3.188864341273703 23.447534561157227 260.1399688720703
55.945925182861586 -3.188864341273703 WSW 55.945810377831876 -3.1891415051334566 119.30296516418457 377.98687744140625
55.945810377831876 -3.1891415051334566 NNE 55.94608754169163 -3.189026700103747 119.30296516418457 376.73687744140625
55.94608754169163 -3.189026700103747 SW 55.945875409657276 -3.189238832138103 119.30296516418457 375.48687744140625
55.945875409657276 -3.189238832138103 SSW 55.94559824579752 -3.1893536371678124 119.30296516418457 374.23687744140625
55.94559824579752 -3.1893536371678124 NNE 55.945875409657276 -3.189238832138103 119.30296516418457 372.98687744140625
55.945875409657276 -3.189238832138103 NW 55.94608754169163 -3.1894509641724587 119.30296516418457 371.73687744140625
55.94608754169163 -3.1894509641724587 SSE 55.945810377831876 -3.189336159142749 119.30296516418457 370.48687744140625
55.945810377831876 -3.189336159142749 NNW 55.94608754169163 -3.1894509641724587 119.30296516418457 369.23687744140625
55.94608754169163 -3.1894509641724587 SW 55.945875409657276 -3.1896630962068144 119.30296516418457 367.98687744140625
55.945875409657276 -3.1896630962068144 NE 55.94608754169163 -3.1894509641724587 119.30296516418457 366.73687744140625
55.94608754169163 -3.1894509641724587 SE 55.945875409657276 -3.189238832138103 119.30296516418457 365.48687744140625
55.945875409657276 -3.189238832138103 W 55.945875409657276 -3.189538832138103 119.30296516418457 364.23687744140625
55.945875409657276 -3.189538832138103 ESE 55.945760604627566 -3.1892616682783497 119.30296516418457 362.98687744140625
55.945760604627566 -3.1892616682783497 WNW 55.945875409657276 -3.189538832138103 119.30296516418457 361.73687744140625
55.945875409657276 -3.189538832138103 SSW 55.94559824579752 -3.1896536371678126 119.30296516418457 360.48687744140625
55.94559824579752 -3.1896536371678126 NNW 55.945875409657276 -3.189768442197522 119.30296516418457 359.23687744140625
55.945875409657276 -3.189768442197522 SSE 55.94559824579752 -3.1896536371678126 119.30296516418457 357.98687744140625
55.94559824579752 -3.1896536371678126 SW 55.94538611376316 -3.1898657692021684 119.30296516418457 356.73687744140625
55.94538611376316 -3.1898657692021684 N 55.945686113763166 -3.1898657692021684 119.30296516418457 355.48687744140625
55.945686113763166 -3.1898657692021684 ENE 55.94580091879288 -3.189588605342415 119.30296516418457 354.23687744140625
55.94580091879288 -3.189588605342415 WSW 55.945686113763166 -3.1898657692021684 119.30296516418457 352.98687744140625
55.945686113763166 -3.1898657692021684 W 55.945686113763166 -3.1901657692021685 119.30296516418457 351.73687744140625
55.945686113763166 -3.1901657692021685 ENE 55.94580091879288 -3.189888605342415 119.30296516418457 350.48687744140625
55.94580091879288 -3.189888605342415 N 55.94610091879288 -3.189888605342415 180.91063117980957 437.015625
55.94610091879288 -3.189888605342415 S 55.94580091879288 -3.189888605342415 180.91063117980957 435.765625
55.94580091879288 -3.189888605342415 ESE 55.945686113763166 -3.1896114414826617 180.91063117980957 434.515625
55.945686113763166 -3.1896114414826617 WNW 55.94580091879288 -3.189888605342415 180.91063117980957 433.265625
55.94580091879288 -3.189888605342415 NW 55.94601305082723 -3.190100737376771 180.91063117980957 432.015625
55.94601305082723 -3.190100737376771 E 55.94601305082723 -3.1898007373767707 180.91063117980957 430.765625
55.94601305082723 -3.1898007373767707 WNW 55.94612785585694 -3.190077901236524 180.91063117980957 429.515625
55.94612785585694 -3.190077901236524 ESE 55.94601305082723 -3.1898007373767707 180.91063117980957 428.265625
55.94601305082723 -3.1898007373767707 WNW 55.94612785585694 -3.190077901236524 180.91063117980957 427.015625
55.94612785585694 -3.190077901236524 SE 55.94591572382259 -3.1898657692021684 180.91063117980957 425.765625
55.94591572382259 -3.1898657692021684 NW 55.94612785585694 -3.190077901236524 180.91063117980957 424.515625
55.94612785585694 -3.190077901236524 ESE 55.94601305082723 -3.1898007373767707 180.91063117980957 423.265625
55.94601305082723 -3.1898007373767707 WNW 55.94612785585694 -3.190077901236524 180.91063117980957 422.015625
55.94612785585694 -3.190077901236524 E 55.94612785585694 -3.189777901236524 196.13650131225586 420.84015513956547
55.94612785585694 -3.189777901236524 W 55.94612785585694 -3.190077901236524 196.13650131225586 419.59015513956547
55.94612785585694 -3.190077901236524 E 55.94612785585694 -3.189777901236524 196.13650131225586 418.34015513956547
55.94612785585694 -3.189777901236524 E 55.94612785585694 -3.1894779012365237 196.13650131225586 417.09015513956547
55.94612785585694 -3.1894779012365237 W 55.94612785585694 -3.189777901236524 196.13650131225586 415.84015513956547
55.94612785585694 -3.189777901236524 E 55.94612785585694 -3.1894779012365237 196.13650131225586 414.59015513956547
55.94612785585694 -3.1894779012365237 W 55.94612785585694 -3.189777901236524 196.13650131225586 413.34015513956547
55.94612785585694 -3.189777901236524 SSW 55.94585069199719 -3.1898927062662334 196.13650131225586 412.09015513956547
55.94585069199719 -3.1898927062662334 NE 55.94606282403154 -3.1896805742318777 199.19876527786255 447.3109307438135
55.94606282403154 -3.1896805742318777 SW 55.94585069199719 -3.1898927062662334 199.19876527786255 446.0609307438135
55.94585069199719 -3.1898927062662334 ENE 55.9459654970269 -3.18961554240648 199.19876527786255 444.8109307438135
55.9459654970269 -3.18961554240648 SW 55.94575336499254 -3.189827674440836 199.19876527786255 443.5609307438135
55.94575336499254 -3.189827674440836 E 55.94575336499254 -3.1895276744408356 199.19876527786255 442.3109307438135
55.94575336499254 -3.1895276744408356 SSW 55.945476201132784 -3.189642479470545 199.19876527786255 441.0609307438135
55.945476201132784 -3.189642479470545 ENE 55.945591006162495 -3.1893653156107917 199.19876527786255 439.8109307438135
55.945591006162495 -3.1893653156107917 WSW 55.945476201132784 -3.189642479470545 199.19876527786255 438.5609307438135
55.945476201132784 -3.189642479470545 NW 55.94568833316714 -3.189854611504901 199.19876527786255 437.3109307438135
55.94568833316714 -3.189854611504901 SE 55.945476201132784 -3.189642479470545 199.19876527786255 436.0609307438135
55.945476201132784 -3.189642479470545 SSW 55.94519903727303 -3.1897572845002546 199.19876527786255 434.8109307438135
55.94519903727303 -3.1897572845002546 NE 55.945411169307384 -3.189545152465899 199.19876527786255 433.5609307438135
55.945411169307384 -3.189545152465899 SSW 55.94513400544763 -3.1896599574956084 199.19876527786255 432.3109307438135
55.94513400544763 -3.1896599574956084 NNE 55.945411169307384 -3.189545152465899 199.19876527786255 431.0609307438135
55.945411169307384 -3.189545152465899 SSE 55.94513400544763 -3.1894303474361894 199.19876527786255 429.8109307438135
55.94513400544763 -3.1894303474361894 NNW 55.945411169307384 -3.189545152465899 199.19876527786255 428.5609307438135
55.945411169307384 -3.189545152465899 SSE 55.94513400544763 -3.1894303474361894 199.19876527786255 427.3109307438135
55.94513400544763 -3.1894303474361894 NE 55.945346137481984 -3.1892182154018336 199.19876527786255 426.0609307438135
55.945346137481984 -3.1892182154018336 WSW 55.94523133245227 -3.189495379261587 199.19876527786255 424.8109307438135
55.94523133245227 -3.189495379261587 NE 55.94544346448663 -3.189283247227231 199.19876527786255 423.5609307438135
55.94544346448663 -3.189283247227231 WSW 55.94532865945692 -3.1895604110869846 199.19876527786255 422.3109307438135
55.94532865945692 -3.1895604110869846 NE 55.945540791491275 -3.189348279052629 199.19876527786255 421.0609307438135
55.945540791491275 -3.189348279052629 SW 55.94532865945692 -3.1895604110869846 199.19876527786255 419.8109307438135
55.94532865945692 -3.1895604110869846 SE 55.94511652742256 -3.189348279052629 199.19876527786255 418.5609307438135
55.94511652742256 -3.189348279052629 WSW 55.94500172239285 -3.1896254429123823 199.19876527786255 417.3109307438135
55.94500172239285 -3.1896254429123823 ENE 55.94511652742256 -3.189348279052629 199.19876527786255 416.0609307438135
55.94511652742256 -3.189348279052629 SW 55.94490439538821 -3.1895604110869846 199.19876527786255 414.8109307438135
55.94490439538821 -3.1895604110869846 NE 55.94511652742256 -3.189348279052629 199.19876527786255 413.5609307438135
55.94511652742256 -3.189348279052629 SSW 55.94483936356281 -3.1894630840823384 199.19876527786255 412.3109307438135
55.94483936356281 -3.1894630840823384 NNW 55.94511652742256 -3.189577889112048 199.19876527786255 411.0609307438135
55.94511652742256 -3.189577889112048 SSE 55.94483936356281 -3.1894630840823384 199.19876527786255 409.8109307438135
55.94483936356281 -3.1894630840823384 WNW 55.94495416859252 -3.1897402479420918 199.19876527786255 408.5609307438135
55.94495416859252 -3.1897402479420918 SE 55.94474203655816 -3.189528115907736 199.19876527786255 407.3109307438135
55.94474203655816 -3.189528115907736 NW 55.94495416859252 -3.1897402479420918 199.19876527786255 406.0609307438135
55.94495416859252 -3.1897402479420918 S 55.944654168592514 -3.1897402479420918 199.19876527786255 404.8109307438135
55.944654168592514 -3.1897402479420918 NNE 55.94493133245227 -3.1896254429123823 199.19876527786255 403.5609307438135
55.94493133245227 -3.1896254429123823 S 55.94463133245227 -3.1896254429123823 199.19876527786255 402.3109307438135
55.94463133245227 -3.1896254429123823 NE 55.944843464486624 -3.1894133108780265 199.19876527786255 401.0609307438135
55.944843464486624 -3.1894133108780265 SW 55.94463133245227 -3.1896254429123823 199.19876527786255 399.8109307438135
55.94463133245227 -3.1896254429123823 NE 55.944843464486624 -3.1894133108780265 199.19876527786255 398.5609307438135
55.944843464486624 -3.1894133108780265 SSW 55.94456630062687 -3.189528115907736 293.37522554397583 489.36101008951664
55.94456630062687 -3.189528115907736 SE 55.94435416859251 -3.1893159838733802 293.37522554397583 488.11101008951664
55.94435416859251 -3.1893159838733802 NW 55.94456630062687 -3.189528115907736 293.37522554397583 486.86101008951664
55.94456630062687 -3.189528115907736 S 55.944266300626865 -3.189528115907736 399.05586671829224 559.7760720402002
55.944266300626865 -3.189528115907736 N 55.94456630062687 -3.189528115907736 399.05586671829224 558.5260720402002
55.94456630062687 -3.189528115907736 NNE 55.944843464486624 -3.1894133108780265 399.05586671829224 557.2760720402002
55.944843464486624 -3.1894133108780265 SSW 55.94456630062687 -3.189528115907736 399.05586671829224 556.0260720402002
55.94456630062687 -3.189528115907736 W 55.94456630062687 -3.189828115907736 399.05586671829224 554.7760720402002
55.94456630062687 -3.189828115907736 ENE 55.94468110565658 -3.189550952047983 399.05586671829224 553.5260720402002
55.94468110565658 -3.189550952047983 WSW 55.94456630062687 -3.189828115907736 399.05586671829224 552.2760720402002
55.94456630062687 -3.189828115907736 NE 55.944778432661224 -3.1896159838733804 399.05586671829224 551.0260720402002
55.944778432661224 -3.1896159838733804 SW 55.94456630062687 -3.189828115907736 399.05586671829224 549.7760720402002
55.94456630062687 -3.189828115907736 N 55.94486630062687 -3.189828115907736 469.47139406204224 561.9694333225489
55.94486630062687 -3.189828115907736 W 55.94486630062687 -3.1901281159077364 469.47139406204224 560.7194333225489
55.94486630062687 -3.1901281159077364 ENE 55.94498110565658 -3.189850952047983 469.47139406204224 559.4694333225489
55.94498110565658 -3.189850952047983 N 55.94528110565658 -3.189850952047983 469.47139406204224 558.2194333225489
55.94528110565658 -3.189850952047983 S 55.94498110565658 -3.189850952047983 469.47139406204224 556.9694333225489
55.94498110565658 -3.189850952047983 SE 55.944768973622224 -3.189638820013627 469.47139406204224 555.7194333225489
55.944768973622224 -3.189638820013627 NW 55.94498110565658 -3.189850952047983 469.47139406204224 554.4694333225489
55.94498110565658 -3.189850952047983 W 55.94498110565658 -3.190150952047983 469.47139406204224 553.2194333225489
55.94498110565658 -3.190150952047983 E 55.94498110565658 -3.189850952047983 469.47139406204224 551.9694333225489
55.94498110565658 -3.189850952047983 SW 55.944768973622224 -3.1900630840823387 469.47139406204224 550.7194333225489
55.944768973622224 -3.1900630840823387 NNE 55.94504613748198 -3.1899482790526292 469.47139406204224 549.4694333225489
55.94504613748198 -3.1899482790526292 NE 55.94525826951634 -3.1897361470182735 469.47139406204224 548.2194333225489
55.94525826951634 -3.1897361470182735 SW 55.94504613748198 -3.1899482790526292 469.47139406204224 546.9694333225489
55.94504613748198 -3.1899482790526292 NE 55.94525826951634 -3.1897361470182735 469.47139406204224 545.7194333225489
55.94525826951634 -3.1897361470182735 SW 55.94504613748198 -3.1899482790526292 469.47139406204224 544.4694333225489
55.94504613748198 -3.1899482790526292 NE 55.94525826951634 -3.1897361470182735 469.47139406204224 543.2194333225489
55.94525826951634 -3.1897361470182735 W 55.94525826951634 -3.1900361470182736 469.47139406204224 541.9694333225489
55.94525826951634 -3.1900361470182736 E 55.94525826951634 -3.1897361470182735 469.47139406204224 540.7194333225489
55.94525826951634 -3.1897361470182735 NW 55.94547040155069 -3.1899482790526292 589.1473507881165 570.4388699680567
55.94547040155069 -3.1899482790526292 ESE 55.94535559652098 -3.189671115192876 589.1473507881165 569.1888699680567
55.94535559652098 -3.189671115192876 WNW 55.94547040155069 -3.1899482790526292 589.1473507881165 567.9388699680567
55.94547040155069 -3.1899482790526292 W 55.94547040155069 -3.1902482790526294 589.1473507881165 566.6888699680567
55.94547040155069 -3.1902482790526294 E 55.94547040155069 -3.1899482790526292 589.1473507881165 565.4388699680567
55.94547040155069 -3.1899482790526292 W 55.94547040155069 -3.1902482790526294 589.1473507881165 564.1888699680567
55.94547040155069 -3.1902482790526294 E 55.94547040155069 -3.1899482790526292 589.1473507881165 562.9388699680567
55.94547040155069 -3.1899482790526292 SW 55.94525826951634 -3.190160411086985 589.1473507881165 561.6888699680567
55.94525826951634 -3.190160411086985 NE 55.94547040155069 -3.1899482790526292 589.1473507881165 560.4388699680567
55.94547040155069 -3.1899482790526292 SW 55.94525826951634 -3.190160411086985 589.1473507881165 559.1888699680567
55.94525826951634 -3.190160411086985 ENE 55.94537307454605 -3.1898832472272316 589.1473507881165 557.9388699680567
55.94537307454605 -3.1898832472272316 WSW 55.94525826951634 -3.190160411086985 589.1473507881165 556.6888699680567
55.94525826951634 -3.190160411086985 E 55.94525826951634 -3.189860411086985 589.1473507881165 555.4388699680567
55.94525826951634 -3.189860411086985 W 55.94525826951634 -3.190160411086985 589.1473507881165 554.1888699680567
55.94525826951634 -3.190160411086985 ESE 55.94514346448663 -3.1898832472272316 637.3978543281555 556.5204796940088
55.94514346448663 -3.1898832472272316 WNW 55.94525826951634 -3.190160411086985 637.3978543281555 555.2704796940088
55.94525826951634 -3.190160411086985 SW 55.94504613748198 -3.1903725431213408 637.3978543281555 554.0204796940088
55.94504613748198 -3.1903725431213408 NE 55.94525826951634 -3.190160411086985 637.3978543281555 552.7704796940088
55.94525826951634 -3.190160411086985 SSW 55.94498110565658 -3.1902752161166945 637.3978543281555 551.5204796940088
55.94498110565658 -3.1902752161166945 N 55.94528110565658 -3.1902752161166945 637.3978543281555 550.2704796940088
55.94528110565658 -3.1902752161166945 S 55.94498110565658 -3.1902752161166945 637.3978543281555 549.0204796940088
55.94498110565658 -3.1902752161166945 N 55.94528110565658 -3.1902752161166945 637.3978543281555 547.7704796940088
55.94528110565658 -3.1902752161166945 SW 55.94506897362223 -3.1904873481510503 637.3978543281555 546.5204796940088
55.94506897362223 -3.1904873481510503 N 55.94536897362223 -3.1904873481510503 637.3978543281555 545.2704796940088
55.94536897362223 -3.1904873481510503 ENE 55.94548377865194 -3.190210184291297 637.3978543281555 544.0204796940088
55.94548377865194 -3.190210184291297 WSW 55.94536897362223 -3.1904873481510503 637.3978543281555 542.7704796940088
55.94536897362223 -3.1904873481510503 ENE 55.94548377865194 -3.190210184291297 637.3978543281555 541.5204796940088
55.94548377865194 -3.190210184291297 WSW 55.94536897362223 -3.1904873481510503 637.3978543281555 540.2704796940088
55.94536897362223 -3.1904873481510503 ENE 55.94548377865194 -3.190210184291297 637.3978543281555 539.0204796940088
55.94548377865194 -3.190210184291297 W 55.94548377865194 -3.190510184291297 637.3978543281555 537.7704796940088
55.94548377865194 -3.190510184291297 NE 55.9456959106863 -3.1902980522569413 637.3978543281555 536.5204796940088
55.9456959106863 -3.1902980522569413 SW 55.94548377865194 -3.190510184291297 637.3978543281555 535.2704796940088
55.94548377865194 -3.190510184291297 ESE 55.94536897362223 -3.1902330204315437 637.3978543281555 534.0204796940088
55.94536897362223 -3.1902330204315437 WNW 55.94548377865194 -3.190510184291297 637.3978543281555 532.7704796940088
55.94548377865194 -3.190510184291297 WNW 55.94559858368165 -3.1907873481510505 637.3978543281555 531.5204796940088
55.94559858368165 -3.1907873481510505 SE 55.945386451647295 -3.1905752161166947 637.3978543281555 530.2704796940088
55.945386451647295 -3.1905752161166947 WNW 55.945501256677005 -3.190852379976448 637.3978543281555 529.0204796940088
55.945501256677005 -3.190852379976448 SE 55.94528912464265 -3.1906402479420923 637.3978543281555 527.7704796940088
55.94528912464265 -3.1906402479420923 NW 55.945501256677005 -3.190852379976448 637.3978543281555 526.5204796940088
55.945501256677005 -3.190852379976448 E 55.945501256677005 -3.190552379976448 718.5449566841125 631.6417031437159
55.945501256677005 -3.190552379976448 W 55.945501256677005 -3.190852379976448 718.5449566841125 630.3917031437159
55.945501256677005 -3.190852379976448 NNE 55.94577842053676 -3.1907375749467386 718.5449566841125 629.1417031437159
55.94577842053676 -3.1907375749467386 SSE 55.945501256677005 -3.190622769917029 718.5449566841125 627.8917031437159
55.945501256677005 -3.190622769917029 NW 55.94571338871136 -3.190834901951385 718.5449566841125 626.6417031437159
55.94571338871136 -3.190834901951385 E 55.94571338871136 -3.1905349019513847 718.5449566841125 625.3917031437159
55.94571338871136 -3.1905349019513847 NW 55.94592552074572 -3.1907470339857404 718.5449566841125 624.1417031437159
55.94592552074572 -3.1907470339857404 W 55.94592552074572 -3.1910470339857406 718.5449566841125 622.8917031437159
