55.944425 -3.188396 NNE 55.94470216385976 -3.1882811949702905 0.0 248.75
55.94470216385976 -3.1882811949702905 S 55.944402163859756 -3.1882811949702905 0.0 247.5
55.944402163859756 -3.1882811949702905 WSW 55.944287358830046 -3.188558358830044 0.0 246.25
55.944287358830046 -3.188558358830044 ENE 55.944402163859756 -3.1882811949702905 0.0 245.0
55.944402163859756 -3.1882811949702905 SW 55.9441900318254 -3.1884933270046463 0.0 243.75
55.9441900318254 -3.1884933270046463 ENE 55.94430483685511 -3.188216163144893 0.0 242.5
55.94430483685511 -3.188216163144893 WSW 55.9441900318254 -3.1884933270046463 0.0 241.25
55.9441900318254 -3.1884933270046463 ENE 55.94430483685511 -3.188216163144893 0.0 240.0
55.94430483685511 -3.188216163144893 WSW 55.9441900318254 -3.1884933270046463 0.0 238.75
55.9441900318254 -3.1884933270046463 N 55.9444900318254 -3.1884933270046463 0.0 237.5
55.9444900318254 -3.1884933270046463 S 55.9441900318254 -3.1884933270046463 0.0 236.25
55.9441900318254 -3.1884933270046463 SE 55.943977899791044 -3.1882811949702905 0.0 235.0
55.943977899791044 -3.1882811949702905 NW 55.9441900318254 -3.1884933270046463 0.0 233.75
55.9441900318254 -3.1884933270046463 SSE 55.94391286796564 -3.1883785219749368 0.0 232.5
55.94391286796564 -3.1883785219749368 NNW 55.9441900318254 -3.1884933270046463 0.0 231.25
55.9441900318254 -3.1884933270046463 SSE 55.94391286796564 -3.1883785219749368 0.0 230.0
55.94391286796564 -3.1883785219749368 NNW 55.9441900318254 -3.1884933270046463 0.0 228.75
55.9441900318254 -3.1884933270046463 S 55.9438900318254 -3.1884933270046463 0.0 227.5
55.9438900318254 -3.1884933270046463 N 55.9441900318254 -3.1884933270046463 0.0 226.25
55.9441900318254 -3.1884933270046463 S 55.9438900318254 -3.1884933270046463 0.0 225.0
55.9438900318254 -3.1884933270046463 NNW 55.944167195685154 -3.188608132034356 0.0 223.75
55.944167195685154 -3.188608132034356 SSE 55.9438900318254 -3.1884933270046463 0.0 222.5
55.9438900318254 -3.1884933270046463 NE 55.94410216385975 -3.1882811949702905 0.0 221.25
55.94410216385975 -3.1882811949702905 SW 55.9438900318254 -3.1884933270046463 0.0 220.0
55.9438900318254 -3.1884933270046463 E 55.9438900318254 -3.188193327004646 0.0 218.75
55.9438900318254 -3.188193327004646 W 55.9438900318254 -3.1884933270046463 0.0 217.5
55.9438900318254 -3.1884933270046463 E 55.9438900318254 -3.188193327004646 0.0 216.25
55.9438900318254 -3.188193327004646 W 55.9438900318254 -3.1884933270046463 0.0 215.0
55.9438900318254 -3.1884933270046463 E 55.9438900318254 -3.188193327004646 0.0 213.75
55.9438900318254 -3.188193327004646 WSW 55.94377522679569 -3.1884704908643995 0.0 212.5
55.94377522679569 -3.1884704908643995 ENE 55.9438900318254 -3.188193327004646 0.0 211.25
55.9438900318254 -3.188193327004646 NW 55.94410216385975 -3.188405459039002 0.0 210.0
55.94410216385975 -3.188405459039002 SE 55.9438900318254 -3.188193327004646 0.0 208.75
55.9438900318254 -3.188193327004646 SSW 55.94361286796564 -3.1883081320343556 0.0 207.5
55.94361286796564 -3.1883081320343556 NNE 55.9438900318254 -3.188193327004646 0.0 206.25
55.9438900318254 -3.188193327004646 SSW 55.94361286796564 -3.1883081320343556 0.0 205.0
55.94361286796564 -3.1883081320343556 NE 55.943825 -3.188096 0.0 203.75
55.943825 -3.188096 SW 55.94361286796564 -3.1883081320343556 0.0 202.5
55.94361286796564 -3.1883081320343556 NE 55.943825 -3.188096 0.0 201.25
55.943825 -3.188096 SW 55.94361286796564 -3.1883081320343556 0.0 200.0
55.94361286796564 -3.1883081320343556 ENE 55.94372767299535 -3.188030968174602 0.0 198.75
55.94372767299535 -3.188030968174602 WSW 55.94361286796564 -3.1883081320343556 0.0 197.5
55.94361286796564 -3.1883081320343556 E 55.94361286796564 -3.1880081320343554 59.0958137512207 293.6739501953125
55.94361286796564 -3.1880081320343554 W 55.94361286796564 -3.1883081320343556 59.0958137512207 292.4239501953125
55.94361286796564 -3.1883081320343556 E 55.94361286796564 -3.1880081320343554 59.0958137512207 291.1739501953125
55.94361286796564 -3.1880081320343554 NW 55.943825 -3.188220264068711 135.4737205505371 393.5031967163086
55.943825 -3.188220264068711 SE 55.94361286796564 -3.1880081320343554 135.4737205505371 392.2531967163086
55.94361286796564 -3.1880081320343554 NNW 55.9438900318254 -3.188122937064065 137.31699180603027 483.0235061645508
55.9438900318254 -3.188122937064065 SSE 55.94361286796564 -3.1880081320343554 137.31699180603027 481.7735061645508
55.94361286796564 -3.1880081320343554 NE 55.943825 -3.1877959999999996 218.19198417663574 534.473445892334
55.943825 -3.1877959999999996 SW 55.94361286796564 -3.1880081320343554 218.19198417663574 533.223445892334
55.94361286796564 -3.1880081320343554 NNE 55.9438900318254 -3.187893327004646 218.19198417663574 531.973445892334
55.9438900318254 -3.187893327004646 SW 55.94367789979104 -3.1881054590390017 218.19198417663574 530.723445892334
55.94367789979104 -3.1881054590390017 NNE 55.9439550636508 -3.187990654009292 218.19198417663574 529.473445892334
55.9439550636508 -3.187990654009292 SW 55.94374293161644 -3.188202786043648 281.9084072113037 645.5373420715332
55.94374293161644 -3.188202786043648 NE 55.9439550636508 -3.187990654009292 281.9084072113037 644.2873420715332
55.9439550636508 -3.187990654009292 WSW 55.94384025862109 -3.1882678178690456 281.9084072113037 643.0373420715332
55.94384025862109 -3.1882678178690456 ENE 55.9439550636508 -3.187990654009292 281.9084072113037 641.7873420715332
55.9439550636508 -3.187990654009292 W 55.9439550636508 -3.1882906540092923 281.9084072113037 640.5373420715332
55.9439550636508 -3.1882906540092923 E 55.9439550636508 -3.187990654009292 281.9084072113037 639.2873420715332
55.9439550636508 -3.187990654009292 WSW 55.94384025862109 -3.1882678178690456 281.9084072113037 638.0373420715332
55.94384025862109 -3.1882678178690456 NE 55.94405239065544 -3.18805568583469 281.9084072113037 636.7873420715332
55.94405239065544 -3.18805568583469 WSW 55.94393758562573 -3.188332849694443 281.9084072113037 635.5373420715332
55.94393758562573 -3.188332849694443 ENE 55.94405239065544 -3.18805568583469 281.9084072113037 634.2873420715332
55.94405239065544 -3.18805568583469 WSW 55.94393758562573 -3.188332849694443 281.9084072113037 633.0373420715332
55.94393758562573 -3.188332849694443 NE 55.94414971766009 -3.1881207176600874 281.9084072113037 631.7873420715332
55.94414971766009 -3.1881207176600874 WSW 55.94403491263038 -3.188397881519841 281.9084072113037 630.5373420715332
55.94403491263038 -3.188397881519841 ENE 55.94414971766009 -3.1881207176600874 281.9084072113037 629.2873420715332
55.94414971766009 -3.1881207176600874 ENE 55.9442645226898 -3.187843553800334 281.9084072113037 628.0373420715332
55.9442645226898 -3.187843553800334 WSW 55.94414971766009 -3.1881207176600874 281.9084072113037 626.7873420715332
55.94414971766009 -3.1881207176600874 NNW 55.944426881519846 -3.188235522689797 327.53806495666504 666.6978073120117
55.944426881519846 -3.188235522689797 SSE 55.94414971766009 -3.1881207176600874 327.53806495666504 665.4478073120117
55.94414971766009 -3.1881207176600874 NW 55.944361849694445 -3.188332849694443 327.53806495666504 664.1978073120117
55.944361849694445 -3.188332849694443 SE 55.94414971766009 -3.1881207176600874 327.53806495666504 662.9478073120117
55.94414971766009 -3.1881207176600874 NNW 55.944426881519846 -3.188235522689797 327.53806495666504 661.6978073120117
55.944426881519846 -3.188235522689797 S 55.94412688151984 -3.188235522689797 327.53806495666504 660.4478073120117
55.94412688151984 -3.188235522689797 N 55.944426881519846 -3.188235522689797 327.53806495666504 659.1978073120117
55.944426881519846 -3.188235522689797 SSW 55.94414971766009 -3.1883503277195064 327.53806495666504 657.9478073120117
55.94414971766009 -3.1883503277195064 NNE 55.944426881519846 -3.188235522689797 327.53806495666504 656.6978073120117
55.944426881519846 -3.188235522689797 WSW 55.944312076490135 -3.1885126865495503 327.53806495666504 655.4478073120117
55.944312076490135 -3.1885126865495503 ENE 55.944426881519846 -3.188235522689797 327.53806495666504 654.1978073120117
55.944426881519846 -3.188235522689797 WSW 55.944312076490135 -3.1885126865495503 327.53806495666504 652.9478073120117
55.944312076490135 -3.1885126865495503 ENE 55.944426881519846 -3.188235522689797 327.53806495666504 651.6978073120117
55.944426881519846 -3.188235522689797 NNE 55.9447040453796 -3.1881207176600874 327.53806495666504 650.4478073120117
55.9447040453796 -3.1881207176600874 SSW 55.944426881519846 -3.188235522689797 327.53806495666504 649.1978073120117
55.944426881519846 -3.188235522689797 NNW 55.9447040453796 -3.1883503277195064 327.53806495666504 647.9478073120117
55.9447040453796 -3.1883503277195064 SSE 55.944426881519846 -3.188235522689797 327.53806495666504 646.6978073120117
55.944426881519846 -3.188235522689797 N 55.94472688151985 -3.188235522689797 327.53806495666504 645.4478073120117
55.94472688151985 -3.188235522689797 S 55.944426881519846 -3.188235522689797 327.53806495666504 644.1978073120117
55.944426881519846 -3.188235522689797 N 55.94472688151985 -3.188235522689797 327.53806495666504 642.9478073120117
55.94472688151985 -3.188235522689797 S 55.944426881519846 -3.188235522689797 327.53806495666504 641.6978073120117
55.944426881519846 -3.188235522689797 N 55.94472688151985 -3.188235522689797 327.53806495666504 640.4478073120117
55.94472688151985 -3.188235522689797 S 55.944426881519846 -3.188235522689797 327.53806495666504 639.1978073120117
55.944426881519846 -3.188235522689797 N 55.94472688151985 -3.188235522689797 327.53806495666504 637.9478073120117
55.94472688151985 -3.188235522689797 SW 55.94451474948549 -3.1884476547241527 327.53806495666504 636.6978073120117
55.94451474948549 -3.1884476547241527 NE 55.94472688151985 -3.188235522689797 327.53806495666504 635.4478073120117
55.94472688151985 -3.188235522689797 SW 55.94451474948549 -3.1884476547241527 327.53806495666504 634.1978073120117
55.94451474948549 -3.1884476547241527 NNE 55.94479191334525 -3.188332849694443 327.53806495666504 632.9478073120117
55.94479191334525 -3.188332849694443 WSW 55.94467710831554 -3.1886100135541966 327.53806495666504 631.6978073120117
55.94467710831554 -3.1886100135541966 NE 55.944889240349895 -3.188397881519841 327.53806495666504 630.4478073120117
55.944889240349895 -3.188397881519841 NNE 55.94516640420965 -3.1882830764901313 327.53806495666504 629.1978073120117
55.94516640420965 -3.1882830764901313 SSW 55.944889240349895 -3.188397881519841 327.53806495666504 627.9478073120117
55.944889240349895 -3.188397881519841 S 55.94458924034989 -3.188397881519841 327.53806495666504 626.6978073120117
55.94458924034989 -3.188397881519841 N 55.944889240349895 -3.188397881519841 327.53806495666504 625.4478073120117
55.944889240349895 -3.188397881519841 E 55.944889240349895 -3.1880978815198406 327.53806495666504 624.1978073120117
55.944889240349895 -3.1880978815198406 W 55.944889240349895 -3.188397881519841 327.53806495666504 622.9478073120117
55.944889240349895 -3.188397881519841 E 55.944889240349895 -3.1880978815198406 327.53806495666504 621.6978073120117
55.944889240349895 -3.1880978815198406 WNW 55.945004045379605 -3.188375045379594 327.53806495666504 620.4478073120117
55.945004045379605 -3.188375045379594 ESE 55.944889240349895 -3.1880978815198406 327.53806495666504 619.1978073120117
55.944889240349895 -3.1880978815198406 W 55.944889240349895 -3.188397881519841 327.53806495666504 617.9478073120117
55.944889240349895 -3.188397881519841 E 55.944889240349895 -3.1880978815198406 327.53806495666504 616.6978073120117
55.944889240349895 -3.1880978815198406 NW 55.94510137238425 -3.1883100135541964 327.53806495666504 615.4478073120117
55.94510137238425 -3.1883100135541964 SE 55.944889240349895 -3.1880978815198406 327.53806495666504 614.1978073120117
55.944889240349895 -3.1880978815198406 ESE 55.944774435320184 -3.1878207176600872 333.11601161956787 644.3915157318115
55.944774435320184 -3.1878207176600872 WNW 55.944889240349895 -3.1880978815198406 333.11601161956787 643.1415157318115
55.944889240349895 -3.1880978815198406 SSW 55.94461207649014 -3.18821268654955 333.11601161956787 641.8915157318115
55.94461207649014 -3.18821268654955 N 55.94491207649014 -3.18821268654955 333.11601161956787 640.6415157318115
55.94491207649014 -3.18821268654955 SSW 55.944634912630384 -3.1883274915792597 333.11601161956787 639.3915157318115
55.944634912630384 -3.1883274915792597 NNE 55.94491207649014 -3.18821268654955 333.11601161956787 638.1415157318115
55.94491207649014 -3.18821268654955 W 55.94491207649014 -3.1885126865495503 391.57036876678467 701.3418788909912
55.94491207649014 -3.1885126865495503 E 55.94491207649014 -3.18821268654955 391.57036876678467 700.0918788909912
55.94491207649014 -3.18821268654955 WNW 55.94502688151985 -3.1884898504093035 391.57036876678467 698.8418788909912
55.94502688151985 -3.1884898504093035 ESE 55.94491207649014 -3.18821268654955 391.57036876678467 697.5918788909912
55.94491207649014 -3.18821268654955 WNW 55.94502688151985 -3.1884898504093035 391.57036876678467 696.3418788909912
55.94502688151985 -3.1884898504093035 SE 55.944814749485495 -3.1882777183749478 391.57036876678467 695.0918788909912
55.944814749485495 -3.1882777183749478 NW 55.94502688151985 -3.1884898504093035 391.57036876678467 693.8418788909912
55.94502688151985 -3.1884898504093035 SW 55.944814749485495 -3.1887019824436593 391.57036876678467 692.5918788909912
55.944814749485495 -3.1887019824436593 ENE 55.944929554515205 -3.188424818583906 391.57036876678467 691.3418788909912
55.944929554515205 -3.188424818583906 WSW 55.944814749485495 -3.1887019824436593 391.57036876678467 690.0918788909912
55.944814749485495 -3.1887019824436593 E 55.944814749485495 -3.188401982443659 391.57036876678467 688.8418788909912
55.944814749485495 -3.188401982443659 WSW 55.944699944455785 -3.1886791463034125 391.57036876678467 687.5918788909912
55.944699944455785 -3.1886791463034125 ENE 55.944814749485495 -3.188401982443659 391.57036876678467 686.3418788909912
55.944814749485495 -3.188401982443659 WSW 55.944699944455785 -3.1886791463034125 391.57036876678467 685.0918788909912
55.944699944455785 -3.1886791463034125 E 55.944699944455785 -3.1883791463034123 391.57036876678467 683.8418788909912
55.944699944455785 -3.1883791463034123 W 55.944699944455785 -3.1886791463034125 391.57036876678467 682.5918788909912
55.944699944455785 -3.1886791463034125 SE 55.94448781242143 -3.1884670142690568 391.57036876678467 681.3418788909912
55.94448781242143 -3.1884670142690568 NW 55.944699944455785 -3.1886791463034125 391.57036876678467 680.0918788909912
55.944699944455785 -3.1886791463034125 N 55.94499994445579 -3.1886791463034125 391.57036876678467 678.8418788909912
55.94499994445579 -3.1886791463034125 S 55.944699944455785 -3.1886791463034125 391.57036876678467 677.5918788909912
55.944699944455785 -3.1886791463034125 E 55.944699944455785 -3.1883791463034123 391.57036876678467 676.3418788909912
55.944699944455785 -3.1883791463034123 W 55.944699944455785 -3.1886791463034125 391.57036876678467 675.0918788909912
55.944699944455785 -3.1886791463034125 N 55.94499994445579 -3.1886791463034125 391.57036876678467 673.8418788909912
55.94499994445579 -3.1886791463034125 S 55.944699944455785 -3.1886791463034125 391.57036876678467 672.5918788909912
55.944699944455785 -3.1886791463034125 N 55.94499994445579 -3.1886791463034125 391.57036876678467 671.3418788909912
55.94499994445579 -3.1886791463034125 SW 55.94478781242143 -3.1888912783377683 391.57036876678467 670.0918788909912
55.94478781242143 -3.1888912783377683 ENE 55.94490261745114 -3.188614114478015 391.57036876678467 668.8418788909912
55.94490261745114 -3.188614114478015 WSW 55.94478781242143 -3.1888912783377683 391.57036876678467 667.5918788909912
55.94478781242143 -3.1888912783377683 NE 55.94499994445579 -3.1886791463034125 391.57036876678467 666.3418788909912
55.94499994445579 -3.1886791463034125 SW 55.94478781242143 -3.1888912783377683 391.57036876678467 665.0918788909912
55.94478781242143 -3.1888912783377683 NNE 55.94506497628119 -3.188776473308059 391.57036876678467 663.8418788909912
55.94506497628119 -3.188776473308059 SSW 55.94478781242143 -3.1888912783377683 391.57036876678467 662.5918788909912
55.94478781242143 -3.1888912783377683 NNE 55.94506497628119 -3.188776473308059 391.57036876678467 661.3418788909912
55.94506497628119 -3.188776473308059 SSW 55.94478781242143 -3.1888912783377683 391.57036876678467 660.0918788909912
55.94478781242143 -3.1888912783377683 N 55.945087812421434 -3.1888912783377683 391.57036876678467 658.8418788909912
55.945087812421434 -3.1888912783377683 S 55.94478781242143 -3.1888912783377683 391.57036876678467 657.5918788909912
55.94478781242143 -3.1888912783377683 WNW 55.94490261745114 -3.1891684421975217 391.57036876678467 656.3418788909912
55.94490261745114 -3.1891684421975217 ESE 55.94478781242143 -3.1888912783377683 391.57036876678467 655.0918788909912
55.94478781242143 -3.1888912783377683 WNW 55.94490261745114 -3.1891684421975217 391.57036876678467 653.8418788909912
55.94490261745114 -3.1891684421975217 ESE 55.94478781242143 -3.1888912783377683 391.57036876678467 652.5918788909912
55.94478781242143 -3.1888912783377683 WNW 55.94490261745114 -3.1891684421975217 391.57036876678467 651.3418788909912
55.94490261745114 -3.1891684421975217 ENE 55.94501742248085 -3.1888912783377683 391.57036876678467 650.0918788909912
55.94501742248085 -3.1888912783377683 SW 55.944805290446496 -3.189103410372124 391.57036876678467 648.8418788909912
55.944805290446496 -3.189103410372124 NE 55.94501742248085 -3.1888912783377683 391.57036876678467 647.5918788909912
55.94501742248085 -3.1888912783377683 SW 55.944805290446496 -3.189103410372124 391.57036876678467 646.3418788909912
55.944805290446496 -3.189103410372124 NE 55.94501742248085 -3.1888912783377683 391.57036876678467 645.0918788909912
55.94501742248085 -3.1888912783377683 SW 55.944805290446496 -3.189103410372124 391.57036876678467 643.8418788909912
55.944805290446496 -3.189103410372124 NE 55.94501742248085 -3.1888912783377683 391.57036876678467 642.5918788909912
55.94501742248085 -3.1888912783377683 SE 55.944805290446496 -3.1886791463034125 391.57036876678467 641.3418788909912
55.944805290446496 -3.1886791463034125 NW 55.94501742248085 -3.1888912783377683 391.57036876678467 640.0918788909912
55.94501742248085 -3.1888912783377683 E 55.94501742248085 -3.188591278337768 391.57036876678467 638.8418788909912
55.94501742248085 -3.188591278337768 NW 55.94522955451521 -3.188803410372124 391.57036876678467 637.5918788909912
55.94522955451521 -3.188803410372124 SE 55.94501742248085 -3.188591278337768 391.57036876678467 636.3418788909912
55.94501742248085 -3.188591278337768 NW 55.94522955451521 -3.188803410372124 391.57036876678467 635.0918788909912
55.94522955451521 -3.188803410372124 SSE 55.94495239065545 -3.1886886053424144 391.57036876678467 633.8418788909912
55.94495239065545 -3.1886886053424144 N 55.945252390655455 -3.1886886053424144 391.57036876678467 632.5918788909912
55.945252390655455 -3.1886886053424144 SSW 55.9449752267957 -3.188803410372124 479.9751310348511 649.642183303833
55.9449752267957 -3.188803410372124 NNE 55.945252390655455 -3.1886886053424144 479.9751310348511 648.392183303833
55.945252390655455 -3.1886886053424144 ESE 55.945137585625744 -3.188411441482661 479.9751310348511 647.142183303833
55.945137585625744 -3.188411441482661 WNW 55.945252390655455 -3.1886886053424144 479.9751310348511 645.892183303833
55.945252390655455 -3.1886886053424144 S 55.94495239065545 -3.1886886053424144 479.9751310348511 644.642183303833
55.94495239065545 -3.1886886053424144 NNE 55.94522955451521 -3.188573800312705 479.9751310348511 643.392183303833
55.94522955451521 -3.188573800312705 E 55.94522955451521 -3.1882738003127047 479.9751310348511 642.142183303833
55.94522955451521 -3.1882738003127047 W 55.94522955451521 -3.188573800312705 479.9751310348511 640.892183303833
55.94522955451521 -3.188573800312705 ESE 55.9451147494855 -3.1882966364529515 479.9751310348511 639.642183303833
55.9451147494855 -3.1882966364529515 SW 55.94490261745114 -3.1885087684873072 479.9751310348511 638.392183303833
55.94490261745114 -3.1885087684873072 NE 55.9451147494855 -3.1882966364529515 479.9751310348511 637.142183303833
55.9451147494855 -3.1882966364529515 SW 55.94490261745114 -3.1885087684873072 479.9751310348511 635.892183303833
55.94490261745114 -3.1885087684873072 ENE 55.94501742248085 -3.188231604627554 479.9751310348511 634.642183303833
55.94501742248085 -3.188231604627554 W 55.94501742248085 -3.188531604627554 479.9751310348511 633.392183303833
55.94501742248085 -3.188531604627554 E 55.94501742248085 -3.188231604627554 479.9751310348511 632.142183303833
55.94501742248085 -3.188231604627554 NNW 55.94529458634061 -3.1883464096572633 479.9751310348511 630.892183303833
55.94529458634061 -3.1883464096572633 SSE 55.94501742248085 -3.188231604627554 479.9751310348511 629.642183303833
55.94501742248085 -3.188231604627554 NNW 55.94529458634061 -3.1883464096572633 479.9751310348511 628.392183303833
55.94529458634061 -3.1883464096572633 SSE 55.94501742248085 -3.188231604627554 479.9751310348511 627.142183303833
55.94501742248085 -3.188231604627554 N 55.945317422480855 -3.188231604627554 479.9751310348511 625.892183303833
55.945317422480855 -3.188231604627554 S 55.94501742248085 -3.188231604627554 479.9751310348511 624.642183303833
55.94501742248085 -3.188231604627554 N 55.945317422480855 -3.188231604627554 479.9751310348511 623.392183303833
55.945317422480855 -3.188231604627554 SW 55.9451052904465 -3.1884437366619096 479.9751310348511 622.142183303833
55.9451052904465 -3.1884437366619096 NE 55.945317422480855 -3.188231604627554 479.9751310348511 620.892183303833
55.945317422480855 -3.188231604627554 WNW 55.945432227510565 -3.1885087684873072 479.9751310348511 619.642183303833
55.945432227510565 -3.1885087684873072 ESE 55.945317422480855 -3.188231604627554 479.9751310348511 618.392183303833
55.945317422480855 -3.188231604627554 SW 55.9451052904465 -3.1884437366619096 479.9751310348511 617.142183303833
55.9451052904465 -3.1884437366619096 NE 55.945317422480855 -3.188231604627554 479.9751310348511 615.892183303833
55.945317422480855 -3.188231604627554 WNW 55.945432227510565 -3.1885087684873072 479.9751310348511 614.642183303833
55.945432227510565 -3.1885087684873072 ESE 55.945317422480855 -3.188231604627554 479.9751310348511 613.392183303833
55.945317422480855 -3.188231604627554 WNW 55.945432227510565 -3.1885087684873072 479.9751310348511 612.142183303833
55.945432227510565 -3.1885087684873072 ENE 55.945547032540276 -3.188231604627554 479.9751310348511 610.892183303833
55.945547032540276 -3.188231604627554 WSW 55.945432227510565 -3.1885087684873072 479.9751310348511 609.642183303833
55.945432227510565 -3.1885087684873072 ENE 55.945547032540276 -3.188231604627554 479.9751310348511 608.392183303833
55.945547032540276 -3.188231604627554 WSW 55.945432227510565 -3.1885087684873072 479.9751310348511 607.142183303833
55.945432227510565 -3.1885087684873072 ENE 55.945547032540276 -3.188231604627554 479.9751310348511 605.892183303833
55.945547032540276 -3.188231604627554 WSW 55.945432227510565 -3.1885087684873072 479.9751310348511 604.642183303833
55.945432227510565 -3.1885087684873072 ENE 55.945547032540276 -3.188231604627554 479.9751310348511 603.392183303833
55.945547032540276 -3.188231604627554 NNW 55.94582419640003 -3.1883464096572633 479.9751310348511 602.142183303833
55.94582419640003 -3.1883464096572633 SSE 55.945547032540276 -3.188231604627554 479.9751310348511 600.892183303833
55.945547032540276 -3.188231604627554 NNW 55.94582419640003 -3.1883464096572633 479.9751310348511 599.642183303833
55.94582419640003 -3.1883464096572633 SE 55.945612064365676 -3.1881342776229076 479.9751310348511 598.392183303833
55.945612064365676 -3.1881342776229076 WSW 55.945497259335966 -3.188411441482661 479.9751310348511 597.142183303833
55.945497259335966 -3.188411441482661 ENE 55.945612064365676 -3.1881342776229076 479.9751310348511 595.892183303833
55.945612064365676 -3.1881342776229076 ESE 55.945497259335966 -3.187857113763154 577.7727613449097 714.0869159698486
55.945497259335966 -3.187857113763154 W 55.945497259335966 -3.1881571137631544 577.7727613449097 712.8369159698486
55.945497259335966 -3.1881571137631544 E 55.945497259335966 -3.187857113763154 577.7727613449097 711.5869159698486
55.945497259335966 -3.187857113763154 W 55.945497259335966 -3.1881571137631544 577.7727613449097 710.3369159698486
55.945497259335966 -3.1881571137631544 E 55.945497259335966 -3.187857113763154 577.7727613449097 709.0869159698486
55.945497259335966 -3.187857113763154 W 55.945497259335966 -3.1881571137631544 577.7727613449097 707.8369159698486
55.945497259335966 -3.1881571137631544 E 55.945497259335966 -3.187857113763154 577.7727613449097 706.5869159698486
55.945497259335966 -3.187857113763154 NW 55.94570939137032 -3.18806924579751 577.7727613449097 705.3369159698486
55.94570939137032 -3.18806924579751 SE 55.945497259335966 -3.187857113763154 577.7727613449097 704.0869159698486
55.945497259335966 -3.187857113763154 NNW 55.94577442319572 -3.1879719187928637 577.7727613449097 702.8369159698486
55.94577442319572 -3.1879719187928637 SSE 55.945497259335966 -3.187857113763154 577.7727613449097 701.5869159698486
55.945497259335966 -3.187857113763154 NW 55.94570939137032 -3.18806924579751 577.7727613449097 700.3369159698486
55.94570939137032 -3.18806924579751 SE 55.945497259335966 -3.187857113763154 577.7727613449097 699.0869159698486
55.945497259335966 -3.187857113763154 NW 55.94570939137032 -3.18806924579751 577.7727613449097 697.8369159698486
55.94570939137032 -3.18806924579751 S 55.94540939137032 -3.18806924579751 577.7727613449097 696.5869159698486
55.94540939137032 -3.18806924579751 N 55.94570939137032 -3.18806924579751 577.7727613449097 695.3369159698486
55.94570939137032 -3.18806924579751 ENE 55.94582419640003 -3.1877920819377565 578.3681797385216 764.4324970245361
55.94582419640003 -3.1877920819377565 WSW 55.94570939137032 -3.18806924579751 578.3681797385216 763.1824970245361
55.94570939137032 -3.18806924579751 ENE 55.94582419640003 -3.1877920819377565 578.3681797385216 761.9324970245361
55.94582419640003 -3.1877920819377565 WSW 55.94570939137032 -3.18806924579751 578.3681797385216 760.6824970245361
55.94570939137032 -3.18806924579751 ENE 55.94582419640003 -3.1877920819377565 578.3681797385216 759.4324970245361
55.94582419640003 -3.1877920819377565 WSW 55.94570939137032 -3.18806924579751 578.3681797385216 758.1824970245361
55.94570939137032 -3.18806924579751 ENE 55.94582419640003 -3.1877920819377565 578.3681797385216 756.9324970245361
55.94582419640003 -3.1877920819377565 W 55.94582419640003 -3.1880920819377567 578.3681797385216 755.6824970245361
55.94582419640003 -3.1880920819377567 E 55.94582419640003 -3.1877920819377565 578.3681797385216 754.4324970245361
55.94582419640003 -3.1877920819377565 W 55.94582419640003 -3.1880920819377567 578.3681797385216 753.1824970245361
55.94582419640003 -3.1880920819377567 WNW 55.94593900142974 -3.18836924579751 578.3681797385216 751.9324970245361
55.94593900142974 -3.18836924579751 ESE 55.94582419640003 -3.1880920819377567 578.3681797385216 750.6824970245361
55.94582419640003 -3.1880920819377567 SSE 55.945547032540276 -3.187977276908047 578.3681797385216 749.4324970245361
55.945547032540276 -3.187977276908047 NNW 55.94582419640003 -3.1880920819377567 578.3681797385216 748.1824970245361
55.94582419640003 -3.1880920819377567 SSW 55.945547032540276 -3.1882068869674662 626.5676998496056 858.4965229034424
