55.944425 -3.188396 NNE 55.94470216385976 -3.1882811949702905 0.0 248.75
55.94470216385976 -3.1882811949702905 S 55.944402163859756 -3.1882811949702905 0.0 247.5
55.944402163859756 -3.1882811949702905 WSW 55.944287358830046 -3.188558358830044 0.0 246.25
55.944287358830046 -3.188558358830044 ENE 55.944402163859756 -3.1882811949702905 0.0 245.0
55.944402163859756 -3.1882811949702905 SW 55.9441900318254 -3.1884933270046463 0.0 243.75
55.9441900318254 -3.1884933270046463 ENE 55.94430483685511 -3.188216163144893 0.0 242.5
55.94430483685511 -3.188216163144893 WSW 55.9441900318254 -3.1884933270046463 0.0 241.25
55.9441900318254 -3.1884933270046463 S 55.9438900318254 -3.1884933270046463 0.0 240.0
55.9438900318254 -3.1884933270046463 N 55.9441900318254 -3.1884933270046463 0.0 238.75
55.9441900318254 -3.1884933270046463 NE 55.944402163859756 -3.1882811949702905 0.0 237.5
55.944402163859756 -3.1882811949702905 SW 55.9441900318254 -3.1884933270046463 0.0 236.25
55.9441900318254 -3.1884933270046463 SE 55.943977899791044 -3.1882811949702905 0.0 235.0
55.943977899791044 -3.1882811949702905 NW 55.9441900318254 -3.1884933270046463 0.0 233.75
55.9441900318254 -3.1884933270046463 SSE 55.94391286796564 -3.1883785219749368 0.0 232.5
55.94391286796564 -3.1883785219749368 NNW 55.9441900318254 -3.1884933270046463 0.0 231.25
55.9441900318254 -3.1884933270046463 SSE 55.94391286796564 -3.1883785219749368 0.0 230.0
55.94391286796564 -3.1883785219749368 NNW 55.9441900318254 -3.1884933270046463 0.0 228.75
55.9441900318254 -3.1884933270046463 S 55.9438900318254 -3.1884933270046463 0.0 227.5
55.9438900318254 -3.1884933270046463 N 55.9441900318254 -3.1884933270046463 0.0 226.25
55.9441900318254 -3.1884933270046463 S 55.9438900318254 -3.1884933270046463 0.0 225.0
55.9438900318254 -3.1884933270046463 NNW 55.944167195685154 -3.188608132034356 0.0 223.75
55.944167195685154 -3.188608132034356 SSE 55.9438900318254 -3.1884933270046463 0.0 222.5
55.9438900318254 -3.1884933270046463 NNE 55.944167195685154 -3.1883785219749368 0.0 221.25
55.944167195685154 -3.1883785219749368 SSW 55.9438900318254 -3.1884933270046463 0.0 220.0
55.9438900318254 -3.1884933270046463 NE 55.94410216385975 -3.1882811949702905 0.0 218.75
55.94410216385975 -3.1882811949702905 SSW 55.943825 -3.188396 0.0 217.5
55.943825 -3.188396 E 55.943825 -3.188096 0.0 216.25
55.943825 -3.188096 W 55.943825 -3.188396 0.0 215.0
55.943825 -3.188396 NE 55.94403713203435 -3.1881838679656442 0.0 213.75
55.94403713203435 -3.1881838679656442 SW 55.943825 -3.188396 0.0 212.5
55.943825 -3.188396 NE 55.94403713203435 -3.1881838679656442 0.0 211.25
55.94403713203435 -3.1881838679656442 SW 55.943825 -3.188396 0.0 210.0
55.943825 -3.188396 E 55.943825 -3.188096 0.0 208.75
55.943825 -3.188096 WNW 55.94393980502971 -3.1883731638597532 0.0 207.5
55.94393980502971 -3.1883731638597532 ESE 55.943825 -3.188096 0.0 206.25
55.943825 -3.188096 W 55.943825 -3.188396 0.0 205.0
55.943825 -3.188396 SE 55.94361286796564 -3.1881838679656442 0.0 203.75
55.94361286796564 -3.1881838679656442 NNW 55.9438900318254 -3.1882986729953537 0.0 202.5
55.9438900318254 -3.1882986729953537 SSE 55.94361286796564 -3.1881838679656442 0.0 201.25
55.94361286796564 -3.1881838679656442 N 55.94391286796564 -3.1881838679656442 0.0 200.0
55.94391286796564 -3.1881838679656442 S 55.94361286796564 -3.1881838679656442 0.0 198.75
55.94361286796564 -3.1881838679656442 NNE 55.9438900318254 -3.1880690629359347 0.0 197.5
55.9438900318254 -3.1880690629359347 SSW 55.94361286796564 -3.1881838679656442 0.0 196.25
55.94361286796564 -3.1881838679656442 NNE 55.9438900318254 -3.1880690629359347 0.0 195.0
55.9438900318254 -3.1880690629359347 SSW 55.94361286796564 -3.1881838679656442 0.0 193.75
55.94361286796564 -3.1881838679656442 E 55.94361286796564 -3.187883867965644 0.0 192.5
55.94361286796564 -3.187883867965644 W 55.94361286796564 -3.1881838679656442 0.0 191.25
55.94361286796564 -3.1881838679656442 E 55.94361286796564 -3.187883867965644 0.0 190.0
55.94361286796564 -3.187883867965644 W 55.94361286796564 -3.1881838679656442 0.0 188.75
55.94361286796564 -3.1881838679656442 E 55.94361286796564 -3.187883867965644 0.0 187.5
55.94361286796564 -3.187883867965644 W 55.94361286796564 -3.1881838679656442 0.0 186.25
55.94361286796564 -3.1881838679656442 E 55.94361286796564 -3.187883867965644 0.0 185.0
55.94361286796564 -3.187883867965644 NW 55.943825 -3.188096 0.0 183.75
55.943825 -3.188096 SSE 55.94354783614024 -3.1879811949702903 0.0 182.5
55.94354783614024 -3.1879811949702903 NNW 55.943825 -3.188096 0.0 181.25
55.943825 -3.188096 S 55.943524999999994 -3.188096 0.0 180.0
55.943524999999994 -3.188096 N 55.943825 -3.188096 0.0 178.75
55.943825 -3.188096 ESE 55.943710194970286 -3.1878188361402464 0.0 177.5
55.943710194970286 -3.1878188361402464 WNW 55.943825 -3.188096 0.0 176.25
55.943825 -3.188096 NNE 55.94410216385975 -3.1879811949702903 0.0 175.0
55.94410216385975 -3.1879811949702903 SW 55.9438900318254 -3.188193327004646 0.0 173.75
55.9438900318254 -3.188193327004646 ENE 55.94400483685511 -3.1879161631448927 0.0 172.5
55.94400483685511 -3.1879161631448927 WSW 55.9438900318254 -3.188193327004646 0.0 171.25
55.9438900318254 -3.188193327004646 WNW 55.94400483685511 -3.1884704908643995 0.0 170.0
55.94400483685511 -3.1884704908643995 ESE 55.9438900318254 -3.188193327004646 0.0 168.75
55.9438900318254 -3.188193327004646 E 55.9438900318254 -3.187893327004646 0.0 167.5
55.9438900318254 -3.187893327004646 W 55.9438900318254 -3.188193327004646 0.0 166.25
55.9438900318254 -3.188193327004646 N 55.9441900318254 -3.188193327004646 0.0 165.0
55.9441900318254 -3.188193327004646 SSE 55.94391286796564 -3.1880785219749366 0.0 163.75
55.94391286796564 -3.1880785219749366 NNW 55.9441900318254 -3.188193327004646 0.0 162.5
55.9441900318254 -3.188193327004646 S 55.9438900318254 -3.188193327004646 0.0 161.25
55.9438900318254 -3.188193327004646 N 55.9441900318254 -3.188193327004646 0.0 160.0
55.9441900318254 -3.188193327004646 S 55.9438900318254 -3.188193327004646 0.0 158.75
55.9438900318254 -3.188193327004646 N 55.9441900318254 -3.188193327004646 0.0 157.5
55.9441900318254 -3.188193327004646 NNE 55.94446719568516 -3.1880785219749366 0.0 156.25
55.94446719568516 -3.1880785219749366 SSW 55.9441900318254 -3.188193327004646 0.0 155.0
55.9441900318254 -3.188193327004646 SE 55.943977899791044 -3.1879811949702903 0.0 153.75
55.943977899791044 -3.1879811949702903 NW 55.9441900318254 -3.188193327004646 0.0 152.5
55.9441900318254 -3.188193327004646 NE 55.944402163859756 -3.1879811949702903 0.0 151.25
55.944402163859756 -3.1879811949702903 SW 55.9441900318254 -3.188193327004646 0.0 150.0
55.9441900318254 -3.188193327004646 NNW 55.94446719568516 -3.1883081320343556 0.0 148.75
55.94446719568516 -3.1883081320343556 SSE 55.9441900318254 -3.188193327004646 0.0 147.5
55.9441900318254 -3.188193327004646 NNW 55.94446719568516 -3.1883081320343556 0.0 146.25
55.94446719568516 -3.1883081320343556 SSE 55.9441900318254 -3.188193327004646 0.0 145.0
55.9441900318254 -3.188193327004646 NNW 55.94446719568516 -3.1883081320343556 0.0 143.75
55.94446719568516 -3.1883081320343556 SSE 55.9441900318254 -3.188193327004646 0.0 142.5
55.9441900318254 -3.188193327004646 NW 55.944402163859756 -3.188405459039002 0.0 141.25
55.944402163859756 -3.188405459039002 SE 55.9441900318254 -3.188193327004646 0.0 140.0
55.9441900318254 -3.188193327004646 NNW 55.94446719568516 -3.1883081320343556 0.0 138.75
55.94446719568516 -3.1883081320343556 S 55.944167195685154 -3.1883081320343556 0.0 137.5
55.944167195685154 -3.1883081320343556 N 55.94446719568516 -3.1883081320343556 0.0 136.25
55.94446719568516 -3.1883081320343556 SSE 55.9441900318254 -3.188193327004646 0.0 135.0
55.9441900318254 -3.188193327004646 NNW 55.94446719568516 -3.1883081320343556 0.0 133.75
55.94446719568516 -3.1883081320343556 E 55.94446719568516 -3.1880081320343554 0.0 132.5
55.94446719568516 -3.1880081320343554 W 55.94446719568516 -3.1883081320343556 0.0 131.25
55.94446719568516 -3.1883081320343556 ENE 55.94458200071487 -3.188030968174602 0.0 130.0
55.94458200071487 -3.188030968174602 WSW 55.94446719568516 -3.1883081320343556 0.0 128.75
55.94446719568516 -3.1883081320343556 NE 55.94467932771951 -3.188096 0.0 127.5
55.94467932771951 -3.188096 SW 55.94446719568516 -3.1883081320343556 0.0 126.25
55.94446719568516 -3.1883081320343556 NNE 55.94474435954491 -3.188193327004646 0.0 125.0
55.94474435954491 -3.188193327004646 SSW 55.94446719568516 -3.1883081320343556 0.0 123.75
55.94446719568516 -3.1883081320343556 NNE 55.94474435954491 -3.188193327004646 0.0 122.5
55.94474435954491 -3.188193327004646 SW 55.94453222751056 -3.188405459039002 0.0 121.25
55.94453222751056 -3.188405459039002 NE 55.94474435954491 -3.188193327004646 0.0 120.0
55.94474435954491 -3.188193327004646 SW 55.94453222751056 -3.188405459039002 0.0 118.75
55.94453222751056 -3.188405459039002 N 55.94483222751056 -3.188405459039002 0.0 117.5
55.94483222751056 -3.188405459039002 SSW 55.9445550636508 -3.1885202640687114 0.0 116.25
55.9445550636508 -3.1885202640687114 NNE 55.94483222751056 -3.188405459039002 0.0 115.0
55.94483222751056 -3.188405459039002 N 55.94513222751056 -3.188405459039002 78.8004150390625 237.6071548461914
55.94513222751056 -3.188405459039002 S 55.94483222751056 -3.188405459039002 78.8004150390625 236.3571548461914
55.94483222751056 -3.188405459039002 NW 55.945044359544916 -3.1886175910733576 78.8004150390625 235.1071548461914
55.945044359544916 -3.1886175910733576 SE 55.94483222751056 -3.188405459039002 78.8004150390625 233.8571548461914
55.94483222751056 -3.188405459039002 NE 55.945044359544916 -3.188193327004646 78.8004150390625 232.6071548461914
55.945044359544916 -3.188193327004646 SW 55.94483222751056 -3.188405459039002 78.8004150390625 231.3571548461914
55.94483222751056 -3.188405459039002 NE 55.945044359544916 -3.188193327004646 78.8004150390625 230.1071548461914
55.945044359544916 -3.188193327004646 SW 55.94483222751056 -3.188405459039002 78.8004150390625 228.8571548461914
55.94483222751056 -3.188405459039002 NE 55.945044359544916 -3.188193327004646 78.8004150390625 227.6071548461914
55.945044359544916 -3.188193327004646 SW 55.94483222751056 -3.188405459039002 78.8004150390625 226.3571548461914
55.94483222751056 -3.188405459039002 ENE 55.94494703254027 -3.1881282951792485 78.8004150390625 225.1071548461914
55.94494703254027 -3.1881282951792485 WSW 55.94483222751056 -3.188405459039002 78.8004150390625 223.8571548461914
55.94483222751056 -3.188405459039002 ENE 55.94494703254027 -3.1881282951792485 78.8004150390625 222.6071548461914
55.94494703254027 -3.1881282951792485 N 55.94524703254027 -3.1881282951792485 78.8004150390625 221.3571548461914
55.94524703254027 -3.1881282951792485 S 55.94494703254027 -3.1881282951792485 78.8004150390625 220.1071548461914
55.94494703254027 -3.1881282951792485 WNW 55.94506183756998 -3.188405459039002 78.8004150390625 218.8571548461914
55.94506183756998 -3.188405459039002 ESE 55.94494703254027 -3.1881282951792485 78.8004150390625 217.6071548461914
55.94494703254027 -3.1881282951792485 N 55.94524703254027 -3.1881282951792485 78.8004150390625 216.3571548461914
55.94524703254027 -3.1881282951792485 S 55.94494703254027 -3.1881282951792485 78.8004150390625 215.1071548461914
55.94494703254027 -3.1881282951792485 N 55.94524703254027 -3.1881282951792485 78.8004150390625 213.8571548461914
55.94524703254027 -3.1881282951792485 SSE 55.944969868680516 -3.188013490149539 78.8004150390625 212.6071548461914
55.944969868680516 -3.188013490149539 N 55.94526986868052 -3.188013490149539 78.8004150390625 211.3571548461914
55.94526986868052 -3.188013490149539 S 55.944969868680516 -3.188013490149539 78.8004150390625 210.1071548461914
55.944969868680516 -3.188013490149539 NE 55.94518200071487 -3.187801358115183 78.8004150390625 208.8571548461914
55.94518200071487 -3.187801358115183 SW 55.944969868680516 -3.188013490149539 78.8004150390625 207.6071548461914
55.944969868680516 -3.188013490149539 ENE 55.94508467371023 -3.1877363262897855 78.8004150390625 206.3571548461914
55.94508467371023 -3.1877363262897855 SW 55.94487254167587 -3.1879484583241413 78.8004150390625 205.1071548461914
55.94487254167587 -3.1879484583241413 N 55.94517254167587 -3.1879484583241413 78.8004150390625 203.8571548461914
55.94517254167587 -3.1879484583241413 S 55.94487254167587 -3.1879484583241413 78.8004150390625 202.6071548461914
55.94487254167587 -3.1879484583241413 NE 55.94508467371023 -3.1877363262897855 78.8004150390625 201.3571548461914
55.94508467371023 -3.1877363262897855 SW 55.94487254167587 -3.1879484583241413 78.8004150390625 200.1071548461914
55.94487254167587 -3.1879484583241413 S 55.94457254167587 -3.1879484583241413 78.8004150390625 198.8571548461914
55.94457254167587 -3.1879484583241413 N 55.94487254167587 -3.1879484583241413 78.8004150390625 197.6071548461914
55.94487254167587 -3.1879484583241413 S 55.94457254167587 -3.1879484583241413 78.8004150390625 196.3571548461914
55.94457254167587 -3.1879484583241413 NNW 55.944849705535624 -3.188063263353851 78.8004150390625 195.1071548461914
55.944849705535624 -3.188063263353851 SSE 55.94457254167587 -3.1879484583241413 78.8004150390625 193.8571548461914
55.94457254167587 -3.1879484583241413 NNW 55.944849705535624 -3.188063263353851 78.8004150390625 192.6071548461914
55.944849705535624 -3.188063263353851 SSE 55.94457254167587 -3.1879484583241413 78.8004150390625 191.3571548461914
55.94457254167587 -3.1879484583241413 NNW 55.944849705535624 -3.188063263353851 78.8004150390625 190.1071548461914
55.944849705535624 -3.188063263353851 SW 55.94463757350127 -3.1882753953882066 78.8004150390625 188.8571548461914
55.94463757350127 -3.1882753953882066 E 55.94463757350127 -3.1879753953882064 78.8004150390625 187.6071548461914
55.94463757350127 -3.1879753953882064 NW 55.944849705535624 -3.188187527422562 78.8004150390625 186.3571548461914
55.944849705535624 -3.188187527422562 SE 55.94463757350127 -3.1879753953882064 78.8004150390625 185.1071548461914
55.94463757350127 -3.1879753953882064 W 55.94463757350127 -3.1882753953882066 78.8004150390625 183.8571548461914
55.94463757350127 -3.1882753953882066 E 55.94463757350127 -3.1879753953882064 78.8004150390625 182.6071548461914
55.94463757350127 -3.1879753953882064 NNW 55.944914737361024 -3.188090200417916 78.8004150390625 181.3571548461914
55.944914737361024 -3.188090200417916 SSE 55.94463757350127 -3.1879753953882064 78.8004150390625 180.1071548461914
55.94463757350127 -3.1879753953882064 W 55.94463757350127 -3.1882753953882066 78.8004150390625 178.8571548461914
55.94463757350127 -3.1882753953882066 E 55.94463757350127 -3.1879753953882064 78.8004150390625 177.6071548461914
55.94463757350127 -3.1879753953882064 NE 55.944849705535624 -3.1877632633538506 78.8004150390625 176.3571548461914
55.944849705535624 -3.1877632633538506 SW 55.94463757350127 -3.1879753953882064 78.8004150390625 175.1071548461914
55.94463757350127 -3.1879753953882064 NNW 55.944914737361024 -3.188090200417916 78.8004150390625 173.8571548461914
55.944914737361024 -3.188090200417916 SSE 55.94463757350127 -3.1879753953882064 78.8004150390625 172.6071548461914
55.94463757350127 -3.1879753953882064 NE 55.944849705535624 -3.1877632633538506 78.8004150390625 171.3571548461914
55.944849705535624 -3.1877632633538506 SW 55.94463757350127 -3.1879753953882064 78.8004150390625 170.1071548461914
55.94463757350127 -3.1879753953882064 ENE 55.94475237853098 -3.187698231528453 78.8004150390625 168.8571548461914
55.94475237853098 -3.187698231528453 WSW 55.94463757350127 -3.1879753953882064 78.8004150390625 167.6071548461914
55.94463757350127 -3.1879753953882064 ESE 55.94452276847156 -3.187698231528453 78.8004150390625 166.3571548461914
55.94452276847156 -3.187698231528453 WNW 55.94463757350127 -3.1879753953882064 78.8004150390625 165.1071548461914
55.94463757350127 -3.1879753953882064 ESE 55.94452276847156 -3.187698231528453 78.8004150390625 163.8571548461914
55.94452276847156 -3.187698231528453 WNW 55.94463757350127 -3.1879753953882064 78.8004150390625 162.6071548461914
55.94463757350127 -3.1879753953882064 ESE 55.94452276847156 -3.187698231528453 78.8004150390625 161.3571548461914
55.94452276847156 -3.187698231528453 W 55.94452276847156 -3.187998231528453 78.8004150390625 160.1071548461914
55.94452276847156 -3.187998231528453 E 55.94452276847156 -3.187698231528453 78.8004150390625 158.8571548461914
55.94452276847156 -3.187698231528453 W 55.94452276847156 -3.187998231528453 78.8004150390625 157.6071548461914
55.94452276847156 -3.187998231528453 E 55.94452276847156 -3.187698231528453 78.8004150390625 156.3571548461914
55.94452276847156 -3.187698231528453 W 55.94452276847156 -3.187998231528453 78.8004150390625 155.1071548461914
55.94452276847156 -3.187998231528453 NNE 55.944799932331314 -3.1878834264987437 78.8004150390625 153.8571548461914
55.944799932331314 -3.1878834264987437 SSW 55.94452276847156 -3.187998231528453 78.8004150390625 152.6071548461914
55.94452276847156 -3.187998231528453 NW 55.944734900505914 -3.188210363562809 78.8004150390625 151.3571548461914
55.944734900505914 -3.188210363562809 SE 55.94452276847156 -3.187998231528453 78.8004150390625 150.1071548461914
55.94452276847156 -3.187998231528453 S 55.944222768471555 -3.187998231528453 78.8004150390625 148.8571548461914
55.944222768471555 -3.187998231528453 N 55.94452276847156 -3.187998231528453 78.8004150390625 147.6071548461914
55.94452276847156 -3.187998231528453 SW 55.9443106364372 -3.188210363562809 78.8004150390625 146.3571548461914
55.9443106364372 -3.188210363562809 NE 55.94452276847156 -3.187998231528453 78.8004150390625 145.1071548461914
55.94452276847156 -3.187998231528453 SW 55.9443106364372 -3.188210363562809 78.8004150390625 143.8571548461914
55.9443106364372 -3.188210363562809 NE 55.94452276847156 -3.187998231528453 78.8004150390625 142.6071548461914
55.94452276847156 -3.187998231528453 SSW 55.9442456046118 -3.1881130365581627 78.8004150390625 141.3571548461914
55.9442456046118 -3.1881130365581627 NNE 55.94452276847156 -3.187998231528453 78.8004150390625 140.1071548461914
55.94452276847156 -3.187998231528453 SSW 55.9442456046118 -3.1881130365581627 78.8004150390625 138.8571548461914
55.9442456046118 -3.1881130365581627 NNE 55.94452276847156 -3.187998231528453 78.8004150390625 137.6071548461914
55.94452276847156 -3.187998231528453 SSE 55.9442456046118 -3.1878834264987437 78.8004150390625 136.3571548461914
55.9442456046118 -3.1878834264987437 NNW 55.94452276847156 -3.187998231528453 78.8004150390625 135.1071548461914
55.94452276847156 -3.187998231528453 S 55.944222768471555 -3.187998231528453 78.8004150390625 133.8571548461914
55.944222768471555 -3.187998231528453 N 55.94452276847156 -3.187998231528453 78.8004150390625 132.6071548461914
55.94452276847156 -3.187998231528453 SSE 55.9442456046118 -3.1878834264987437 78.8004150390625 131.3571548461914
55.9442456046118 -3.1878834264987437 NNW 55.94452276847156 -3.187998231528453 78.8004150390625 130.1071548461914
55.94452276847156 -3.187998231528453 SE 55.9443106364372 -3.1877860994940974 78.8004150390625 128.8571548461914
55.9443106364372 -3.1877860994940974 WNW 55.94442544146691 -3.188063263353851 78.8004150390625 127.6071548461914
55.94442544146691 -3.188063263353851 ESE 55.9443106364372 -3.1877860994940974 78.8004150390625 126.3571548461914
55.9443106364372 -3.1877860994940974 NE 55.94452276847156 -3.1875739674597416 78.8004150390625 125.1071548461914
55.94452276847156 -3.1875739674597416 SW 55.9443106364372 -3.1877860994940974 78.8004150390625 123.8571548461914
55.9443106364372 -3.1877860994940974 E 55.9443106364372 -3.1874860994940972 78.8004150390625 122.6071548461914
55.9443106364372 -3.1874860994940972 WSW 55.94419583140749 -3.1877632633538506 78.8004150390625 121.3571548461914
55.94419583140749 -3.1877632633538506 ENE 55.9443106364372 -3.1874860994940972 78.8004150390625 120.1071548461914
55.9443106364372 -3.1874860994940972 WSW 55.94419583140749 -3.1877632633538506 78.8004150390625 118.8571548461914
55.94419583140749 -3.1877632633538506 ENE 55.9443106364372 -3.1874860994940972 78.8004150390625 117.6071548461914
55.9443106364372 -3.1874860994940972 SE 55.944098504402845 -3.1872739674597415 78.8004150390625 116.3571548461914
55.944098504402845 -3.1872739674597415 NW 55.9443106364372 -3.1874860994940972 78.8004150390625 115.1071548461914
55.9443106364372 -3.1874860994940972 NNW 55.94458780029696 -3.1876009045238067 78.8004150390625 113.8571548461914
55.94458780029696 -3.1876009045238067 SSE 55.9443106364372 -3.1874860994940972 78.8004150390625 112.6071548461914
55.9443106364372 -3.1874860994940972 E 55.9443106364372 -3.187186099494097 78.8004150390625 111.3571548461914
55.9443106364372 -3.187186099494097 W 55.9443106364372 -3.1874860994940972 78.8004150390625 110.1071548461914
55.9443106364372 -3.1874860994940972 E 55.9443106364372 -3.187186099494097 78.8004150390625 108.8571548461914
55.9443106364372 -3.187186099494097 W 55.9443106364372 -3.1874860994940972 78.8004150390625 107.6071548461914
55.9443106364372 -3.1874860994940972 ESE 55.94419583140749 -3.187208935634344 78.8004150390625 106.3571548461914
55.94419583140749 -3.187208935634344 W 55.94419583140749 -3.187508935634344 78.8004150390625 105.1071548461914
55.94419583140749 -3.187508935634344 E 55.94419583140749 -3.187208935634344 78.8004150390625 103.8571548461914
55.94419583140749 -3.187208935634344 WNW 55.9443106364372 -3.1874860994940972 78.8004150390625 102.6071548461914
55.9443106364372 -3.1874860994940972 SE 55.944098504402845 -3.1872739674597415 78.8004150390625 101.3571548461914
55.944098504402845 -3.1872739674597415 NW 55.9443106364372 -3.1874860994940972 78.8004150390625 100.1071548461914
55.9443106364372 -3.1874860994940972 SSW 55.944033472577445 -3.1876009045238067 78.8004150390625 98.8571548461914
55.944033472577445 -3.1876009045238067 NE 55.9442456046118 -3.187388772489451 78.8004150390625 97.6071548461914
55.9442456046118 -3.187388772489451 SW 55.944033472577445 -3.1876009045238067 78.8004150390625 96.3571548461914
55.944033472577445 -3.1876009045238067 NE 55.9442456046118 -3.187388772489451 78.8004150390625 95.1071548461914
55.9442456046118 -3.187388772489451 S 55.9439456046118 -3.187388772489451 78.8004150390625 93.8571548461914
55.9439456046118 -3.187388772489451 N 55.9442456046118 -3.187388772489451 78.8004150390625 92.6071548461914
55.9442456046118 -3.187388772489451 S 55.9439456046118 -3.187388772489451 78.8004150390625 91.3571548461914
55.9439456046118 -3.187388772489451 N 55.9442456046118 -3.187388772489451 78.8004150390625 90.1071548461914
55.9442456046118 -3.187388772489451 SE 55.944033472577445 -3.187176640455095 78.8004150390625 88.8571548461914
55.944033472577445 -3.187176640455095 NW 55.9442456046118 -3.187388772489451 78.8004150390625 87.6071548461914
55.9442456046118 -3.187388772489451 SE 55.944033472577445 -3.187176640455095 78.8004150390625 86.3571548461914
55.944033472577445 -3.187176640455095 NNW 55.9443106364372 -3.1872914454848047 78.8004150390625 85.1071548461914
55.9443106364372 -3.1872914454848047 SSE 55.944033472577445 -3.187176640455095 78.8004150390625 83.8571548461914
55.944033472577445 -3.187176640455095 NNE 55.9443106364372 -3.1870618354253857 78.8004150390625 82.6071548461914
55.9443106364372 -3.1870618354253857 SSW 55.944033472577445 -3.187176640455095 78.8004150390625 81.3571548461914
55.944033472577445 -3.187176640455095 NNE 55.9443106364372 -3.1870618354253857 78.8004150390625 80.1071548461914
55.9443106364372 -3.1870618354253857 SSW 55.944033472577445 -3.187176640455095 78.8004150390625 78.8571548461914
55.944033472577445 -3.187176640455095 NE 55.9442456046118 -3.1869645084207394 78.8004150390625 77.6071548461914
55.9442456046118 -3.1869645084207394 SW 55.944033472577445 -3.187176640455095 78.8004150390625 76.3571548461914
55.944033472577445 -3.187176640455095 ENE 55.944148277607155 -3.186899476595342 78.8004150390625 75.1071548461914
55.944148277607155 -3.186899476595342 WSW 55.944033472577445 -3.187176640455095 78.8004150390625 73.8571548461914
55.944033472577445 -3.187176640455095 SE 55.94382134054309 -3.1869645084207394 78.8004150390625 72.6071548461914
55.94382134054309 -3.1869645084207394 N 55.94412134054309 -3.1869645084207394 78.8004150390625 71.3571548461914
55.94412134054309 -3.1869645084207394 S 55.94382134054309 -3.1869645084207394 78.8004150390625 70.1071548461914
55.94382134054309 -3.1869645084207394 N 55.94412134054309 -3.1869645084207394 78.8004150390625 68.8571548461914
55.94412134054309 -3.1869645084207394 SSE 55.943844176683335 -3.18684970339103 78.8004150390625 67.6071548461914
55.943844176683335 -3.18684970339103 NNW 55.94412134054309 -3.1869645084207394 78.8004150390625 66.3571548461914
55.94412134054309 -3.1869645084207394 SE 55.943909208508735 -3.1867523763863836 78.8004150390625 65.1071548461914
55.943909208508735 -3.1867523763863836 NW 55.94412134054309 -3.1869645084207394 78.8004150390625 63.857154846191406
55.94412134054309 -3.1869645084207394 NNE 55.94439850440285 -3.18684970339103 78.8004150390625 62.607154846191406
55.94439850440285 -3.18684970339103 SSW 55.94412134054309 -3.1869645084207394 78.8004150390625 61.357154846191406
