55.944425 -3.188396 NNE 55.94470216385976 -3.1882811949702905 0.0 248.75
55.94470216385976 -3.1882811949702905 S 55.944402163859756 -3.1882811949702905 0.0 247.5
55.944402163859756 -3.1882811949702905 WSW 55.944287358830046 -3.188558358830044 0.0 246.25
55.944287358830046 -3.188558358830044 ENE 55.944402163859756 -3.1882811949702905 0.0 245.0
55.944402163859756 -3.1882811949702905 SW 55.9441900318254 -3.1884933270046463 0.0 243.75
55.9441900318254 -3.1884933270046463 ENE 55.94430483685511 -3.188216163144893 0.0 242.5
55.94430483685511 -3.188216163144893 WSW 55.9441900318254 -3.1884933270046463 0.0 241.25
55.9441900318254 -3.1884933270046463 E 55.9441900318254 -3.188193327004646 0.0 240.0
55.9441900318254 -3.188193327004646 W 55.9441900318254 -3.1884933270046463 0.0 238.75
55.9441900318254 -3.1884933270046463 NNE 55.94446719568516 -3.1883785219749368 0.0 237.5
55.94446719568516 -3.1883785219749368 SSW 55.9441900318254 -3.1884933270046463 0.0 236.25
55.9441900318254 -3.1884933270046463 SE 55.943977899791044 -3.1882811949702905 0.0 235.0
55.943977899791044 -3.1882811949702905 NW 55.9441900318254 -3.1884933270046463 0.0 233.75
55.9441900318254 -3.1884933270046463 SSE 55.94391286796564 -3.1883785219749368 0.0 232.5
55.94391286796564 -3.1883785219749368 NNW 55.9441900318254 -3.1884933270046463 0.0 231.25
55.9441900318254 -3.1884933270046463 SSE 55.94391286796564 -3.1883785219749368 0.0 230.0
55.94391286796564 -3.1883785219749368 NNW 55.9441900318254 -3.1884933270046463 0.0 228.75
55.9441900318254 -3.1884933270046463 S 55.9438900318254 -3.1884933270046463 0.0 227.5
55.9438900318254 -3.1884933270046463 N 55.9441900318254 -3.1884933270046463 0.0 226.25
55.9441900318254 -3.1884933270046463 S 55.9438900318254 -3.1884933270046463 0.0 225.0
55.9438900318254 -3.1884933270046463 NNW 55.944167195685154 -3.188608132034356 0.0 223.75
55.944167195685154 -3.188608132034356 SSE 55.9438900318254 -3.1884933270046463 0.0 222.5
55.9438900318254 -3.1884933270046463 NNE 55.944167195685154 -3.1883785219749368 0.0 221.25
55.944167195685154 -3.1883785219749368 SSW 55.9438900318254 -3.1884933270046463 0.0 220.0
55.9438900318254 -3.1884933270046463 NE 55.94410216385975 -3.1882811949702905 0.0 218.75
55.94410216385975 -3.1882811949702905 SSW 55.943825 -3.188396 93.51600646972656 222.68245315551758
55.943825 -3.188396 ESE 55.943710194970286 -3.1881188361402466 93.51600646972656 221.43245315551758
55.943710194970286 -3.1881188361402466 WNW 55.943825 -3.188396 93.51600646972656 220.18245315551758
55.943825 -3.188396 NE 55.94403713203435 -3.1881838679656442 102.82262516021729 272.67649841308594
55.94403713203435 -3.1881838679656442 SW 55.943825 -3.188396 102.82262516021729 271.42649841308594
55.943825 -3.188396 NE 55.94403713203435 -3.1881838679656442 102.82262516021729 270.17649841308594
55.94403713203435 -3.1881838679656442 SW 55.943825 -3.188396 102.82262516021729 268.92649841308594
55.943825 -3.188396 E 55.943825 -3.188096 102.82262516021729 267.67649841308594
55.943825 -3.188096 WNW 55.94393980502971 -3.1883731638597532 102.82262516021729 266.42649841308594
55.94393980502971 -3.1883731638597532 ESE 55.943825 -3.188096 102.82262516021729 265.17649841308594
55.943825 -3.188096 W 55.943825 -3.188396 102.82262516021729 263.92649841308594
55.943825 -3.188396 SE 55.94361286796564 -3.1881838679656442 102.82262516021729 262.67649841308594
55.94361286796564 -3.1881838679656442 NNW 55.9438900318254 -3.1882986729953537 196.1152582168579 297.7344779968262
55.9438900318254 -3.1882986729953537 SSE 55.94361286796564 -3.1881838679656442 196.1152582168579 296.4844779968262
55.94361286796564 -3.1881838679656442 N 55.94391286796564 -3.1881838679656442 196.1152582168579 295.2344779968262
55.94391286796564 -3.1881838679656442 S 55.94361286796564 -3.1881838679656442 196.1152582168579 293.9844779968262
55.94361286796564 -3.1881838679656442 NNE 55.9438900318254 -3.1880690629359347 196.1152582168579 292.7344779968262
55.9438900318254 -3.1880690629359347 SSW 55.94361286796564 -3.1881838679656442 196.1152582168579 291.4844779968262
55.94361286796564 -3.1881838679656442 NNE 55.9438900318254 -3.1880690629359347 196.1152582168579 290.2344779968262
55.9438900318254 -3.1880690629359347 SSW 55.94361286796564 -3.1881838679656442 196.1152582168579 288.9844779968262
55.94361286796564 -3.1881838679656442 E 55.94361286796564 -3.187883867965644 196.1152582168579 287.7344779968262
55.94361286796564 -3.187883867965644 W 55.94361286796564 -3.1881838679656442 196.1152582168579 286.4844779968262
55.94361286796564 -3.1881838679656442 ENE 55.94372767299535 -3.187906704105891 196.1152582168579 285.2344779968262
55.94372767299535 -3.187906704105891 SW 55.943515540960995 -3.1881188361402466 196.1152582168579 283.9844779968262
55.943515540960995 -3.1881188361402466 NE 55.94372767299535 -3.187906704105891 196.1152582168579 282.7344779968262
55.94372767299535 -3.187906704105891 SSW 55.943450509135594 -3.1880215091356003 196.1152582168579 281.4844779968262
55.943450509135594 -3.1880215091356003 NNE 55.94372767299535 -3.187906704105891 196.1152582168579 280.2344779968262
55.94372767299535 -3.187906704105891 WSW 55.94361286796564 -3.1881838679656442 196.1152582168579 278.9844779968262
55.94361286796564 -3.1881838679656442 ENE 55.94372767299535 -3.187906704105891 196.1152582168579 277.7344779968262
55.94372767299535 -3.187906704105891 NNW 55.94400483685511 -3.1880215091356003 196.1152582168579 276.4844779968262
55.94400483685511 -3.1880215091356003 S 55.943704836855105 -3.1880215091356003 196.1152582168579 275.2344779968262
55.943704836855105 -3.1880215091356003 N 55.94400483685511 -3.1880215091356003 196.1152582168579 273.9844779968262
55.94400483685511 -3.1880215091356003 WSW 55.9438900318254 -3.1882986729953537 196.1152582168579 272.7344779968262
55.9438900318254 -3.1882986729953537 ENE 55.94400483685511 -3.1880215091356003 196.1152582168579 271.4844779968262
55.94400483685511 -3.1880215091356003 WSW 55.9438900318254 -3.1882986729953537 196.1152582168579 270.2344779968262
55.9438900318254 -3.1882986729953537 ENE 55.94400483685511 -3.1880215091356003 196.1152582168579 268.9844779968262
55.94400483685511 -3.1880215091356003 WSW 55.9438900318254 -3.1882986729953537 196.1152582168579 267.7344779968262
55.9438900318254 -3.1882986729953537 NE 55.94410216385975 -3.188086540960998 196.1152582168579 266.4844779968262
55.94410216385975 -3.188086540960998 SW 55.9438900318254 -3.1882986729953537 196.1152582168579 265.2344779968262
55.9438900318254 -3.1882986729953537 NE 55.94410216385975 -3.188086540960998 196.1152582168579 263.9844779968262
55.94410216385975 -3.188086540960998 SW 55.9438900318254 -3.1882986729953537 196.1152582168579 262.7344779968262
55.9438900318254 -3.1882986729953537 NE 55.94410216385975 -3.188086540960998 196.1152582168579 261.4844779968262
55.94410216385975 -3.188086540960998 W 55.94410216385975 -3.188386540960998 311.2877435684204 353.560359954834
55.94410216385975 -3.188386540960998 E 55.94410216385975 -3.188086540960998 311.2877435684204 352.310359954834
55.94410216385975 -3.188086540960998 WNW 55.944216968889464 -3.1883637048207514 311.2877435684204 351.060359954834
55.944216968889464 -3.1883637048207514 ESE 55.94410216385975 -3.188086540960998 311.2877435684204 349.810359954834
55.94410216385975 -3.188086540960998 NW 55.94431429589411 -3.1882986729953537 311.2877435684204 348.560359954834
55.94431429589411 -3.1882986729953537 ESE 55.9441994908644 -3.1880215091356003 311.2877435684204 347.310359954834
55.9441994908644 -3.1880215091356003 W 55.9441994908644 -3.1883215091356005 311.2877435684204 346.060359954834
55.9441994908644 -3.1883215091356005 ENE 55.94431429589411 -3.188044345275847 311.2877435684204 344.810359954834
55.94431429589411 -3.188044345275847 WSW 55.9441994908644 -3.1883215091356005 311.2877435684204 343.560359954834
55.9441994908644 -3.1883215091356005 NE 55.944411622898755 -3.1881093771012448 311.2877435684204 342.310359954834
55.944411622898755 -3.1881093771012448 SW 55.9441994908644 -3.1883215091356005 311.2877435684204 341.060359954834
55.9441994908644 -3.1883215091356005 NNE 55.944476654724156 -3.188206704105891 311.2877435684204 339.810359954834
55.944476654724156 -3.188206704105891 SSW 55.9441994908644 -3.1883215091356005 311.2877435684204 338.560359954834
55.9441994908644 -3.1883215091356005 NNE 55.944476654724156 -3.188206704105891 311.2877435684204 337.310359954834
55.944476654724156 -3.188206704105891 SSW 55.9441994908644 -3.1883215091356005 311.2877435684204 336.060359954834
55.9441994908644 -3.1883215091356005 N 55.9444994908644 -3.1883215091356005 311.2877435684204 334.810359954834
55.9444994908644 -3.1883215091356005 S 55.9441994908644 -3.1883215091356005 311.2877435684204 333.560359954834
55.9441994908644 -3.1883215091356005 N 55.9444994908644 -3.1883215091356005 311.2877435684204 332.310359954834
55.9444994908644 -3.1883215091356005 SSE 55.944222327004645 -3.188206704105891 311.2877435684204 331.060359954834
55.944222327004645 -3.188206704105891 NNW 55.9444994908644 -3.1883215091356005 311.2877435684204 329.810359954834
55.9444994908644 -3.1883215091356005 ESE 55.94438468583469 -3.188044345275847 311.2877435684204 328.560359954834
55.94438468583469 -3.188044345275847 WNW 55.9444994908644 -3.1883215091356005 311.2877435684204 327.310359954834
55.9444994908644 -3.1883215091356005 E 55.9444994908644 -3.1880215091356003 311.2877435684204 326.060359954834
55.9444994908644 -3.1880215091356003 W 55.9444994908644 -3.1883215091356005 311.2877435684204 324.810359954834
55.9444994908644 -3.1883215091356005 NE 55.94471162289876 -3.1881093771012448 311.2877435684204 323.560359954834
55.94471162289876 -3.1881093771012448 SW 55.9444994908644 -3.1883215091356005 311.2877435684204 322.310359954834
55.9444994908644 -3.1883215091356005 NE 55.94471162289876 -3.1881093771012448 311.2877435684204 321.060359954834
55.94471162289876 -3.1881093771012448 WSW 55.94459681786905 -3.188386540960998 311.2877435684204 319.810359954834
55.94459681786905 -3.188386540960998 ENE 55.94471162289876 -3.1881093771012448 311.2877435684204 318.560359954834
55.94471162289876 -3.1881093771012448 WSW 55.94459681786905 -3.188386540960998 311.2877435684204 317.310359954834
55.94459681786905 -3.188386540960998 ENE 55.94471162289876 -3.1881093771012448 311.2877435684204 316.060359954834
55.94471162289876 -3.1881093771012448 WSW 55.94459681786905 -3.188386540960998 311.2877435684204 314.810359954834
55.94459681786905 -3.188386540960998 N 55.94489681786905 -3.188386540960998 311.2877435684204 313.560359954834
55.94489681786905 -3.188386540960998 SW 55.944684685834694 -3.188598672995354 311.2877435684204 312.310359954834
55.944684685834694 -3.188598672995354 NE 55.94489681786905 -3.188386540960998 311.2877435684204 311.060359954834
55.94489681786905 -3.188386540960998 NE 55.94510894990341 -3.1881744089266424 311.2877435684204 309.810359954834
55.94510894990341 -3.1881744089266424 SW 55.94489681786905 -3.188386540960998 311.2877435684204 308.560359954834
55.94489681786905 -3.188386540960998 S 55.94459681786905 -3.188386540960998 311.2877435684204 307.310359954834
55.94459681786905 -3.188386540960998 N 55.94489681786905 -3.188386540960998 311.2877435684204 306.060359954834
55.94489681786905 -3.188386540960998 SSE 55.944619654009294 -3.1882717359312887 311.2877435684204 304.810359954834
55.944619654009294 -3.1882717359312887 N 55.9449196540093 -3.1882717359312887 311.2877435684204 303.560359954834
55.9449196540093 -3.1882717359312887 WNW 55.94503445903901 -3.188548899791042 311.2877435684204 302.310359954834
55.94503445903901 -3.188548899791042 ESE 55.9449196540093 -3.1882717359312887 311.2877435684204 301.060359954834
55.9449196540093 -3.1882717359312887 WNW 55.94503445903901 -3.188548899791042 311.2877435684204 299.810359954834
55.94503445903901 -3.188548899791042 ESE 55.9449196540093 -3.1882717359312887 311.2877435684204 298.560359954834
55.9449196540093 -3.1882717359312887 E 55.9449196540093 -3.1879717359312885 311.2877435684204 297.310359954834
55.9449196540093 -3.1879717359312885 W 55.9449196540093 -3.1882717359312887 311.2877435684204 296.060359954834
55.9449196540093 -3.1882717359312887 ESE 55.94480484897959 -3.1879945720715352 311.2877435684204 294.810359954834
55.94480484897959 -3.1879945720715352 WNW 55.9449196540093 -3.1882717359312887 311.2877435684204 293.560359954834
55.9449196540093 -3.1882717359312887 E 55.9449196540093 -3.1879717359312885 311.2877435684204 292.310359954834
55.9449196540093 -3.1879717359312885 WNW 55.94503445903901 -3.188248899791042 311.2877435684204 291.060359954834
55.94503445903901 -3.188248899791042 SE 55.94482232700465 -3.188036767756686 311.2877435684204 289.810359954834
55.94482232700465 -3.188036767756686 NNW 55.94509949086441 -3.1881515727863956 311.2877435684204 288.560359954834
55.94509949086441 -3.1881515727863956 SE 55.94488735883005 -3.18793944075204 311.2877435684204 287.310359954834
55.94488735883005 -3.18793944075204 NW 55.94509949086441 -3.1881515727863956 311.2877435684204 286.060359954834
55.94509949086441 -3.1881515727863956 SE 55.94488735883005 -3.18793944075204 311.2877435684204 284.810359954834
55.94488735883005 -3.18793944075204 NW 55.94509949086441 -3.1881515727863956 311.2877435684204 283.560359954834
55.94509949086441 -3.1881515727863956 E 55.94509949086441 -3.1878515727863954 311.2877435684204 282.310359954834
55.94509949086441 -3.1878515727863954 W 55.94509949086441 -3.1881515727863956 311.2877435684204 281.060359954834
55.94509949086441 -3.1881515727863956 E 55.94509949086441 -3.1878515727863954 311.2877435684204 279.810359954834
55.94509949086441 -3.1878515727863954 WSW 55.9449846858347 -3.188128736646149 414.59739780426025 307.94023513793945
55.9449846858347 -3.188128736646149 E 55.9449846858347 -3.1878287366461486 414.59739780426025 306.69023513793945
55.9449846858347 -3.1878287366461486 W 55.9449846858347 -3.188128736646149 414.59739780426025 305.44023513793945
55.9449846858347 -3.188128736646149 ESE 55.94486988080499 -3.1878515727863954 414.59739780426025 304.19023513793945
55.94486988080499 -3.1878515727863954 WNW 55.9449846858347 -3.188128736646149 414.59739780426025 302.94023513793945
55.9449846858347 -3.188128736646149 ESE 55.94486988080499 -3.1878515727863954 414.59739780426025 301.69023513793945
55.94486988080499 -3.1878515727863954 WSW 55.94475507577528 -3.188128736646149 485.99480533599854 396.9231147766113
55.94475507577528 -3.188128736646149 ENE 55.94486988080499 -3.1878515727863954 485.99480533599854 395.6731147766113
55.94486988080499 -3.1878515727863954 WSW 55.94475507577528 -3.188128736646149 485.99480533599854 394.4231147766113
55.94475507577528 -3.188128736646149 ENE 55.94486988080499 -3.1878515727863954 485.99480533599854 393.1731147766113
55.94486988080499 -3.1878515727863954 WSW 55.94475507577528 -3.188128736646149 485.99480533599854 391.9231147766113
55.94475507577528 -3.188128736646149 ENE 55.94486988080499 -3.1878515727863954 485.99480533599854 390.6731147766113
55.94486988080499 -3.1878515727863954 WSW 55.94475507577528 -3.188128736646149 485.99480533599854 389.4231147766113
55.94475507577528 -3.188128736646149 W 55.94475507577528 -3.188428736646149 485.99480533599854 388.1731147766113
55.94475507577528 -3.188428736646149 E 55.94475507577528 -3.188128736646149 485.99480533599854 386.9231147766113
55.94475507577528 -3.188128736646149 ESE 55.944640270745566 -3.1878515727863954 485.99480533599854 385.6731147766113
55.944640270745566 -3.1878515727863954 WNW 55.94475507577528 -3.188128736646149 485.99480533599854 384.4231147766113
55.94475507577528 -3.188128736646149 S 55.944455075775274 -3.188128736646149 485.99480533599854 383.1731147766113
55.944455075775274 -3.188128736646149 NNE 55.94473223963503 -3.1880139316164393 485.99480533599854 381.9231147766113
55.94473223963503 -3.1880139316164393 SSW 55.944455075775274 -3.188128736646149 485.99480533599854 380.6731147766113
55.944455075775274 -3.188128736646149 NNE 55.94473223963503 -3.1880139316164393 485.99480533599854 379.4231147766113
55.94473223963503 -3.1880139316164393 S 55.94443223963503 -3.1880139316164393 485.99480533599854 378.1731147766113
55.94443223963503 -3.1880139316164393 N 55.94473223963503 -3.1880139316164393 485.99480533599854 376.9231147766113
55.94473223963503 -3.1880139316164393 SE 55.944520107600674 -3.1878017995820835 485.99480533599854 375.6731147766113
55.944520107600674 -3.1878017995820835 NW 55.94473223963503 -3.1880139316164393 485.99480533599854 374.4231147766113
55.94473223963503 -3.1880139316164393 E 55.94473223963503 -3.187713931616439 485.99480533599854 373.1731147766113
55.94473223963503 -3.187713931616439 W 55.94473223963503 -3.1880139316164393 485.99480533599854 371.9231147766113
55.94473223963503 -3.1880139316164393 NE 55.944944371669386 -3.1878017995820835 485.99480533599854 370.6731147766113
55.944944371669386 -3.1878017995820835 SW 55.94473223963503 -3.1880139316164393 485.99480533599854 369.4231147766113
55.94473223963503 -3.1880139316164393 ESE 55.94461743460532 -3.187736767756686 485.99480533599854 368.1731147766113
55.94461743460532 -3.187736767756686 W 55.94461743460532 -3.188036767756686 485.99480533599854 366.9231147766113
55.94461743460532 -3.188036767756686 E 55.94461743460532 -3.187736767756686 485.99480533599854 365.6731147766113
55.94461743460532 -3.187736767756686 W 55.94461743460532 -3.188036767756686 485.99480533599854 364.4231147766113
55.94461743460532 -3.188036767756686 E 55.94461743460532 -3.187736767756686 485.99480533599854 363.1731147766113
55.94461743460532 -3.187736767756686 W 55.94461743460532 -3.188036767756686 485.99480533599854 361.9231147766113
55.94461743460532 -3.188036767756686 E 55.94461743460532 -3.187736767756686 485.99480533599854 360.6731147766113
55.94461743460532 -3.187736767756686 WSW 55.94450262957561 -3.1880139316164393 485.99480533599854 359.4231147766113
55.94450262957561 -3.1880139316164393 ENE 55.94461743460532 -3.187736767756686 485.99480533599854 358.1731147766113
55.94461743460532 -3.187736767756686 SW 55.944405302570964 -3.1879488997910417 485.99480533599854 356.9231147766113
55.944405302570964 -3.1879488997910417 NE 55.94461743460532 -3.187736767756686 485.99480533599854 355.6731147766113
55.94461743460532 -3.187736767756686 SW 55.944405302570964 -3.1879488997910417 485.99480533599854 354.4231147766113
55.944405302570964 -3.1879488997910417 NE 55.94461743460532 -3.187736767756686 485.99480533599854 353.1731147766113
55.94461743460532 -3.187736767756686 WSW 55.94450262957561 -3.1880139316164393 485.99480533599854 351.9231147766113
55.94450262957561 -3.1880139316164393 NNE 55.944779793435366 -3.18789912658673 485.99480533599854 350.6731147766113
55.944779793435366 -3.18789912658673 SSW 55.94450262957561 -3.1880139316164393 485.99480533599854 349.4231147766113
55.94450262957561 -3.1880139316164393 NW 55.944714761609966 -3.188226063650795 485.99480533599854 348.1731147766113
55.944714761609966 -3.188226063650795 SE 55.94450262957561 -3.1880139316164393 485.99480533599854 346.9231147766113
55.94450262957561 -3.1880139316164393 ENE 55.94461743460532 -3.187736767756686 485.99480533599854 345.6731147766113
55.94461743460532 -3.187736767756686 WSW 55.94450262957561 -3.1880139316164393 485.99480533599854 344.4231147766113
55.94450262957561 -3.1880139316164393 WSW 55.9443878245459 -3.1882910954761927 485.99480533599854 343.1731147766113
55.9443878245459 -3.1882910954761927 ENE 55.94450262957561 -3.1880139316164393 485.99480533599854 341.9231147766113
55.94450262957561 -3.1880139316164393 SW 55.94429049754125 -3.188226063650795 485.99480533599854 340.6731147766113
55.94429049754125 -3.188226063650795 NE 55.94450262957561 -3.1880139316164393 485.99480533599854 339.4231147766113
55.94450262957561 -3.1880139316164393 SSW 55.94422546571585 -3.188128736646149 485.99480533599854 338.1731147766113
55.94422546571585 -3.188128736646149 NNE 55.94450262957561 -3.1880139316164393 485.99480533599854 336.9231147766113
55.94450262957561 -3.1880139316164393 S 55.94420262957561 -3.1880139316164393 485.99480533599854 335.6731147766113
55.94420262957561 -3.1880139316164393 N 55.94450262957561 -3.1880139316164393 485.99480533599854 334.4231147766113
55.94450262957561 -3.1880139316164393 SE 55.94429049754125 -3.1878017995820835 485.99480533599854 333.1731147766113
55.94429049754125 -3.1878017995820835 WNW 55.944405302570964 -3.188078963441837 485.99480533599854 331.9231147766113
55.944405302570964 -3.188078963441837 SE 55.94419317053661 -3.187866831407481 485.99480533599854 330.6731147766113
55.94419317053661 -3.187866831407481 NW 55.944405302570964 -3.188078963441837 485.99480533599854 329.4231147766113
55.944405302570964 -3.188078963441837 ESE 55.94429049754125 -3.1878017995820835 485.99480533599854 328.1731147766113
55.94429049754125 -3.1878017995820835 WNW 55.944405302570964 -3.188078963441837 485.99480533599854 326.9231147766113
55.944405302570964 -3.188078963441837 ESE 55.94429049754125 -3.1878017995820835 485.99480533599854 325.6731147766113
55.94429049754125 -3.1878017995820835 NNW 55.94456766140101 -3.187916604611793 485.99480533599854 324.4231147766113
55.94456766140101 -3.187916604611793 SSE 55.94429049754125 -3.1878017995820835 485.99480533599854 323.1731147766113
55.94429049754125 -3.1878017995820835 NE 55.94450262957561 -3.1875896675477278 485.99480533599854 321.9231147766113
55.94450262957561 -3.1875896675477278 SW 55.94429049754125 -3.1878017995820835 485.99480533599854 320.6731147766113
55.94429049754125 -3.1878017995820835 NE 55.94450262957561 -3.1875896675477278 485.99480533599854 319.4231147766113
55.94450262957561 -3.1875896675477278 S 55.94420262957561 -3.1875896675477278 485.99480533599854 318.1731147766113
55.94420262957561 -3.1875896675477278 NNW 55.94447979343536 -3.1877044725774373 485.99480533599854 316.9231147766113
55.94447979343536 -3.1877044725774373 SSE 55.94420262957561 -3.1875896675477278 485.99480533599854 315.6731147766113
55.94420262957561 -3.1875896675477278 NNE 55.94447979343536 -3.1874748625180183 485.99480533599854 314.4231147766113
55.94447979343536 -3.1874748625180183 SSW 55.94420262957561 -3.1875896675477278 485.99480533599854 313.1731147766113
55.94420262957561 -3.1875896675477278 NE 55.94441476160996 -3.187377535513372 485.99480533599854 311.9231147766113
55.94441476160996 -3.187377535513372 SSW 55.944137597750206 -3.1874923405430815 485.99480533599854 310.6731147766113
55.944137597750206 -3.1874923405430815 NNE 55.94441476160996 -3.187377535513372 485.99480533599854 309.4231147766113
55.94441476160996 -3.187377535513372 SSE 55.944137597750206 -3.1872627304836625 485.99480533599854 308.1731147766113
55.944137597750206 -3.1872627304836625 NNW 55.94441476160996 -3.187377535513372 485.99480533599854 306.9231147766113
55.94441476160996 -3.187377535513372 SSE 55.944137597750206 -3.1872627304836625 485.99480533599854 305.6731147766113
55.944137597750206 -3.1872627304836625 WNW 55.94425240277992 -3.187539894343416 485.99480533599854 304.4231147766113
55.94425240277992 -3.187539894343416 ESE 55.944137597750206 -3.1872627304836625 485.99480533599854 303.1731147766113
55.944137597750206 -3.1872627304836625 WNW 55.94425240277992 -3.187539894343416 485.99480533599854 301.9231147766113
55.94425240277992 -3.187539894343416 ESE 55.944137597750206 -3.1872627304836625 485.99480533599854 300.6731147766113
55.944137597750206 -3.1872627304836625 WNW 55.94425240277992 -3.187539894343416 485.99480533599854 299.4231147766113
55.94425240277992 -3.187539894343416 SE 55.94404027074556 -3.18732776230906 485.99480533599854 298.1731147766113
55.94404027074556 -3.18732776230906 WNW 55.94415507577527 -3.1876049261688135 485.99480533599854 296.9231147766113
55.94415507577527 -3.1876049261688135 E 55.94415507577527 -3.1873049261688133 485.99480533599854 295.6731147766113
55.94415507577527 -3.1873049261688133 W 55.94415507577527 -3.1876049261688135 485.99480533599854 294.4231147766113
55.94415507577527 -3.1876049261688135 ESE 55.94404027074556 -3.18732776230906 485.99480533599854 293.1731147766113
55.94404027074556 -3.18732776230906 NW 55.94425240277992 -3.187539894343416 485.99480533599854 291.9231147766113
55.94425240277992 -3.187539894343416 SE 55.94404027074556 -3.18732776230906 485.99480533599854 290.6731147766113
55.94404027074556 -3.18732776230906 WNW 55.94415507577527 -3.1876049261688135 485.99480533599854 289.4231147766113
55.94415507577527 -3.1876049261688135 ESE 55.94404027074556 -3.18732776230906 485.99480533599854 288.1731147766113
55.94404027074556 -3.18732776230906 NNE 55.94431743460532 -3.1872129572793506 485.99480533599854 286.9231147766113
55.94431743460532 -3.1872129572793506 S 55.944017434605314 -3.1872129572793506 485.99480533599854 285.6731147766113
55.944017434605314 -3.1872129572793506 NNW 55.94429459846507 -3.18732776230906 485.99480533599854 284.4231147766113
55.94429459846507 -3.18732776230906 SE 55.944082466430714 -3.1871156302747043 485.99480533599854 283.1731147766113
55.944082466430714 -3.1871156302747043 NW 55.94429459846507 -3.18732776230906 485.99480533599854 281.9231147766113
55.94429459846507 -3.18732776230906 ESE 55.94417979343536 -3.1870505984493067 485.99480533599854 280.6731147766113
55.94417979343536 -3.1870505984493067 W 55.94417979343536 -3.187350598449307 485.99480533599854 279.4231147766113
55.94417979343536 -3.187350598449307 E 55.94417979343536 -3.1870505984493067 485.99480533599854 278.1731147766113
55.94417979343536 -3.1870505984493067 WSW 55.94406498840565 -3.18732776230906 485.99480533599854 276.9231147766113
55.94406498840565 -3.18732776230906 E 55.94406498840565 -3.18702776230906 485.99480533599854 275.6731147766113
55.94406498840565 -3.18702776230906 W 55.94406498840565 -3.18732776230906 485.99480533599854 274.4231147766113
55.94406498840565 -3.18732776230906 E 55.94406498840565 -3.18702776230906 485.99480533599854 273.1731147766113
55.94406498840565 -3.18702776230906 SSW 55.94378782454589 -3.1871425673387694 508.95015239715576 328.3658027648926
55.94378782454589 -3.1871425673387694 NNE 55.94406498840565 -3.18702776230906 508.95015239715576 327.1158027648926
55.94406498840565 -3.18702776230906 SSE 55.94378782454589 -3.1869129572793504 608.7170057296753 339.10870838165283
55.94378782454589 -3.1869129572793504 N 55.944087824545896 -3.1869129572793504 649.9408102035522 388.45558643341064
55.944087824545896 -3.1869129572793504 SW 55.94387569251154 -3.187125089313706 649.9408102035522 387.20558643341064
55.94387569251154 -3.187125089313706 ENE 55.94399049754125 -3.186847925453953 710.1072721481323 399.848726272583
55.94399049754125 -3.186847925453953 WSW 55.94387569251154 -3.187125089313706 710.1072721481323 398.598726272583
55.94387569251154 -3.187125089313706 ENE 55.94399049754125 -3.186847925453953 710.1072721481323 397.348726272583
55.94399049754125 -3.186847925453953 NW 55.94420262957561 -3.1870600574883086 710.1072721481323 396.098726272583
55.94420262957561 -3.1870600574883086 SE 55.94399049754125 -3.186847925453953 710.1072721481323 394.848726272583
55.94399049754125 -3.186847925453953 NW 55.94420262957561 -3.1870600574883086 710.1072721481323 393.598726272583
55.94420262957561 -3.1870600574883086 E 55.94420262957561 -3.1867600574883084 710.1072721481323 392.348726272583
55.94420262957561 -3.1867600574883084 W 55.94420262957561 -3.1870600574883086 710.1072721481323 391.098726272583
55.94420262957561 -3.1870600574883086 E 55.94420262957561 -3.1867600574883084 710.1072721481323 389.848726272583
55.94420262957561 -3.1867600574883084 W 55.94420262957561 -3.1870600574883086 710.1072721481323 388.598726272583
55.94420262957561 -3.1870600574883086 E 55.94420262957561 -3.1867600574883084 710.1072721481323 387.348726272583
55.94420262957561 -3.1867600574883084 WSW 55.944087824545896 -3.1870372213480618 710.1072721481323 386.098726272583
