55.944425 -3.188396 WNW 55.94453980502971 -3.1886731638597534 0.0 248.75
55.94453980502971 -3.1886731638597534 E 55.94453980502971 -3.1883731638597532 0.0 247.5
55.94453980502971 -3.1883731638597532 SE 55.94432767299536 -3.1881610318253975 0.0 246.25
55.94432767299536 -3.1881610318253975 NW 55.94453980502971 -3.1883731638597532 0.0 245.0
55.94453980502971 -3.1883731638597532 SSE 55.944262641169956 -3.1882583588300437 0.0 243.75
55.944262641169956 -3.1882583588300437 NNW 55.94453980502971 -3.1883731638597532 0.0 242.5
55.94453980502971 -3.1883731638597532 SSE 55.944262641169956 -3.1882583588300437 0.0 241.25
55.944262641169956 -3.1882583588300437 NNW 55.94453980502971 -3.1883731638597532 0.0 240.0
55.94453980502971 -3.1883731638597532 ESE 55.944425 -3.188096 0.0 238.75
55.944425 -3.188096 WNW 55.94453980502971 -3.1883731638597532 0.0 237.5
55.94453980502971 -3.1883731638597532 ESE 55.944425 -3.188096 0.0 236.25
55.944425 -3.188096 NW 55.94463713203436 -3.1883081320343556 0.0 235.0
55.94463713203436 -3.1883081320343556 E 55.94463713203436 -3.1880081320343554 0.0 233.75
55.94463713203436 -3.1880081320343554 W 55.94463713203436 -3.1883081320343556 0.0 232.5
55.94463713203436 -3.1883081320343556 SE 55.944425 -3.188096 0.0 231.25
55.944425 -3.188096 NW 55.94463713203436 -3.1883081320343556 0.0 230.0
55.94463713203436 -3.1883081320343556 W 55.94463713203436 -3.188608132034356 0.0 228.75
55.94463713203436 -3.188608132034356 E 55.94463713203436 -3.1883081320343556 0.0 227.5
55.94463713203436 -3.1883081320343556 NNW 55.944914295894115 -3.188422937064065 0.0 226.25
55.944914295894115 -3.188422937064065 S 55.94461429589411 -3.188422937064065 0.0 225.0
55.94461429589411 -3.188422937064065 N 55.944914295894115 -3.188422937064065 0.0 223.75
55.944914295894115 -3.188422937064065 S 55.94461429589411 -3.188422937064065 0.0 222.5
55.94461429589411 -3.188422937064065 N 55.944914295894115 -3.188422937064065 0.0 221.25
55.944914295894115 -3.188422937064065 SSE 55.94463713203436 -3.1883081320343556 0.0 220.0
55.94463713203436 -3.1883081320343556 N 55.94493713203436 -3.1883081320343556 112.574951171875 331.6595687866211
55.94493713203436 -3.1883081320343556 ESE 55.94482232700465 -3.188030968174602 112.574951171875 330.4095687866211
55.94482232700465 -3.188030968174602 WNW 55.94493713203436 -3.1883081320343556 112.574951171875 329.1595687866211
55.94493713203436 -3.1883081320343556 SSW 55.944659968174605 -3.188422937064065 112.574951171875 327.9095687866211
55.944659968174605 -3.188422937064065 NNE 55.94493713203436 -3.1883081320343556 112.574951171875 326.6595687866211
55.94493713203436 -3.1883081320343556 SE 55.944725000000005 -3.188096 112.574951171875 325.4095687866211
55.944725000000005 -3.188096 WNW 55.944839805029716 -3.1883731638597532 112.574951171875 324.1595687866211
55.944839805029716 -3.1883731638597532 E 55.944839805029716 -3.188073163859753 112.574951171875 322.9095687866211
55.944839805029716 -3.188073163859753 W 55.944839805029716 -3.1883731638597532 112.574951171875 321.6595687866211
55.944839805029716 -3.1883731638597532 E 55.944839805029716 -3.188073163859753 112.574951171875 320.4095687866211
55.944839805029716 -3.188073163859753 N 55.94513980502972 -3.188073163859753 112.574951171875 319.1595687866211
55.94513980502972 -3.188073163859753 SSE 55.94486264116996 -3.1879583588300435 112.574951171875 317.9095687866211
55.94486264116996 -3.1879583588300435 NW 55.94507477320432 -3.1881704908643993 112.574951171875 316.6595687866211
55.94507477320432 -3.1881704908643993 SE 55.94486264116996 -3.1879583588300435 112.574951171875 315.4095687866211
55.94486264116996 -3.1879583588300435 NNE 55.94513980502972 -3.187843553800334 112.574951171875 314.1595687866211
55.94513980502972 -3.187843553800334 SSW 55.94486264116996 -3.1879583588300435 112.574951171875 312.9095687866211
55.94486264116996 -3.1879583588300435 SSW 55.944585477310206 -3.188073163859753 112.574951171875 311.6595687866211
55.944585477310206 -3.188073163859753 NNE 55.94486264116996 -3.1879583588300435 112.574951171875 310.4095687866211
55.94486264116996 -3.1879583588300435 SSW 55.944585477310206 -3.188073163859753 112.574951171875 309.1595687866211
55.944585477310206 -3.188073163859753 N 55.94488547731021 -3.188073163859753 112.574951171875 307.9095687866211
55.94488547731021 -3.188073163859753 S 55.944585477310206 -3.188073163859753 112.574951171875 306.6595687866211
55.944585477310206 -3.188073163859753 NNE 55.94486264116996 -3.1879583588300435 112.574951171875 305.4095687866211
55.94486264116996 -3.1879583588300435 S 55.94456264116996 -3.1879583588300435 112.574951171875 304.1595687866211
55.94456264116996 -3.1879583588300435 N 55.94486264116996 -3.1879583588300435 112.574951171875 302.9095687866211
55.94486264116996 -3.1879583588300435 S 55.94456264116996 -3.1879583588300435 112.574951171875 301.6595687866211
55.94456264116996 -3.1879583588300435 SSE 55.9442854773102 -3.187843553800334 112.574951171875 300.4095687866211
55.9442854773102 -3.187843553800334 NNW 55.94456264116996 -3.1879583588300435 112.574951171875 299.1595687866211
55.94456264116996 -3.1879583588300435 ESE 55.94444783614025 -3.18768119497029 112.574951171875 297.9095687866211
55.94444783614025 -3.18768119497029 WNW 55.94456264116996 -3.1879583588300435 112.574951171875 296.6595687866211
55.94456264116996 -3.1879583588300435 ENE 55.94467744619967 -3.18768119497029 112.574951171875 295.4095687866211
55.94467744619967 -3.18768119497029 WSW 55.94456264116996 -3.1879583588300435 112.574951171875 294.1595687866211
55.94456264116996 -3.1879583588300435 ESE 55.94444783614025 -3.18768119497029 112.574951171875 292.9095687866211
55.94444783614025 -3.18768119497029 NW 55.944659968174605 -3.187893327004646 112.574951171875 291.6595687866211
55.944659968174605 -3.187893327004646 SSE 55.94438280431485 -3.1877785219749364 112.574951171875 290.4095687866211
55.94438280431485 -3.1877785219749364 NNW 55.944659968174605 -3.187893327004646 112.574951171875 289.1595687866211
55.944659968174605 -3.187893327004646 SE 55.94444783614025 -3.18768119497029 112.574951171875 287.9095687866211
55.94444783614025 -3.18768119497029 NW 55.944659968174605 -3.187893327004646 112.574951171875 286.6595687866211
55.944659968174605 -3.187893327004646 SE 55.94444783614025 -3.18768119497029 112.574951171875 285.4095687866211
55.94444783614025 -3.18768119497029 WNW 55.94456264116996 -3.1879583588300435 112.574951171875 284.1595687866211
55.94456264116996 -3.1879583588300435 ESE 55.94444783614025 -3.18768119497029 112.574951171875 282.9095687866211
55.94444783614025 -3.18768119497029 SSW 55.94417067228049 -3.1877959999999996 112.574951171875 281.6595687866211
55.94417067228049 -3.1877959999999996 NNE 55.94444783614025 -3.18768119497029 112.574951171875 280.4095687866211
55.94444783614025 -3.18768119497029 SSW 55.94417067228049 -3.1877959999999996 112.574951171875 279.1595687866211
55.94417067228049 -3.1877959999999996 NE 55.94438280431485 -3.187583867965644 112.574951171875 277.9095687866211
55.94438280431485 -3.187583867965644 S 55.944082804314846 -3.187583867965644 112.574951171875 276.6595687866211
55.944082804314846 -3.187583867965644 NNW 55.9443599681746 -3.1876986729953534 112.574951171875 275.4095687866211
55.9443599681746 -3.1876986729953534 SSE 55.944082804314846 -3.187583867965644 112.574951171875 274.1595687866211
55.944082804314846 -3.187583867965644 ENE 55.944197609344556 -3.1873067041058905 112.574951171875 272.9095687866211
55.944197609344556 -3.1873067041058905 W 55.944197609344556 -3.1876067041058906 112.574951171875 271.6595687866211
55.944197609344556 -3.1876067041058906 ENE 55.94431241437427 -3.1873295402461372 112.574951171875 270.4095687866211
55.94431241437427 -3.1873295402461372 WSW 55.944197609344556 -3.1876067041058906 112.574951171875 269.1595687866211
55.944197609344556 -3.1876067041058906 NE 55.94440974137891 -3.187394572071535 112.574951171875 267.9095687866211
55.94440974137891 -3.187394572071535 SSE 55.944132577519156 -3.1872797670418254 112.574951171875 266.6595687866211
55.944132577519156 -3.1872797670418254 NNW 55.94440974137891 -3.187394572071535 112.574951171875 265.4095687866211
55.94440974137891 -3.187394572071535 S 55.94410974137891 -3.187394572071535 112.574951171875 264.1595687866211
55.94410974137891 -3.187394572071535 N 55.94440974137891 -3.187394572071535 112.574951171875 262.9095687866211
55.94440974137891 -3.187394572071535 S 55.94410974137891 -3.187394572071535 112.574951171875 261.6595687866211
55.94410974137891 -3.187394572071535 SE 55.94389760934455 -3.187182440037179 195.90784454345703 353.8495788574219
55.94389760934455 -3.187182440037179 NW 55.94410974137891 -3.187394572071535 195.90784454345703 352.5995788574219
55.94410974137891 -3.187394572071535 ESE 55.9439949363492 -3.1871174082117815 195.90784454345703 351.3495788574219
55.9439949363492 -3.1871174082117815 NW 55.944207068383555 -3.1873295402461372 195.90784454345703 350.0995788574219
55.944207068383555 -3.1873295402461372 SE 55.9439949363492 -3.1871174082117815 195.90784454345703 348.8495788574219
55.9439949363492 -3.1871174082117815 NW 55.944207068383555 -3.1873295402461372 195.90784454345703 347.5995788574219
55.944207068383555 -3.1873295402461372 SE 55.9439949363492 -3.1871174082117815 195.90784454345703 346.3495788574219
55.9439949363492 -3.1871174082117815 W 55.9439949363492 -3.1874174082117817 195.90784454345703 345.0995788574219
55.9439949363492 -3.1874174082117817 E 55.9439949363492 -3.1871174082117815 195.90784454345703 343.8495788574219
55.9439949363492 -3.1871174082117815 W 55.9439949363492 -3.1874174082117817 195.90784454345703 342.5995788574219
55.9439949363492 -3.1874174082117817 E 55.9439949363492 -3.1871174082117815 195.90784454345703 341.3495788574219
55.9439949363492 -3.1871174082117815 SW 55.94378280431484 -3.1873295402461372 195.90784454345703 340.0995788574219
55.94378280431484 -3.1873295402461372 NE 55.9439949363492 -3.1871174082117815 195.90784454345703 338.8495788574219
55.9439949363492 -3.1871174082117815 SSW 55.94371777248944 -3.187232213241491 195.90784454345703 337.5995788574219
55.94371777248944 -3.187232213241491 NNE 55.9439949363492 -3.1871174082117815 195.90784454345703 336.3495788574219
55.9439949363492 -3.1871174082117815 S 55.943694936349196 -3.1871174082117815 195.90784454345703 335.0995788574219
55.943694936349196 -3.1871174082117815 N 55.9439949363492 -3.1871174082117815 195.90784454345703 333.8495788574219
55.9439949363492 -3.1871174082117815 S 55.943694936349196 -3.1871174082117815 195.90784454345703 332.5995788574219
55.943694936349196 -3.1871174082117815 WNW 55.94380974137891 -3.187394572071535 195.90784454345703 331.3495788574219
55.94380974137891 -3.187394572071535 ESE 55.943694936349196 -3.1871174082117815 195.90784454345703 330.0995788574219
55.943694936349196 -3.1871174082117815 SW 55.94348280431484 -3.1873295402461372 195.90784454345703 328.8495788574219
55.94348280431484 -3.1873295402461372 NE 55.943694936349196 -3.1871174082117815 195.90784454345703 327.5995788574219
55.943694936349196 -3.1871174082117815 SW 55.94348280431484 -3.1873295402461372 195.90784454345703 326.3495788574219
55.94348280431484 -3.1873295402461372 NE 55.943694936349196 -3.1871174082117815 195.90784454345703 325.0995788574219
55.943694936349196 -3.1871174082117815 SW 55.94348280431484 -3.1873295402461372 195.90784454345703 323.8495788574219
55.94348280431484 -3.1873295402461372 NNE 55.9437599681746 -3.1872147352164277 195.90784454345703 322.5995788574219
55.9437599681746 -3.1872147352164277 SW 55.94354783614024 -3.1874268672507835 195.90784454345703 321.3495788574219
55.94354783614024 -3.1874268672507835 NNE 55.943825 -3.187312062221074 195.90784454345703 320.0995788574219
55.943825 -3.187312062221074 SSW 55.94354783614024 -3.1874268672507835 195.90784454345703 318.8495788574219
55.94354783614024 -3.1874268672507835 NNW 55.943825 -3.187541672280493 195.90784454345703 317.5995788574219
55.943825 -3.187541672280493 S 55.943524999999994 -3.187541672280493 195.90784454345703 316.3495788574219
55.943524999999994 -3.187541672280493 ESE 55.943410194970284 -3.1872645084207396 195.90784454345703 315.0995788574219
55.943410194970284 -3.1872645084207396 WNW 55.943524999999994 -3.187541672280493 195.90784454345703 313.8495788574219
55.943524999999994 -3.187541672280493 ENE 55.943639805029704 -3.1872645084207396 195.90784454345703 312.5995788574219
55.943639805029704 -3.1872645084207396 WSW 55.943524999999994 -3.187541672280493 195.90784454345703 311.3495788574219
55.943524999999994 -3.187541672280493 E 55.943524999999994 -3.187241672280493 195.90784454345703 310.0995788574219
55.943524999999994 -3.187241672280493 W 55.943524999999994 -3.187541672280493 195.90784454345703 308.8495788574219
55.943524999999994 -3.187541672280493 ESE 55.943410194970284 -3.1872645084207396 195.90784454345703 307.5995788574219
55.943410194970284 -3.1872645084207396 WNW 55.943524999999994 -3.187541672280493 195.90784454345703 306.3495788574219
55.943524999999994 -3.187541672280493 SSE 55.94324783614024 -3.1874268672507835 195.90784454345703 305.0995788574219
55.94324783614024 -3.1874268672507835 NNW 55.943524999999994 -3.187541672280493 195.90784454345703 303.8495788574219
55.943524999999994 -3.187541672280493 S 55.94322499999999 -3.187541672280493 195.90784454345703 302.5995788574219
55.94322499999999 -3.187541672280493 N 55.943524999999994 -3.187541672280493 195.90784454345703 301.3495788574219
55.943524999999994 -3.187541672280493 S 55.94322499999999 -3.187541672280493 195.90784454345703 300.0995788574219
55.94322499999999 -3.187541672280493 NNW 55.94350216385975 -3.1876564773102025 195.90784454345703 298.8495788574219
55.94350216385975 -3.1876564773102025 SSE 55.94322499999999 -3.187541672280493 195.90784454345703 297.5995788574219
55.94322499999999 -3.187541672280493 S 55.94292499999999 -3.187541672280493 195.90784454345703 296.3495788574219
55.94292499999999 -3.187541672280493 N 55.94322499999999 -3.187541672280493 195.90784454345703 295.0995788574219
55.94322499999999 -3.187541672280493 ENE 55.9433398050297 -3.1872645084207396 195.90784454345703 293.8495788574219
55.9433398050297 -3.1872645084207396 WSW 55.94322499999999 -3.187541672280493 195.90784454345703 292.5995788574219
55.94322499999999 -3.187541672280493 SSW 55.942947836140235 -3.1876564773102025 195.90784454345703 291.3495788574219
55.942947836140235 -3.1876564773102025 NE 55.94315996817459 -3.1874443452758467 195.90784454345703 290.0995788574219
55.94315996817459 -3.1874443452758467 SW 55.942947836140235 -3.1876564773102025 195.90784454345703 288.8495788574219
55.942947836140235 -3.1876564773102025 NE 55.94315996817459 -3.1874443452758467 195.90784454345703 287.5995788574219
55.94315996817459 -3.1874443452758467 N 55.943459968174594 -3.1874443452758467 195.90784454345703 286.3495788574219
55.943459968174594 -3.1874443452758467 S 55.94315996817459 -3.1874443452758467 195.90784454345703 285.0995788574219
55.94315996817459 -3.1874443452758467 SSW 55.942882804314834 -3.1875591503055563 195.90784454345703 283.8495788574219
55.942882804314834 -3.1875591503055563 NNE 55.94315996817459 -3.1874443452758467 195.90784454345703 282.5995788574219
55.94315996817459 -3.1874443452758467 SSW 55.942882804314834 -3.1875591503055563 195.90784454345703 281.3495788574219
55.942882804314834 -3.1875591503055563 ENE 55.942997609344545 -3.187281986445803 195.90784454345703 280.0995788574219
55.942997609344545 -3.187281986445803 W 55.942997609344545 -3.187581986445803 195.90784454345703 278.8495788574219
55.942997609344545 -3.187581986445803 E 55.942997609344545 -3.187281986445803 195.90784454345703 277.5995788574219
55.942997609344545 -3.187281986445803 WNW 55.943112414374255 -3.1875591503055563 195.90784454345703 276.3495788574219
55.943112414374255 -3.1875591503055563 ESE 55.942997609344545 -3.187281986445803 195.90784454345703 275.0995788574219
55.942997609344545 -3.187281986445803 NNW 55.9432747732043 -3.1873967914755124 195.90784454345703 273.8495788574219
55.9432747732043 -3.1873967914755124 SE 55.943062641169945 -3.1871846594411566 195.90784454345703 272.5995788574219
55.943062641169945 -3.1871846594411566 NW 55.9432747732043 -3.1873967914755124 195.90784454345703 271.3495788574219
55.9432747732043 -3.1873967914755124 SE 55.943062641169945 -3.1871846594411566 195.90784454345703 270.0995788574219
55.943062641169945 -3.1871846594411566 NW 55.9432747732043 -3.1873967914755124 195.90784454345703 268.8495788574219
55.9432747732043 -3.1873967914755124 NNE 55.94355193706406 -3.187281986445803 195.90784454345703 267.5995788574219
55.94355193706406 -3.187281986445803 SSW 55.9432747732043 -3.1873967914755124 195.90784454345703 266.3495788574219
55.9432747732043 -3.1873967914755124 E 55.9432747732043 -3.187096791475512 195.90784454345703 265.0995788574219
55.9432747732043 -3.187096791475512 W 55.9432747732043 -3.1873967914755124 195.90784454345703 263.8495788574219
55.9432747732043 -3.1873967914755124 NNW 55.94355193706406 -3.187511596505222 195.90784454345703 262.5995788574219
55.94355193706406 -3.187511596505222 SSE 55.9432747732043 -3.1873967914755124 195.90784454345703 261.3495788574219
55.9432747732043 -3.1873967914755124 ENE 55.94338957823401 -3.187119627615759 195.90784454345703 260.0995788574219
55.94338957823401 -3.187119627615759 W 55.94338957823401 -3.187419627615759 195.90784454345703 258.8495788574219
55.94338957823401 -3.187419627615759 E 55.94338957823401 -3.187119627615759 195.90784454345703 257.5995788574219
55.94338957823401 -3.187119627615759 WSW 55.9432747732043 -3.1873967914755124 195.90784454345703 256.3495788574219
55.9432747732043 -3.1873967914755124 ENE 55.94338957823401 -3.187119627615759 195.90784454345703 255.09957885742188
55.94338957823401 -3.187119627615759 WSW 55.9432747732043 -3.1873967914755124 195.90784454345703 253.84957885742188
55.9432747732043 -3.1873967914755124 E 55.9432747732043 -3.187096791475512 195.90784454345703 252.59957885742188
55.9432747732043 -3.187096791475512 W 55.9432747732043 -3.1873967914755124 195.90784454345703 251.34957885742188
55.9432747732043 -3.1873967914755124 E 55.9432747732043 -3.187096791475512 195.90784454345703 250.09957885742188
55.9432747732043 -3.187096791475512 NNW 55.94355193706406 -3.1872115965052217 195.90784454345703 248.84957885742188
55.94355193706406 -3.1872115965052217 SSE 55.9432747732043 -3.187096791475512 195.90784454345703 247.59957885742188
55.9432747732043 -3.187096791475512 NNW 55.94355193706406 -3.1872115965052217 195.90784454345703 246.34957885742188
55.94355193706406 -3.1872115965052217 SSE 55.9432747732043 -3.187096791475512 195.90784454345703 245.09957885742188
55.9432747732043 -3.187096791475512 NNW 55.94355193706406 -3.1872115965052217 195.90784454345703 243.84957885742188
55.94355193706406 -3.1872115965052217 SE 55.9433398050297 -3.186999464470866 195.90784454345703 242.59957885742188
55.9433398050297 -3.186999464470866 NW 55.94355193706406 -3.1872115965052217 195.90784454345703 241.34957885742188
55.94355193706406 -3.1872115965052217 SE 55.9433398050297 -3.186999464470866 195.90784454345703 240.09957885742188
55.9433398050297 -3.186999464470866 NW 55.94355193706406 -3.1872115965052217 195.90784454345703 238.84957885742188
55.94355193706406 -3.1872115965052217 E 55.94355193706406 -3.1869115965052215 195.90784454345703 237.59957885742188
55.94355193706406 -3.1869115965052215 SSW 55.9432747732043 -3.187026401534931 195.90784454345703 236.34957885742188
55.9432747732043 -3.187026401534931 NNE 55.94355193706406 -3.1869115965052215 195.90784454345703 235.09957885742188
55.94355193706406 -3.1869115965052215 S 55.943251937064055 -3.1869115965052215 195.90784454345703 233.84957885742188
55.943251937064055 -3.1869115965052215 N 55.94355193706406 -3.1869115965052215 195.90784454345703 232.59957885742188
55.94355193706406 -3.1869115965052215 NNE 55.943829100923814 -3.186796791475512 195.90784454345703 231.34957885742188
55.943829100923814 -3.186796791475512 SSW 55.94355193706406 -3.1869115965052215 195.90784454345703 230.09957885742188
55.94355193706406 -3.1869115965052215 NNE 55.943829100923814 -3.186796791475512 195.90784454345703 228.84957885742188
55.943829100923814 -3.186796791475512 SSW 55.94355193706406 -3.1869115965052215 195.90784454345703 227.59957885742188
55.94355193706406 -3.1869115965052215 NNE 55.943829100923814 -3.186796791475512 195.90784454345703 226.34957885742188
55.943829100923814 -3.186796791475512 SE 55.94361696888946 -3.186584659441156 264.55242919921875 243.8666820526123
55.94361696888946 -3.186584659441156 NW 55.943829100923814 -3.186796791475512 264.55242919921875 242.6166820526123
55.943829100923814 -3.186796791475512 ENE 55.943943905953525 -3.1865196276157586 264.55242919921875 241.3666820526123
55.943943905953525 -3.1865196276157586 WSW 55.943829100923814 -3.186796791475512 264.55242919921875 240.1166820526123
55.943829100923814 -3.186796791475512 SSW 55.94355193706406 -3.1869115965052215 264.55242919921875 238.8666820526123
55.94355193706406 -3.1869115965052215 NNE 55.943829100923814 -3.186796791475512 264.55242919921875 237.6166820526123
55.943829100923814 -3.186796791475512 ESE 55.943714295894104 -3.1865196276157586 264.55242919921875 236.3666820526123
55.943714295894104 -3.1865196276157586 WNW 55.943829100923814 -3.186796791475512 264.55242919921875 235.1166820526123
55.943829100923814 -3.186796791475512 ENE 55.943943905953525 -3.1865196276157586 264.55242919921875 233.8666820526123
55.943943905953525 -3.1865196276157586 WSW 55.943829100923814 -3.186796791475512 264.55242919921875 232.6166820526123
55.943829100923814 -3.186796791475512 ENE 55.943943905953525 -3.1865196276157586 264.55242919921875 231.3666820526123
55.943943905953525 -3.1865196276157586 W 55.943943905953525 -3.1868196276157588 264.55242919921875 230.1166820526123
55.943943905953525 -3.1868196276157588 NNE 55.94422106981328 -3.1867048225860493 264.55242919921875 228.8666820526123
55.94422106981328 -3.1867048225860493 SSW 55.943943905953525 -3.1868196276157588 264.55242919921875 227.6166820526123
55.943943905953525 -3.1868196276157588 SE 55.94373177391917 -3.186607495581403 264.55242919921875 226.3666820526123
55.94373177391917 -3.186607495581403 WNW 55.94384657894888 -3.1868846594411564 264.55242919921875 225.1166820526123
55.94384657894888 -3.1868846594411564 NW 55.944058710983235 -3.187096791475512 264.55242919921875 223.8666820526123
55.944058710983235 -3.187096791475512 ESE 55.943943905953525 -3.1868196276157588 264.55242919921875 222.6166820526123
55.943943905953525 -3.1868196276157588 WNW 55.944058710983235 -3.187096791475512 264.55242919921875 221.3666820526123
55.944058710983235 -3.187096791475512 ESE 55.943943905953525 -3.1868196276157588 264.55242919921875 220.1166820526123
55.943943905953525 -3.1868196276157588 WNW 55.944058710983235 -3.187096791475512 264.55242919921875 218.8666820526123
55.944058710983235 -3.187096791475512 E 55.944058710983235 -3.186796791475512 264.55242919921875 217.6166820526123
55.944058710983235 -3.186796791475512 W 55.944058710983235 -3.187096791475512 264.55242919921875 216.3666820526123
55.944058710983235 -3.187096791475512 ENE 55.944173516012945 -3.1868196276157588 264.55242919921875 215.1166820526123
55.944173516012945 -3.1868196276157588 W 55.944173516012945 -3.187119627615759 264.55242919921875 213.8666820526123
55.944173516012945 -3.187119627615759 W 55.944173516012945 -3.187419627615759 264.55242919921875 212.6166820526123
55.944173516012945 -3.187419627615759 E 55.944173516012945 -3.187119627615759 264.55242919921875 211.3666820526123
55.944173516012945 -3.187119627615759 SSE 55.94389635215319 -3.1870048225860494 264.55242919921875 210.1166820526123
55.94389635215319 -3.1870048225860494 NNW 55.944173516012945 -3.187119627615759 264.55242919921875 208.8666820526123
55.944173516012945 -3.187119627615759 SSE 55.94389635215319 -3.1870048225860494 264.55242919921875 207.6166820526123
55.94389635215319 -3.1870048225860494 NNW 55.944173516012945 -3.187119627615759 264.55242919921875 206.3666820526123
55.944173516012945 -3.187119627615759 SSE 55.94389635215319 -3.1870048225860494 264.55242919921875 205.1166820526123
55.94389635215319 -3.1870048225860494 WSW 55.94378154712348 -3.187281986445803 264.55242919921875 203.8666820526123
55.94378154712348 -3.187281986445803 SE 55.94356941508912 -3.187069854411447 264.55242919921875 202.6166820526123
55.94356941508912 -3.187069854411447 NW 55.94378154712348 -3.187281986445803 264.55242919921875 201.3666820526123
55.94378154712348 -3.187281986445803 SE 55.94356941508912 -3.187069854411447 264.55242919921875 200.1166820526123
55.94356941508912 -3.187069854411447 NW 55.94378154712348 -3.187281986445803 264.55242919921875 198.8666820526123
55.94378154712348 -3.187281986445803 SE 55.94356941508912 -3.187069854411447 264.55242919921875 197.6166820526123
55.94356941508912 -3.187069854411447 NW 55.94378154712348 -3.187281986445803 264.55242919921875 196.3666820526123
55.94378154712348 -3.187281986445803 S 55.943481547123476 -3.187281986445803 264.55242919921875 195.1166820526123
55.943481547123476 -3.187281986445803 N 55.94378154712348 -3.187281986445803 264.55242919921875 193.8666820526123
55.94378154712348 -3.187281986445803 SW 55.94356941508912 -3.1874941184801586 264.55242919921875 192.6166820526123
55.94356941508912 -3.1874941184801586 NE 55.94378154712348 -3.187281986445803 264.55242919921875 191.3666820526123
55.94378154712348 -3.187281986445803 WSW 55.94366674209377 -3.1875591503055563 264.55242919921875 190.1166820526123
55.94366674209377 -3.1875591503055563 ENE 55.94378154712348 -3.187281986445803 264.55242919921875 188.8666820526123
55.94378154712348 -3.187281986445803 W 55.94378154712348 -3.187581986445803 264.55242919921875 187.6166820526123
55.94378154712348 -3.187581986445803 NE 55.943993679157835 -3.1873698544114473 264.55242919921875 186.3666820526123
55.943993679157835 -3.1873698544114473 SSE 55.94371651529808 -3.1872550493817378 264.55242919921875 185.1166820526123
55.94371651529808 -3.1872550493817378 NNW 55.943993679157835 -3.1873698544114473 264.55242919921875 183.8666820526123
55.943993679157835 -3.1873698544114473 SW 55.94378154712348 -3.187581986445803 264.55242919921875 182.6166820526123
55.94378154712348 -3.187581986445803 N 55.94408154712348 -3.187581986445803 264.55242919921875 181.3666820526123
55.94408154712348 -3.187581986445803 SE 55.943869415089125 -3.1873698544114473 264.55242919921875 180.1166820526123
55.943869415089125 -3.1873698544114473 NW 55.94408154712348 -3.187581986445803 264.55242919921875 178.8666820526123
55.94408154712348 -3.187581986445803 WSW 55.94396674209377 -3.1878591503055564 264.55242919921875 177.6166820526123
55.94396674209377 -3.1878591503055564 ENE 55.94408154712348 -3.187581986445803 264.55242919921875 176.3666820526123
55.94408154712348 -3.187581986445803 WSW 55.94396674209377 -3.1878591503055564 264.55242919921875 175.1166820526123
55.94396674209377 -3.1878591503055564 N 55.944266742093774 -3.1878591503055564 264.55242919921875 173.8666820526123
55.944266742093774 -3.1878591503055564 S 55.94396674209377 -3.1878591503055564 264.55242919921875 172.6166820526123
55.94396674209377 -3.1878591503055564 NNW 55.94424390595353 -3.187973955335266 264.55242919921875 171.3666820526123
55.94424390595353 -3.187973955335266 SSE 55.94396674209377 -3.1878591503055564 264.55242919921875 170.1166820526123
55.94396674209377 -3.1878591503055564 NNE 55.94424390595353 -3.187744345275847 264.55242919921875 168.8666820526123
55.94424390595353 -3.187744345275847 SSW 55.94396674209377 -3.1878591503055564 264.55242919921875 167.6166820526123
55.94396674209377 -3.1878591503055564 SE 55.943754610059415 -3.1876470182712007 264.55242919921875 166.3666820526123
55.943754610059415 -3.1876470182712007 NW 55.94396674209377 -3.1878591503055564 264.55242919921875 165.1166820526123
55.94396674209377 -3.1878591503055564 ESE 55.94385193706406 -3.187581986445803 264.55242919921875 163.8666820526123
55.94385193706406 -3.187581986445803 WNW 55.94396674209377 -3.1878591503055564 264.55242919921875 162.6166820526123
