55.944425 -3.188396 ESE 55.94431019497029 -3.1881188361402466 0.0 248.75
55.94431019497029 -3.1881188361402466 WSW 55.94419538994058 -3.188396 0.0 247.5
55.94419538994058 -3.188396 NE 55.94440752197494 -3.1881838679656442 0.0 246.25
55.94440752197494 -3.1881838679656442 S 55.944107521974935 -3.1881838679656442 0.0 245.0
55.944107521974935 -3.1881838679656442 NNE 55.94438468583469 -3.1880690629359347 0.0 243.75
55.94438468583469 -3.1880690629359347 SSW 55.944107521974935 -3.1881838679656442 0.0 242.5
55.944107521974935 -3.1881838679656442 SSE 55.94383035811518 -3.1880690629359347 0.0 241.25
55.94383035811518 -3.1880690629359347 ENE 55.94394516314489 -3.1877918990761813 0.0 240.0
55.94394516314489 -3.1877918990761813 NNW 55.944222327004645 -3.187906704105891 0.0 238.75
55.944222327004645 -3.187906704105891 SE 55.94401019497029 -3.187694572071535 0.0 237.5
55.94401019497029 -3.187694572071535 NW 55.944222327004645 -3.187906704105891 0.0 236.25
55.944222327004645 -3.187906704105891 SE 55.94401019497029 -3.187694572071535 0.0 235.0
55.94401019497029 -3.187694572071535 N 55.94431019497029 -3.187694572071535 0.0 233.75
55.94431019497029 -3.187694572071535 SSE 55.944033031110536 -3.1875797670418256 0.0 232.5
55.944033031110536 -3.1875797670418256 NE 55.94424516314489 -3.18736763500747 0.0 231.25
55.94424516314489 -3.18736763500747 W 55.94424516314489 -3.18766763500747 0.0 230.0
55.94424516314489 -3.18766763500747 E 55.94424516314489 -3.18736763500747 0.0 228.75
55.94424516314489 -3.18736763500747 NNE 55.94452232700465 -3.1872528299777603 0.0 227.5
55.94452232700465 -3.1872528299777603 S 55.944222327004645 -3.1872528299777603 0.0 226.25
55.944222327004645 -3.1872528299777603 NNE 55.9444994908644 -3.1871380249480508 0.0 225.0
55.9444994908644 -3.1871380249480508 SSE 55.944222327004645 -3.1870232199183413 0.0 223.75
55.944222327004645 -3.1870232199183413 NNW 55.9444994908644 -3.1871380249480508 0.0 222.5
55.9444994908644 -3.1871380249480508 SE 55.944287358830046 -3.186925892913695 0.0 221.25
55.944287358830046 -3.186925892913695 NE 55.9444994908644 -3.186713760879339 0.0 220.0
55.9444994908644 -3.186713760879339 SW 55.944287358830046 -3.186925892913695 0.0 218.75
55.944287358830046 -3.186925892913695 NE 55.9444994908644 -3.186713760879339 0.0 217.5
55.9444994908644 -3.186713760879339 S 55.9441994908644 -3.186713760879339 0.0 216.25
55.9441994908644 -3.186713760879339 N 55.9444994908644 -3.186713760879339 0.0 215.0
55.9444994908644 -3.186713760879339 NNW 55.94477665472416 -3.1868285659090487 0.0 213.75
55.94477665472416 -3.1868285659090487 ENE 55.94489145975387 -3.1865514020492953 0.0 212.5
55.94489145975387 -3.1865514020492953 NW 55.945103591788225 -3.186763534083651 0.0 211.25
55.945103591788225 -3.186763534083651 SE 55.94489145975387 -3.1865514020492953 0.0 210.0
55.94489145975387 -3.1865514020492953 NW 55.945103591788225 -3.186763534083651 0.0 208.75
55.945103591788225 -3.186763534083651 SSW 55.94482642792847 -3.1868783391133606 0.0 207.5
55.94482642792847 -3.1868783391133606 NNE 55.945103591788225 -3.186763534083651 0.0 206.25
55.945103591788225 -3.186763534083651 WSW 55.944988786758515 -3.1870406979434045 0.0 205.0
55.944988786758515 -3.1870406979434045 NNE 55.94526595061827 -3.186925892913695 0.0 203.75
55.94526595061827 -3.186925892913695 NW 55.94547808265263 -3.1871380249480508 0.0 202.5
55.94547808265263 -3.1871380249480508 S 55.945178082652625 -3.1871380249480508 0.0 201.25
55.945178082652625 -3.1871380249480508 N 55.94547808265263 -3.1871380249480508 0.0 200.0
55.94547808265263 -3.1871380249480508 SSW 55.94520091879287 -3.1872528299777603 0.0 198.75
55.94520091879287 -3.1872528299777603 SE 55.944988786758515 -3.1870406979434045 0.0 197.5
55.944988786758515 -3.1870406979434045 NW 55.94520091879287 -3.1872528299777603 0.0 196.25
55.94520091879287 -3.1872528299777603 WNW 55.94531572382258 -3.1875299938375137 0.0 195.0
55.94531572382258 -3.1875299938375137 NE 55.94552785585694 -3.187317861803158 121.39218139648438 248.763916015625
55.94552785585694 -3.187317861803158 SSW 55.94525069199718 -3.1874326668328674 121.39218139648438 247.513916015625
55.94525069199718 -3.1874326668328674 SSE 55.944973528137425 -3.187317861803158 121.39218139648438 246.263916015625
55.944973528137425 -3.187317861803158 S 55.94467352813742 -3.187317861803158 121.39218139648438 245.013916015625
55.94467352813742 -3.187317861803158 NW 55.94488566017178 -3.1875299938375137 183.91315078735352 330.0730743408203
55.94488566017178 -3.1875299938375137 SE 55.94467352813742 -3.187317861803158 183.91315078735352 328.8230743408203
55.94467352813742 -3.187317861803158 NW 55.94488566017178 -3.1875299938375137 183.91315078735352 327.5730743408203
55.94488566017178 -3.1875299938375137 WNW 55.94500046520149 -3.187807157697267 183.91315078735352 326.3230743408203
55.94500046520149 -3.187807157697267 NNE 55.945277629061245 -3.1876923526675576 183.91315078735352 325.0730743408203
55.945277629061245 -3.1876923526675576 SW 55.94506549702689 -3.1879044847019133 183.91315078735352 323.8230743408203
55.94506549702689 -3.1879044847019133 NNE 55.945342660886645 -3.187789679672204 183.91315078735352 322.5730743408203
55.945342660886645 -3.187789679672204 SSW 55.94506549702689 -3.1879044847019133 183.91315078735352 321.3230743408203
55.94506549702689 -3.1879044847019133 SSW 55.94478833316713 -3.188019289731623 183.91315078735352 320.0730743408203
55.94478833316713 -3.188019289731623 NNE 55.94506549702689 -3.1879044847019133 183.91315078735352 318.8230743408203
55.94506549702689 -3.1879044847019133 SW 55.94485336499253 -3.188116616736269 183.91315078735352 317.5730743408203
55.94485336499253 -3.188116616736269 SE 55.944641232958176 -3.1879044847019133 183.91315078735352 316.3230743408203
55.944641232958176 -3.1879044847019133 WNW 55.94475603798789 -3.1881816485616667 183.91315078735352 315.0730743408203
55.94475603798789 -3.1881816485616667 SW 55.94454390595353 -3.1883937805960225 183.91315078735352 313.8230743408203
55.94454390595353 -3.1883937805960225 NNE 55.94482106981329 -3.188278975566313 183.91315078735352 312.5730743408203
55.94482106981329 -3.188278975566313 SW 55.94460893777893 -3.188491107600669 183.91315078735352 311.3230743408203
55.94460893777893 -3.188491107600669 ESE 55.94449413274922 -3.1882139437409154 183.91315078735352 310.0730743408203
55.94449413274922 -3.1882139437409154 WNW 55.94460893777893 -3.188491107600669 183.91315078735352 308.8230743408203
55.94460893777893 -3.188491107600669 SSW 55.944331773919174 -3.1886059126303783 183.91315078735352 307.5730743408203
55.944331773919174 -3.1886059126303783 N 55.94463177391918 -3.1886059126303783 183.91315078735352 306.3230743408203
55.94463177391918 -3.1886059126303783 S 55.944331773919174 -3.1886059126303783 183.91315078735352 305.0730743408203
55.944331773919174 -3.1886059126303783 NW 55.94454390595353 -3.188818044664734 183.91315078735352 303.8230743408203
55.94454390595353 -3.188818044664734 SE 55.944331773919174 -3.1886059126303783 183.91315078735352 302.5730743408203
55.944331773919174 -3.1886059126303783 NW 55.94454390595353 -3.188818044664734 183.91315078735352 301.3230743408203
55.94454390595353 -3.188818044664734 SW 55.944331773919174 -3.18903017669909 183.91315078735352 300.0730743408203
55.944331773919174 -3.18903017669909 NNW 55.94460893777893 -3.1891449817287993 183.91315078735352 298.8230743408203
55.94460893777893 -3.1891449817287993 SSW 55.944331773919174 -3.189259786758509 183.91315078735352 297.5730743408203
55.944331773919174 -3.189259786758509 NNE 55.94460893777893 -3.1891449817287993 183.91315078735352 296.3230743408203
55.94460893777893 -3.1891449817287993 SW 55.944396805744574 -3.189357113763155 183.91315078735352 295.0730743408203
55.944396805744574 -3.189357113763155 SE 55.94418467371022 -3.1891449817287993 183.91315078735352 293.8230743408203
55.94418467371022 -3.1891449817287993 W 55.94418467371022 -3.1894449817287995 183.91315078735352 292.5730743408203
55.94418467371022 -3.1894449817287995 E 55.94418467371022 -3.1891449817287993 183.91315078735352 291.3230743408203
55.94418467371022 -3.1891449817287993 SW 55.94397254167586 -3.189357113763155 183.91315078735352 290.0730743408203
55.94397254167586 -3.189357113763155 ENE 55.94408734670557 -3.1890799499034017 183.91315078735352 288.8230743408203
55.94408734670557 -3.1890799499034017 NW 55.94429947873993 -3.1892920819377575 183.91315078735352 287.5730743408203
55.94429947873993 -3.1892920819377575 SE 55.94408734670557 -3.1890799499034017 183.91315078735352 286.3230743408203
55.94408734670557 -3.1890799499034017 NNE 55.94436451056533 -3.188965144873692 183.91315078735352 285.0730743408203
55.94436451056533 -3.188965144873692 SSW 55.94408734670557 -3.1890799499034017 183.91315078735352 283.8230743408203
55.94408734670557 -3.1890799499034017 SW 55.943875214671216 -3.1892920819377575 183.91315078735352 282.5730743408203
55.943875214671216 -3.1892920819377575 SE 55.94366308263686 -3.1890799499034017 183.91315078735352 281.3230743408203
55.94366308263686 -3.1890799499034017 ENE 55.94377788766657 -3.1888027860436483 183.91315078735352 280.0730743408203
55.94377788766657 -3.1888027860436483 WSW 55.94366308263686 -3.1890799499034017 183.91315078735352 278.8230743408203
55.94366308263686 -3.1890799499034017 SSE 55.9433859187771 -3.188965144873692 183.91315078735352 277.5730743408203
55.9433859187771 -3.188965144873692 WNW 55.943500723806814 -3.1892423087334456 183.91315078735352 276.3230743408203
55.943500723806814 -3.1892423087334456 SSE 55.94322355994706 -3.189127503703736 183.91315078735352 275.0730743408203
55.94322355994706 -3.189127503703736 WNW 55.94333836497677 -3.1894046675634895 183.91315078735352 273.8230743408203
55.94333836497677 -3.1894046675634895 SSW 55.94306120111701 -3.189519472593199 183.91315078735352 272.5730743408203
55.94306120111701 -3.189519472593199 NNE 55.94333836497677 -3.1894046675634895 183.91315078735352 271.3230743408203
55.94333836497677 -3.1894046675634895 WSW 55.94322355994706 -3.189681831423243 299.07793045043945 307.9306640625
55.94322355994706 -3.189681831423243 N 55.94352355994706 -3.189681831423243 299.07793045043945 306.6806640625
55.94352355994706 -3.189681831423243 SSW 55.943246396087304 -3.1897966364529524 299.07793045043945 305.4306640625
55.943246396087304 -3.1897966364529524 SSW 55.94296923222755 -3.189911441482662 299.07793045043945 304.1806640625
55.94296923222755 -3.189911441482662 WNW 55.94308403725726 -3.1901886053424153 299.07793045043945 302.9306640625
55.94308403725726 -3.1901886053424153 WNW 55.94319884228697 -3.1904657692021687 299.07793045043945 301.6806640625
55.94319884228697 -3.1904657692021687 ESE 55.94308403725726 -3.1901886053424153 299.07793045043945 300.4306640625
55.94308403725726 -3.1901886053424153 WSW 55.94296923222755 -3.1904657692021687 299.07793045043945 299.1806640625
55.94296923222755 -3.1904657692021687 NE 55.9431813642619 -3.190253637167813 400.1011848449707 357.2314910888672
55.9431813642619 -3.190253637167813 NW 55.94339349629626 -3.1904657692021687 400.1011848449707 355.9814910888672
55.94339349629626 -3.1904657692021687 E 55.94339349629626 -3.1901657692021685 400.1011848449707 354.7314910888672
55.94339349629626 -3.1901657692021685 WSW 55.94327869126655 -3.190442933061922 400.1011848449707 353.4814910888672
55.94327869126655 -3.190442933061922 N 55.94357869126655 -3.190442933061922 400.1011848449707 352.2314910888672
55.94357869126655 -3.190442933061922 S 55.94327869126655 -3.190442933061922 400.1011848449707 350.9814910888672
55.94327869126655 -3.190442933061922 WNW 55.94339349629626 -3.1907200969216754 500.6835746765137 377.55627632141113
55.94339349629626 -3.1907200969216754 SE 55.9431813642619 -3.1905079648873196 500.6835746765137 376.30627632141113
55.9431813642619 -3.1905079648873196 WSW 55.94306655923219 -3.190785128747073 571.1247673034668 460.0955753326416
55.94306655923219 -3.190785128747073 NE 55.94327869126655 -3.190572996712717 571.1247673034668 458.8455753326416
55.94327869126655 -3.190572996712717 WSW 55.94316388623684 -3.1908501605724706 571.1247673034668 457.5955753326416
55.94316388623684 -3.1908501605724706 N 55.94346388623684 -3.1908501605724706 571.1247673034668 456.3455753326416
55.94346388623684 -3.1908501605724706 SSW 55.943186722377085 -3.19096496560218 571.1247673034668 455.0955753326416
55.943186722377085 -3.19096496560218 WSW 55.943071917347375 -3.1912421294619335 571.1247673034668 453.8455753326416
55.943071917347375 -3.1912421294619335 NW 55.94328404938173 -3.1914542614962893 571.1247673034668 452.5955753326416
55.94328404938173 -3.1914542614962893 SE 55.943071917347375 -3.1912421294619335 571.1247673034668 451.3455753326416
55.943071917347375 -3.1912421294619335 S 55.94277191734737 -3.1912421294619335 571.1247673034668 450.0955753326416
55.94277191734737 -3.1912421294619335 N 55.943071917347375 -3.1912421294619335 571.1247673034668 448.8455753326416
55.943071917347375 -3.1912421294619335 SSW 55.94279475348762 -3.191356934491643 571.1247673034668 447.5955753326416
55.94279475348762 -3.191356934491643 NE 55.943006885521974 -3.1911448024572873 571.1247673034668 446.3455753326416
55.943006885521974 -3.1911448024572873 SW 55.94279475348762 -3.191356934491643 571.1247673034668 445.0955753326416
55.94279475348762 -3.191356934491643 W 55.94279475348762 -3.1916569344916432 571.1247673034668 443.8455753326416
55.94279475348762 -3.1916569344916432 E 55.94279475348762 -3.191356934491643 571.1247673034668 442.5955753326416
55.94279475348762 -3.191356934491643 W 55.94279475348762 -3.1916569344916432 571.1247673034668 441.3455753326416
55.94279475348762 -3.1916569344916432 WSW 55.94267994845791 -3.1919340983513966 571.1247673034668 440.0955753326416
55.94267994845791 -3.1919340983513966 NW 55.942892080492264 -3.1921462303857524 627.9759407043457 447.8370532989502
55.942892080492264 -3.1921462303857524 ENE 55.943006885521974 -3.191869066525999 627.9759407043457 446.5870532989502
55.943006885521974 -3.191869066525999 WSW 55.942892080492264 -3.1921462303857524 627.9759407043457 445.3370532989502
55.942892080492264 -3.1921462303857524 WSW 55.942777275462554 -3.192423394245506 627.9759407043457 444.0870532989502
55.942777275462554 -3.192423394245506 ENE 55.942892080492264 -3.1921462303857524 627.9759407043457 442.8370532989502
55.942892080492264 -3.1921462303857524 WSW 55.942777275462554 -3.192423394245506 627.9759407043457 441.5870532989502
55.942777275462554 -3.192423394245506 NNE 55.94305443932231 -3.1923085892157963 627.9759407043457 440.3370532989502
55.94305443932231 -3.1923085892157963 SSW 55.942777275462554 -3.192423394245506 627.9759407043457 439.0870532989502
55.942777275462554 -3.192423394245506 ESE 55.94266247043284 -3.1921462303857524 627.9759407043457 437.8370532989502
55.94266247043284 -3.1921462303857524 W 55.94266247043284 -3.1924462303857526 627.9759407043457 436.5870532989502
55.94266247043284 -3.1924462303857526 NNE 55.9429396342926 -3.192331425356043 627.9759407043457 435.3370532989502
55.9429396342926 -3.192331425356043 NNE 55.943216798152356 -3.1922166203263336 627.9759407043457 434.0870532989502
55.943216798152356 -3.1922166203263336 NNE 55.94349396201211 -3.192101815296624 728.4731941223145 479.0405979156494
55.94349396201211 -3.192101815296624 N 55.943793962012116 -3.192101815296624 818.6870994567871 574.3778781890869
55.943793962012116 -3.192101815296624 S 55.94349396201211 -3.192101815296624 818.6870994567871 573.1278781890869
55.94349396201211 -3.192101815296624 NNE 55.94377112587187 -3.1919870102669146 818.6870994567871 571.8778781890869
55.94377112587187 -3.1919870102669146 ENE 55.94388593090158 -3.191709846407161 894.9401741027832 631.8034534454346
55.94388593090158 -3.191709846407161 SW 55.94367379886722 -3.191921978441517 939.892147064209 693.0680522918701
55.94367379886722 -3.191921978441517 S 55.94337379886722 -3.191921978441517 939.892147064209 691.8180522918701
55.94337379886722 -3.191921978441517 ENE 55.94348860389693 -3.1916448145817635 939.892147064209 690.5680522918701
55.94348860389693 -3.1916448145817635 ENE 55.94360340892664 -3.19136765072201 947.5498991012573 711.1932163238525
55.94360340892664 -3.19136765072201 SW 55.943391276892285 -3.191579782756366 947.5498991012573 709.9432163238525
55.943391276892285 -3.191579782756366 ENE 55.943506081921996 -3.1913026188966125 989.1025381088257 793.0019931793213
55.943506081921996 -3.1913026188966125 SW 55.94329394988764 -3.1915147509309683 989.1025381088257 791.7519931793213
55.94329394988764 -3.1915147509309683 NNE 55.943571113747396 -3.1913999459012588 989.1025381088257 790.5019931793213
55.943571113747396 -3.1913999459012588 SSE 55.94329394988764 -3.1912851408715492 989.1025381088257 789.2519931793213
55.94329394988764 -3.1912851408715492 NNW 55.943571113747396 -3.1913999459012588 989.1025381088257 788.0019931793213
55.943571113747396 -3.1913999459012588 ENE 55.943685918777106 -3.1911227820415053 989.1025381088257 786.7519931793213
55.943685918777106 -3.1911227820415053 WNW 55.94380072380682 -3.1913999459012588 989.1025381088257 785.5019931793213
55.94380072380682 -3.1913999459012588 ESE 55.943685918777106 -3.1911227820415053 989.1025381088257 784.2519931793213
55.943685918777106 -3.1911227820415053 SSW 55.94340875491735 -3.191237587071215 989.1025381088257 783.0019931793213
55.94340875491735 -3.191237587071215 SSW 55.94313159105759 -3.1913523921009244 989.1025381088257 781.7519931793213
55.94313159105759 -3.1913523921009244 NNE 55.94340875491735 -3.191237587071215 989.1025381088257 780.5019931793213
55.94340875491735 -3.191237587071215 SSW 55.94313159105759 -3.1913523921009244 989.1025381088257 779.2519931793213
55.94313159105759 -3.1913523921009244 NW 55.94334372309195 -3.19156452413528 989.1025381088257 778.0019931793213
55.94334372309195 -3.19156452413528 SSW 55.94306655923219 -3.1916793291649896 989.1025381088257 776.7519931793213
55.94306655923219 -3.1916793291649896 SSE 55.942789395372436 -3.19156452413528 1031.4203329086304 810.2985935211182
55.942789395372436 -3.19156452413528 NW 55.94300152740679 -3.191776656169636 1031.4203329086304 809.0485935211182
55.94300152740679 -3.191776656169636 SE 55.942789395372436 -3.19156452413528 1031.4203329086304 807.7985935211182
55.942789395372436 -3.19156452413528 E 55.942789395372436 -3.19126452413528 1031.4203329086304 806.5485935211182
55.942789395372436 -3.19126452413528 ENE 55.94290420040215 -3.1909873602755265 1031.4203329086304 805.2985935211182
55.94290420040215 -3.1909873602755265 SSW 55.94262703654239 -3.191102165305236 1031.4203329086304 804.0485935211182
55.94262703654239 -3.191102165305236 NNE 55.94290420040215 -3.1909873602755265 1031.4203329086304 802.7985935211182
55.94290420040215 -3.1909873602755265 SE 55.94269206836779 -3.1907752282411708 1031.4203329086304 801.5485935211182
55.94269206836779 -3.1907752282411708 NE 55.94290420040215 -3.190563096206815 1031.4203329086304 800.2985935211182
55.94290420040215 -3.190563096206815 SSW 55.94262703654239 -3.1906779012365245 1031.4203329086304 799.0485935211182
55.94262703654239 -3.1906779012365245 NNE 55.94290420040215 -3.190563096206815 1031.4203329086304 797.7985935211182
55.94290420040215 -3.190563096206815 SSW 55.94262703654239 -3.1906779012365245 1031.4203329086304 796.5485935211182
55.94262703654239 -3.1906779012365245 NNE 55.94290420040215 -3.190563096206815 1031.4203329086304 795.2985935211182
55.94290420040215 -3.190563096206815 NE 55.9431163324365 -3.1903509641724592 1031.4203329086304 794.0485935211182
55.9431163324365 -3.1903509641724592 SSE 55.94283916857675 -3.1902361591427497 1031.4203329086304 792.7985935211182
55.94283916857675 -3.1902361591427497 N 55.94313916857675 -3.1902361591427497 1031.4203329086304 791.5485935211182
55.94313916857675 -3.1902361591427497 SSE 55.94286200471699 -3.19012135411304 1031.4203329086304 790.2985935211182
55.94286200471699 -3.19012135411304 ESE 55.94274719968728 -3.189844190253287 1072.3847951889038 839.5741138458252
55.94274719968728 -3.189844190253287 NE 55.94295933172164 -3.189632058218931 1072.3847951889038 838.3241138458252
55.94295933172164 -3.189632058218931 SSW 55.94268216786188 -3.1897468632486405 1165.4457845687866 860.9718036651611
55.94268216786188 -3.1897468632486405 W 55.94268216786188 -3.1900468632486407 1184.52059841156 890.1938362121582
55.94268216786188 -3.1900468632486407 E 55.94268216786188 -3.1897468632486405 1184.52059841156 888.9438362121582
55.94268216786188 -3.1897468632486405 N 55.942982167861885 -3.1897468632486405 1184.52059841156 887.6938362121582
55.942982167861885 -3.1897468632486405 S 55.94268216786188 -3.1897468632486405 1184.52059841156 886.4438362121582
55.94268216786188 -3.1897468632486405 NNE 55.94295933172164 -3.189632058218931 1184.52059841156 885.1938362121582
55.94295933172164 -3.189632058218931 ESE 55.94284452669193 -3.1893548943591776 1184.52059841156 883.9438362121582
55.94284452669193 -3.1893548943591776 NNW 55.943121690551685 -3.189469699388887 1184.52059841156 882.6938362121582
55.943121690551685 -3.189469699388887 E 55.943121690551685 -3.189169699388887 1184.52059841156 881.4438362121582
55.943121690551685 -3.189169699388887 SW 55.94290955851733 -3.1893818314232427 1184.52059841156 880.1938362121582
55.94290955851733 -3.1893818314232427 NE 55.943121690551685 -3.189169699388887 1184.52059841156 878.9438362121582
55.943121690551685 -3.189169699388887 E 55.943121690551685 -3.1888696993888868 1184.52059841156 877.6938362121582
55.943121690551685 -3.1888696993888868 SSW 55.94284452669193 -3.1889845044185963 1184.52059841156 876.4438362121582
55.94284452669193 -3.1889845044185963 NW 55.943056658726285 -3.189196636452952 1184.52059841156 875.1938362121582
55.943056658726285 -3.189196636452952 S 55.94275665872628 -3.189196636452952 1184.52059841156 873.9438362121582
55.94275665872628 -3.189196636452952 E 55.94275665872628 -3.188896636452952 1184.52059841156 872.6938362121582
55.94275665872628 -3.188896636452952 W 55.94275665872628 -3.189196636452952 1184.52059841156 871.4438362121582
55.94275665872628 -3.189196636452952 ESE 55.94264185369657 -3.1889194725931986 1184.52059841156 870.1938362121582
55.94264185369657 -3.1889194725931986 WNW 55.94275665872628 -3.189196636452952 1184.52059841156 868.9438362121582
55.94275665872628 -3.189196636452952 E 55.94275665872628 -3.188896636452952 1184.52059841156 867.6938362121582
55.94275665872628 -3.188896636452952 ESE 55.94264185369657 -3.1886194725931984 1184.52059841156 866.4438362121582
55.94264185369657 -3.1886194725931984 ENE 55.94275665872628 -3.188342308733445 1184.52059841156 865.1938362121582
55.94275665872628 -3.188342308733445 WSW 55.94264185369657 -3.1886194725931984 1184.52059841156 863.9438362121582
55.94264185369657 -3.1886194725931984 N 55.942941853696574 -3.1886194725931984 1184.52059841156 862.6938362121582
55.942941853696574 -3.1886194725931984 SSW 55.94266468983682 -3.188734277622908 1184.52059841156 861.4438362121582
55.94266468983682 -3.188734277622908 NNE 55.942941853696574 -3.1886194725931984 1184.52059841156 860.1938362121582
55.942941853696574 -3.1886194725931984 SE 55.94272972166222 -3.1884073405588427 1184.52059841156 858.9438362121582
55.94272972166222 -3.1884073405588427 NW 55.942941853696574 -3.1886194725931984 1184.52059841156 857.6938362121582
55.942941853696574 -3.1886194725931984 NNW 55.94321901755633 -3.188734277622908 1206.8777475357056 979.4178428649902
55.94321901755633 -3.188734277622908 SSE 55.942941853696574 -3.1886194725931984 1206.8777475357056 978.1678428649902
55.942941853696574 -3.1886194725931984 NW 55.94315398573093 -3.188831604627554 1206.8777475357056 976.9178428649902
55.94315398573093 -3.188831604627554 NE 55.94336611776529 -3.1886194725931984 1206.8777475357056 975.6678428649902
55.94336611776529 -3.1886194725931984 SW 55.94315398573093 -3.188831604627554 1206.8777475357056 974.4178428649902
55.94315398573093 -3.188831604627554 NE 55.94336611776529 -3.1886194725931984 1206.8777475357056 973.1678428649902
55.94336611776529 -3.1886194725931984 NNW 55.94364328162504 -3.188734277622908 1251.263440132141 1000.7787265777588
55.94364328162504 -3.188734277622908 ESE 55.94352847659533 -3.1884571137631545 1251.263440132141 999.5287265777588
55.94352847659533 -3.1884571137631545 NNE 55.94380564045509 -3.188342308733445 1251.263440132141 998.2787265777588
55.94380564045509 -3.188342308733445 SSW 55.94352847659533 -3.1884571137631545 1251.263440132141 997.0287265777588
55.94352847659533 -3.1884571137631545 SE 55.94331634456098 -3.1882449817287988 1251.263440132141 995.7787265777588
55.94331634456098 -3.1882449817287988 WNW 55.94343114959069 -3.188522145588552 1251.263440132141 994.5287265777588
55.94343114959069 -3.188522145588552 E 55.94343114959069 -3.188222145588552 1251.263440132141 993.2787265777588
55.94343114959069 -3.188222145588552 WNW 55.9435459546204 -3.1884993094483054 1251.263440132141 992.0287265777588
55.9435459546204 -3.1884993094483054 E 55.9435459546204 -3.188199309448305 1251.263440132141 990.7787265777588
55.9435459546204 -3.188199309448305 WNW 55.94366075965011 -3.1884764733080586 1251.263440132141 989.5287265777588
55.94366075965011 -3.1884764733080586 ESE 55.9435459546204 -3.188199309448305 1251.263440132141 988.2787265777588
55.9435459546204 -3.188199309448305 ESE 55.94343114959069 -3.187922145588552 1251.263440132141 987.0287265777588
55.94343114959069 -3.187922145588552 NE 55.94364328162504 -3.187710013554196 1251.263440132141 985.7787265777588
55.94364328162504 -3.187710013554196 SW 55.94343114959069 -3.187922145588552 1251.263440132141 984.5287265777588
55.94343114959069 -3.187922145588552 NNE 55.94370831345044 -3.1878073405588423 1251.263440132141 983.2787265777588
55.94370831345044 -3.1878073405588423 SSW 55.94343114959069 -3.187922145588552 1251.263440132141 982.0287265777588
55.94343114959069 -3.187922145588552 NE 55.94364328162504 -3.187710013554196 1251.263440132141 980.7787265777588
55.94364328162504 -3.187710013554196 NNE 55.9439204454848 -3.1875952085244865 1251.263440132141 979.5287265777588
55.9439204454848 -3.1875952085244865 NNW 55.944197609344556 -3.187710013554196 1251.263440132141 978.2787265777588
55.944197609344556 -3.187710013554196 SW 55.9439854773102 -3.187922145588552 1251.263440132141 977.0287265777588
55.9439854773102 -3.187922145588552 NNE 55.944262641169956 -3.1878073405588423 1251.263440132141 975.7787265777588
55.944262641169956 -3.1878073405588423 N 55.94456264116996 -3.1878073405588423 1328.4996690750122 1090.6477146148682
55.94456264116996 -3.1878073405588423 WSW 55.94444783614025 -3.1880845044185957 1328.4996690750122 1089.3977146148682
55.94444783614025 -3.1880845044185957 NE 55.944659968174605 -3.18787237238424 1404.5070238113403 1103.828288078308
55.944659968174605 -3.18787237238424 SSE 55.94438280431485 -3.1877575673545304 1404.5070238113403 1102.578288078308
55.94438280431485 -3.1877575673545304 NNW 55.944659968174605 -3.18787237238424 1404.5070238113403 1101.328288078308
55.944659968174605 -3.18787237238424 NW 55.94487210020896 -3.1880845044185957 1404.5070238113403 1100.078288078308
55.94487210020896 -3.1880845044185957 SE 55.944659968174605 -3.18787237238424 1404.5070238113403 1098.828288078308
55.944659968174605 -3.18787237238424 WSW 55.944545163144895 -3.1881495362439933 1404.5070238113403 1097.578288078308
55.944545163144895 -3.1881495362439933 ENE 55.944659968174605 -3.18787237238424 1404.5070238113403 1096.328288078308
55.944659968174605 -3.18787237238424 S 55.9443599681746 -3.18787237238424 1404.5070238113403 1095.078288078308
55.9443599681746 -3.18787237238424 N 55.944659968174605 -3.18787237238424 1404.5070238113403 1093.828288078308
