55.944425 -3.188396 NW 55.94463713203436 -3.188608132034356 57.67650604248047 348.5736999511719
55.94463713203436 -3.188608132034356 SE 55.944425 -3.188396 57.67650604248047 347.3236999511719
55.944425 -3.188396 ESE 55.94431019497029 -3.1881188361402466 57.67650604248047 346.0736999511719
55.94431019497029 -3.1881188361402466 WNW 55.944425 -3.188396 57.67650604248047 344.8236999511719
55.944425 -3.188396 E 55.944425 -3.188096 57.67650604248047 343.5736999511719
55.944425 -3.188096 NW 55.94463713203436 -3.1883081320343556 57.67650604248047 342.3236999511719
55.94463713203436 -3.1883081320343556 SE 55.944425 -3.188096 57.67650604248047 341.0736999511719
55.944425 -3.188096 NNW 55.94470216385976 -3.1882108050297093 57.67650604248047 339.8236999511719
55.94470216385976 -3.1882108050297093 SSE 55.944425 -3.188096 57.67650604248047 338.5736999511719
55.944425 -3.188096 SW 55.944212867965646 -3.1883081320343556 57.67650604248047 337.3236999511719
55.944212867965646 -3.1883081320343556 ENE 55.94432767299536 -3.188030968174602 57.67650604248047 336.0736999511719
55.94432767299536 -3.188030968174602 SW 55.944115540961 -3.188243100208958 57.67650604248047 334.8236999511719
55.944115540961 -3.188243100208958 ESE 55.94400073593129 -3.1879659363492046 57.67650604248047 333.5736999511719
55.94400073593129 -3.1879659363492046 WNW 55.944115540961 -3.188243100208958 57.67650604248047 332.3236999511719
55.944115540961 -3.188243100208958 SE 55.943903408926644 -3.188030968174602 57.67650604248047 331.0736999511719
55.943903408926644 -3.188030968174602 NW 55.944115540961 -3.188243100208958 57.67650604248047 329.8236999511719
55.944115540961 -3.188243100208958 SSE 55.943838377101244 -3.1881282951792485 57.67650604248047 328.5736999511719
55.943838377101244 -3.1881282951792485 NNW 55.944115540961 -3.188243100208958 57.67650604248047 327.3236999511719
55.944115540961 -3.188243100208958 SSE 55.943838377101244 -3.1881282951792485 57.67650604248047 326.0736999511719
55.943838377101244 -3.1881282951792485 WNW 55.943953182130954 -3.188405459039002 57.67650604248047 324.8236999511719
55.943953182130954 -3.188405459039002 ESE 55.943838377101244 -3.1881282951792485 57.67650604248047 323.5736999511719
55.943838377101244 -3.1881282951792485 S 55.94353837710124 -3.1881282951792485 57.67650604248047 322.3236999511719
55.94353837710124 -3.1881282951792485 NW 55.9437505091356 -3.1883404272136042 57.67650604248047 321.0736999511719
55.9437505091356 -3.1883404272136042 SE 55.94353837710124 -3.1881282951792485 57.67650604248047 319.8236999511719
55.94353837710124 -3.1881282951792485 W 55.94353837710124 -3.1884282951792486 57.67650604248047 318.5736999511719
55.94353837710124 -3.1884282951792486 E 55.94353837710124 -3.1881282951792485 57.67650604248047 317.3236999511719
55.94353837710124 -3.1881282951792485 NW 55.9437505091356 -3.1883404272136042 57.67650604248047 316.0736999511719
55.9437505091356 -3.1883404272136042 SE 55.94353837710124 -3.1881282951792485 57.67650604248047 314.8236999511719
55.94353837710124 -3.1881282951792485 NNE 55.943815540961 -3.188013490149539 57.67650604248047 313.5736999511719
55.943815540961 -3.188013490149539 SSW 55.94353837710124 -3.1881282951792485 57.67650604248047 312.3236999511719
55.94353837710124 -3.1881282951792485 SSW 55.943261213241485 -3.188243100208958 57.67650604248047 311.0736999511719
55.943261213241485 -3.188243100208958 NE 55.94347334527584 -3.188030968174602 57.67650604248047 309.8236999511719
55.94347334527584 -3.188030968174602 WNW 55.94358815030555 -3.1883081320343556 57.67650604248047 308.5736999511719
55.94358815030555 -3.1883081320343556 ESE 55.94347334527584 -3.188030968174602 57.67650604248047 307.3236999511719
55.94347334527584 -3.188030968174602 S 55.94317334527584 -3.188030968174602 57.67650604248047 306.0736999511719
55.94317334527584 -3.188030968174602 NNE 55.943450509135594 -3.1879161631448927 57.67650604248047 304.8236999511719
55.943450509135594 -3.1879161631448927 SSW 55.94317334527584 -3.188030968174602 57.67650604248047 303.5736999511719
55.94317334527584 -3.188030968174602 NNE 55.943450509135594 -3.1879161631448927 57.67650604248047 302.3236999511719
55.943450509135594 -3.1879161631448927 S 55.94315050913559 -3.1879161631448927 57.67650604248047 301.0736999511719
55.94315050913559 -3.1879161631448927 NNE 55.94342767299535 -3.187801358115183 57.67650604248047 299.8236999511719
55.94342767299535 -3.187801358115183 SSW 55.94315050913559 -3.1879161631448927 57.67650604248047 298.5736999511719
55.94315050913559 -3.1879161631448927 NNE 55.94342767299535 -3.187801358115183 57.67650604248047 297.3236999511719
55.94342767299535 -3.187801358115183 SSE 55.94315050913559 -3.1876865530854737 57.67650604248047 296.0736999511719
55.94315050913559 -3.1876865530854737 NNW 55.94342767299535 -3.187801358115183 57.67650604248047 294.8236999511719
55.94342767299535 -3.187801358115183 ESE 55.94331286796564 -3.1875241942554298 57.67650604248047 293.5736999511719
55.94331286796564 -3.1875241942554298 W 55.94331286796564 -3.18782419425543 57.67650604248047 292.3236999511719
55.94331286796564 -3.18782419425543 E 55.94331286796564 -3.1875241942554298 57.67650604248047 291.0736999511719
55.94331286796564 -3.1875241942554298 SSE 55.94303570410588 -3.1874093892257203 57.67650604248047 289.8236999511719
55.94303570410588 -3.1874093892257203 N 55.943335704105884 -3.1874093892257203 57.67650604248047 288.5736999511719
55.943335704105884 -3.1874093892257203 S 55.94303570410588 -3.1874093892257203 57.67650604248047 287.3236999511719
55.94303570410588 -3.1874093892257203 N 55.943335704105884 -3.1874093892257203 57.67650604248047 286.0736999511719
55.943335704105884 -3.1874093892257203 WSW 55.943220899076174 -3.1876865530854737 57.67650604248047 284.8236999511719
55.943220899076174 -3.1876865530854737 ENE 55.943335704105884 -3.1874093892257203 57.67650604248047 283.5736999511719
55.943335704105884 -3.1874093892257203 ENE 55.943450509135594 -3.187132225365967 57.67650604248047 282.3236999511719
55.943450509135594 -3.187132225365967 WSW 55.943335704105884 -3.1874093892257203 57.67650604248047 281.0736999511719
55.943335704105884 -3.1874093892257203 NW 55.94354783614024 -3.187621521260076 57.67650604248047 279.8236999511719
55.94354783614024 -3.187621521260076 ESE 55.94343303111053 -3.1873443574003226 57.67650604248047 278.5736999511719
55.94343303111053 -3.1873443574003226 NW 55.943645163144886 -3.1875564894346784 57.67650604248047 277.3236999511719
55.943645163144886 -3.1875564894346784 SE 55.94343303111053 -3.1873443574003226 57.67650604248047 276.0736999511719
55.94343303111053 -3.1873443574003226 NNW 55.943710194970286 -3.187459162430032 57.67650604248047 274.8236999511719
55.943710194970286 -3.187459162430032 S 55.943410194970284 -3.187459162430032 57.67650604248047 273.5736999511719
55.943410194970284 -3.187459162430032 N 55.943710194970286 -3.187459162430032 57.67650604248047 272.3236999511719
55.943710194970286 -3.187459162430032 W 55.943710194970286 -3.1877591624300323 57.67650604248047 271.0736999511719
55.943710194970286 -3.1877591624300323 SE 55.94349806293593 -3.1875470303956766 57.67650604248047 269.8236999511719
55.94349806293593 -3.1875470303956766 NW 55.943710194970286 -3.1877591624300323 57.67650604248047 268.5736999511719
55.943710194970286 -3.1877591624300323 SE 55.94349806293593 -3.1875470303956766 57.67650604248047 267.3236999511719
55.94349806293593 -3.1875470303956766 WNW 55.94361286796564 -3.18782419425543 57.67650604248047 266.0736999511719
55.94361286796564 -3.18782419425543 ESE 55.94349806293593 -3.1875470303956766 57.67650604248047 264.8236999511719
55.94349806293593 -3.1875470303956766 W 55.94349806293593 -3.1878470303956767 57.67650604248047 263.5736999511719
55.94349806293593 -3.1878470303956767 NNE 55.94377522679569 -3.1877322253659672 57.67650604248047 262.3236999511719
55.94377522679569 -3.1877322253659672 SSW 55.94349806293593 -3.1878470303956767 57.67650604248047 261.0736999511719
55.94349806293593 -3.1878470303956767 NNE 55.94377522679569 -3.1877322253659672 57.67650604248047 259.8236999511719
55.94377522679569 -3.1877322253659672 SSW 55.94349806293593 -3.1878470303956767 57.67650604248047 258.5736999511719
55.94349806293593 -3.1878470303956767 N 55.94379806293593 -3.1878470303956767 57.67650604248047 257.3236999511719
55.94379806293593 -3.1878470303956767 W 55.94379806293593 -3.188147030395677 57.67650604248047 256.0736999511719
55.94379806293593 -3.188147030395677 ENE 55.94391286796564 -3.1878698665359235 57.67650604248047 254.82369995117188
55.94391286796564 -3.1878698665359235 NNE 55.9441900318254 -3.187755061506214 57.67650604248047 253.57369995117188
55.9441900318254 -3.187755061506214 SW 55.943977899791044 -3.18796719354057 57.67650604248047 252.32369995117188
55.943977899791044 -3.18796719354057 NE 55.9441900318254 -3.187755061506214 57.67650604248047 251.07369995117188
55.9441900318254 -3.187755061506214 SW 55.943977899791044 -3.18796719354057 57.67650604248047 249.82369995117188
55.943977899791044 -3.18796719354057 NE 55.9441900318254 -3.187755061506214 57.67650604248047 248.57369995117188
55.9441900318254 -3.187755061506214 E 55.9441900318254 -3.187455061506214 57.67650604248047 247.32369995117188
55.9441900318254 -3.187455061506214 WSW 55.94407522679569 -3.1877322253659672 57.67650604248047 246.07369995117188
55.94407522679569 -3.1877322253659672 NNE 55.944352390655446 -3.1876174203362577 57.67650604248047 244.82369995117188
55.944352390655446 -3.1876174203362577 WSW 55.944237585625736 -3.187894584196011 57.67650604248047 243.57369995117188
55.944237585625736 -3.187894584196011 NE 55.94444971766009 -3.1876824521616554 57.67650604248047 242.32369995117188
55.94444971766009 -3.1876824521616554 SW 55.944237585625736 -3.187894584196011 57.67650604248047 241.07369995117188
55.944237585625736 -3.187894584196011 NE 55.94444971766009 -3.1876824521616554 57.67650604248047 239.82369995117188
55.94444971766009 -3.1876824521616554 SSW 55.944172553800335 -3.187797257191365 57.67650604248047 238.57369995117188
55.944172553800335 -3.187797257191365 SE 55.94396042176598 -3.187585125157009 57.67650604248047 237.32369995117188
55.94396042176598 -3.187585125157009 NW 55.944172553800335 -3.187797257191365 57.67650604248047 236.07369995117188
55.944172553800335 -3.187797257191365 E 55.944172553800335 -3.1874972571913647 57.67650604248047 234.82369995117188
55.944172553800335 -3.1874972571913647 NNW 55.94444971766009 -3.187612062221074 57.67650604248047 233.57369995117188
55.94444971766009 -3.187612062221074 SSE 55.944172553800335 -3.1874972571913647 57.67650604248047 232.32369995117188
55.944172553800335 -3.1874972571913647 NNE 55.94444971766009 -3.187382452161655 57.67650604248047 231.07369995117188
55.94444971766009 -3.187382452161655 S 55.94414971766009 -3.187382452161655 57.67650604248047 229.82369995117188
55.94414971766009 -3.187382452161655 NNE 55.944426881519846 -3.1872676471319457 57.67650604248047 228.57369995117188
55.944426881519846 -3.1872676471319457 SSW 55.94414971766009 -3.187382452161655 57.67650604248047 227.32369995117188
55.94414971766009 -3.187382452161655 NE 55.944361849694445 -3.1871703201272994 57.67650604248047 226.07369995117188
55.944361849694445 -3.1871703201272994 SW 55.94414971766009 -3.187382452161655 57.67650604248047 224.82369995117188
55.94414971766009 -3.187382452161655 NE 55.944361849694445 -3.1871703201272994 57.67650604248047 223.57369995117188
55.944361849694445 -3.1871703201272994 NNE 55.9446390135542 -3.18705551509759 57.67650604248047 222.32369995117188
55.9446390135542 -3.18705551509759 SSW 55.944361849694445 -3.1871703201272994 57.67650604248047 221.07369995117188
55.944361849694445 -3.1871703201272994 NNE 55.9446390135542 -3.18705551509759 57.67650604248047 219.82369995117188
55.9446390135542 -3.18705551509759 SSW 55.944361849694445 -3.1871703201272994 57.67650604248047 218.57369995117188
55.944361849694445 -3.1871703201272994 E 55.944361849694445 -3.186870320127299 57.67650604248047 217.32369995117188
55.944361849694445 -3.186870320127299 SW 55.94414971766009 -3.187082452161655 57.67650604248047 216.07369995117188
55.94414971766009 -3.187082452161655 NNE 55.944426881519846 -3.1869676471319455 57.67650604248047 214.82369995117188
55.944426881519846 -3.1869676471319455 SSW 55.94414971766009 -3.187082452161655 57.67650604248047 213.57369995117188
55.94414971766009 -3.187082452161655 NNE 55.944426881519846 -3.1869676471319455 57.67650604248047 212.32369995117188
55.944426881519846 -3.1869676471319455 SSW 55.94414971766009 -3.187082452161655 57.67650604248047 211.07369995117188
55.94414971766009 -3.187082452161655 ESE 55.94403491263038 -3.1868052883019016 57.67650604248047 209.82369995117188
55.94403491263038 -3.1868052883019016 WNW 55.94414971766009 -3.187082452161655 57.67650604248047 208.57369995117188
55.94414971766009 -3.187082452161655 ESE 55.94403491263038 -3.1868052883019016 57.67650604248047 207.32369995117188
55.94403491263038 -3.1868052883019016 WNW 55.94414971766009 -3.187082452161655 57.67650604248047 206.07369995117188
55.94414971766009 -3.187082452161655 E 55.94414971766009 -3.186782452161655 57.67650604248047 204.82369995117188
55.94414971766009 -3.186782452161655 WNW 55.9442645226898 -3.187059616021408 57.67650604248047 203.57369995117188
55.9442645226898 -3.187059616021408 ESE 55.94414971766009 -3.186782452161655 57.67650604248047 202.32369995117188
55.94414971766009 -3.186782452161655 NW 55.944361849694445 -3.1869945841960106 57.67650604248047 201.07369995117188
55.944361849694445 -3.1869945841960106 SE 55.94414971766009 -3.186782452161655 57.67650604248047 199.82369995117188
55.94414971766009 -3.186782452161655 ENE 55.9442645226898 -3.1865052883019014 57.67650604248047 198.57369995117188
55.9442645226898 -3.1865052883019014 WSW 55.94414971766009 -3.186782452161655 57.67650604248047 197.32369995117188
55.94414971766009 -3.186782452161655 S 55.943849717660086 -3.186782452161655 57.67650604248047 196.07369995117188
55.943849717660086 -3.186782452161655 N 55.94414971766009 -3.186782452161655 57.67650604248047 194.82369995117188
55.94414971766009 -3.186782452161655 S 55.943849717660086 -3.186782452161655 57.67650604248047 193.57369995117188
55.943849717660086 -3.186782452161655 SE 55.94363758562573 -3.186570320127299 57.67650604248047 192.32369995117188
55.94363758562573 -3.186570320127299 NNW 55.94391474948549 -3.1866851251570085 57.67650604248047 191.07369995117188
55.94391474948549 -3.1866851251570085 WSW 55.943799944455776 -3.186962289016762 57.67650604248047 189.82369995117188
55.943799944455776 -3.186962289016762 E 55.943799944455776 -3.1866622890167617 57.67650604248047 188.57369995117188
55.943799944455776 -3.1866622890167617 WNW 55.94391474948549 -3.186939452876515 57.67650604248047 187.32369995117188
55.94391474948549 -3.186939452876515 NNE 55.94419191334524 -3.1868246478468056 76.77646255493164 242.24600219726562
55.94419191334524 -3.1868246478468056 SSW 55.94391474948549 -3.186939452876515 76.77646255493164 240.99600219726562
55.94391474948549 -3.186939452876515 NNW 55.94419191334524 -3.1870542579062247 76.77646255493164 239.74600219726562
55.94419191334524 -3.1870542579062247 SSE 55.94391474948549 -3.186939452876515 76.77646255493164 238.49600219726562
55.94391474948549 -3.186939452876515 SSE 55.94363758562573 -3.1868246478468056 76.77646255493164 237.24600219726562
55.94363758562573 -3.1868246478468056 NNW 55.94391474948549 -3.186939452876515 76.77646255493164 235.99600219726562
55.94391474948549 -3.186939452876515 SSE 55.94363758562573 -3.1868246478468056 76.77646255493164 234.74600219726562
55.94363758562573 -3.1868246478468056 SE 55.943425453591374 -3.18661251581245 76.77646255493164 233.49600219726562
55.943425453591374 -3.18661251581245 WNW 55.943540258621084 -3.1868896796722033 76.77646255493164 232.24600219726562
55.943540258621084 -3.1868896796722033 SE 55.94332812658673 -3.1866775476378475 76.77646255493164 230.99600219726562
55.94332812658673 -3.1866775476378475 W 55.94332812658673 -3.1869775476378477 76.77646255493164 229.74600219726562
55.94332812658673 -3.1869775476378477 E 55.94332812658673 -3.1866775476378475 76.77646255493164 228.49600219726562
55.94332812658673 -3.1866775476378475 WNW 55.94344293161644 -3.186954711497601 76.77646255493164 227.24600219726562
55.94344293161644 -3.186954711497601 ESE 55.94332812658673 -3.1866775476378475 76.77646255493164 225.99600219726562
55.94332812658673 -3.1866775476378475 WNW 55.94344293161644 -3.186954711497601 76.77646255493164 224.74600219726562
55.94344293161644 -3.186954711497601 NE 55.943655063650795 -3.186742579463245 76.77646255493164 223.49600219726562
55.943655063650795 -3.186742579463245 WSW 55.943540258621084 -3.1870197433229985 76.77646255493164 222.24600219726562
55.943540258621084 -3.1870197433229985 SW 55.94332812658673 -3.1872318753573543 76.77646255493164 220.99600219726562
55.94332812658673 -3.1872318753573543 ENE 55.94344293161644 -3.186954711497601 76.77646255493164 219.74600219726562
55.94344293161644 -3.186954711497601 WSW 55.94332812658673 -3.1872318753573543 76.77646255493164 218.49600219726562
55.94332812658673 -3.1872318753573543 ENE 55.94344293161644 -3.186954711497601 76.77646255493164 217.24600219726562
55.94344293161644 -3.186954711497601 SW 55.94323079958208 -3.1871668435319567 76.77646255493164 215.99600219726562
55.94323079958208 -3.1871668435319567 E 55.94323079958208 -3.1868668435319565 76.77646255493164 214.74600219726562
55.94323079958208 -3.1868668435319565 W 55.94323079958208 -3.1871668435319567 76.77646255493164 213.49600219726562
55.94323079958208 -3.1871668435319567 WSW 55.94311599455237 -3.18744400739171 76.77646255493164 212.24600219726562
55.94311599455237 -3.18744400739171 ENE 55.94323079958208 -3.1871668435319567 76.77646255493164 210.99600219726562
55.94323079958208 -3.1871668435319567 SW 55.943018667547726 -3.1873789755663124 76.77646255493164 209.74600219726562
55.943018667547726 -3.1873789755663124 NNE 55.94329583140748 -3.187264170536603 76.77646255493164 208.49600219726562
55.94329583140748 -3.187264170536603 SSW 55.943018667547726 -3.1873789755663124 76.77646255493164 207.24600219726562
55.943018667547726 -3.1873789755663124 ESE 55.942903862518016 -3.187101811706559 76.77646255493164 205.99600219726562
55.942903862518016 -3.187101811706559 WNW 55.943018667547726 -3.1873789755663124 76.77646255493164 204.74600219726562
55.943018667547726 -3.1873789755663124 E 55.943018667547726 -3.1870789755663123 109.88974380493164 297.3795928955078
55.943018667547726 -3.1870789755663123 SSE 55.94274150368797 -3.1869641705366027 109.88974380493164 296.1295928955078
55.94274150368797 -3.1869641705366027 NNW 55.943018667547726 -3.1870789755663123 109.88974380493164 294.8795928955078
55.943018667547726 -3.1870789755663123 ESE 55.942903862518016 -3.186801811706559 109.88974380493164 293.6295928955078
55.942903862518016 -3.186801811706559 SW 55.94269173048366 -3.1870139437409146 214.8169822692871 334.40410232543945
55.94269173048366 -3.1870139437409146 ENE 55.94280653551337 -3.186736779881161 214.8169822692871 333.15410232543945
55.94280653551337 -3.186736779881161 WSW 55.94269173048366 -3.1870139437409146 214.8169822692871 331.90410232543945
55.94269173048366 -3.1870139437409146 W 55.94269173048366 -3.187313943740915 214.8169822692871 330.65410232543945
55.94269173048366 -3.187313943740915 E 55.94269173048366 -3.1870139437409146 214.8169822692871 329.40410232543945
55.94269173048366 -3.1870139437409146 W 55.94269173048366 -3.187313943740915 214.8169822692871 328.15410232543945
55.94269173048366 -3.187313943740915 E 55.94269173048366 -3.1870139437409146 214.8169822692871 326.90410232543945
55.94269173048366 -3.1870139437409146 W 55.94269173048366 -3.187313943740915 214.8169822692871 325.65410232543945
55.94269173048366 -3.187313943740915 WNW 55.94280653551337 -3.187591107600668 214.8169822692871 324.40410232543945
55.94280653551337 -3.187591107600668 ESE 55.94269173048366 -3.187313943740915 214.8169822692871 323.15410232543945
55.94269173048366 -3.187313943740915 E 55.94269173048366 -3.1870139437409146 214.8169822692871 321.90410232543945
55.94269173048366 -3.1870139437409146 W 55.94269173048366 -3.187313943740915 214.8169822692871 320.65410232543945
55.94269173048366 -3.187313943740915 NW 55.942903862518016 -3.1875260757752706 214.8169822692871 319.40410232543945
55.942903862518016 -3.1875260757752706 SE 55.94269173048366 -3.187313943740915 214.8169822692871 318.15410232543945
55.94269173048366 -3.187313943740915 W 55.94269173048366 -3.187613943740915 214.8169822692871 316.90410232543945
55.94269173048366 -3.187613943740915 E 55.94269173048366 -3.187313943740915 214.8169822692871 315.65410232543945
55.94269173048366 -3.187313943740915 WNW 55.94280653551337 -3.187591107600668 214.8169822692871 314.40410232543945
55.94280653551337 -3.187591107600668 NE 55.943018667547726 -3.1873789755663124 214.8169822692871 313.15410232543945
55.943018667547726 -3.1873789755663124 SW 55.94280653551337 -3.187591107600668 214.8169822692871 311.90410232543945
55.94280653551337 -3.187591107600668 WNW 55.94292134054308 -3.1878682714604216 214.8169822692871 310.65410232543945
55.94292134054308 -3.1878682714604216 ENE 55.94303614557279 -3.187591107600668 214.8169822692871 309.40410232543945
55.94303614557279 -3.187591107600668 W 55.94303614557279 -3.1878911076006684 214.8169822692871 308.15410232543945
55.94303614557279 -3.1878911076006684 ENE 55.9431509506025 -3.187613943740915 214.8169822692871 306.90410232543945
55.9431509506025 -3.187613943740915 WSW 55.94303614557279 -3.1878911076006684 214.8169822692871 305.65410232543945
55.94303614557279 -3.1878911076006684 ENE 55.9431509506025 -3.187613943740915 214.8169822692871 304.40410232543945
55.9431509506025 -3.187613943740915 SSW 55.942873786742744 -3.1877287487706245 214.8169822692871 303.15410232543945
55.942873786742744 -3.1877287487706245 NNE 55.9431509506025 -3.187613943740915 214.8169822692871 301.90410232543945
55.9431509506025 -3.187613943740915 ESE 55.94303614557279 -3.1873367798811616 214.8169822692871 300.65410232543945
55.94303614557279 -3.1873367798811616 W 55.94303614557279 -3.187636779881162 214.8169822692871 299.40410232543945
55.94303614557279 -3.187636779881162 WNW 55.9431509506025 -3.187913943740915 214.8169822692871 298.15410232543945
55.9431509506025 -3.187913943740915 ESE 55.94303614557279 -3.187636779881162 214.8169822692871 296.90410232543945
55.94303614557279 -3.187636779881162 S 55.94273614557279 -3.187636779881162 214.8169822692871 295.65410232543945
55.94273614557279 -3.187636779881162 W 55.94273614557279 -3.187936779881162 214.8169822692871 294.40410232543945
55.94273614557279 -3.187936779881162 NE 55.942948277607144 -3.187724647846806 214.8169822692871 293.15410232543945
55.942948277607144 -3.187724647846806 SW 55.94273614557279 -3.187936779881162 214.8169822692871 291.90410232543945
55.94273614557279 -3.187936779881162 NE 55.942948277607144 -3.187724647846806 214.8169822692871 290.65410232543945
55.942948277607144 -3.187724647846806 SW 55.94273614557279 -3.187936779881162 214.8169822692871 289.40410232543945
55.94273614557279 -3.187936779881162 N 55.94303614557279 -3.187936779881162 214.8169822692871 288.15410232543945
55.94303614557279 -3.187936779881162 SSE 55.942758981713034 -3.1878219748514525 214.8169822692871 286.90410232543945
55.942758981713034 -3.1878219748514525 NW 55.94297111374739 -3.1880341068858082 214.8169822692871 285.65410232543945
55.94297111374739 -3.1880341068858082 N 55.94327111374739 -3.1880341068858082 214.8169822692871 284.40410232543945
55.94327111374739 -3.1880341068858082 S 55.94297111374739 -3.1880341068858082 214.8169822692871 283.15410232543945
55.94297111374739 -3.1880341068858082 NNE 55.94324827760715 -3.1879193018560987 214.8169822692871 281.90410232543945
55.94324827760715 -3.1879193018560987 WSW 55.943133472577436 -3.188196465715852 214.8169822692871 280.65410232543945
55.943133472577436 -3.188196465715852 NE 55.94334560461179 -3.1879843336814964 214.8169822692871 279.40410232543945
55.94334560461179 -3.1879843336814964 SW 55.943133472577436 -3.188196465715852 214.8169822692871 278.15410232543945
55.943133472577436 -3.188196465715852 SE 55.94292134054308 -3.1879843336814964 214.8169822692871 276.90410232543945
55.94292134054308 -3.1879843336814964 WNW 55.94303614557279 -3.1882614975412498 214.8169822692871 275.65410232543945
55.94303614557279 -3.1882614975412498 SSE 55.942758981713034 -3.1881466925115403 214.8169822692871 274.40410232543945
55.942758981713034 -3.1881466925115403 NW 55.94297111374739 -3.188358824545896 214.8169822692871 273.15410232543945
55.94297111374739 -3.188358824545896 NNE 55.94324827760715 -3.1882440195161865 214.8169822692871 271.90410232543945
55.94324827760715 -3.1882440195161865 SW 55.94303614557279 -3.1884561515505423 214.8169822692871 270.65410232543945
55.94303614557279 -3.1884561515505423 SSE 55.942758981713034 -3.188341346520833 214.8169822692871 269.40410232543945
55.942758981713034 -3.188341346520833 NW 55.94297111374739 -3.1885534785551886 214.8169822692871 268.15410232543945
55.94297111374739 -3.1885534785551886 S 55.94267111374739 -3.1885534785551886 214.8169822692871 266.90410232543945
55.94267111374739 -3.1885534785551886 N 55.94297111374739 -3.1885534785551886 214.8169822692871 265.65410232543945
55.94297111374739 -3.1885534785551886 SSW 55.942693949887634 -3.188668283584898 214.8169822692871 264.40410232543945
55.942693949887634 -3.188668283584898 N 55.94299394988764 -3.188668283584898 214.8169822692871 263.15410232543945
55.94299394988764 -3.188668283584898 S 55.942693949887634 -3.188668283584898 214.8169822692871 261.90410232543945
55.942693949887634 -3.188668283584898 NNE 55.94297111374739 -3.1885534785551886 214.8169822692871 260.65410232543945
55.94297111374739 -3.1885534785551886 S 55.94267111374739 -3.1885534785551886 214.8169822692871 259.40410232543945
55.94267111374739 -3.1885534785551886 NNE 55.942948277607144 -3.188438673525479 214.8169822692871 258.15410232543945
55.942948277607144 -3.188438673525479 SSW 55.94267111374739 -3.1885534785551886 214.8169822692871 256.90410232543945
55.94267111374739 -3.1885534785551886 NNE 55.942948277607144 -3.188438673525479 214.8169822692871 255.65410232543945
55.942948277607144 -3.188438673525479 SSW 55.94267111374739 -3.1885534785551886 214.8169822692871 254.40410232543945
55.94267111374739 -3.1885534785551886 ENE 55.9427859187771 -3.188276314695435 214.8169822692871 253.15410232543945
55.9427859187771 -3.188276314695435 W 55.9427859187771 -3.1885763146954353 214.8169822692871 251.90410232543945
55.9427859187771 -3.1885763146954353 E 55.9427859187771 -3.188276314695435 214.8169822692871 250.65410232543945
55.9427859187771 -3.188276314695435 NE 55.942998050811454 -3.1880641826610794 214.8169822692871 249.40410232543945
55.942998050811454 -3.1880641826610794 SSW 55.9427208869517 -3.188178987690789 214.8169822692871 248.15410232543945
55.9427208869517 -3.188178987690789 W 55.9427208869517 -3.188478987690789 214.8169822692871 246.90410232543945
55.9427208869517 -3.188478987690789 E 55.9427208869517 -3.188178987690789 214.8169822692871 245.65410232543945
55.9427208869517 -3.188178987690789 ENE 55.94283569198141 -3.1879018238310355 214.8169822692871 244.40410232543945
55.94283569198141 -3.1879018238310355 SW 55.94262355994705 -3.1881139558653913 214.8169822692871 243.15410232543945
55.94262355994705 -3.1881139558653913 W 55.94262355994705 -3.1884139558653914 214.8169822692871 241.90410232543945
55.94262355994705 -3.1884139558653914 NW 55.94283569198141 -3.188626087899747 214.8169822692871 240.65410232543945
55.94283569198141 -3.188626087899747 NW 55.943047824015764 -3.188838219934103 214.8169822692871 239.40410232543945
55.943047824015764 -3.188838219934103 ENE 55.943162629045474 -3.1885610560743496 214.8169822692871 238.15410232543945
55.943162629045474 -3.1885610560743496 WSW 55.943047824015764 -3.188838219934103 214.8169822692871 236.90410232543945
55.943047824015764 -3.188838219934103 ENE 55.943162629045474 -3.1885610560743496 214.8169822692871 235.65410232543945
55.943162629045474 -3.1885610560743496 N 55.94346262904548 -3.1885610560743496 214.8169822692871 234.40410232543945
55.94346262904548 -3.1885610560743496 S 55.943162629045474 -3.1885610560743496 214.8169822692871 233.15410232543945
55.943162629045474 -3.1885610560743496 NNW 55.94343979290523 -3.188675861104059 214.8169822692871 231.90410232543945
55.94343979290523 -3.188675861104059 ESE 55.94332498787552 -3.1883986972443057 214.8169822692871 230.65410232543945
55.94332498787552 -3.1883986972443057 WNW 55.94343979290523 -3.188675861104059 214.8169822692871 229.40410232543945
