55.944425 -3.188396 ESE 55.94431019497029 -3.1881188361402466 0.0 248.75
55.94431019497029 -3.1881188361402466 NW 55.94452232700465 -3.1883309681746024 0.0 247.5
55.94452232700465 -3.1883309681746024 SSE 55.94424516314489 -3.188216163144893 0.0 246.25
55.94424516314489 -3.188216163144893 NNW 55.94452232700465 -3.1883309681746024 0.0 245.0
55.94452232700465 -3.1883309681746024 SSE 55.94424516314489 -3.188216163144893 0.0 243.75
55.94424516314489 -3.188216163144893 NNW 55.94452232700465 -3.1883309681746024 0.0 242.5
55.94452232700465 -3.1883309681746024 S 55.944222327004645 -3.1883309681746024 0.0 241.25
55.944222327004645 -3.1883309681746024 NNE 55.9444994908644 -3.188216163144893 0.0 240.0
55.9444994908644 -3.188216163144893 SSE 55.944222327004645 -3.1881013581151834 0.0 238.75
55.944222327004645 -3.1881013581151834 NNW 55.9444994908644 -3.188216163144893 0.0 237.5
55.9444994908644 -3.188216163144893 SSW 55.944222327004645 -3.1883309681746024 0.0 236.25
55.944222327004645 -3.1883309681746024 NNE 55.9444994908644 -3.188216163144893 0.0 235.0
55.9444994908644 -3.188216163144893 N 55.944799490864405 -3.188216163144893 0.0 233.75
55.944799490864405 -3.188216163144893 SSW 55.94452232700465 -3.1883309681746024 0.0 232.5
55.94452232700465 -3.1883309681746024 NNE 55.944799490864405 -3.188216163144893 0.0 231.25
55.944799490864405 -3.188216163144893 SSW 55.94452232700465 -3.1883309681746024 0.0 230.0
55.94452232700465 -3.1883309681746024 N 55.94482232700465 -3.1883309681746024 0.0 228.75
55.94482232700465 -3.1883309681746024 SW 55.944610194970295 -3.188543100208958 0.0 227.5
55.944610194970295 -3.188543100208958 N 55.9449101949703 -3.188543100208958 0.0 226.25
55.9449101949703 -3.188543100208958 S 55.944610194970295 -3.188543100208958 0.0 225.0
55.944610194970295 -3.188543100208958 NW 55.94482232700465 -3.188755232243314 0.0 223.75
55.94482232700465 -3.188755232243314 SE 55.944610194970295 -3.188543100208958 0.0 222.5
55.944610194970295 -3.188543100208958 WNW 55.944725000000005 -3.1888202640687116 0.0 221.25
55.944725000000005 -3.1888202640687116 ESE 55.944610194970295 -3.188543100208958 0.0 220.0
55.944610194970295 -3.188543100208958 ESE 55.944495389940585 -3.1882659363492047 0.0 218.75
55.944495389940585 -3.1882659363492047 WNW 55.944610194970295 -3.188543100208958 0.0 217.5
55.944610194970295 -3.188543100208958 SSW 55.94433303111054 -3.1886579052386677 0.0 216.25
55.94433303111054 -3.1886579052386677 NNE 55.944610194970295 -3.188543100208958 0.0 215.0
55.944610194970295 -3.188543100208958 S 55.94431019497029 -3.188543100208958 35.278560638427734 303.84020233154297
55.94431019497029 -3.188543100208958 N 55.944610194970295 -3.188543100208958 35.278560638427734 302.59020233154297
55.944610194970295 -3.188543100208958 SSE 55.94433303111054 -3.1884282951792486 35.278560638427734 301.34020233154297
55.94433303111054 -3.1884282951792486 NW 55.944545163144895 -3.1886404272136044 35.278560638427734 300.09020233154297
55.944545163144895 -3.1886404272136044 SSE 55.94426799928514 -3.188525622183895 35.278560638427734 298.84020233154297
55.94426799928514 -3.188525622183895 NW 55.944480131319494 -3.1887377542182507 35.278560638427734 297.59020233154297
55.944480131319494 -3.1887377542182507 SE 55.94426799928514 -3.188525622183895 35.278560638427734 296.34020233154297
55.94426799928514 -3.188525622183895 NW 55.944480131319494 -3.1887377542182507 35.278560638427734 295.09020233154297
55.944480131319494 -3.1887377542182507 SE 55.94426799928514 -3.188525622183895 35.278560638427734 293.84020233154297
55.94426799928514 -3.188525622183895 NW 55.944480131319494 -3.1887377542182507 35.278560638427734 292.59020233154297
55.944480131319494 -3.1887377542182507 NW 55.94469226335385 -3.1889498862526064 35.278560638427734 291.34020233154297
55.94469226335385 -3.1889498862526064 SE 55.944480131319494 -3.1887377542182507 35.278560638427734 290.09020233154297
55.944480131319494 -3.1887377542182507 NNW 55.94475729517925 -3.18885255924796 35.278560638427734 288.84020233154297
55.94475729517925 -3.18885255924796 SSE 55.944480131319494 -3.1887377542182507 35.278560638427734 287.59020233154297
55.944480131319494 -3.1887377542182507 ESE 55.944365326289784 -3.1884605903584973 35.278560638427734 286.34020233154297
55.944365326289784 -3.1884605903584973 WNW 55.944480131319494 -3.1887377542182507 35.278560638427734 285.09020233154297
55.944480131319494 -3.1887377542182507 ENE 55.944594936349205 -3.1884605903584973 35.278560638427734 283.84020233154297
55.944594936349205 -3.1884605903584973 WSW 55.944480131319494 -3.1887377542182507 35.278560638427734 282.59020233154297
55.944480131319494 -3.1887377542182507 NW 55.94469226335385 -3.1889498862526064 35.278560638427734 281.34020233154297
55.94469226335385 -3.1889498862526064 SSE 55.944415099494094 -3.188835081222897 35.278560638427734 280.09020233154297
55.944415099494094 -3.188835081222897 W 55.944415099494094 -3.189135081222897 35.278560638427734 278.84020233154297
55.944415099494094 -3.189135081222897 E 55.944415099494094 -3.188835081222897 35.278560638427734 277.59020233154297
55.944415099494094 -3.188835081222897 WNW 55.944529904523804 -3.1891122450826503 35.278560638427734 276.34020233154297
55.944529904523804 -3.1891122450826503 SE 55.94431777248945 -3.1889001130482946 35.278560638427734 275.09020233154297
55.94431777248945 -3.1889001130482946 ENE 55.94443257751916 -3.188622949188541 35.278560638427734 273.84020233154297
55.94443257751916 -3.188622949188541 WSW 55.94431777248945 -3.1889001130482946 35.278560638427734 272.59020233154297
55.94431777248945 -3.1889001130482946 SSW 55.94404060862969 -3.189014918078004 35.278560638427734 271.34020233154297
55.94404060862969 -3.189014918078004 NNE 55.94431777248945 -3.1889001130482946 35.278560638427734 270.09020233154297
55.94431777248945 -3.1889001130482946 ENE 55.94443257751916 -3.188622949188541 35.278560638427734 268.84020233154297
55.94443257751916 -3.188622949188541 W 55.94443257751916 -3.1889229491885414 35.278560638427734 267.59020233154297
55.94443257751916 -3.1889229491885414 ESE 55.94431777248945 -3.188645785328788 35.278560638427734 266.34020233154297
55.94431777248945 -3.188645785328788 WSW 55.94420296745974 -3.1889229491885414 35.278560638427734 265.09020233154297
55.94420296745974 -3.1889229491885414 ENE 55.94431777248945 -3.188645785328788 35.278560638427734 263.84020233154297
55.94431777248945 -3.188645785328788 WSW 55.94420296745974 -3.1889229491885414 35.278560638427734 262.59020233154297
55.94420296745974 -3.1889229491885414 ESE 55.94408816243003 -3.188645785328788 84.1917610168457 322.93420791625977
55.94408816243003 -3.188645785328788 WNW 55.94420296745974 -3.1889229491885414 84.1917610168457 321.68420791625977
55.94420296745974 -3.1889229491885414 S 55.943902967459735 -3.1889229491885414 84.1917610168457 320.43420791625977
55.943902967459735 -3.1889229491885414 N 55.94420296745974 -3.1889229491885414 84.1917610168457 319.18420791625977
55.94420296745974 -3.1889229491885414 S 55.943902967459735 -3.1889229491885414 84.1917610168457 317.93420791625977
55.943902967459735 -3.1889229491885414 ENE 55.944017772489445 -3.188645785328788 84.1917610168457 316.68420791625977
55.944017772489445 -3.188645785328788 WSW 55.943902967459735 -3.1889229491885414 84.1917610168457 315.43420791625977
55.943902967459735 -3.1889229491885414 NE 55.94411509949409 -3.1887108171541856 84.1917610168457 314.18420791625977
55.94411509949409 -3.1887108171541856 SW 55.943902967459735 -3.1889229491885414 84.1917610168457 312.93420791625977
55.943902967459735 -3.1889229491885414 W 55.943902967459735 -3.1892229491885415 84.1917610168457 311.68420791625977
55.943902967459735 -3.1892229491885415 E 55.943902967459735 -3.1889229491885414 84.1917610168457 310.43420791625977
55.943902967459735 -3.1889229491885414 WSW 55.943788162430025 -3.1892001130482948 84.1917610168457 309.18420791625977
55.943788162430025 -3.1892001130482948 ENE 55.943902967459735 -3.1889229491885414 84.1917610168457 307.93420791625977
55.943902967459735 -3.1889229491885414 W 55.943902967459735 -3.1892229491885415 84.1917610168457 306.68420791625977
55.943902967459735 -3.1892229491885415 E 55.943902967459735 -3.1889229491885414 84.1917610168457 305.43420791625977
55.943902967459735 -3.1889229491885414 W 55.943902967459735 -3.1892229491885415 84.1917610168457 304.18420791625977
55.943902967459735 -3.1892229491885415 ENE 55.944017772489445 -3.188945785328788 84.1917610168457 302.93420791625977
55.944017772489445 -3.188945785328788 WSW 55.943902967459735 -3.1892229491885415 84.1917610168457 301.68420791625977
55.943902967459735 -3.1892229491885415 N 55.94420296745974 -3.1892229491885415 84.1917610168457 300.43420791625977
55.94420296745974 -3.1892229491885415 SSE 55.94392580359998 -3.189108144158832 84.1917610168457 299.18420791625977
55.94392580359998 -3.189108144158832 N 55.944225803599984 -3.189108144158832 84.1917610168457 297.93420791625977
55.944225803599984 -3.189108144158832 SSW 55.94394863974023 -3.1892229491885415 84.1917610168457 296.68420791625977
55.94394863974023 -3.1892229491885415 NNE 55.944225803599984 -3.189108144158832 84.1917610168457 295.43420791625977
55.944225803599984 -3.189108144158832 SW 55.94401367156563 -3.189320276193188 84.1917610168457 294.18420791625977
55.94401367156563 -3.189320276193188 NE 55.944225803599984 -3.189108144158832 84.1917610168457 292.93420791625977
55.944225803599984 -3.189108144158832 WSW 55.944110998570274 -3.1893853080185854 84.1917610168457 291.68420791625977
55.944110998570274 -3.1893853080185854 NNE 55.94438816243003 -3.189270502988876 84.1917610168457 290.43420791625977
55.94438816243003 -3.189270502988876 SW 55.944176030395674 -3.1894826350232317 84.1917610168457 289.18420791625977
55.944176030395674 -3.1894826350232317 ESE 55.944061225365964 -3.1892054711634783 84.1917610168457 287.93420791625977
55.944061225365964 -3.1892054711634783 WNW 55.944176030395674 -3.1894826350232317 84.1917610168457 286.68420791625977
55.944176030395674 -3.1894826350232317 SSW 55.94389886653592 -3.189597440052941 84.1917610168457 285.43420791625977
55.94389886653592 -3.189597440052941 N 55.94419886653592 -3.189597440052941 84.1917610168457 284.18420791625977
55.94419886653592 -3.189597440052941 E 55.94419886653592 -3.189297440052941 84.1917610168457 282.93420791625977
55.94419886653592 -3.189297440052941 W 55.94419886653592 -3.189597440052941 84.1917610168457 281.68420791625977
55.94419886653592 -3.189597440052941 SW 55.943986734501564 -3.189809572087297 84.1917610168457 280.43420791625977
55.943986734501564 -3.189809572087297 NNE 55.94426389836132 -3.1896947670575875 84.1917610168457 279.18420791625977
55.94426389836132 -3.1896947670575875 SSW 55.943986734501564 -3.189809572087297 84.1917610168457 277.93420791625977
55.943986734501564 -3.189809572087297 N 55.94428673450157 -3.189809572087297 84.1917610168457 276.68420791625977
55.94428673450157 -3.189809572087297 S 55.943986734501564 -3.189809572087297 84.1917610168457 275.43420791625977
55.943986734501564 -3.189809572087297 N 55.94428673450157 -3.189809572087297 84.1917610168457 274.18420791625977
55.94428673450157 -3.189809572087297 SSW 55.94400957064181 -3.1899243771170065 84.1917610168457 272.93420791625977
55.94400957064181 -3.1899243771170065 NNE 55.94428673450157 -3.189809572087297 84.1917610168457 271.68420791625977
55.94428673450157 -3.189809572087297 S 55.943986734501564 -3.189809572087297 84.1917610168457 270.43420791625977
55.943986734501564 -3.189809572087297 NNW 55.94426389836132 -3.1899243771170065 84.1917610168457 269.18420791625977
55.94426389836132 -3.1899243771170065 SSE 55.943986734501564 -3.189809572087297 84.1917610168457 267.93420791625977
55.943986734501564 -3.189809572087297 W 55.943986734501564 -3.190109572087297 84.1917610168457 266.68420791625977
55.943986734501564 -3.190109572087297 E 55.943986734501564 -3.189809572087297 84.1917610168457 265.43420791625977
55.943986734501564 -3.189809572087297 SW 55.94377460246721 -3.1900217041216528 84.1917610168457 264.18420791625977
55.94377460246721 -3.1900217041216528 NE 55.943986734501564 -3.189809572087297 84.1917610168457 262.93420791625977
55.943986734501564 -3.189809572087297 SW 55.94377460246721 -3.1900217041216528 84.1917610168457 261.68420791625977
55.94377460246721 -3.1900217041216528 NE 55.943986734501564 -3.189809572087297 84.1917610168457 260.43420791625977
55.943986734501564 -3.189809572087297 ESE 55.943871929471854 -3.1895324082275436 84.1917610168457 259.18420791625977
55.943871929471854 -3.1895324082275436 WNW 55.943986734501564 -3.189809572087297 84.1917610168457 257.93420791625977
55.943986734501564 -3.189809572087297 E 55.943986734501564 -3.189509572087297 84.1917610168457 256.68420791625977
55.943986734501564 -3.189509572087297 SW 55.94377460246721 -3.1897217041216526 84.1917610168457 255.43420791625977
55.94377460246721 -3.1897217041216526 ENE 55.94388940749692 -3.189444540261899 84.1917610168457 254.18420791625977
55.94388940749692 -3.189444540261899 WSW 55.94377460246721 -3.1897217041216526 84.1917610168457 252.93420791625977
55.94377460246721 -3.1897217041216526 SSW 55.94349743860745 -3.189836509151362 84.1917610168457 251.68420791625977
55.94349743860745 -3.189836509151362 NNE 55.94377460246721 -3.1897217041216526 84.1917610168457 250.43420791625977
55.94377460246721 -3.1897217041216526 W 55.94377460246721 -3.1900217041216528 84.1917610168457 249.18420791625977
55.94377460246721 -3.1900217041216528 E 55.94377460246721 -3.1897217041216526 84.1917610168457 247.93420791625977
55.94377460246721 -3.1897217041216526 NW 55.943986734501564 -3.1899338361560083 84.1917610168457 246.68420791625977
55.943986734501564 -3.1899338361560083 SE 55.94377460246721 -3.1897217041216526 84.1917610168457 245.43420791625977
55.94377460246721 -3.1897217041216526 NW 55.943986734501564 -3.1899338361560083 84.1917610168457 244.18420791625977
55.943986734501564 -3.1899338361560083 SSE 55.94370957064181 -3.189819031126299 84.1917610168457 242.93420791625977
55.94370957064181 -3.189819031126299 NNW 55.943986734501564 -3.1899338361560083 84.1917610168457 241.68420791625977
55.943986734501564 -3.1899338361560083 S 55.94368673450156 -3.1899338361560083 84.1917610168457 240.43420791625977
55.94368673450156 -3.1899338361560083 NW 55.94389886653592 -3.190145968190364 84.1917610168457 239.18420791625977
55.94389886653592 -3.190145968190364 ESE 55.94378406150621 -3.1898688043306107 84.1917610168457 237.93420791625977
55.94378406150621 -3.1898688043306107 WNW 55.94389886653592 -3.190145968190364 84.1917610168457 236.68420791625977
55.94389886653592 -3.190145968190364 ENE 55.94401367156563 -3.1898688043306107 84.1917610168457 235.43420791625977
55.94401367156563 -3.1898688043306107 WSW 55.94389886653592 -3.190145968190364 84.1917610168457 234.18420791625977
55.94389886653592 -3.190145968190364 W 55.94389886653592 -3.1904459681903643 84.1917610168457 232.93420791625977
55.94389886653592 -3.1904459681903643 E 55.94389886653592 -3.190145968190364 84.1917610168457 231.68420791625977
55.94389886653592 -3.190145968190364 W 55.94389886653592 -3.1904459681903643 84.1917610168457 230.43420791625977
55.94389886653592 -3.1904459681903643 E 55.94389886653592 -3.190145968190364 84.1917610168457 229.18420791625977
55.94389886653592 -3.190145968190364 W 55.94389886653592 -3.1904459681903643 84.1917610168457 227.93420791625977
55.94389886653592 -3.1904459681903643 E 55.94389886653592 -3.190145968190364 84.1917610168457 226.68420791625977
55.94389886653592 -3.190145968190364 W 55.94389886653592 -3.1904459681903643 84.1917610168457 225.43420791625977
55.94389886653592 -3.1904459681903643 E 55.94389886653592 -3.190145968190364 84.1917610168457 224.18420791625977
55.94389886653592 -3.190145968190364 W 55.94389886653592 -3.1904459681903643 84.1917610168457 222.93420791625977
55.94389886653592 -3.1904459681903643 ENE 55.94401367156563 -3.190168804330611 84.1917610168457 221.68420791625977
55.94401367156563 -3.190168804330611 WSW 55.94389886653592 -3.1904459681903643 84.1917610168457 220.43420791625977
55.94389886653592 -3.1904459681903643 E 55.94389886653592 -3.190145968190364 84.1917610168457 219.18420791625977
55.94389886653592 -3.190145968190364 W 55.94389886653592 -3.1904459681903643 84.1917610168457 217.93420791625977
55.94389886653592 -3.1904459681903643 SSE 55.94362170267616 -3.190331163160655 84.1917610168457 216.68420791625977
55.94362170267616 -3.190331163160655 NNW 55.94389886653592 -3.1904459681903643 84.1917610168457 215.43420791625977
55.94389886653592 -3.1904459681903643 SE 55.94368673450156 -3.1902338361560085 84.1917610168457 214.18420791625977
55.94368673450156 -3.1902338361560085 NW 55.94389886653592 -3.1904459681903643 84.1917610168457 212.93420791625977
55.94389886653592 -3.1904459681903643 SE 55.94368673450156 -3.1902338361560085 84.1917610168457 211.68420791625977
55.94368673450156 -3.1902338361560085 N 55.943986734501564 -3.1902338361560085 84.1917610168457 210.43420791625977
55.943986734501564 -3.1902338361560085 S 55.94368673450156 -3.1902338361560085 84.1917610168457 209.18420791625977
55.94368673450156 -3.1902338361560085 N 55.943986734501564 -3.1902338361560085 84.1917610168457 207.93420791625977
55.943986734501564 -3.1902338361560085 NW 55.94419886653592 -3.1904459681903643 84.1917610168457 206.68420791625977
55.94419886653592 -3.1904459681903643 SE 55.943986734501564 -3.1902338361560085 84.1917610168457 205.43420791625977
55.943986734501564 -3.1902338361560085 NE 55.94419886653592 -3.1900217041216528 84.1917610168457 204.18420791625977
55.94419886653592 -3.1900217041216528 SW 55.943986734501564 -3.1902338361560085 84.1917610168457 202.93420791625977
55.943986734501564 -3.1902338361560085 NE 55.94419886653592 -3.1900217041216528 84.1917610168457 201.68420791625977
55.94419886653592 -3.1900217041216528 SSW 55.943921702676164 -3.1901365091513623 84.1917610168457 200.43420791625977
55.943921702676164 -3.1901365091513623 NE 55.94413383471052 -3.1899243771170065 84.1917610168457 199.18420791625977
55.94413383471052 -3.1899243771170065 SW 55.943921702676164 -3.1901365091513623 84.1917610168457 197.93420791625977
55.943921702676164 -3.1901365091513623 ENE 55.944036507705874 -3.189859345291609 84.1917610168457 196.68420791625977
55.944036507705874 -3.189859345291609 W 55.944036507705874 -3.190159345291609 84.1917610168457 195.43420791625977
55.944036507705874 -3.190159345291609 ENE 55.944151312735585 -3.1898821814318556 84.1917610168457 194.18420791625977
55.944151312735585 -3.1898821814318556 WSW 55.944036507705874 -3.190159345291609 84.1917610168457 192.93420791625977
55.944036507705874 -3.190159345291609 E 55.944036507705874 -3.189859345291609 84.1917610168457 191.68420791625977
55.944036507705874 -3.189859345291609 W 55.944036507705874 -3.190159345291609 84.1917610168457 190.43420791625977
55.944036507705874 -3.190159345291609 E 55.944036507705874 -3.189859345291609 84.1917610168457 189.18420791625977
55.944036507705874 -3.189859345291609 NW 55.94424863974023 -3.1900714773259646 84.1917610168457 187.93420791625977
55.94424863974023 -3.1900714773259646 SE 55.944036507705874 -3.189859345291609 84.1917610168457 186.68420791625977
55.944036507705874 -3.189859345291609 NW 55.94424863974023 -3.1900714773259646 84.1917610168457 185.43420791625977
55.94424863974023 -3.1900714773259646 E 55.94424863974023 -3.1897714773259644 84.1917610168457 184.18420791625977
55.94424863974023 -3.1897714773259644 WNW 55.94436344476994 -3.190048641185718 84.1917610168457 182.93420791625977
55.94436344476994 -3.190048641185718 NW 55.9445755768043 -3.1902607732200736 84.1917610168457 181.68420791625977
55.9445755768043 -3.1902607732200736 SE 55.94436344476994 -3.190048641185718 84.1917610168457 180.43420791625977
55.94436344476994 -3.190048641185718 WSW 55.94424863974023 -3.1903258050454713 84.1917610168457 179.18420791625977
55.94424863974023 -3.1903258050454713 NE 55.94446077177459 -3.1901136730111155 84.1917610168457 177.93420791625977
55.94446077177459 -3.1901136730111155 ESE 55.944345966744876 -3.189836509151362 84.1917610168457 176.68420791625977
55.944345966744876 -3.189836509151362 WNW 55.94446077177459 -3.1901136730111155 84.1917610168457 175.43420791625977
55.94446077177459 -3.1901136730111155 ENE 55.9445755768043 -3.189836509151362 186.7493019104004 246.6789894104004
55.9445755768043 -3.189836509151362 WSW 55.94446077177459 -3.1901136730111155 186.7493019104004 245.4289894104004
55.94446077177459 -3.1901136730111155 NE 55.94467290380894 -3.1899015409767597 249.97612380981445 330.2331733703613
55.94467290380894 -3.1899015409767597 WSW 55.94455809877923 -3.190178704836513 249.97612380981445 328.9831733703613
55.94455809877923 -3.190178704836513 ENE 55.94467290380894 -3.1899015409767597 249.97612380981445 327.7331733703613
55.94467290380894 -3.1899015409767597 WSW 55.94455809877923 -3.190178704836513 249.97612380981445 326.4831733703613
55.94455809877923 -3.190178704836513 NNW 55.94483526263899 -3.1902935098662226 349.902042388916 326.90299022197723
55.94483526263899 -3.1902935098662226 SSE 55.94455809877923 -3.190178704836513 349.902042388916 325.65299022197723
55.94455809877923 -3.190178704836513 SSE 55.944280934919476 -3.1900638998068036 349.902042388916 324.40299022197723
55.944280934919476 -3.1900638998068036 NNW 55.94455809877923 -3.190178704836513 349.902042388916 323.15299022197723
55.94455809877923 -3.190178704836513 SW 55.944345966744876 -3.190390836870869 349.902042388916 321.90299022197723
55.944345966744876 -3.190390836870869 NE 55.94455809877923 -3.190178704836513 349.902042388916 320.65299022197723
55.94455809877923 -3.190178704836513 SW 55.944345966744876 -3.190390836870869 349.902042388916 319.40299022197723
55.944345966744876 -3.190390836870869 NE 55.94455809877923 -3.190178704836513 349.902042388916 318.15299022197723
55.94455809877923 -3.190178704836513 SW 55.944345966744876 -3.190390836870869 349.902042388916 316.90299022197723
55.944345966744876 -3.190390836870869 WSW 55.944231161715166 -3.1906680007306223 349.902042388916 315.65299022197723
55.944231161715166 -3.1906680007306223 ENE 55.944345966744876 -3.190390836870869 349.902042388916 314.40299022197723
55.944345966744876 -3.190390836870869 NNE 55.94462313060463 -3.1902760318411594 349.902042388916 313.15299022197723
55.94462313060463 -3.1902760318411594 SSW 55.944345966744876 -3.190390836870869 349.902042388916 311.90299022197723
55.944345966744876 -3.190390836870869 SW 55.94413383471052 -3.1906029689052247 349.902042388916 310.65299022197723
55.94413383471052 -3.1906029689052247 NE 55.944345966744876 -3.190390836870869 349.902042388916 309.40299022197723
55.944345966744876 -3.190390836870869 SSE 55.94406880288512 -3.1902760318411594 349.902042388916 308.15299022197723
55.94406880288512 -3.1902760318411594 NW 55.944280934919476 -3.190488163875515 349.902042388916 306.90299022197723
55.944280934919476 -3.190488163875515 SE 55.94406880288512 -3.1902760318411594 349.902042388916 305.65299022197723
55.94406880288512 -3.1902760318411594 WNW 55.94418360791483 -3.190553195700913 349.902042388916 304.40299022197723
55.94418360791483 -3.190553195700913 ESE 55.94406880288512 -3.1902760318411594 349.902042388916 303.15299022197723
55.94406880288512 -3.1902760318411594 WNW 55.94418360791483 -3.190553195700913 349.902042388916 301.90299022197723
55.94418360791483 -3.190553195700913 SW 55.943971475880474 -3.1907653277352686 349.902042388916 300.65299022197723
55.943971475880474 -3.1907653277352686 NE 55.94418360791483 -3.190553195700913 349.902042388916 299.40299022197723
55.94418360791483 -3.190553195700913 SW 55.943971475880474 -3.1907653277352686 349.902042388916 298.15299022197723
55.943971475880474 -3.1907653277352686 NE 55.94418360791483 -3.190553195700913 349.902042388916 296.90299022197723
55.94418360791483 -3.190553195700913 S 55.94388360791483 -3.190553195700913 349.902042388916 295.65299022197723
55.94388360791483 -3.190553195700913 NNE 55.944160771774584 -3.1904383906712033 349.902042388916 294.40299022197723
55.944160771774584 -3.1904383906712033 SSW 55.94388360791483 -3.190553195700913 349.902042388916 293.15299022197723
55.94388360791483 -3.190553195700913 NNE 55.944160771774584 -3.1904383906712033 349.902042388916 291.90299022197723
55.944160771774584 -3.1904383906712033 SSW 55.94388360791483 -3.190553195700913 349.902042388916 290.65299022197723
55.94388360791483 -3.190553195700913 NNW 55.944160771774584 -3.1906680007306223 349.902042388916 289.40299022197723
55.944160771774584 -3.1906680007306223 SSE 55.94388360791483 -3.190553195700913 349.902042388916 288.15299022197723
55.94388360791483 -3.190553195700913 SE 55.94367147588047 -3.190341063666557 360.1452293395996 387.62345683574677
55.94367147588047 -3.190341063666557 NW 55.94388360791483 -3.190553195700913 360.1452293395996 386.37345683574677
55.94388360791483 -3.190553195700913 SE 55.94367147588047 -3.190341063666557 360.1452293395996 385.12345683574677
55.94367147588047 -3.190341063666557 W 55.94367147588047 -3.190641063666557 360.1452293395996 383.87345683574677
55.94367147588047 -3.190641063666557 E 55.94367147588047 -3.190341063666557 360.1452293395996 382.62345683574677
55.94367147588047 -3.190341063666557 WSW 55.94355667085076 -3.1906182275263104 360.1452293395996 381.37345683574677
55.94355667085076 -3.1906182275263104 E 55.94355667085076 -3.1903182275263102 360.1452293395996 380.12345683574677
55.94355667085076 -3.1903182275263102 W 55.94355667085076 -3.1906182275263104 360.1452293395996 378.87345683574677
55.94355667085076 -3.1906182275263104 WSW 55.94344186582105 -3.190895391386064 360.1452293395996 377.62345683574677
55.94344186582105 -3.190895391386064 ENE 55.94355667085076 -3.1906182275263104 360.1452293395996 376.37345683574677
55.94355667085076 -3.1906182275263104 WSW 55.94344186582105 -3.190895391386064 360.1452293395996 375.12345683574677
55.94344186582105 -3.190895391386064 SE 55.943229733786694 -3.190683259351708 360.1452293395996 373.87345683574677
55.943229733786694 -3.190683259351708 NW 55.94344186582105 -3.190895391386064 360.1452293395996 372.62345683574677
55.94344186582105 -3.190895391386064 N 55.94374186582105 -3.190895391386064 360.1452293395996 371.37345683574677
55.94374186582105 -3.190895391386064 S 55.94344186582105 -3.190895391386064 360.1452293395996 370.12345683574677
55.94344186582105 -3.190895391386064 NNE 55.94371902968081 -3.1907805863563543 360.1452293395996 368.87345683574677
55.94371902968081 -3.1907805863563543 SSW 55.94344186582105 -3.190895391386064 360.1452293395996 367.62345683574677
55.94344186582105 -3.190895391386064 NNE 55.94371902968081 -3.1907805863563543 360.1452293395996 366.37345683574677
55.94371902968081 -3.1907805863563543 SSW 55.94344186582105 -3.190895391386064 360.1452293395996 365.12345683574677
55.94344186582105 -3.190895391386064 NNE 55.94371902968081 -3.1907805863563543 360.1452293395996 363.87345683574677
55.94371902968081 -3.1907805863563543 ENE 55.94383383471052 -3.190503422496601 360.1452293395996 362.62345683574677
55.94383383471052 -3.190503422496601 WSW 55.94371902968081 -3.1907805863563543 360.1452293395996 361.37345683574677
55.94371902968081 -3.1907805863563543 ENE 55.94383383471052 -3.190503422496601 360.1452293395996 360.12345683574677
55.94383383471052 -3.190503422496601 WSW 55.94371902968081 -3.1907805863563543 360.1452293395996 358.87345683574677
55.94371902968081 -3.1907805863563543 NE 55.94393116171516 -3.1905684543219985 360.1452293395996 357.62345683574677
55.94393116171516 -3.1905684543219985 SW 55.94371902968081 -3.1907805863563543 360.1452293395996 356.37345683574677
55.94371902968081 -3.1907805863563543 NNW 55.94399619354056 -3.190895391386064 365.83497619628906 358.4060722589493
55.94399619354056 -3.190895391386064 S 55.94369619354056 -3.190895391386064 365.83497619628906 357.1560722589493
55.94369619354056 -3.190895391386064 N 55.94399619354056 -3.190895391386064 365.83497619628906 355.9060722589493
55.94399619354056 -3.190895391386064 SSE 55.94371902968081 -3.1907805863563543 365.83497619628906 354.6560722589493
55.94371902968081 -3.1907805863563543 NNW 55.94399619354056 -3.190895391386064 365.83497619628906 353.4060722589493
