55.944425 -3.188396 WNW 55.94453980502971 -3.1886731638597534 0.0 248.75
55.94453980502971 -3.1886731638597534 E 55.94453980502971 -3.1883731638597532 0.0 247.5
55.94453980502971 -3.1883731638597532 SE 55.94432767299536 -3.1881610318253975 0.0 246.25
55.94432767299536 -3.1881610318253975 NW 55.94453980502971 -3.1883731638597532 0.0 245.0
55.94453980502971 -3.1883731638597532 SSE 55.944262641169956 -3.1882583588300437 0.0 243.75
55.944262641169956 -3.1882583588300437 NNW 55.94453980502971 -3.1883731638597532 0.0 242.5
55.94453980502971 -3.1883731638597532 SSE 55.944262641169956 -3.1882583588300437 0.0 241.25
55.944262641169956 -3.1882583588300437 NNW 55.94453980502971 -3.1883731638597532 0.0 240.0
55.94453980502971 -3.1883731638597532 ESE 55.944425 -3.188096 0.0 238.75
55.944425 -3.188096 NW 55.94463713203436 -3.1883081320343556 0.0 237.5
55.94463713203436 -3.1883081320343556 ESE 55.94452232700465 -3.188030968174602 57.23268127441406 321.8136215209961
55.94452232700465 -3.188030968174602 WNW 55.94463713203436 -3.1883081320343556 57.23268127441406 320.5636215209961
55.94463713203436 -3.1883081320343556 ENE 55.94475193706407 -3.188030968174602 57.23268127441406 319.3136215209961
55.94475193706407 -3.188030968174602 WSW 55.94463713203436 -3.1883081320343556 57.23268127441406 318.0636215209961
55.94463713203436 -3.1883081320343556 ENE 55.94475193706407 -3.188030968174602 57.23268127441406 316.8136215209961
55.94475193706407 -3.188030968174602 WSW 55.94463713203436 -3.1883081320343556 57.23268127441406 315.5636215209961
55.94463713203436 -3.1883081320343556 NNW 55.944914295894115 -3.188422937064065 57.23268127441406 314.3136215209961
55.944914295894115 -3.188422937064065 S 55.94461429589411 -3.188422937064065 57.23268127441406 313.0636215209961
55.94461429589411 -3.188422937064065 N 55.944914295894115 -3.188422937064065 57.23268127441406 311.8136215209961
55.944914295894115 -3.188422937064065 E 55.944914295894115 -3.188122937064065 57.23268127441406 310.5636215209961
55.944914295894115 -3.188122937064065 W 55.944914295894115 -3.188422937064065 57.23268127441406 309.3136215209961
55.944914295894115 -3.188422937064065 SSE 55.94463713203436 -3.1883081320343556 57.23268127441406 308.0636215209961
55.94463713203436 -3.1883081320343556 N 55.94493713203436 -3.1883081320343556 57.23268127441406 306.8136215209961
55.94493713203436 -3.1883081320343556 ESE 55.94482232700465 -3.188030968174602 57.23268127441406 305.5636215209961
55.94482232700465 -3.188030968174602 WNW 55.94493713203436 -3.1883081320343556 57.23268127441406 304.3136215209961
55.94493713203436 -3.1883081320343556 SE 55.944725000000005 -3.188096 57.23268127441406 303.0636215209961
55.944725000000005 -3.188096 WNW 55.944839805029716 -3.1883731638597532 57.23268127441406 301.8136215209961
55.944839805029716 -3.1883731638597532 E 55.944839805029716 -3.188073163859753 57.23268127441406 300.5636215209961
55.944839805029716 -3.188073163859753 W 55.944839805029716 -3.1883731638597532 57.23268127441406 299.3136215209961
55.944839805029716 -3.1883731638597532 E 55.944839805029716 -3.188073163859753 57.23268127441406 298.0636215209961
55.944839805029716 -3.188073163859753 N 55.94513980502972 -3.188073163859753 57.23268127441406 296.8136215209961
55.94513980502972 -3.188073163859753 SSE 55.94486264116996 -3.1879583588300435 57.23268127441406 295.5636215209961
55.94486264116996 -3.1879583588300435 NW 55.94507477320432 -3.1881704908643993 57.23268127441406 294.3136215209961
55.94507477320432 -3.1881704908643993 SE 55.94486264116996 -3.1879583588300435 57.23268127441406 293.0636215209961
55.94486264116996 -3.1879583588300435 N 55.945162641169965 -3.1879583588300435 80.53447341918945 401.3911590576172
55.945162641169965 -3.1879583588300435 S 55.94486264116996 -3.1879583588300435 80.53447341918945 400.1411590576172
55.94486264116996 -3.1879583588300435 SSW 55.944585477310206 -3.188073163859753 80.53447341918945 398.8911590576172
55.944585477310206 -3.188073163859753 NNE 55.94486264116996 -3.1879583588300435 80.53447341918945 397.6411590576172
55.94486264116996 -3.1879583588300435 SSW 55.944585477310206 -3.188073163859753 80.53447341918945 396.3911590576172
55.944585477310206 -3.188073163859753 N 55.94488547731021 -3.188073163859753 80.53447341918945 395.1411590576172
55.94488547731021 -3.188073163859753 S 55.944585477310206 -3.188073163859753 80.53447341918945 393.8911590576172
55.944585477310206 -3.188073163859753 NNE 55.94486264116996 -3.1879583588300435 80.53447341918945 392.6411590576172
55.94486264116996 -3.1879583588300435 S 55.94456264116996 -3.1879583588300435 80.53447341918945 391.3911590576172
55.94456264116996 -3.1879583588300435 N 55.94486264116996 -3.1879583588300435 80.53447341918945 390.1411590576172
55.94486264116996 -3.1879583588300435 S 55.94456264116996 -3.1879583588300435 80.53447341918945 388.8911590576172
55.94456264116996 -3.1879583588300435 ENE 55.94467744619967 -3.18768119497029 85.19151878356934 480.6557159423828
55.94467744619967 -3.18768119497029 WSW 55.94456264116996 -3.1879583588300435 85.19151878356934 479.4057159423828
55.94456264116996 -3.1879583588300435 ESE 55.94444783614025 -3.18768119497029 100.18645477294922 514.5387153625488
55.94444783614025 -3.18768119497029 WNW 55.94456264116996 -3.1879583588300435 100.18645477294922 513.2887153625488
55.94456264116996 -3.1879583588300435 ENE 55.94467744619967 -3.18768119497029 100.18645477294922 512.0387153625488
55.94467744619967 -3.18768119497029 WSW 55.94456264116996 -3.1879583588300435 100.18645477294922 510.7887153625488
55.94456264116996 -3.1879583588300435 ESE 55.94444783614025 -3.18768119497029 100.18645477294922 509.5387153625488
55.94444783614025 -3.18768119497029 NW 55.944659968174605 -3.187893327004646 221.91638946533203 616.182933807373
55.944659968174605 -3.187893327004646 SSE 55.94438280431485 -3.1877785219749364 221.91638946533203 614.932933807373
55.94438280431485 -3.1877785219749364 N 55.94468280431485 -3.1877785219749364 285.0126953125 706.2204475402832
55.94468280431485 -3.1877785219749364 S 55.94438280431485 -3.1877785219749364 285.0126953125 704.9704475402832
55.94438280431485 -3.1877785219749364 N 55.94468280431485 -3.1877785219749364 285.0126953125 703.7204475402832
55.94468280431485 -3.1877785219749364 SSE 55.944405640455095 -3.187663716945227 285.0126953125 702.4704475402832
55.944405640455095 -3.187663716945227 N 55.9447056404551 -3.187663716945227 285.0126953125 701.2204475402832
55.9447056404551 -3.187663716945227 S 55.944405640455095 -3.187663716945227 285.0126953125 699.9704475402832
55.944405640455095 -3.187663716945227 SW 55.94419350842074 -3.1878758489795826 285.0126953125 698.7204475402832
55.94419350842074 -3.1878758489795826 NE 55.944405640455095 -3.187663716945227 285.0126953125 697.4704475402832
55.944405640455095 -3.187663716945227 S 55.94410564045509 -3.187663716945227 285.0126953125 696.2204475402832
55.94410564045509 -3.187663716945227 N 55.944405640455095 -3.187663716945227 285.0126953125 694.9704475402832
55.944405640455095 -3.187663716945227 SSE 55.94412847659534 -3.1875489119155174 285.0126953125 693.7204475402832
55.94412847659534 -3.1875489119155174 WNW 55.94424328162505 -3.1878260757752708 285.0126953125 692.4704475402832
55.94424328162505 -3.1878260757752708 ESE 55.94412847659534 -3.1875489119155174 285.0126953125 691.2204475402832
55.94412847659534 -3.1875489119155174 E 55.94412847659534 -3.187248911915517 285.0126953125 689.9704475402832
55.94412847659534 -3.187248911915517 WNW 55.94424328162505 -3.1875260757752706 285.0126953125 688.7204475402832
55.94424328162505 -3.1875260757752706 ESE 55.94412847659534 -3.187248911915517 285.0126953125 687.4704475402832
55.94412847659534 -3.187248911915517 WNW 55.94424328162505 -3.1875260757752706 285.0126953125 686.2204475402832
55.94424328162505 -3.1875260757752706 NE 55.944455413659405 -3.187313943740915 347.26166915893555 712.9456233978271
55.944455413659405 -3.187313943740915 S 55.9441554136594 -3.187313943740915 347.26166915893555 711.6956233978271
55.9441554136594 -3.187313943740915 NNW 55.94443257751916 -3.1874287487706243 461.4239311218262 738.3662147521973
55.94443257751916 -3.1874287487706243 SSE 55.9441554136594 -3.187313943740915 461.4239311218262 737.1162147521973
55.9441554136594 -3.187313943740915 W 55.9441554136594 -3.187613943740915 461.4239311218262 735.8662147521973
55.9441554136594 -3.187613943740915 ESE 55.94404060862969 -3.1873367798811616 461.4239311218262 734.6162147521973
55.94404060862969 -3.1873367798811616 NW 55.94425274066405 -3.1875489119155174 562.864185333252 768.3710250854492
55.94425274066405 -3.1875489119155174 SE 55.94404060862969 -3.1873367798811616 562.864185333252 767.1210250854492
55.94404060862969 -3.1873367798811616 NNE 55.94431777248945 -3.187221974851452 562.864185333252 765.8710250854492
55.94431777248945 -3.187221974851452 S 55.944017772489445 -3.187221974851452 652.8122825622559 827.1201248168945
55.944017772489445 -3.187221974851452 SSE 55.94374060862969 -3.1871071698217426 652.8122825622559 825.8701248168945
55.94374060862969 -3.1871071698217426 NNW 55.944017772489445 -3.187221974851452 652.8122825622559 824.6201248168945
55.944017772489445 -3.187221974851452 SSE 55.94374060862969 -3.1871071698217426 652.8122825622559 823.3701248168945
55.94374060862969 -3.1871071698217426 NNW 55.944017772489445 -3.187221974851452 652.8122825622559 822.1201248168945
55.944017772489445 -3.187221974851452 WNW 55.944132577519156 -3.1874991387112055 652.8122825622559 820.8701248168945
55.944132577519156 -3.1874991387112055 ESE 55.944017772489445 -3.187221974851452 652.8122825622559 819.6201248168945
55.944017772489445 -3.187221974851452 NW 55.9442299045238 -3.187434106885808 727.2707405090332 859.8325080871582
55.9442299045238 -3.187434106885808 SE 55.944017772489445 -3.187221974851452 727.2707405090332 858.5825080871582
55.944017772489445 -3.187221974851452 WNW 55.944132577519156 -3.1874991387112055 727.2707405090332 857.3325080871582
55.944132577519156 -3.1874991387112055 ESE 55.944017772489445 -3.187221974851452 727.2707405090332 856.0825080871582
55.944017772489445 -3.187221974851452 SE 55.94380564045509 -3.1870098428170963 727.2707405090332 854.8325080871582
55.94380564045509 -3.1870098428170963 NW 55.944017772489445 -3.187221974851452 727.2707405090332 853.5825080871582
55.944017772489445 -3.187221974851452 S 55.94371777248944 -3.187221974851452 727.2707405090332 852.3325080871582
55.94371777248944 -3.187221974851452 N 55.944017772489445 -3.187221974851452 727.2707405090332 851.0825080871582
55.944017772489445 -3.187221974851452 S 55.94371777248944 -3.187221974851452 727.2707405090332 849.8325080871582
55.94371777248944 -3.187221974851452 NNE 55.9439949363492 -3.1871071698217426 727.2707405090332 848.5825080871582
55.9439949363492 -3.1871071698217426 S 55.943694936349196 -3.1871071698217426 727.2707405090332 847.3325080871582
55.943694936349196 -3.1871071698217426 N 55.9439949363492 -3.1871071698217426 727.2707405090332 846.0825080871582
55.9439949363492 -3.1871071698217426 S 55.943694936349196 -3.1871071698217426 727.2707405090332 844.8325080871582
55.943694936349196 -3.1871071698217426 NNE 55.94397210020895 -3.186992364792033 727.2707405090332 843.5825080871582
55.94397210020895 -3.186992364792033 SSW 55.943694936349196 -3.1871071698217426 727.2707405090332 842.3325080871582
55.943694936349196 -3.1871071698217426 SW 55.94348280431484 -3.1873193018560984 727.2707405090332 841.0825080871582
55.94348280431484 -3.1873193018560984 NE 55.943694936349196 -3.1871071698217426 727.2707405090332 839.8325080871582
55.943694936349196 -3.1871071698217426 SW 55.94348280431484 -3.1873193018560984 727.2707405090332 838.5825080871582
55.94348280431484 -3.1873193018560984 NE 55.943694936349196 -3.1871071698217426 727.2707405090332 837.3325080871582
55.943694936349196 -3.1871071698217426 SW 55.94348280431484 -3.1873193018560984 727.2707405090332 836.0825080871582
55.94348280431484 -3.1873193018560984 N 55.94378280431484 -3.1873193018560984 727.2707405090332 834.8325080871582
55.94378280431484 -3.1873193018560984 S 55.94348280431484 -3.1873193018560984 727.2707405090332 833.5825080871582
55.94348280431484 -3.1873193018560984 NNW 55.9437599681746 -3.187434106885808 791.8185997009277 913.820125579834
55.9437599681746 -3.187434106885808 S 55.943459968174594 -3.187434106885808 875.1412696838379 962.220386505127
55.943459968174594 -3.187434106885808 N 55.9437599681746 -3.187434106885808 875.1412696838379 960.970386505127
55.9437599681746 -3.187434106885808 S 55.943459968174594 -3.187434106885808 875.1412696838379 959.720386505127
55.943459968174594 -3.187434106885808 N 55.9437599681746 -3.187434106885808 875.1412696838379 958.470386505127
55.9437599681746 -3.187434106885808 S 55.943459968174594 -3.187434106885808 875.1412696838379 957.220386505127
55.943459968174594 -3.187434106885808 NW 55.94367210020895 -3.1876462389201636 875.1412696838379 955.970386505127
55.94367210020895 -3.1876462389201636 SE 55.943459968174594 -3.187434106885808 875.1412696838379 954.720386505127
55.943459968174594 -3.187434106885808 S 55.94315996817459 -3.187434106885808 875.1412696838379 953.470386505127
55.94315996817459 -3.187434106885808 N 55.943459968174594 -3.187434106885808 875.1412696838379 952.220386505127
55.943459968174594 -3.187434106885808 SSW 55.94318280431484 -3.1875489119155174 875.1412696838379 950.970386505127
55.94318280431484 -3.1875489119155174 NNE 55.943459968174594 -3.187434106885808 875.1412696838379 949.720386505127
55.943459968174594 -3.187434106885808 SSW 55.94318280431484 -3.1875489119155174 875.1412696838379 948.470386505127
55.94318280431484 -3.1875489119155174 N 55.94348280431484 -3.1875489119155174 889.0556440353394 1050.8648872375488
55.94348280431484 -3.1875489119155174 SSW 55.94320564045508 -3.187663716945227 889.0556440353394 1049.6148872375488
55.94320564045508 -3.187663716945227 NNE 55.94348280431484 -3.1875489119155174 889.0556440353394 1048.3648872375488
55.94348280431484 -3.1875489119155174 S 55.94318280431484 -3.1875489119155174 889.0556440353394 1047.1148872375488
55.94318280431484 -3.1875489119155174 NE 55.94339493634919 -3.1873367798811616 889.0556440353394 1045.8648872375488
55.94339493634919 -3.1873367798811616 SW 55.94318280431484 -3.1875489119155174 889.0556440353394 1044.6148872375488
55.94318280431484 -3.1875489119155174 NE 55.94339493634919 -3.1873367798811616 889.0556440353394 1043.3648872375488
55.94339493634919 -3.1873367798811616 SW 55.94318280431484 -3.1875489119155174 889.0556440353394 1042.1148872375488
55.94318280431484 -3.1875489119155174 E 55.94318280431484 -3.187248911915517 906.6635370254517 1080.0219459533691
55.94318280431484 -3.187248911915517 W 55.94318280431484 -3.1875489119155174 906.6635370254517 1078.7719459533691
55.94318280431484 -3.1875489119155174 S 55.942882804314834 -3.1875489119155174 906.6635370254517 1077.5219459533691
55.942882804314834 -3.1875489119155174 N 55.94318280431484 -3.1875489119155174 906.6635370254517 1076.2719459533691
55.94318280431484 -3.1875489119155174 S 55.942882804314834 -3.1875489119155174 906.6635370254517 1075.0219459533691
55.942882804314834 -3.1875489119155174 NNE 55.94315996817459 -3.187434106885808 906.6635370254517 1073.7719459533691
55.94315996817459 -3.187434106885808 SSW 55.942882804314834 -3.1875489119155174 906.6635370254517 1072.5219459533691
55.942882804314834 -3.1875489119155174 NNE 55.94315996817459 -3.187434106885808 906.6635370254517 1071.2719459533691
55.94315996817459 -3.187434106885808 SSW 55.942882804314834 -3.1875489119155174 906.6635370254517 1070.0219459533691
55.942882804314834 -3.1875489119155174 NE 55.94309493634919 -3.1873367798811616 906.6635370254517 1068.7719459533691
55.94309493634919 -3.1873367798811616 SSW 55.942817772489434 -3.187451584910871 906.6635370254517 1067.5219459533691
55.942817772489434 -3.187451584910871 NNE 55.94309493634919 -3.1873367798811616 906.6635370254517 1066.2719459533691
55.94309493634919 -3.1873367798811616 SSW 55.942817772489434 -3.187451584910871 906.6635370254517 1065.0219459533691
55.942817772489434 -3.187451584910871 NNE 55.94309493634919 -3.1873367798811616 906.6635370254517 1063.7719459533691
55.94309493634919 -3.1873367798811616 ESE 55.94298013131948 -3.187059616021408 906.6635370254517 1062.5219459533691
55.94298013131948 -3.187059616021408 WNW 55.94309493634919 -3.1873367798811616 906.6635370254517 1061.2719459533691
55.94309493634919 -3.1873367798811616 NE 55.94330706838355 -3.187124647846806 1005.3057489395142 1152.372127532959
55.94330706838355 -3.187124647846806 SW 55.94309493634919 -3.1873367798811616 1005.3057489395142 1151.122127532959
55.94309493634919 -3.1873367798811616 N 55.94339493634919 -3.1873367798811616 1005.3057489395142 1149.872127532959
55.94339493634919 -3.1873367798811616 S 55.94309493634919 -3.1873367798811616 1005.3057489395142 1148.622127532959
55.94309493634919 -3.1873367798811616 NNW 55.94337210020895 -3.187451584910871 1005.3057489395142 1147.372127532959
55.94337210020895 -3.187451584910871 SSE 55.94309493634919 -3.1873367798811616 1005.3057489395142 1146.122127532959
55.94309493634919 -3.1873367798811616 NNW 55.94337210020895 -3.187451584910871 1005.3057489395142 1144.872127532959
55.94337210020895 -3.187451584910871 ESE 55.94325729517924 -3.1871744210511177 1005.3057489395142 1143.622127532959
55.94325729517924 -3.1871744210511177 WNW 55.94337210020895 -3.187451584910871 1005.3057489395142 1142.372127532959
55.94337210020895 -3.187451584910871 E 55.94337210020895 -3.187151584910871 1005.3057489395142 1141.122127532959
55.94337210020895 -3.187151584910871 W 55.94337210020895 -3.187451584910871 1005.3057489395142 1139.872127532959
55.94337210020895 -3.187451584910871 ESE 55.94325729517924 -3.1871744210511177 1005.3057489395142 1138.622127532959
55.94325729517924 -3.1871744210511177 WNW 55.94337210020895 -3.187451584910871 1005.3057489395142 1137.372127532959
55.94337210020895 -3.187451584910871 ESE 55.94325729517924 -3.1871744210511177 1005.3057489395142 1136.122127532959
55.94325729517924 -3.1871744210511177 WNW 55.94337210020895 -3.187451584910871 1005.3057489395142 1134.872127532959
55.94337210020895 -3.187451584910871 ESE 55.94325729517924 -3.1871744210511177 1005.3057489395142 1133.622127532959
55.94325729517924 -3.1871744210511177 SE 55.94304516314488 -3.186962289016762 1005.3057489395142 1132.372127532959
55.94304516314488 -3.186962289016762 NW 55.94325729517924 -3.1871744210511177 1005.3057489395142 1131.122127532959
55.94325729517924 -3.1871744210511177 NNE 55.94353445903899 -3.187059616021408 1005.3057489395142 1129.872127532959
55.94353445903899 -3.187059616021408 SSW 55.94325729517924 -3.1871744210511177 1005.3057489395142 1128.622127532959
55.94325729517924 -3.1871744210511177 NNE 55.94353445903899 -3.187059616021408 1005.3057489395142 1127.372127532959
55.94353445903899 -3.187059616021408 SSW 55.94325729517924 -3.1871744210511177 1005.3057489395142 1126.122127532959
55.94325729517924 -3.1871744210511177 NNE 55.94353445903899 -3.187059616021408 1005.3057489395142 1124.872127532959
55.94353445903899 -3.187059616021408 SW 55.94332232700464 -3.187271748055764 1005.3057489395142 1123.622127532959
55.94332232700464 -3.187271748055764 NE 55.94353445903899 -3.187059616021408 1005.3057489395142 1122.372127532959
55.94353445903899 -3.187059616021408 E 55.94353445903899 -3.186759616021408 1005.3057489395142 1121.122127532959
55.94353445903899 -3.186759616021408 WSW 55.94341965400928 -3.1870367798811614 1005.3057489395142 1119.872127532959
55.94341965400928 -3.1870367798811614 ENE 55.94353445903899 -3.186759616021408 1005.3057489395142 1118.622127532959
55.94353445903899 -3.186759616021408 SW 55.94332232700464 -3.1869717480557638 1005.3057489395142 1117.372127532959
55.94332232700464 -3.1869717480557638 ENE 55.94343713203435 -3.1866945841960104 1005.3057489395142 1116.122127532959
55.94343713203435 -3.1866945841960104 WSW 55.94332232700464 -3.1869717480557638 1005.3057489395142 1114.872127532959
55.94332232700464 -3.1869717480557638 ENE 55.94343713203435 -3.1866945841960104 1005.3057489395142 1113.622127532959
55.94343713203435 -3.1866945841960104 WSW 55.94332232700464 -3.1869717480557638 1005.3057489395142 1112.372127532959
55.94332232700464 -3.1869717480557638 ESE 55.94320752197493 -3.1866945841960104 1117.4080514907837 1160.4093742370605
55.94320752197493 -3.1866945841960104 W 55.94320752197493 -3.1869945841960106 1117.4080514907837 1159.1593742370605
55.94320752197493 -3.1869945841960106 ESE 55.943092716945216 -3.186717420336257 1117.4080514907837 1157.9093742370605
55.943092716945216 -3.186717420336257 WNW 55.94320752197493 -3.1869945841960106 1117.4080514907837 1156.6593742370605
55.94320752197493 -3.1869945841960106 WNW 55.94332232700464 -3.187271748055764 1117.4080514907837 1155.4093742370605
55.94332232700464 -3.187271748055764 ESE 55.94320752197493 -3.1869945841960106 1117.4080514907837 1154.1593742370605
55.94320752197493 -3.1869945841960106 NNW 55.94348468583468 -3.18710938922572 1117.4080514907837 1152.9093742370605
55.94348468583468 -3.18710938922572 SE 55.94327255380033 -3.1868972571913643 1117.4080514907837 1151.6593742370605
55.94327255380033 -3.1868972571913643 NW 55.94348468583468 -3.18710938922572 1117.4080514907837 1150.4093742370605
55.94348468583468 -3.18710938922572 E 55.94348468583468 -3.18680938922572 1117.4080514907837 1149.1593742370605
55.94348468583468 -3.18680938922572 SSE 55.94320752197493 -3.1866945841960104 1117.4080514907837 1147.9093742370605
55.94320752197493 -3.1866945841960104 NNW 55.94348468583468 -3.18680938922572 1117.4080514907837 1146.6593742370605
55.94348468583468 -3.18680938922572 SSE 55.94320752197493 -3.1866945841960104 1117.4080514907837 1145.4093742370605
55.94320752197493 -3.1866945841960104 WNW 55.94332232700464 -3.1869717480557638 1117.4080514907837 1144.1593742370605
55.94332232700464 -3.1869717480557638 SE 55.94311019497028 -3.186759616021408 1117.4080514907837 1142.9093742370605
55.94311019497028 -3.186759616021408 W 55.94311019497028 -3.187059616021408 1117.4080514907837 1141.6593742370605
55.94311019497028 -3.187059616021408 E 55.94311019497028 -3.186759616021408 1117.4080514907837 1140.4093742370605
55.94311019497028 -3.186759616021408 S 55.94281019497028 -3.186759616021408 1117.4080514907837 1139.1593742370605
55.94281019497028 -3.186759616021408 N 55.94311019497028 -3.186759616021408 1117.4080514907837 1137.9093742370605
55.94311019497028 -3.186759616021408 SSE 55.942833031110524 -3.1866448109916985 1117.4080514907837 1136.6593742370605
55.942833031110524 -3.1866448109916985 NNW 55.94311019497028 -3.186759616021408 1117.4080514907837 1135.4093742370605
55.94311019497028 -3.186759616021408 SSE 55.942833031110524 -3.1866448109916985 1117.4080514907837 1134.1593742370605
55.942833031110524 -3.1866448109916985 NNW 55.94311019497028 -3.186759616021408 1117.4080514907837 1132.9093742370605
55.94311019497028 -3.186759616021408 S 55.94281019497028 -3.186759616021408 1117.4080514907837 1131.6593742370605
55.94281019497028 -3.186759616021408 N 55.94311019497028 -3.186759616021408 1117.4080514907837 1130.4093742370605
55.94311019497028 -3.186759616021408 S 55.94281019497028 -3.186759616021408 1117.4080514907837 1129.1593742370605
55.94281019497028 -3.186759616021408 NW 55.943022327004634 -3.1869717480557638 1117.4080514907837 1127.9093742370605
55.943022327004634 -3.1869717480557638 SE 55.94281019497028 -3.186759616021408 1117.4080514907837 1126.6593742370605
55.94281019497028 -3.186759616021408 NW 55.943022327004634 -3.1869717480557638 1117.4080514907837 1125.4093742370605
55.943022327004634 -3.1869717480557638 S 55.94272232700463 -3.1869717480557638 1117.4080514907837 1124.1593742370605
55.94272232700463 -3.1869717480557638 NNW 55.94299949086439 -3.1870865530854733 1117.4080514907837 1122.9093742370605
55.94299949086439 -3.1870865530854733 S 55.942699490864385 -3.1870865530854733 1153.2463235855103 1221.7863502502441
55.942699490864385 -3.1870865530854733 N 55.94299949086439 -3.1870865530854733 1153.2463235855103 1220.5363502502441
55.94299949086439 -3.1870865530854733 W 55.94299949086439 -3.1873865530854735 1153.2463235855103 1219.2863502502441
55.94299949086439 -3.1873865530854735 ESE 55.94288468583468 -3.18710938922572 1153.2463235855103 1218.0363502502441
55.94288468583468 -3.18710938922572 W 55.94288468583468 -3.1874093892257203 1153.2463235855103 1216.7863502502441
55.94288468583468 -3.1874093892257203 E 55.94288468583468 -3.18710938922572 1153.2463235855103 1215.5363502502441
55.94288468583468 -3.18710938922572 W 55.94288468583468 -3.1874093892257203 1153.2463235855103 1214.2863502502441
55.94288468583468 -3.1874093892257203 SE 55.94267255380032 -3.1871972571913645 1153.2463235855103 1213.0363502502441
55.94267255380032 -3.1871972571913645 NW 55.94288468583468 -3.1874093892257203 1153.2463235855103 1211.7863502502441
55.94288468583468 -3.1874093892257203 SE 55.94267255380032 -3.1871972571913645 1153.2463235855103 1210.5363502502441
55.94267255380032 -3.1871972571913645 W 55.94267255380032 -3.1874972571913647 1153.2463235855103 1209.2863502502441
55.94267255380032 -3.1874972571913647 E 55.94267255380032 -3.1871972571913645 1153.2463235855103 1208.0363502502441
55.94267255380032 -3.1871972571913645 W 55.94267255380032 -3.1874972571913647 1153.2463235855103 1206.7863502502441
55.94267255380032 -3.1874972571913647 E 55.94267255380032 -3.1871972571913645 1153.2463235855103 1205.5363502502441
55.94267255380032 -3.1871972571913645 W 55.94267255380032 -3.1874972571913647 1153.2463235855103 1204.2863502502441
55.94267255380032 -3.1874972571913647 E 55.94267255380032 -3.1871972571913645 1153.2463235855103 1203.0363502502441
55.94267255380032 -3.1871972571913645 W 55.94267255380032 -3.1874972571913647 1153.2463235855103 1201.7863502502441
55.94267255380032 -3.1874972571913647 E 55.94267255380032 -3.1871972571913645 1153.2463235855103 1200.5363502502441
55.94267255380032 -3.1871972571913645 W 55.94267255380032 -3.1874972571913647 1153.2463235855103 1199.2863502502441
55.94267255380032 -3.1874972571913647 NW 55.94288468583468 -3.1877093892257204 1153.2463235855103 1198.0363502502441
55.94288468583468 -3.1877093892257204 SE 55.94267255380032 -3.1874972571913647 1153.2463235855103 1196.7863502502441
55.94267255380032 -3.1874972571913647 NW 55.94288468583468 -3.1877093892257204 1153.2463235855103 1195.5363502502441
55.94288468583468 -3.1877093892257204 SE 55.94267255380032 -3.1874972571913647 1153.2463235855103 1194.2863502502441
55.94267255380032 -3.1874972571913647 WNW 55.94278735883003 -3.187774421051118 1153.2463235855103 1193.0363502502441
55.94278735883003 -3.187774421051118 ESE 55.94267255380032 -3.1874972571913647 1153.2463235855103 1191.7863502502441
55.94267255380032 -3.1874972571913647 NW 55.94288468583468 -3.1877093892257204 1153.2463235855103 1190.5363502502441
55.94288468583468 -3.1877093892257204 SE 55.94267255380032 -3.1874972571913647 1153.2463235855103 1189.2863502502441
55.94267255380032 -3.1874972571913647 WNW 55.94278735883003 -3.187774421051118 1153.2463235855103 1188.0363502502441
55.94278735883003 -3.187774421051118 ESE 55.94267255380032 -3.1874972571913647 1153.2463235855103 1186.7863502502441
55.94267255380032 -3.1874972571913647 WNW 55.94278735883003 -3.187774421051118 1153.2463235855103 1185.5363502502441
55.94278735883003 -3.187774421051118 WSW 55.94267255380032 -3.1880515849108715 1153.2463235855103 1184.2863502502441
55.94267255380032 -3.1880515849108715 E 55.94267255380032 -3.1877515849108713 1153.2463235855103 1183.0363502502441
55.94267255380032 -3.1877515849108713 NNW 55.94294971766008 -3.187866389940581 1153.2463235855103 1181.7863502502441
55.94294971766008 -3.187866389940581 SE 55.94273758562572 -3.187654257906225 1153.2463235855103 1180.5363502502441
55.94273758562572 -3.187654257906225 NNW 55.94301474948548 -3.1877690629359345 1153.2463235855103 1179.2863502502441
55.94301474948548 -3.1877690629359345 SE 55.94280261745112 -3.1875569309015788 1188.811951637268 1220.146884918213
55.94280261745112 -3.1875569309015788 NW 55.94301474948548 -3.1877690629359345 1188.811951637268 1218.896884918213
55.94301474948548 -3.1877690629359345 SE 55.94280261745112 -3.1875569309015788 1188.811951637268 1217.646884918213
55.94280261745112 -3.1875569309015788 NNE 55.94307978131088 -3.1874421258718693 1219.3122816085815 1335.742115020752
55.94307978131088 -3.1874421258718693 SSW 55.94280261745112 -3.1875569309015788 1219.3122816085815 1334.492115020752
