55.944425 -3.188396 NNE 55.94470216385976 -3.1882811949702905 0.0 248.75
55.94470216385976 -3.1882811949702905 S 55.944402163859756 -3.1882811949702905 0.0 247.5
55.944402163859756 -3.1882811949702905 WSW 55.944287358830046 -3.188558358830044 0.0 246.25
55.944287358830046 -3.188558358830044 ENE 55.944402163859756 -3.1882811949702905 0.0 245.0
55.944402163859756 -3.1882811949702905 SW 55.9441900318254 -3.1884933270046463 0.0 243.75
55.9441900318254 -3.1884933270046463 ENE 55.94430483685511 -3.188216163144893 0.0 242.5
55.94430483685511 -3.188216163144893 WSW 55.9441900318254 -3.1884933270046463 0.0 241.25
55.9441900318254 -3.1884933270046463 W 55.9441900318254 -3.1887933270046465 0.0 240.0
55.9441900318254 -3.1887933270046465 E 55.9441900318254 -3.1884933270046463 0.0 238.75
55.9441900318254 -3.1884933270046463 N 55.9444900318254 -3.1884933270046463 0.0 237.5
55.9444900318254 -3.1884933270046463 S 55.9441900318254 -3.1884933270046463 0.0 236.25
55.9441900318254 -3.1884933270046463 SE 55.943977899791044 -3.1882811949702905 0.0 235.0
55.943977899791044 -3.1882811949702905 NW 55.9441900318254 -3.1884933270046463 0.0 233.75
55.9441900318254 -3.1884933270046463 SSE 55.94391286796564 -3.1883785219749368 0.0 232.5
55.94391286796564 -3.1883785219749368 NNW 55.9441900318254 -3.1884933270046463 0.0 231.25
55.9441900318254 -3.1884933270046463 SSE 55.94391286796564 -3.1883785219749368 0.0 230.0
55.94391286796564 -3.1883785219749368 NNW 55.9441900318254 -3.1884933270046463 0.0 228.75
55.9441900318254 -3.1884933270046463 S 55.9438900318254 -3.1884933270046463 0.0 227.5
55.9438900318254 -3.1884933270046463 N 55.9441900318254 -3.1884933270046463 0.0 226.25
55.9441900318254 -3.1884933270046463 S 55.9438900318254 -3.1884933270046463 0.0 225.0
55.9438900318254 -3.1884933270046463 NNW 55.944167195685154 -3.188608132034356 0.0 223.75
55.944167195685154 -3.188608132034356 SSE 55.9438900318254 -3.1884933270046463 0.0 222.5
55.9438900318254 -3.1884933270046463 NE 55.94410216385975 -3.1882811949702905 0.0 221.25
55.94410216385975 -3.1882811949702905 SW 55.9438900318254 -3.1884933270046463 0.0 220.0
55.9438900318254 -3.1884933270046463 E 55.9438900318254 -3.188193327004646 0.0 218.75
55.9438900318254 -3.188193327004646 W 55.9438900318254 -3.1884933270046463 0.0 217.5
55.9438900318254 -3.1884933270046463 E 55.9438900318254 -3.188193327004646 0.0 216.25
55.9438900318254 -3.188193327004646 W 55.9438900318254 -3.1884933270046463 0.0 215.0
55.9438900318254 -3.1884933270046463 E 55.9438900318254 -3.188193327004646 0.0 213.75
55.9438900318254 -3.188193327004646 WSW 55.94377522679569 -3.1884704908643995 0.0 212.5
55.94377522679569 -3.1884704908643995 ENE 55.9438900318254 -3.188193327004646 0.0 211.25
55.9438900318254 -3.188193327004646 SE 55.94367789979104 -3.1879811949702903 0.0 210.0
55.94367789979104 -3.1879811949702903 NW 55.9438900318254 -3.188193327004646 0.0 208.75
55.9438900318254 -3.188193327004646 SSW 55.94361286796564 -3.1883081320343556 0.0 207.5
55.94361286796564 -3.1883081320343556 NNE 55.9438900318254 -3.188193327004646 0.0 206.25
55.9438900318254 -3.188193327004646 SSW 55.94361286796564 -3.1883081320343556 0.0 205.0
55.94361286796564 -3.1883081320343556 NE 55.943825 -3.188096 0.0 203.75
55.943825 -3.188096 SW 55.94361286796564 -3.1883081320343556 0.0 202.5
55.94361286796564 -3.1883081320343556 NE 55.943825 -3.188096 0.0 201.25
55.943825 -3.188096 SW 55.94361286796564 -3.1883081320343556 0.0 200.0
55.94361286796564 -3.1883081320343556 ENE 55.94372767299535 -3.188030968174602 0.0 198.75
55.94372767299535 -3.188030968174602 WSW 55.94361286796564 -3.1883081320343556 0.0 197.5
55.94361286796564 -3.1883081320343556 E 55.94361286796564 -3.1880081320343554 0.0 196.25
55.94361286796564 -3.1880081320343554 W 55.94361286796564 -3.1883081320343556 0.0 195.0
55.94361286796564 -3.1883081320343556 E 55.94361286796564 -3.1880081320343554 0.0 193.75
55.94361286796564 -3.1880081320343554 NW 55.943825 -3.188220264068711 0.0 192.5
55.943825 -3.188220264068711 SE 55.94361286796564 -3.1880081320343554 0.0 191.25
55.94361286796564 -3.1880081320343554 ESE 55.94349806293593 -3.187730968174602 0.0 190.0
55.94349806293593 -3.187730968174602 WNW 55.94361286796564 -3.1880081320343554 0.0 188.75
55.94361286796564 -3.1880081320343554 NE 55.943825 -3.1877959999999996 0.0 187.5
55.943825 -3.1877959999999996 SW 55.94361286796564 -3.1880081320343554 0.0 186.25
55.94361286796564 -3.1880081320343554 NNE 55.9438900318254 -3.187893327004646 0.0 185.0
55.9438900318254 -3.187893327004646 SW 55.94367789979104 -3.1881054590390017 0.0 183.75
55.94367789979104 -3.1881054590390017 NNE 55.9439550636508 -3.187990654009292 0.0 182.5
55.9439550636508 -3.187990654009292 SW 55.94374293161644 -3.188202786043648 0.0 181.25
55.94374293161644 -3.188202786043648 NE 55.9439550636508 -3.187990654009292 0.0 180.0
55.9439550636508 -3.187990654009292 WSW 55.94384025862109 -3.1882678178690456 0.0 178.75
55.94384025862109 -3.1882678178690456 ENE 55.9439550636508 -3.187990654009292 0.0 177.5
55.9439550636508 -3.187990654009292 W 55.9439550636508 -3.1882906540092923 0.0 176.25
55.9439550636508 -3.1882906540092923 E 55.9439550636508 -3.187990654009292 0.0 175.0
55.9439550636508 -3.187990654009292 WSW 55.94384025862109 -3.1882678178690456 0.0 173.75
55.94384025862109 -3.1882678178690456 NE 55.94405239065544 -3.18805568583469 0.0 172.5
55.94405239065544 -3.18805568583469 WSW 55.94393758562573 -3.188332849694443 0.0 171.25
55.94393758562573 -3.188332849694443 ENE 55.94405239065544 -3.18805568583469 0.0 170.0
55.94405239065544 -3.18805568583469 WSW 55.94393758562573 -3.188332849694443 0.0 168.75
55.94393758562573 -3.188332849694443 NE 55.94414971766009 -3.1881207176600874 0.0 167.5
55.94414971766009 -3.1881207176600874 WSW 55.94403491263038 -3.188397881519841 0.0 166.25
55.94403491263038 -3.188397881519841 ENE 55.94414971766009 -3.1881207176600874 0.0 165.0
55.94414971766009 -3.1881207176600874 ENE 55.9442645226898 -3.187843553800334 0.0 163.75
55.9442645226898 -3.187843553800334 WSW 55.94414971766009 -3.1881207176600874 0.0 162.5
55.94414971766009 -3.1881207176600874 NNW 55.944426881519846 -3.188235522689797 0.0 161.25
55.944426881519846 -3.188235522689797 SSE 55.94414971766009 -3.1881207176600874 0.0 160.0
55.94414971766009 -3.1881207176600874 NW 55.944361849694445 -3.188332849694443 0.0 158.75
55.944361849694445 -3.188332849694443 SE 55.94414971766009 -3.1881207176600874 0.0 157.5
55.94414971766009 -3.1881207176600874 NW 55.944361849694445 -3.188332849694443 0.0 156.25
55.944361849694445 -3.188332849694443 ESE 55.944247044664735 -3.18805568583469 0.0 155.0
55.944247044664735 -3.18805568583469 WNW 55.944361849694445 -3.188332849694443 0.0 153.75
55.944361849694445 -3.188332849694443 SE 55.94414971766009 -3.1881207176600874 0.0 152.5
55.94414971766009 -3.1881207176600874 NW 55.944361849694445 -3.188332849694443 0.0 151.25
55.944361849694445 -3.188332849694443 SW 55.94414971766009 -3.188544981728799 0.0 150.0
55.94414971766009 -3.188544981728799 NE 55.944361849694445 -3.188332849694443 0.0 148.75
55.944361849694445 -3.188332849694443 ESE 55.944247044664735 -3.18805568583469 0.0 147.5
55.944247044664735 -3.18805568583469 WNW 55.944361849694445 -3.188332849694443 0.0 146.25
55.944361849694445 -3.188332849694443 WSW 55.944247044664735 -3.1886100135541966 0.0 145.0
55.944247044664735 -3.1886100135541966 ENE 55.944361849694445 -3.188332849694443 0.0 143.75
55.944361849694445 -3.188332849694443 ENE 55.944476654724156 -3.18805568583469 0.0 142.5
55.944476654724156 -3.18805568583469 WSW 55.944361849694445 -3.188332849694443 0.0 141.25
55.944361849694445 -3.188332849694443 ENE 55.944476654724156 -3.18805568583469 0.0 140.0
55.944476654724156 -3.18805568583469 WSW 55.944361849694445 -3.188332849694443 0.0 138.75
55.944361849694445 -3.188332849694443 ENE 55.944476654724156 -3.18805568583469 0.0 137.5
55.944476654724156 -3.18805568583469 WNW 55.944591459753866 -3.188332849694443 0.0 136.25
55.944591459753866 -3.188332849694443 ESE 55.944476654724156 -3.18805568583469 0.0 135.0
55.944476654724156 -3.18805568583469 WNW 55.944591459753866 -3.188332849694443 0.0 133.75
55.944591459753866 -3.188332849694443 E 55.944591459753866 -3.188032849694443 0.0 132.5
55.944591459753866 -3.188032849694443 WNW 55.944706264783576 -3.1883100135541964 0.0 131.25
55.944706264783576 -3.1883100135541964 SE 55.94449413274922 -3.1880978815198406 0.0 130.0
55.94449413274922 -3.1880978815198406 NW 55.944706264783576 -3.1883100135541964 0.0 128.75
55.944706264783576 -3.1883100135541964 SE 55.94449413274922 -3.1880978815198406 0.0 127.5
55.94449413274922 -3.1880978815198406 WNW 55.94460893777893 -3.188375045379594 0.0 126.25
55.94460893777893 -3.188375045379594 ESE 55.94449413274922 -3.1880978815198406 0.0 125.0
55.94449413274922 -3.1880978815198406 WNW 55.94460893777893 -3.188375045379594 0.0 123.75
55.94460893777893 -3.188375045379594 NNW 55.94488610163869 -3.1884898504093035 0.0 122.5
55.94488610163869 -3.1884898504093035 SSE 55.94460893777893 -3.188375045379594 0.0 121.25
55.94460893777893 -3.188375045379594 NNW 55.94488610163869 -3.1884898504093035 0.0 120.0
55.94488610163869 -3.1884898504093035 SSE 55.94460893777893 -3.188375045379594 0.0 118.75
55.94460893777893 -3.188375045379594 N 55.94490893777893 -3.188375045379594 0.0 117.5
55.94490893777893 -3.188375045379594 SW 55.94469680574458 -3.18858717741395 0.0 116.25
55.94469680574458 -3.18858717741395 NE 55.94490893777893 -3.188375045379594 0.0 115.0
55.94490893777893 -3.188375045379594 SSE 55.94463177391918 -3.1882602403498845 0.0 113.75
55.94463177391918 -3.1882602403498845 NNW 55.94490893777893 -3.188375045379594 0.0 112.5
55.94490893777893 -3.188375045379594 E 55.94490893777893 -3.188075045379594 0.0 111.25
55.94490893777893 -3.188075045379594 W 55.94490893777893 -3.188375045379594 0.0 110.0
55.94490893777893 -3.188375045379594 NE 55.94512106981329 -3.1881629133452383 0.0 108.75
55.94512106981329 -3.1881629133452383 SSW 55.94484390595353 -3.1882777183749478 0.0 107.5
55.94484390595353 -3.1882777183749478 NE 55.94505603798789 -3.188065586340592 0.0 106.25
55.94505603798789 -3.188065586340592 WSW 55.94494123295818 -3.1883427502003454 48.66569137573242 193.51693725585938
55.94494123295818 -3.1883427502003454 E 55.94494123295818 -3.188042750200345 48.66569137573242 192.26693725585938
55.94494123295818 -3.188042750200345 WSW 55.94482642792847 -3.1883199140600986 48.66569137573242 191.01693725585938
55.94482642792847 -3.1883199140600986 E 55.94482642792847 -3.1880199140600984 48.66569137573242 189.76693725585938
55.94482642792847 -3.1880199140600984 W 55.94482642792847 -3.1883199140600986 48.66569137573242 188.51693725585938
55.94482642792847 -3.1883199140600986 E 55.94482642792847 -3.1880199140600984 48.66569137573242 187.26693725585938
55.94482642792847 -3.1880199140600984 W 55.94482642792847 -3.1883199140600986 48.66569137573242 186.01693725585938
55.94482642792847 -3.1883199140600986 NW 55.945038559962825 -3.1885320460944544 48.66569137573242 184.76693725585938
55.945038559962825 -3.1885320460944544 SE 55.94482642792847 -3.1883199140600986 48.66569137573242 183.51693725585938
55.94482642792847 -3.1883199140600986 NNW 55.945103591788225 -3.188434719089808 48.66569137573242 182.26693725585938
55.945103591788225 -3.188434719089808 SSE 55.94482642792847 -3.1883199140600986 48.66569137573242 181.01693725585938
55.94482642792847 -3.1883199140600986 NNW 55.945103591788225 -3.188434719089808 48.66569137573242 179.76693725585938
55.945103591788225 -3.188434719089808 SSE 55.94482642792847 -3.1883199140600986 48.66569137573242 178.51693725585938
55.94482642792847 -3.1883199140600986 NNW 55.945103591788225 -3.188434719089808 48.66569137573242 177.26693725585938
55.945103591788225 -3.188434719089808 NNW 55.94538075564798 -3.1885495241195176 48.66569137573242 176.01693725585938
55.94538075564798 -3.1885495241195176 SSE 55.945103591788225 -3.188434719089808 48.66569137573242 174.76693725585938
55.945103591788225 -3.188434719089808 ESE 55.944988786758515 -3.1881575552300547 48.66569137573242 173.51693725585938
55.944988786758515 -3.1881575552300547 WNW 55.945103591788225 -3.188434719089808 48.66569137573242 172.26693725585938
55.945103591788225 -3.188434719089808 ESE 55.944988786758515 -3.1881575552300547 48.66569137573242 171.01693725585938
55.944988786758515 -3.1881575552300547 W 55.944988786758515 -3.188457555230055 48.66569137573242 169.76693725585938
55.944988786758515 -3.188457555230055 ENE 55.945103591788225 -3.1881803913703015 48.66569137573242 168.51693725585938
55.945103591788225 -3.1881803913703015 WSW 55.944988786758515 -3.188457555230055 48.66569137573242 167.26693725585938
55.944988786758515 -3.188457555230055 ENE 55.945103591788225 -3.1881803913703015 48.66569137573242 166.01693725585938
55.945103591788225 -3.1881803913703015 NW 55.94531572382258 -3.1883925234046573 48.66569137573242 164.76693725585938
55.94531572382258 -3.1883925234046573 SE 55.945103591788225 -3.1881803913703015 48.66569137573242 163.51693725585938
55.945103591788225 -3.1881803913703015 NW 55.94531572382258 -3.1883925234046573 48.66569137573242 162.26693725585938
55.94531572382258 -3.1883925234046573 SE 55.945103591788225 -3.1881803913703015 48.66569137573242 161.01693725585938
55.945103591788225 -3.1881803913703015 NNW 55.94538075564798 -3.188295196400011 48.66569137573242 159.76693725585938
55.94538075564798 -3.188295196400011 SSE 55.945103591788225 -3.1881803913703015 48.66569137573242 158.51693725585938
55.945103591788225 -3.1881803913703015 NE 55.94531572382258 -3.1879682593359457 172.7377052307129 188.66603088378906
55.94531572382258 -3.1879682593359457 SW 55.945103591788225 -3.1881803913703015 172.7377052307129 187.41603088378906
55.945103591788225 -3.1881803913703015 NE 55.94531572382258 -3.1879682593359457 172.7377052307129 186.16603088378906
55.94531572382258 -3.1879682593359457 SW 55.945103591788225 -3.1881803913703015 172.7377052307129 184.91603088378906
55.945103591788225 -3.1881803913703015 NE 55.94531572382258 -3.1879682593359457 172.7377052307129 183.66603088378906
55.94531572382258 -3.1879682593359457 SSW 55.945038559962825 -3.1880830643656553 172.7377052307129 182.41603088378906
55.945038559962825 -3.1880830643656553 NNE 55.94531572382258 -3.1879682593359457 172.7377052307129 181.16603088378906
55.94531572382258 -3.1879682593359457 SW 55.945103591788225 -3.1881803913703015 172.7377052307129 179.91603088378906
55.945103591788225 -3.1881803913703015 SE 55.94489145975387 -3.1879682593359457 172.7377052307129 178.66603088378906
55.94489145975387 -3.1879682593359457 NW 55.945103591788225 -3.1881803913703015 172.7377052307129 177.41603088378906
55.945103591788225 -3.1881803913703015 SE 55.94489145975387 -3.1879682593359457 172.7377052307129 176.16603088378906
55.94489145975387 -3.1879682593359457 NNW 55.945168623613625 -3.1880830643656553 172.7377052307129 174.91603088378906
55.945168623613625 -3.1880830643656553 SE 55.94495649157927 -3.1878709323312995 172.7377052307129 173.66603088378906
55.94495649157927 -3.1878709323312995 WNW 55.94507129660898 -3.188148096191053 172.7377052307129 172.41603088378906
55.94507129660898 -3.188148096191053 ESE 55.94495649157927 -3.1878709323312995 172.7377052307129 171.16603088378906
55.94495649157927 -3.1878709323312995 SW 55.94474435954491 -3.1880830643656553 172.7377052307129 169.91603088378906
55.94474435954491 -3.1880830643656553 NE 55.94495649157927 -3.1878709323312995 172.7377052307129 168.66603088378906
55.94495649157927 -3.1878709323312995 SSW 55.94467932771951 -3.187985737361009 172.7377052307129 167.41603088378906
55.94467932771951 -3.187985737361009 NNE 55.94495649157927 -3.1878709323312995 172.7377052307129 166.16603088378906
55.94495649157927 -3.1878709323312995 SW 55.94474435954491 -3.1880830643656553 172.7377052307129 164.91603088378906
55.94474435954491 -3.1880830643656553 ENE 55.94485916457462 -3.187805900505902 172.7377052307129 163.66603088378906
55.94485916457462 -3.187805900505902 WSW 55.94474435954491 -3.1880830643656553 172.7377052307129 162.41603088378906
55.94474435954491 -3.1880830643656553 SE 55.94453222751056 -3.1878709323312995 172.7377052307129 161.16603088378906
55.94453222751056 -3.1878709323312995 NW 55.94474435954491 -3.1880830643656553 172.7377052307129 159.91603088378906
55.94474435954491 -3.1880830643656553 WSW 55.9446295545152 -3.1883602282254087 172.7377052307129 158.66603088378906
55.9446295545152 -3.1883602282254087 ENE 55.94474435954491 -3.1880830643656553 172.7377052307129 157.41603088378906
55.94474435954491 -3.1880830643656553 ESE 55.9446295545152 -3.187805900505902 176.8346643447876 234.45630645751953
55.9446295545152 -3.187805900505902 WNW 55.94474435954491 -3.1880830643656553 176.8346643447876 233.20630645751953
55.94474435954491 -3.1880830643656553 ESE 55.9446295545152 -3.187805900505902 176.8346643447876 231.95630645751953
55.9446295545152 -3.187805900505902 WNW 55.94474435954491 -3.1880830643656553 176.8346643447876 230.70630645751953
55.94474435954491 -3.1880830643656553 ESE 55.9446295545152 -3.187805900505902 176.8346643447876 229.45630645751953
55.9446295545152 -3.187805900505902 NW 55.94484168654956 -3.1880180325402576 176.8346643447876 228.20630645751953
55.94484168654956 -3.1880180325402576 SE 55.9446295545152 -3.187805900505902 176.8346643447876 226.95630645751953
55.9446295545152 -3.187805900505902 WNW 55.94474435954491 -3.1880830643656553 176.8346643447876 225.70630645751953
55.94474435954491 -3.1880830643656553 ESE 55.9446295545152 -3.187805900505902 176.8346643447876 224.45630645751953
55.9446295545152 -3.187805900505902 WNW 55.94474435954491 -3.1880830643656553 176.8346643447876 223.20630645751953
55.94474435954491 -3.1880830643656553 ESE 55.9446295545152 -3.187805900505902 176.8346643447876 221.95630645751953
55.9446295545152 -3.187805900505902 SW 55.944417422480846 -3.1880180325402576 176.8346643447876 220.70630645751953
55.944417422480846 -3.1880180325402576 NE 55.9446295545152 -3.187805900505902 176.8346643447876 219.45630645751953
55.9446295545152 -3.187805900505902 SW 55.944417422480846 -3.1880180325402576 176.8346643447876 218.20630645751953
55.944417422480846 -3.1880180325402576 NE 55.9446295545152 -3.187805900505902 176.8346643447876 216.95630645751953
55.9446295545152 -3.187805900505902 S 55.9443295545152 -3.187805900505902 176.8346643447876 215.70630645751953
55.9443295545152 -3.187805900505902 NNW 55.944606718374956 -3.1879207055356114 176.8346643447876 214.45630645751953
55.944606718374956 -3.1879207055356114 SE 55.9443945863406 -3.1877085735012556 176.8346643447876 213.20630645751953
55.9443945863406 -3.1877085735012556 NW 55.944606718374956 -3.1879207055356114 176.8346643447876 211.95630645751953
55.944606718374956 -3.1879207055356114 SSE 55.9443295545152 -3.187805900505902 176.8346643447876 210.70630645751953
55.9443295545152 -3.187805900505902 NNW 55.944606718374956 -3.1879207055356114 176.8346643447876 209.45630645751953
55.944606718374956 -3.1879207055356114 WSW 55.944491913345246 -3.1881978693953648 176.8346643447876 208.20630645751953
55.944491913345246 -3.1881978693953648 ENE 55.944606718374956 -3.1879207055356114 176.8346643447876 206.95630645751953
55.944606718374956 -3.1879207055356114 WSW 55.944491913345246 -3.1881978693953648 176.8346643447876 205.70630645751953
55.944491913345246 -3.1881978693953648 NE 55.9447040453796 -3.187985737361009 176.8346643447876 204.45630645751953
55.9447040453796 -3.187985737361009 NNE 55.94498120923936 -3.1878709323312995 176.8346643447876 203.20630645751953
55.94498120923936 -3.1878709323312995 SSW 55.9447040453796 -3.187985737361009 176.8346643447876 201.95630645751953
55.9447040453796 -3.187985737361009 SSW 55.944426881519846 -3.1881005423907185 176.8346643447876 200.70630645751953
55.944426881519846 -3.1881005423907185 NE 55.9446390135542 -3.1878884103563627 176.8346643447876 199.45630645751953
55.9446390135542 -3.1878884103563627 SW 55.944426881519846 -3.1881005423907185 176.8346643447876 198.20630645751953
55.944426881519846 -3.1881005423907185 SSW 55.94414971766009 -3.188215347420428 176.8346643447876 196.95630645751953
55.94414971766009 -3.188215347420428 NNE 55.944426881519846 -3.1881005423907185 176.8346643447876 195.70630645751953
55.944426881519846 -3.1881005423907185 WNW 55.944541686549556 -3.188377706250472 176.8346643447876 194.45630645751953
55.944541686549556 -3.188377706250472 ESE 55.944426881519846 -3.1881005423907185 176.8346643447876 193.20630645751953
55.944426881519846 -3.1881005423907185 SW 55.94421474948549 -3.1883126744250743 176.8346643447876 191.95630645751953
55.94421474948549 -3.1883126744250743 NE 55.944426881519846 -3.1881005423907185 176.8346643447876 190.70630645751953
55.944426881519846 -3.1881005423907185 SSE 55.94414971766009 -3.187985737361009 190.8427267074585 279.4881057739258
55.94414971766009 -3.187985737361009 NNW 55.944426881519846 -3.1881005423907185 190.8427267074585 278.2381057739258
55.944426881519846 -3.1881005423907185 ESE 55.944312076490135 -3.187823378530965 190.8427267074585 276.9881057739258
55.944312076490135 -3.187823378530965 WNW 55.944426881519846 -3.1881005423907185 190.8427267074585 275.7381057739258
55.944426881519846 -3.1881005423907185 ENE 55.944541686549556 -3.187823378530965 190.8427267074585 274.4881057739258
55.944541686549556 -3.187823378530965 SW 55.9443295545152 -3.188035510565321 190.8427267074585 273.2381057739258
55.9443295545152 -3.188035510565321 WSW 55.94421474948549 -3.1883126744250743 190.8427267074585 271.9881057739258
55.94421474948549 -3.1883126744250743 ENE 55.9443295545152 -3.188035510565321 190.8427267074585 270.7381057739258
55.9443295545152 -3.188035510565321 N 55.9446295545152 -3.188035510565321 232.08403301239014 369.5685272216797
55.9446295545152 -3.188035510565321 S 55.9443295545152 -3.188035510565321 232.08403301239014 368.3185272216797
55.9443295545152 -3.188035510565321 E 55.9443295545152 -3.1877355105653207 232.08403301239014 367.0685272216797
55.9443295545152 -3.1877355105653207 W 55.9443295545152 -3.188035510565321 232.08403301239014 365.8185272216797
55.9443295545152 -3.188035510565321 E 55.9443295545152 -3.1877355105653207 232.08403301239014 364.5685272216797
55.9443295545152 -3.1877355105653207 W 55.9443295545152 -3.188035510565321 232.08403301239014 363.3185272216797
55.9443295545152 -3.188035510565321 E 55.9443295545152 -3.1877355105653207 232.08403301239014 362.0685272216797
55.9443295545152 -3.1877355105653207 NW 55.944541686549556 -3.1879476425996764 232.08403301239014 360.8185272216797
55.944541686549556 -3.1879476425996764 SE 55.9443295545152 -3.1877355105653207 232.08403301239014 359.5685272216797
55.9443295545152 -3.1877355105653207 E 55.9443295545152 -3.1874355105653205 232.08403301239014 358.3185272216797
55.9443295545152 -3.1874355105653205 W 55.9443295545152 -3.1877355105653207 232.08403301239014 357.0685272216797
55.9443295545152 -3.1877355105653207 E 55.9443295545152 -3.1874355105653205 232.08403301239014 355.8185272216797
55.9443295545152 -3.1874355105653205 W 55.9443295545152 -3.1877355105653207 232.08403301239014 354.5685272216797
55.9443295545152 -3.1877355105653207 ESE 55.94421474948549 -3.1874583467055673 232.08403301239014 353.3185272216797
55.94421474948549 -3.1874583467055673 WNW 55.9443295545152 -3.1877355105653207 232.08403301239014 352.0685272216797
55.9443295545152 -3.1877355105653207 E 55.9443295545152 -3.1874355105653205 232.08403301239014 350.8185272216797
55.9443295545152 -3.1874355105653205 E 55.9443295545152 -3.1871355105653203 232.08403301239014 349.5685272216797
55.9443295545152 -3.1871355105653203 W 55.9443295545152 -3.1874355105653205 232.08403301239014 348.3185272216797
55.9443295545152 -3.1874355105653205 SSW 55.94405239065544 -3.18755031559503 232.08403301239014 347.0685272216797
55.94405239065544 -3.18755031559503 NNE 55.9443295545152 -3.1874355105653205 232.08403301239014 345.8185272216797
55.9443295545152 -3.1874355105653205 N 55.9446295545152 -3.1874355105653205 232.08403301239014 344.5685272216797
55.9446295545152 -3.1874355105653205 S 55.9443295545152 -3.1874355105653205 232.08403301239014 343.3185272216797
55.9443295545152 -3.1874355105653205 N 55.9446295545152 -3.1874355105653205 232.08403301239014 342.0685272216797
55.9446295545152 -3.1874355105653205 S 55.9443295545152 -3.1874355105653205 232.08403301239014 340.8185272216797
55.9443295545152 -3.1874355105653205 N 55.9446295545152 -3.1874355105653205 232.08403301239014 339.5685272216797
55.9446295545152 -3.1874355105653205 S 55.9443295545152 -3.1874355105653205 232.08403301239014 338.3185272216797
55.9443295545152 -3.1874355105653205 NE 55.944541686549556 -3.1872233785309647 232.08403301239014 337.0685272216797
55.944541686549556 -3.1872233785309647 W 55.944541686549556 -3.187523378530965 232.08403301239014 335.8185272216797
55.944541686549556 -3.187523378530965 E 55.944541686549556 -3.1872233785309647 232.08403301239014 334.5685272216797
55.944541686549556 -3.1872233785309647 W 55.944541686549556 -3.187523378530965 232.08403301239014 333.3185272216797
55.944541686549556 -3.187523378530965 E 55.944541686549556 -3.1872233785309647 232.08403301239014 332.0685272216797
55.944541686549556 -3.1872233785309647 W 55.944541686549556 -3.187523378530965 232.08403301239014 330.8185272216797
55.944541686549556 -3.187523378530965 N 55.94484168654956 -3.187523378530965 232.08403301239014 329.5685272216797
55.94484168654956 -3.187523378530965 S 55.944541686549556 -3.187523378530965 232.08403301239014 328.3185272216797
55.944541686549556 -3.187523378530965 SSE 55.9442645226898 -3.1874085735012554 232.08403301239014 327.0685272216797
55.9442645226898 -3.1874085735012554 NNW 55.944541686549556 -3.187523378530965 232.08403301239014 325.8185272216797
