55.944425 -3.188396 E 55.944425 -3.188096 0.0 248.75
55.944425 -3.188096 W 55.944425 -3.188396 0.0 247.5
55.944425 -3.188396 E 55.944425 -3.188096 0.0 246.25
55.944425 -3.188096 W 55.944425 -3.188396 0.0 245.0
55.944425 -3.188396 E 55.944425 -3.188096 0.0 243.75
55.944425 -3.188096 NW 55.94463713203436 -3.1883081320343556 0.0 242.5
55.94463713203436 -3.1883081320343556 SE 55.944425 -3.188096 0.0 241.25
55.944425 -3.188096 NW 55.94463713203436 -3.1883081320343556 0.0 240.0
55.94463713203436 -3.1883081320343556 ENE 55.94475193706407 -3.188030968174602 0.0 238.75
55.94475193706407 -3.188030968174602 WSW 55.94463713203436 -3.1883081320343556 0.0 237.5
55.94463713203436 -3.1883081320343556 SW 55.944425 -3.1885202640687114 0.0 236.25
55.944425 -3.1885202640687114 NE 55.94463713203436 -3.1883081320343556 0.0 235.0
55.94463713203436 -3.1883081320343556 NNW 55.944914295894115 -3.188422937064065 0.0 233.75
55.944914295894115 -3.188422937064065 S 55.94461429589411 -3.188422937064065 0.0 232.5
55.94461429589411 -3.188422937064065 NNW 55.94489145975387 -3.1885377420937746 0.0 231.25
55.94489145975387 -3.1885377420937746 S 55.944591459753866 -3.1885377420937746 0.0 230.0
55.944591459753866 -3.1885377420937746 N 55.94489145975387 -3.1885377420937746 0.0 228.75
55.94489145975387 -3.1885377420937746 SSW 55.94461429589411 -3.188652547123484 0.0 227.5
55.94461429589411 -3.188652547123484 NW 55.94482642792847 -3.18886467915784 0.0 226.25
55.94482642792847 -3.18886467915784 SE 55.94461429589411 -3.188652547123484 0.0 225.0
55.94461429589411 -3.188652547123484 NNW 55.94489145975387 -3.1887673521531936 124.65727996826172 271.0385971069336
55.94489145975387 -3.1887673521531936 SSE 55.94461429589411 -3.188652547123484 124.65727996826172 269.7885971069336
55.94461429589411 -3.188652547123484 E 55.94461429589411 -3.188352547123484 124.65727996826172 268.5385971069336
55.94461429589411 -3.188352547123484 WSW 55.9444994908644 -3.1886297109832373 124.65727996826172 267.2885971069336
55.9444994908644 -3.1886297109832373 ENE 55.94461429589411 -3.188352547123484 124.65727996826172 266.0385971069336
55.94461429589411 -3.188352547123484 WSW 55.9444994908644 -3.1886297109832373 124.65727996826172 264.7885971069336
55.9444994908644 -3.1886297109832373 W 55.9444994908644 -3.1889297109832375 124.65727996826172 263.5385971069336
55.9444994908644 -3.1889297109832375 E 55.9444994908644 -3.1886297109832373 124.65727996826172 262.2885971069336
55.9444994908644 -3.1886297109832373 ENE 55.94461429589411 -3.188352547123484 124.65727996826172 261.0385971069336
55.94461429589411 -3.188352547123484 WSW 55.9444994908644 -3.1886297109832373 124.65727996826172 259.7885971069336
55.9444994908644 -3.1886297109832373 S 55.9441994908644 -3.1886297109832373 124.65727996826172 258.5385971069336
55.9441994908644 -3.1886297109832373 N 55.9444994908644 -3.1886297109832373 124.65727996826172 257.2885971069336
55.9444994908644 -3.1886297109832373 SSW 55.944222327004645 -3.188744516012947 124.65727996826172 256.0385971069336
55.944222327004645 -3.188744516012947 NNE 55.9444994908644 -3.1886297109832373 124.65727996826172 254.7885971069336
55.9444994908644 -3.1886297109832373 WSW 55.94438468583469 -3.1889068748429907 124.65727996826172 253.5385971069336
55.94438468583469 -3.1889068748429907 ENE 55.9444994908644 -3.1886297109832373 124.65727996826172 252.2885971069336
55.9444994908644 -3.1886297109832373 W 55.9444994908644 -3.1889297109832375 124.65727996826172 251.0385971069336
55.9444994908644 -3.1889297109832375 E 55.9444994908644 -3.1886297109832373 124.65727996826172 249.7885971069336
55.9444994908644 -3.1886297109832373 ENE 55.94461429589411 -3.188352547123484 124.65727996826172 248.5385971069336
55.94461429589411 -3.188352547123484 WSW 55.9444994908644 -3.1886297109832373 124.65727996826172 247.2885971069336
55.9444994908644 -3.1886297109832373 NW 55.94471162289876 -3.188841843017593 124.65727996826172 246.0385971069336
55.94471162289876 -3.188841843017593 S 55.944411622898755 -3.188841843017593 124.65727996826172 244.7885971069336
55.944411622898755 -3.188841843017593 N 55.94471162289876 -3.188841843017593 124.65727996826172 243.5385971069336
55.94471162289876 -3.188841843017593 SE 55.9444994908644 -3.1886297109832373 124.65727996826172 242.2885971069336
55.9444994908644 -3.1886297109832373 NW 55.94471162289876 -3.188841843017593 124.65727996826172 241.0385971069336
55.94471162289876 -3.188841843017593 WNW 55.94482642792847 -3.1891190068773465 124.65727996826172 239.7885971069336
55.94482642792847 -3.1891190068773465 ESE 55.94471162289876 -3.188841843017593 124.65727996826172 238.5385971069336
55.94471162289876 -3.188841843017593 S 55.944411622898755 -3.188841843017593 124.65727996826172 237.2885971069336
55.944411622898755 -3.188841843017593 N 55.94471162289876 -3.188841843017593 124.65727996826172 236.0385971069336
55.94471162289876 -3.188841843017593 S 55.944411622898755 -3.188841843017593 124.65727996826172 234.7885971069336
55.944411622898755 -3.188841843017593 WNW 55.944526427928466 -3.1891190068773465 124.65727996826172 233.5385971069336
55.944526427928466 -3.1891190068773465 ESE 55.944411622898755 -3.188841843017593 124.65727996826172 232.2885971069336
55.944411622898755 -3.188841843017593 SW 55.9441994908644 -3.189053975051949 124.65727996826172 231.0385971069336
55.9441994908644 -3.189053975051949 NE 55.944411622898755 -3.188841843017593 124.65727996826172 229.7885971069336
55.944411622898755 -3.188841843017593 SSE 55.944134459039 -3.1887270379878836 124.65727996826172 228.5385971069336
55.944134459039 -3.1887270379878836 NNW 55.944411622898755 -3.188841843017593 124.65727996826172 227.2885971069336
55.944411622898755 -3.188841843017593 W 55.944411622898755 -3.1891418430175933 124.65727996826172 226.0385971069336
55.944411622898755 -3.1891418430175933 SE 55.9441994908644 -3.1889297109832375 124.65727996826172 224.7885971069336
55.9441994908644 -3.1889297109832375 NW 55.944411622898755 -3.1891418430175933 124.65727996826172 223.5385971069336
55.944411622898755 -3.1891418430175933 SSE 55.944134459039 -3.189027037987884 124.65727996826172 222.2885971069336
55.944134459039 -3.189027037987884 WNW 55.94424926406871 -3.189304201847637 124.65727996826172 221.0385971069336
55.94424926406871 -3.189304201847637 SE 55.94403713203435 -3.1890920698132814 124.65727996826172 219.7885971069336
55.94403713203435 -3.1890920698132814 NW 55.94424926406871 -3.189304201847637 124.65727996826172 218.5385971069336
55.94424926406871 -3.189304201847637 SSW 55.94397210020895 -3.1894190068773467 124.65727996826172 217.2885971069336
55.94397210020895 -3.1894190068773467 NNE 55.94424926406871 -3.189304201847637 124.65727996826172 216.0385971069336
55.94424926406871 -3.189304201847637 WSW 55.944134459039 -3.1895813657073906 124.65727996826172 214.7885971069336
55.944134459039 -3.1895813657073906 E 55.944134459039 -3.1892813657073904 124.65727996826172 213.5385971069336
55.944134459039 -3.1892813657073904 SW 55.94392232700464 -3.189493497741746 124.65727996826172 212.2885971069336
55.94392232700464 -3.189493497741746 NE 55.944134459039 -3.1892813657073904 124.65727996826172 211.0385971069336
55.944134459039 -3.1892813657073904 SSE 55.94385729517924 -3.189166560677681 124.65727996826172 209.7885971069336
55.94385729517924 -3.189166560677681 NNW 55.944134459039 -3.1892813657073904 124.65727996826172 208.5385971069336
55.944134459039 -3.1892813657073904 ESE 55.94401965400929 -3.189004201847637 124.65727996826172 207.2885971069336
55.94401965400929 -3.189004201847637 WNW 55.944134459039 -3.1892813657073904 124.65727996826172 206.0385971069336
55.944134459039 -3.1892813657073904 ESE 55.94401965400929 -3.189004201847637 124.65727996826172 204.7885971069336
55.94401965400929 -3.189004201847637 SW 55.94380752197493 -3.1892163338819928 124.65727996826172 203.5385971069336
55.94380752197493 -3.1892163338819928 NE 55.94401965400929 -3.189004201847637 124.65727996826172 202.2885971069336
55.94401965400929 -3.189004201847637 E 55.94401965400929 -3.188704201847637 124.65727996826172 201.0385971069336
55.94401965400929 -3.188704201847637 W 55.94401965400929 -3.189004201847637 124.65727996826172 199.7885971069336
55.94401965400929 -3.189004201847637 ENE 55.944134459039 -3.1887270379878836 124.65727996826172 198.5385971069336
55.944134459039 -3.1887270379878836 S 55.943834459038996 -3.1887270379878836 124.65727996826172 197.2885971069336
55.943834459038996 -3.1887270379878836 NNW 55.94411162289875 -3.188841843017593 124.65727996826172 196.0385971069336
55.94411162289875 -3.188841843017593 SSE 55.943834459038996 -3.1887270379878836 124.65727996826172 194.7885971069336
55.943834459038996 -3.1887270379878836 NNW 55.94411162289875 -3.188841843017593 124.65727996826172 193.5385971069336
55.94411162289875 -3.188841843017593 SSE 55.943834459038996 -3.1887270379878836 124.65727996826172 192.2885971069336
55.943834459038996 -3.1887270379878836 NW 55.94404659107335 -3.1889391700222394 124.65727996826172 191.0385971069336
55.94404659107335 -3.1889391700222394 SE 55.943834459038996 -3.1887270379878836 124.65727996826172 189.7885971069336
55.943834459038996 -3.1887270379878836 SSE 55.94355729517924 -3.188612232958174 124.65727996826172 188.5385971069336
55.94355729517924 -3.188612232958174 NNW 55.943834459038996 -3.1887270379878836 124.65727996826172 187.2885971069336
55.943834459038996 -3.1887270379878836 S 55.94353445903899 -3.1887270379878836 124.65727996826172 186.0385971069336
55.94353445903899 -3.1887270379878836 N 55.943834459038996 -3.1887270379878836 124.65727996826172 184.7885971069336
55.943834459038996 -3.1887270379878836 SE 55.94362232700464 -3.188514905953528 124.65727996826172 183.5385971069336
55.94362232700464 -3.188514905953528 WNW 55.94373713203435 -3.1887920698132812 124.65727996826172 182.2885971069336
55.94373713203435 -3.1887920698132812 ESE 55.94362232700464 -3.188514905953528 124.65727996826172 181.0385971069336
55.94362232700464 -3.188514905953528 WNW 55.94373713203435 -3.1887920698132812 124.65727996826172 179.7885971069336
55.94373713203435 -3.1887920698132812 ESE 55.94362232700464 -3.188514905953528 124.65727996826172 178.5385971069336
55.94362232700464 -3.188514905953528 E 55.94362232700464 -3.1882149059535276 143.97678756713867 218.19732284545898
55.94362232700464 -3.1882149059535276 WSW 55.94350752197493 -3.188492069813281 143.97678756713867 216.94732284545898
55.94350752197493 -3.188492069813281 NNE 55.943784685834686 -3.1883772647835715 147.85158681869507 295.9071159362793
55.943784685834686 -3.1883772647835715 SSW 55.94350752197493 -3.188492069813281 147.85158681869507 294.6571159362793
55.94350752197493 -3.188492069813281 SSW 55.94323035811517 -3.1886068748429905 147.85158681869507 293.4071159362793
55.94323035811517 -3.1886068748429905 NNE 55.94350752197493 -3.188492069813281 147.85158681869507 292.1571159362793
55.94350752197493 -3.188492069813281 SW 55.94329538994057 -3.188704201847637 147.85158681869507 290.9071159362793
55.94329538994057 -3.188704201847637 NNE 55.94357255380033 -3.1885893968179273 147.85158681869507 289.6571159362793
55.94357255380033 -3.1885893968179273 SSW 55.94329538994057 -3.188704201847637 147.85158681869507 288.4071159362793
55.94329538994057 -3.188704201847637 N 55.943595389940576 -3.188704201847637 147.85158681869507 287.1571159362793
55.943595389940576 -3.188704201847637 SSW 55.94331822608082 -3.1888190068773463 241.86467123031616 379.25358963012695
55.94331822608082 -3.1888190068773463 NNE 55.943595389940576 -3.188704201847637 241.86467123031616 378.00358963012695
55.943595389940576 -3.188704201847637 SW 55.94338325790622 -3.1889163338819926 241.86467123031616 376.75358963012695
55.94338325790622 -3.1889163338819926 NE 55.943595389940576 -3.188704201847637 241.86467123031616 375.50358963012695
55.943595389940576 -3.188704201847637 WNW 55.943710194970286 -3.18898136570739 241.86467123031616 374.25358963012695
55.943710194970286 -3.18898136570739 ESE 55.943595389940576 -3.188704201847637 241.86467123031616 373.00358963012695
55.943595389940576 -3.188704201847637 NNE 55.94387255380033 -3.1885893968179273 241.86467123031616 371.75358963012695
55.94387255380033 -3.1885893968179273 SSW 55.943595389940576 -3.188704201847637 241.86467123031616 370.50358963012695
55.943595389940576 -3.188704201847637 NW 55.94380752197493 -3.1889163338819926 241.86467123031616 369.25358963012695
55.94380752197493 -3.1889163338819926 ENE 55.94392232700464 -3.188639170022239 241.86467123031616 368.00358963012695
55.94392232700464 -3.188639170022239 W 55.94392232700464 -3.1889391700222394 310.65546560287476 437.6161003112793
55.94392232700464 -3.1889391700222394 NE 55.944134459039 -3.1887270379878836 310.65546560287476 436.3661003112793
55.944134459039 -3.1887270379878836 SW 55.94392232700464 -3.1889391700222394 310.65546560287476 435.1161003112793
55.94392232700464 -3.1889391700222394 WSW 55.94380752197493 -3.1892163338819928 310.65546560287476 433.8661003112793
55.94380752197493 -3.1892163338819928 ENE 55.94392232700464 -3.1889391700222394 310.65546560287476 432.6161003112793
55.94392232700464 -3.1889391700222394 WSW 55.94380752197493 -3.1892163338819928 310.65546560287476 431.3661003112793
55.94380752197493 -3.1892163338819928 NE 55.94401965400929 -3.189004201847637 310.65546560287476 430.1161003112793
55.94401965400929 -3.189004201847637 SW 55.94380752197493 -3.1892163338819928 310.65546560287476 428.8661003112793
55.94380752197493 -3.1892163338819928 NNE 55.94408468583469 -3.1891015288522833 310.65546560287476 427.6161003112793
55.94408468583469 -3.1891015288522833 SSW 55.94380752197493 -3.1892163338819928 310.65546560287476 426.3661003112793
55.94380752197493 -3.1892163338819928 SSE 55.943530358115176 -3.1891015288522833 381.10182332992554 495.3604164123535
55.943530358115176 -3.1891015288522833 NNW 55.94380752197493 -3.1892163338819928 381.10182332992554 494.1104164123535
55.94380752197493 -3.1892163338819928 SW 55.943595389940576 -3.1894284659163485 381.10182332992554 492.8604164123535
55.943595389940576 -3.1894284659163485 NE 55.94380752197493 -3.1892163338819928 381.10182332992554 491.6104164123535
55.94380752197493 -3.1892163338819928 SW 55.943595389940576 -3.1894284659163485 381.10182332992554 490.3604164123535
55.943595389940576 -3.1894284659163485 NNE 55.94387255380033 -3.189313660886639 381.10182332992554 489.1104164123535
55.94387255380033 -3.189313660886639 SSW 55.943595389940576 -3.1894284659163485 381.10182332992554 487.8604164123535
55.943595389940576 -3.1894284659163485 N 55.94389538994058 -3.1894284659163485 381.10182332992554 486.6104164123535
55.94389538994058 -3.1894284659163485 ESE 55.94378058491087 -3.189151302056595 381.10182332992554 485.3604164123535
55.94378058491087 -3.189151302056595 WNW 55.94389538994058 -3.1894284659163485 381.10182332992554 484.1104164123535
55.94389538994058 -3.1894284659163485 NNE 55.944172553800335 -3.189313660886639 381.10182332992554 482.8604164123535
55.944172553800335 -3.189313660886639 SSW 55.94389538994058 -3.1894284659163485 381.10182332992554 481.6104164123535
55.94389538994058 -3.1894284659163485 NW 55.944107521974935 -3.1896405979507043 463.4203963279724 498.83333587646484
55.944107521974935 -3.1896405979507043 S 55.94380752197493 -3.1896405979507043 463.4203963279724 497.58333587646484
55.94380752197493 -3.1896405979507043 SSE 55.943530358115176 -3.189525792920995 463.4203963279724 496.33333587646484
55.943530358115176 -3.189525792920995 NNW 55.94380752197493 -3.1896405979507043 463.4203963279724 495.08333587646484
55.94380752197493 -3.1896405979507043 NW 55.94401965400929 -3.18985272998506 463.4203963279724 493.83333587646484
55.94401965400929 -3.18985272998506 SE 55.94380752197493 -3.1896405979507043 463.4203963279724 492.58333587646484
55.94380752197493 -3.1896405979507043 SSW 55.943530358115176 -3.189755402980414 463.4203963279724 491.33333587646484
55.943530358115176 -3.189755402980414 N 55.94383035811518 -3.189755402980414 463.4203963279724 490.08333587646484
55.94383035811518 -3.189755402980414 SSW 55.94355319425542 -3.1898702080101233 463.4203963279724 488.83333587646484
55.94355319425542 -3.1898702080101233 NNE 55.94383035811518 -3.189755402980414 463.4203963279724 487.58333587646484
55.94383035811518 -3.189755402980414 E 55.94383035811518 -3.1894554029804136 463.4203963279724 486.33333587646484
55.94383035811518 -3.1894554029804136 W 55.94383035811518 -3.189755402980414 463.4203963279724 485.08333587646484
55.94383035811518 -3.189755402980414 NNE 55.944107521974935 -3.1896405979507043 463.4203963279724 483.83333587646484
55.944107521974935 -3.1896405979507043 SSW 55.94383035811518 -3.189755402980414 463.4203963279724 482.58333587646484
55.94383035811518 -3.189755402980414 NW 55.944042490149535 -3.1899675350147696 463.4203963279724 481.33333587646484
55.944042490149535 -3.1899675350147696 SSE 55.94376532628978 -3.18985272998506 526.091245174408 512.3247718811035
55.94376532628978 -3.18985272998506 NNW 55.944042490149535 -3.1899675350147696 526.091245174408 511.0747718811035
55.944042490149535 -3.1899675350147696 SE 55.94383035811518 -3.189755402980414 526.091245174408 509.8247718811035
55.94383035811518 -3.189755402980414 NW 55.944042490149535 -3.1899675350147696 526.091245174408 508.5747718811035
55.944042490149535 -3.1899675350147696 SE 55.94383035811518 -3.189755402980414 526.091245174408 507.3247718811035
55.94383035811518 -3.189755402980414 NW 55.944042490149535 -3.1899675350147696 526.091245174408 506.0747718811035
55.944042490149535 -3.1899675350147696 SE 55.94383035811518 -3.189755402980414 526.091245174408 504.8247718811035
55.94383035811518 -3.189755402980414 NW 55.944042490149535 -3.1899675350147696 526.091245174408 503.5747718811035
55.944042490149535 -3.1899675350147696 NNE 55.94431965400929 -3.18985272998506 526.091245174408 502.3247718811035
55.94431965400929 -3.18985272998506 SSW 55.944042490149535 -3.1899675350147696 526.091245174408 501.0747718811035
55.944042490149535 -3.1899675350147696 WSW 55.943927685119824 -3.190244698874523 526.091245174408 499.8247718811035
55.943927685119824 -3.190244698874523 ENE 55.944042490149535 -3.1899675350147696 526.091245174408 498.5747718811035
55.944042490149535 -3.1899675350147696 SSE 55.94376532628978 -3.18985272998506 526.091245174408 497.3247718811035
55.94376532628978 -3.18985272998506 NNW 55.944042490149535 -3.1899675350147696 526.091245174408 496.0747718811035
55.944042490149535 -3.1899675350147696 NW 55.94425462218389 -3.1901796670491254 526.091245174408 494.8247718811035
55.94425462218389 -3.1901796670491254 SSE 55.943977458324134 -3.190064862019416 526.091245174408 493.5747718811035
55.943977458324134 -3.190064862019416 N 55.94427745832414 -3.190064862019416 526.091245174408 492.3247718811035
55.94427745832414 -3.190064862019416 SSW 55.94400029446438 -3.1901796670491254 526.091245174408 491.0747718811035
55.94400029446438 -3.1901796670491254 S 55.94370029446438 -3.1901796670491254 526.091245174408 489.8247718811035
55.94370029446438 -3.1901796670491254 N 55.94400029446438 -3.1901796670491254 526.091245174408 488.5747718811035
55.94400029446438 -3.1901796670491254 SE 55.943788162430025 -3.1899675350147696 526.091245174408 487.3247718811035
55.943788162430025 -3.1899675350147696 NNW 55.94406532628978 -3.190082340044479 572.1714377403259 506.0164794921875
55.94406532628978 -3.190082340044479 SE 55.943853194255425 -3.1898702080101233 572.1714377403259 504.7664794921875
55.943853194255425 -3.1898702080101233 W 55.943853194255425 -3.1901702080101235 572.1714377403259 503.5164794921875
55.943853194255425 -3.1901702080101235 E 55.943853194255425 -3.1898702080101233 572.1714377403259 502.2664794921875
55.943853194255425 -3.1898702080101233 WSW 55.943738389225715 -3.1901473718698767 572.1714377403259 501.0164794921875
55.943738389225715 -3.1901473718698767 ESE 55.943623584196004 -3.1898702080101233 617.5201811790466 575.8282165527344
55.943623584196004 -3.1898702080101233 WNW 55.943738389225715 -3.1901473718698767 617.5201811790466 574.5782165527344
55.943738389225715 -3.1901473718698767 SSW 55.94346122536596 -3.1902621768995862 617.5201811790466 573.3282165527344
55.94346122536596 -3.1902621768995862 NNE 55.943738389225715 -3.1901473718698767 617.5201811790466 572.0782165527344
55.943738389225715 -3.1901473718698767 WSW 55.943623584196004 -3.19042453572963 617.5201811790466 570.8282165527344
55.943623584196004 -3.19042453572963 E 55.943623584196004 -3.19012453572963 731.3686537742615 589.8710613250732
55.943623584196004 -3.19012453572963 W 55.943623584196004 -3.19042453572963 731.3686537742615 588.6210613250732
55.943623584196004 -3.19042453572963 NE 55.94383571623036 -3.1902124036952744 731.3686537742615 587.3710613250732
55.94383571623036 -3.1902124036952744 SW 55.943623584196004 -3.19042453572963 731.3686537742615 586.1210613250732
55.943623584196004 -3.19042453572963 NW 55.94383571623036 -3.190636667763986 778.9114050865173 603.3223056793213
55.94383571623036 -3.190636667763986 SE 55.943623584196004 -3.19042453572963 778.9114050865173 602.0723056793213
55.943623584196004 -3.19042453572963 NW 55.94383571623036 -3.190636667763986 778.9114050865173 600.8223056793213
55.94383571623036 -3.190636667763986 S 55.94353571623036 -3.190636667763986 878.0404334068298 693.0864810943604
55.94353571623036 -3.190636667763986 N 55.94383571623036 -3.190636667763986 878.0404334068298 691.8364810943604
55.94383571623036 -3.190636667763986 WSW 55.94372091120065 -3.1909138316237393 935.0360159873962 771.9120121002197
55.94372091120065 -3.1909138316237393 ENE 55.94383571623036 -3.190636667763986 935.0360159873962 770.6620121002197
55.94383571623036 -3.190636667763986 SW 55.943623584196004 -3.1908487997983417 935.0360159873962 769.4120121002197
55.943623584196004 -3.1908487997983417 ENE 55.943738389225715 -3.1905716359385883 935.0360159873962 768.1620121002197
55.943738389225715 -3.1905716359385883 WSW 55.943623584196004 -3.1908487997983417 935.0360159873962 766.9120121002197
55.943623584196004 -3.1908487997983417 NE 55.94383571623036 -3.190636667763986 935.0360159873962 765.6620121002197
55.94383571623036 -3.190636667763986 SW 55.943623584196004 -3.1908487997983417 935.0360159873962 764.4120121002197
55.943623584196004 -3.1908487997983417 SSW 55.94334642033625 -3.190963604828051 1017.3947730064392 807.9178981781006
55.94334642033625 -3.190963604828051 N 55.94364642033625 -3.190963604828051 1024.3077774047852 851.0839099884033
55.94364642033625 -3.190963604828051 SSW 55.943369256476494 -3.1910784098577607 1103.650016784668 954.2968997955322
55.943369256476494 -3.1910784098577607 NNE 55.94364642033625 -3.190963604828051 1103.650016784668 953.0468997955322
55.94364642033625 -3.190963604828051 SSW 55.943369256476494 -3.1910784098577607 1103.650016784668 951.7968997955322
55.943369256476494 -3.1910784098577607 SSW 55.94309209261674 -3.19119321488747 1118.2257919311523 1025.888422012329
55.94309209261674 -3.19119321488747 NNE 55.943369256476494 -3.1910784098577607 1118.2257919311523 1024.638422012329
55.943369256476494 -3.1910784098577607 SSW 55.94309209261674 -3.19119321488747 1118.2257919311523 1023.3884220123291
55.94309209261674 -3.19119321488747 NNE 55.943369256476494 -3.1910784098577607 1118.2257919311523 1022.1384220123291
55.943369256476494 -3.1910784098577607 SE 55.94315712444214 -3.190866277823405 1226.2177505493164 1031.346158027649
55.94315712444214 -3.190866277823405 NW 55.943369256476494 -3.1910784098577607 1226.2177505493164 1030.096158027649
55.943369256476494 -3.1910784098577607 SE 55.94315712444214 -3.190866277823405 1226.2177505493164 1028.846158027649
55.94315712444214 -3.190866277823405 NW 55.943369256476494 -3.1910784098577607 1226.2177505493164 1027.596158027649
55.943369256476494 -3.1910784098577607 SSE 55.94309209261674 -3.190963604828051 1231.6415090560913 1036.4601182937622
55.94309209261674 -3.190963604828051 NNW 55.943369256476494 -3.1910784098577607 1231.6415090560913 1035.2101182937622
55.943369256476494 -3.1910784098577607 SSE 55.94309209261674 -3.190963604828051 1231.6415090560913 1033.9601182937622
55.94309209261674 -3.190963604828051 NNW 55.943369256476494 -3.1910784098577607 1231.6415090560913 1032.7101182937622
55.943369256476494 -3.1910784098577607 S 55.94306925647649 -3.1910784098577607 1252.3408842086792 1089.1620683670044
55.94306925647649 -3.1910784098577607 NW 55.94328138851085 -3.1912905418921165 1252.3408842086792 1087.9120683670044
55.94328138851085 -3.1912905418921165 SSE 55.94300422465109 -3.191175736862407 1252.3408842086792 1086.6620683670044
55.94300422465109 -3.191175736862407 NNW 55.94328138851085 -3.1912905418921165 1252.3408842086792 1085.4120683670044
55.94328138851085 -3.1912905418921165 SSE 55.94300422465109 -3.191175736862407 1252.3408842086792 1084.1620683670044
55.94300422465109 -3.191175736862407 ESE 55.94288941962138 -3.1908985730026536 1258.7849659919739 1146.58625125885
55.94288941962138 -3.1908985730026536 WNW 55.94300422465109 -3.191175736862407 1258.7849659919739 1145.33625125885
55.94300422465109 -3.191175736862407 SSE 55.942727060791334 -3.1910609318326975 1258.7849659919739 1144.08625125885
55.942727060791334 -3.1910609318326975 NNW 55.94300422465109 -3.191175736862407 1258.7849659919739 1142.83625125885
55.94300422465109 -3.191175736862407 SSW 55.942727060791334 -3.1912905418921165 1305.096920490265 1215.651650428772
55.942727060791334 -3.1912905418921165 NNE 55.94300422465109 -3.191175736862407 1305.096920490265 1214.401650428772
55.94300422465109 -3.191175736862407 SSW 55.942727060791334 -3.1912905418921165 1305.096920490265 1213.151650428772
55.942727060791334 -3.1912905418921165 NNW 55.94300422465109 -3.191405346921826 1352.3426518440247 1284.5314950942993
55.94300422465109 -3.191405346921826 SSE 55.942727060791334 -3.1912905418921165 1352.3426518440247 1283.2814950942993
55.942727060791334 -3.1912905418921165 E 55.942727060791334 -3.1909905418921163 1354.3500332832336 1361.05069065094
55.942727060791334 -3.1909905418921163 W 55.942727060791334 -3.1912905418921165 1354.3500332832336 1359.80069065094
55.942727060791334 -3.1912905418921165 NW 55.94293919282569 -3.1915026739264722 1445.6036038398743 1469.674584388733
55.94293919282569 -3.1915026739264722 SE 55.942727060791334 -3.1912905418921165 1445.6036038398743 1468.424584388733
55.942727060791334 -3.1912905418921165 WNW 55.942841865821045 -3.19156770575187 1529.5281643867493 1560.0872430801392
55.942841865821045 -3.19156770575187 ESE 55.942727060791334 -3.1912905418921165 1529.5281643867493 1558.8372430801392
55.942727060791334 -3.1912905418921165 WNW 55.942841865821045 -3.19156770575187 1529.5281643867493 1557.5872430801392
55.942841865821045 -3.19156770575187 ESE 55.942727060791334 -3.1912905418921165 1529.5281643867493 1556.3372430801392
55.942727060791334 -3.1912905418921165 NW 55.94293919282569 -3.1915026739264722 1529.5281643867493 1555.0872430801392
55.94293919282569 -3.1915026739264722 S 55.94263919282569 -3.1915026739264722 1604.2250714302063 1638.5646829605103
55.94263919282569 -3.1915026739264722 NW 55.942851324860044 -3.191714805960828 1696.8810772895813 1714.4362955093384
55.942851324860044 -3.191714805960828 SE 55.94263919282569 -3.1915026739264722 1696.8810772895813 1713.1862955093384
55.94263919282569 -3.1915026739264722 NW 55.942851324860044 -3.191714805960828 1696.8810772895813 1711.9362955093384
55.942851324860044 -3.191714805960828 SW 55.94263919282569 -3.191926937995184 1696.8810772895813 1710.6862955093384
55.94263919282569 -3.191926937995184 ENE 55.9427539978554 -3.1916497741354304 1696.8810772895813 1709.4362955093384
55.9427539978554 -3.1916497741354304 WSW 55.94263919282569 -3.191926937995184 1696.8810772895813 1708.1862955093384
55.94263919282569 -3.191926937995184 NE 55.942851324860044 -3.191714805960828 1696.8810772895813 1706.9362955093384
55.942851324860044 -3.191714805960828 WSW 55.94273651983033 -3.1919919698205814 1696.8810772895813 1705.6862955093384
55.94273651983033 -3.1919919698205814 ESE 55.94262171480062 -3.191714805960828 1731.3913006782532 1710.2288327217102
55.94262171480062 -3.191714805960828 WNW 55.94273651983033 -3.1919919698205814 1731.3913006782532 1708.9788327217102
