55.944425 -3.188396 S 55.944125 -3.188396 0.0 248.75
55.944125 -3.188396 N 55.944425 -3.188396 0.0 247.5
55.944425 -3.188396 ESE 55.94431019497029 -3.1881188361402466 0.0 246.25
55.94431019497029 -3.1881188361402466 W 55.94431019497029 -3.188418836140247 0.0 245.0
55.94431019497029 -3.188418836140247 E 55.94431019497029 -3.1881188361402466 0.0 243.75
55.94431019497029 -3.1881188361402466 W 55.94431019497029 -3.188418836140247 0.0 242.5
55.94431019497029 -3.188418836140247 E 55.94431019497029 -3.1881188361402466 0.0 241.25
55.94431019497029 -3.1881188361402466 SSE 55.944033031110536 -3.188004031110537 0.0 240.0
55.944033031110536 -3.188004031110537 NNW 55.94431019497029 -3.1881188361402466 0.0 238.75
55.94431019497029 -3.1881188361402466 S 55.94401019497029 -3.1881188361402466 0.0 237.5
55.94401019497029 -3.1881188361402466 W 55.94401019497029 -3.188418836140247 0.0 236.25
55.94401019497029 -3.188418836140247 E 55.94401019497029 -3.1881188361402466 0.0 235.0
55.94401019497029 -3.1881188361402466 NNW 55.944287358830046 -3.188233641169956 0.0 233.75
55.944287358830046 -3.188233641169956 SSE 55.94401019497029 -3.1881188361402466 0.0 232.5
55.94401019497029 -3.1881188361402466 SW 55.94379806293593 -3.1883309681746024 0.0 231.25
55.94379806293593 -3.1883309681746024 ENE 55.94391286796564 -3.188053804314849 0.0 230.0
55.94391286796564 -3.188053804314849 SSW 55.94363570410589 -3.1881686093445585 0.0 228.75
55.94363570410589 -3.1881686093445585 NNE 55.94391286796564 -3.188053804314849 0.0 227.5
55.94391286796564 -3.188053804314849 SSW 55.94363570410589 -3.1881686093445585 0.0 226.25
55.94363570410589 -3.1881686093445585 NNW 55.94391286796564 -3.188283414374268 0.0 225.0
55.94391286796564 -3.188283414374268 S 55.94361286796564 -3.188283414374268 0.0 223.75
55.94361286796564 -3.188283414374268 N 55.94391286796564 -3.188283414374268 0.0 222.5
55.94391286796564 -3.188283414374268 SSW 55.94363570410589 -3.1883982194039775 0.0 221.25
55.94363570410589 -3.1883982194039775 NNE 55.94391286796564 -3.188283414374268 0.0 220.0
55.94391286796564 -3.188283414374268 W 55.94391286796564 -3.188583414374268 0.0 218.75
55.94391286796564 -3.188583414374268 SSE 55.94363570410589 -3.1884686093445587 0.0 217.5
55.94363570410589 -3.1884686093445587 NNW 55.94391286796564 -3.188583414374268 0.0 216.25
55.94391286796564 -3.188583414374268 NE 55.944125 -3.1883712823399124 0.0 215.0
55.944125 -3.1883712823399124 SW 55.94391286796564 -3.188583414374268 0.0 213.75
55.94391286796564 -3.188583414374268 NE 55.944125 -3.1883712823399124 0.0 212.5
55.944125 -3.1883712823399124 W 55.944125 -3.1886712823399126 0.0 211.25
55.944125 -3.1886712823399126 ENE 55.94423980502971 -3.188394118480159 0.0 210.0
55.94423980502971 -3.188394118480159 WSW 55.944125 -3.1886712823399126 0.0 208.75
55.944125 -3.1886712823399126 NE 55.944337132034356 -3.188459150305557 0.0 207.5
55.944337132034356 -3.188459150305557 SSW 55.9440599681746 -3.1885739553352663 0.0 206.25
55.9440599681746 -3.1885739553352663 NNE 55.944337132034356 -3.188459150305557 0.0 205.0
55.944337132034356 -3.188459150305557 E 55.944337132034356 -3.1881591503055566 0.0 203.75
55.944337132034356 -3.1881591503055566 W 55.944337132034356 -3.188459150305557 0.0 202.5
55.944337132034356 -3.188459150305557 S 55.94403713203435 -3.188459150305557 0.0 201.25
55.94403713203435 -3.188459150305557 NE 55.94424926406871 -3.188247018271201 0.0 200.0
55.94424926406871 -3.188247018271201 SSW 55.94397210020895 -3.1883618233009106 0.0 198.75
55.94397210020895 -3.1883618233009106 ENE 55.94408690523866 -3.188084659441157 0.0 197.5
55.94408690523866 -3.188084659441157 SSE 55.94380974137891 -3.1879698544114476 0.0 196.25
55.94380974137891 -3.1879698544114476 NNE 55.94408690523866 -3.187855049381738 0.0 195.0
55.94408690523866 -3.187855049381738 SW 55.94387477320431 -3.188067181416094 0.0 193.75
55.94387477320431 -3.188067181416094 NE 55.94408690523866 -3.187855049381738 0.0 192.5
55.94408690523866 -3.187855049381738 SSE 55.94380974137891 -3.1877402443520286 39.47444152832031 193.66162276268005
55.94380974137891 -3.1877402443520286 NNW 55.94408690523866 -3.187855049381738 39.47444152832031 192.41162276268005
55.94408690523866 -3.187855049381738 NW 55.94429903727302 -3.188067181416094 39.47444152832031 191.16162276268005
55.94429903727302 -3.188067181416094 SE 55.94408690523866 -3.187855049381738 39.47444152832031 189.91162276268005
55.94408690523866 -3.187855049381738 NE 55.94429903727302 -3.1876429173473824 39.47444152832031 188.66162276268005
55.94429903727302 -3.1876429173473824 SW 55.94408690523866 -3.187855049381738 39.47444152832031 187.41162276268005
55.94408690523866 -3.187855049381738 ENE 55.94420171026837 -3.1875778855219847 39.47444152832031 186.16162276268005
55.94420171026837 -3.1875778855219847 SW 55.94398957823402 -3.1877900175563405 39.47444152832031 184.91162276268005
55.94398957823402 -3.1877900175563405 NNE 55.944266742093774 -3.187675212526631 39.47444152832031 183.66162276268005
55.944266742093774 -3.187675212526631 ESE 55.94415193706406 -3.1873980486668776 71.01031684875488 190.72013449668884
55.94415193706406 -3.1873980486668776 NW 55.94436406909842 -3.1876101807012334 172.4060764312744 247.08676505088806
55.94436406909842 -3.1876101807012334 SE 55.94415193706406 -3.1873980486668776 172.4060764312744 245.83676505088806
55.94415193706406 -3.1873980486668776 WSW 55.94403713203435 -3.187675212526631 172.4060764312744 244.58676505088806
55.94403713203435 -3.187675212526631 ENE 55.94415193706406 -3.1873980486668776 172.4060764312744 243.33676505088806
55.94415193706406 -3.1873980486668776 WSW 55.94403713203435 -3.187675212526631 172.4060764312744 242.08676505088806
55.94403713203435 -3.187675212526631 S 55.94373713203435 -3.187675212526631 172.4060764312744 240.83676505088806
55.94373713203435 -3.187675212526631 SE 55.943524999999994 -3.1874630804922752 172.4060764312744 239.58676505088806
55.943524999999994 -3.1874630804922752 WNW 55.943639805029704 -3.1877402443520286 172.4060764312744 238.33676505088806
55.943639805029704 -3.1877402443520286 SSE 55.94336264116995 -3.187625439322319 172.4060764312744 237.08676505088806
55.94336264116995 -3.187625439322319 NW 55.943574773204304 -3.187837571356675 172.4060764312744 235.83676505088806
55.943574773204304 -3.187837571356675 WSW 55.943459968174594 -3.1881147352164283 172.4060764312744 234.58676505088806
55.943459968174594 -3.1881147352164283 ENE 55.943574773204304 -3.187837571356675 172.4060764312744 233.33676505088806
55.943574773204304 -3.187837571356675 ENE 55.943689578234014 -3.1875604074969215 172.4060764312744 232.08676505088806
55.943689578234014 -3.1875604074969215 WSW 55.943574773204304 -3.187837571356675 172.4060764312744 230.83676505088806
55.943574773204304 -3.187837571356675 SW 55.94336264116995 -3.1880497033910307 172.4060764312744 229.58676505088806
55.94336264116995 -3.1880497033910307 NE 55.943574773204304 -3.187837571356675 172.4060764312744 228.33676505088806
55.943574773204304 -3.187837571356675 SSW 55.94329760934455 -3.1879523763863844 172.4060764312744 227.08676505088806
55.94329760934455 -3.1879523763863844 NNE 55.943574773204304 -3.187837571356675 172.4060764312744 225.83676505088806
55.943574773204304 -3.187837571356675 NNE 55.94385193706406 -3.1877227663269654 172.4060764312744 224.58676505088806
55.94385193706406 -3.1877227663269654 SSW 55.943574773204304 -3.187837571356675 172.4060764312744 223.33676505088806
55.943574773204304 -3.187837571356675 WSW 55.943459968174594 -3.1881147352164283 172.4060764312744 222.08676505088806
55.943459968174594 -3.1881147352164283 NE 55.94367210020895 -3.1879026031820725 172.4060764312744 220.83676505088806
55.94367210020895 -3.1879026031820725 SW 55.943459968174594 -3.1881147352164283 172.4060764312744 219.58676505088806
55.943459968174594 -3.1881147352164283 SW 55.94324783614024 -3.188326867250784 200.5576877593994 295.81086325645447
55.94324783614024 -3.188326867250784 NE 55.943459968174594 -3.1881147352164283 200.5576877593994 294.56086325645447
55.943459968174594 -3.1881147352164283 N 55.9437599681746 -3.1881147352164283 200.5576877593994 293.31086325645447
55.9437599681746 -3.1881147352164283 SSW 55.94348280431484 -3.188229540246138 200.5576877593994 292.06086325645447
55.94348280431484 -3.188229540246138 NNW 55.9437599681746 -3.1883443452758473 200.5576877593994 290.81086325645447
55.9437599681746 -3.1883443452758473 S 55.943459968174594 -3.1883443452758473 200.5576877593994 289.56086325645447
55.943459968174594 -3.1883443452758473 ESE 55.94334516314488 -3.188067181416094 200.5576877593994 288.31086325645447
55.94334516314488 -3.188067181416094 WNW 55.943459968174594 -3.1883443452758473 200.5576877593994 287.06086325645447
55.943459968174594 -3.1883443452758473 SW 55.94324783614024 -3.188556477310203 200.5576877593994 285.81086325645447
55.94324783614024 -3.188556477310203 N 55.94354783614024 -3.188556477310203 200.5576877593994 284.56086325645447
55.94354783614024 -3.188556477310203 S 55.94324783614024 -3.188556477310203 200.5576877593994 283.31086325645447
55.94324783614024 -3.188556477310203 NW 55.943459968174594 -3.188768609344559 200.5576877593994 282.06086325645447
55.943459968174594 -3.188768609344559 WSW 55.94334516314488 -3.1890457732043123 200.5576877593994 280.81086325645447
55.94334516314488 -3.1890457732043123 ENE 55.943459968174594 -3.188768609344559 200.5576877593994 279.56086325645447
55.943459968174594 -3.188768609344559 W 55.943459968174594 -3.189068609344559 200.5576877593994 278.31086325645447
55.943459968174594 -3.189068609344559 S 55.94315996817459 -3.189068609344559 240.89737510681152 373.7267873287201
55.94315996817459 -3.189068609344559 NNW 55.94343713203435 -3.1891834143742686 240.89737510681152 372.4767873287201
55.94343713203435 -3.1891834143742686 WSW 55.94332232700464 -3.189460578234022 240.89737510681152 371.2267873287201
55.94332232700464 -3.189460578234022 E 55.94332232700464 -3.1891605782340218 240.89737510681152 369.9767873287201
55.94332232700464 -3.1891605782340218 W 55.94332232700464 -3.189460578234022 240.89737510681152 368.7267873287201
55.94332232700464 -3.189460578234022 S 55.943022327004634 -3.189460578234022 240.89737510681152 367.4767873287201
55.943022327004634 -3.189460578234022 N 55.94332232700464 -3.189460578234022 240.89737510681152 366.2267873287201
55.94332232700464 -3.189460578234022 S 55.943022327004634 -3.189460578234022 240.89737510681152 364.9767873287201
55.943022327004634 -3.189460578234022 N 55.94332232700464 -3.189460578234022 240.89737510681152 363.7267873287201
55.94332232700464 -3.189460578234022 ENE 55.94343713203435 -3.1891834143742686 240.89737510681152 362.4767873287201
55.94343713203435 -3.1891834143742686 WSW 55.94332232700464 -3.189460578234022 240.89737510681152 361.2267873287201
55.94332232700464 -3.189460578234022 WSW 55.94320752197493 -3.1897377420937754 248.98497867584229 399.6978108882904
55.94320752197493 -3.1897377420937754 SSW 55.94293035811517 -3.189852547123485 248.98497867584229 398.4478108882904
55.94293035811517 -3.189852547123485 NNE 55.94320752197493 -3.1897377420937754 248.98497867584229 397.1978108882904
55.94320752197493 -3.1897377420937754 NE 55.94341965400928 -3.1895256100594196 248.98497867584229 395.9478108882904
55.94341965400928 -3.1895256100594196 SW 55.94320752197493 -3.1897377420937754 248.98497867584229 394.6978108882904
55.94320752197493 -3.1897377420937754 SW 55.94299538994057 -3.189949874128131 248.98497867584229 393.4478108882904
55.94299538994057 -3.189949874128131 ENE 55.94311019497028 -3.1896727102683777 248.98497867584229 392.1978108882904
55.94311019497028 -3.1896727102683777 SW 55.942898062935924 -3.1898848423027335 248.98497867584229 390.9478108882904
55.942898062935924 -3.1898848423027335 NE 55.94311019497028 -3.1896727102683777 248.98497867584229 389.6978108882904
55.94311019497028 -3.1896727102683777 SW 55.942898062935924 -3.1898848423027335 248.98497867584229 388.4478108882904
55.942898062935924 -3.1898848423027335 NNE 55.94317522679568 -3.189770037273024 248.98497867584229 387.1978108882904
55.94317522679568 -3.189770037273024 S 55.94287522679568 -3.189770037273024 248.98497867584229 385.9478108882904
55.94287522679568 -3.189770037273024 SW 55.94266309476132 -3.1899821693073798 248.98497867584229 384.6978108882904
55.94266309476132 -3.1899821693073798 NE 55.94287522679568 -3.189770037273024 248.98497867584229 383.4478108882904
55.94287522679568 -3.189770037273024 SW 55.94266309476132 -3.1899821693073798 248.98497867584229 382.1978108882904
55.94266309476132 -3.1899821693073798 NNE 55.94294025862108 -3.1898673642776703 248.98497867584229 380.9478108882904
55.94294025862108 -3.1898673642776703 S 55.942640258621076 -3.1898673642776703 248.98497867584229 379.6978108882904
55.942640258621076 -3.1898673642776703 W 55.942640258621076 -3.1901673642776704 248.98497867584229 378.4478108882904
55.942640258621076 -3.1901673642776704 E 55.942640258621076 -3.1898673642776703 248.98497867584229 377.1978108882904
55.942640258621076 -3.1898673642776703 NNE 55.94291742248083 -3.1897525592479608 248.98497867584229 375.9478108882904
55.94291742248083 -3.1897525592479608 SSE 55.942640258621076 -3.1896377542182512 248.98497867584229 374.6978108882904
55.942640258621076 -3.1896377542182512 NE 55.94285239065543 -3.1894256221838955 248.98497867584229 373.4478108882904
55.94285239065543 -3.1894256221838955 SE 55.942640258621076 -3.1892134901495397 248.98497867584229 372.1978108882904
55.942640258621076 -3.1892134901495397 NW 55.94285239065543 -3.1894256221838955 248.98497867584229 370.9478108882904
55.94285239065543 -3.1894256221838955 N 55.943152390655435 -3.1894256221838955 248.98497867584229 369.6978108882904
55.943152390655435 -3.1894256221838955 S 55.94285239065543 -3.1894256221838955 248.98497867584229 368.4478108882904
55.94285239065543 -3.1894256221838955 N 55.943152390655435 -3.1894256221838955 248.98497867584229 367.1978108882904
55.943152390655435 -3.1894256221838955 E 55.943152390655435 -3.1891256221838953 358.47076511383057 464.8994252681732
55.943152390655435 -3.1891256221838953 W 55.943152390655435 -3.1894256221838955 358.47076511383057 463.6494252681732
55.943152390655435 -3.1894256221838955 E 55.943152390655435 -3.1891256221838953 358.47076511383057 462.3994252681732
55.943152390655435 -3.1891256221838953 SW 55.94294025862108 -3.189337754218251 358.47076511383057 461.1494252681732
55.94294025862108 -3.189337754218251 E 55.94294025862108 -3.189037754218251 358.47076511383057 459.8994252681732
55.94294025862108 -3.189037754218251 NW 55.943152390655435 -3.1892498862526066 358.47076511383057 458.6494252681732
55.943152390655435 -3.1892498862526066 SE 55.94294025862108 -3.189037754218251 358.47076511383057 457.3994252681732
55.94294025862108 -3.189037754218251 NE 55.943152390655435 -3.188825622183895 358.47076511383057 456.1494252681732
55.943152390655435 -3.188825622183895 SW 55.94294025862108 -3.189037754218251 358.47076511383057 454.8994252681732
55.94294025862108 -3.189037754218251 NNW 55.943217422480835 -3.1891525592479604 358.47076511383057 453.6494252681732
55.943217422480835 -3.1891525592479604 E 55.943217422480835 -3.18885255924796 358.47076511383057 452.3994252681732
55.943217422480835 -3.18885255924796 E 55.943217422480835 -3.18855255924796 358.47076511383057 451.1494252681732
55.943217422480835 -3.18855255924796 SW 55.94300529044648 -3.1887646912823158 358.47076511383057 449.8994252681732
55.94300529044648 -3.1887646912823158 NE 55.943217422480835 -3.18855255924796 358.47076511383057 448.6494252681732
55.943217422480835 -3.18855255924796 SW 55.94300529044648 -3.1887646912823158 358.47076511383057 447.3994252681732
55.94300529044648 -3.1887646912823158 SW 55.94279315841212 -3.1889768233166715 358.47076511383057 446.1494252681732
55.94279315841212 -3.1889768233166715 NE 55.94300529044648 -3.1887646912823158 358.47076511383057 444.8994252681732
55.94300529044648 -3.1887646912823158 ESE 55.94289048541677 -3.1884875274225624 358.47076511383057 443.6494252681732
55.94289048541677 -3.1884875274225624 WNW 55.94300529044648 -3.1887646912823158 358.47076511383057 442.3994252681732
55.94300529044648 -3.1887646912823158 E 55.94300529044648 -3.1884646912823156 358.47076511383057 441.1494252681732
55.94300529044648 -3.1884646912823156 NNW 55.943282454306235 -3.188579496312025 389.65781688690186 515.3681752681732
55.943282454306235 -3.188579496312025 SSE 55.94300529044648 -3.1884646912823156 389.65781688690186 514.1181752681732
55.94300529044648 -3.1884646912823156 NNW 55.943282454306235 -3.188579496312025 389.65781688690186 512.8681752681732
55.943282454306235 -3.188579496312025 SW 55.94307032227188 -3.188791628346381 389.65781688690186 511.6181752681732
55.94307032227188 -3.188791628346381 NE 55.943282454306235 -3.188579496312025 389.65781688690186 510.3681752681732
55.943282454306235 -3.188579496312025 NNE 55.94355961816599 -3.1884646912823156 389.65781688690186 509.1181752681732
55.94355961816599 -3.1884646912823156 SSE 55.943282454306235 -3.188349886252606 389.65781688690186 507.8681752681732
55.943282454306235 -3.188349886252606 NNW 55.94355961816599 -3.1884646912823156 389.65781688690186 506.6181752681732
55.94355961816599 -3.1884646912823156 NW 55.94377175020035 -3.1886768233166713 389.65781688690186 505.3681752681732
55.94377175020035 -3.1886768233166713 SSE 55.94349458634059 -3.188562018286962 389.65781688690186 504.1181752681732
55.94349458634059 -3.188562018286962 NW 55.94370671837495 -3.1887741503213176 389.65781688690186 502.8681752681732
55.94370671837495 -3.1887741503213176 ENE 55.94382152340466 -3.188496986461564 389.65781688690186 501.6181752681732
55.94382152340466 -3.188496986461564 WSW 55.94370671837495 -3.1887741503213176 389.65781688690186 500.3681752681732
55.94370671837495 -3.1887741503213176 NE 55.943918850409304 -3.188562018286962 389.65781688690186 499.1181752681732
55.943918850409304 -3.188562018286962 WSW 55.94380404537959 -3.1888391821467152 389.65781688690186 497.8681752681732
55.94380404537959 -3.1888391821467152 ESE 55.94368924034988 -3.188562018286962 389.65781688690186 496.6181752681732
55.94368924034988 -3.188562018286962 NNW 55.94396640420964 -3.1886768233166713 389.65781688690186 495.3681752681732
55.94396640420964 -3.1886768233166713 WSW 55.94385159917993 -3.1889539871764248 389.65781688690186 494.1181752681732
55.94385159917993 -3.1889539871764248 ENE 55.94396640420964 -3.1886768233166713 389.65781688690186 492.8681752681732
55.94396640420964 -3.1886768233166713 S 55.94366640420964 -3.1886768233166713 389.65781688690186 491.6181752681732
55.94366640420964 -3.1886768233166713 NNE 55.94394356806939 -3.188562018286962 389.65781688690186 490.3681752681732
55.94394356806939 -3.188562018286962 NW 55.94415570010375 -3.1887741503213176 389.65781688690186 489.1181752681732
55.94415570010375 -3.1887741503213176 WSW 55.94404089507404 -3.189051314181071 513.3362150192261 583.8271520137787
55.94404089507404 -3.189051314181071 ENE 55.94415570010375 -3.1887741503213176 513.3362150192261 582.5771520137787
55.94415570010375 -3.1887741503213176 NNW 55.944432863963506 -3.188888955351027 513.3362150192261 581.3271520137787
55.944432863963506 -3.188888955351027 S 55.9441328639635 -3.188888955351027 513.3362150192261 580.0771520137787
55.9441328639635 -3.188888955351027 N 55.944432863963506 -3.188888955351027 513.3362150192261 578.8271520137787
55.944432863963506 -3.188888955351027 W 55.944432863963506 -3.1891889553510273 513.3362150192261 577.5771520137787
55.944432863963506 -3.1891889553510273 E 55.944432863963506 -3.188888955351027 513.3362150192261 576.3271520137787
55.944432863963506 -3.188888955351027 W 55.944432863963506 -3.1891889553510273 513.3362150192261 575.0771520137787
55.944432863963506 -3.1891889553510273 NE 55.94464499599786 -3.1889768233166715 513.3362150192261 573.8271520137787
55.94464499599786 -3.1889768233166715 SW 55.944432863963506 -3.1891889553510273 513.3362150192261 572.5771520137787
55.944432863963506 -3.1891889553510273 N 55.94473286396351 -3.1891889553510273 513.3362150192261 571.3271520137787
55.94473286396351 -3.1891889553510273 SSE 55.94445570010375 -3.189074150321318 513.3362150192261 570.0771520137787
55.94445570010375 -3.189074150321318 NNW 55.94473286396351 -3.1891889553510273 513.3362150192261 568.8271520137787
55.94473286396351 -3.1891889553510273 NNE 55.945010027823265 -3.189074150321318 513.3362150192261 567.5771520137787
55.945010027823265 -3.189074150321318 WSW 55.944895222793555 -3.189351314181071 513.3362150192261 566.3271520137787
55.944895222793555 -3.189351314181071 E 55.944895222793555 -3.189051314181071 513.3362150192261 565.0771520137787
55.944895222793555 -3.189051314181071 W 55.944895222793555 -3.189351314181071 513.3362150192261 563.8271520137787
55.944895222793555 -3.189351314181071 SSE 55.9446180589338 -3.1892365091513617 513.3362150192261 562.5771520137787
55.9446180589338 -3.1892365091513617 NW 55.944830190968155 -3.1894486411857175 513.3362150192261 561.3271520137787
55.944830190968155 -3.1894486411857175 NNE 55.94510735482791 -3.189333836156008 513.3362150192261 560.0771520137787
55.94510735482791 -3.189333836156008 SSW 55.944830190968155 -3.1894486411857175 513.3362150192261 558.8271520137787
55.944830190968155 -3.1894486411857175 NE 55.94504232300251 -3.1892365091513617 513.3362150192261 557.5771520137787
55.94504232300251 -3.1892365091513617 WSW 55.9449275179728 -3.189513673011115 513.3362150192261 556.3271520137787
55.9449275179728 -3.189513673011115 NE 55.94513965000716 -3.1893015409767593 513.3362150192261 555.0771520137787
55.94513965000716 -3.1893015409767593 SW 55.9449275179728 -3.189513673011115 513.3362150192261 553.8271520137787
55.9449275179728 -3.189513673011115 N 55.9452275179728 -3.189513673011115 513.3362150192261 552.5771520137787
55.9452275179728 -3.189513673011115 SW 55.94501538593845 -3.189725805045471 513.3362150192261 551.3271520137787
55.94501538593845 -3.189725805045471 NE 55.9452275179728 -3.189513673011115 513.3362150192261 550.0771520137787
55.9452275179728 -3.189513673011115 WNW 55.945342323002514 -3.1897908368708685 513.3362150192261 548.8271520137787
55.945342323002514 -3.1897908368708685 E 55.945342323002514 -3.1894908368708683 513.3362150192261 547.5771520137787
55.945342323002514 -3.1894908368708683 SE 55.94513019096816 -3.1892787048365125 513.3362150192261 546.3271520137787
55.94513019096816 -3.1892787048365125 NW 55.945342323002514 -3.1894908368708683 513.3362150192261 545.0771520137787
55.945342323002514 -3.1894908368708683 S 55.94504232300251 -3.1894908368708683 513.3362150192261 543.8271520137787
55.94504232300251 -3.1894908368708683 NNE 55.94531948686227 -3.189376031841159 513.3362150192261 542.5771520137787
55.94531948686227 -3.189376031841159 N 55.94561948686227 -3.189376031841159 513.3362150192261 541.3271520137787
55.94561948686227 -3.189376031841159 S 55.94531948686227 -3.189376031841159 513.3362150192261 540.0771520137787
55.94531948686227 -3.189376031841159 N 55.94561948686227 -3.189376031841159 513.3362150192261 538.8271520137787
55.94561948686227 -3.189376031841159 SSW 55.945342323002514 -3.1894908368708683 513.3362150192261 537.5771520137787
55.945342323002514 -3.1894908368708683 NW 55.94555445503687 -3.189702968905224 513.3362150192261 536.3271520137787
55.94555445503687 -3.189702968905224 E 55.94555445503687 -3.189402968905224 513.3362150192261 535.0771520137787
55.94555445503687 -3.189402968905224 W 55.94555445503687 -3.189702968905224 513.3362150192261 533.8271520137787
55.94555445503687 -3.189702968905224 NNE 55.94583161889663 -3.1895881638755146 513.3362150192261 532.5771520137787
55.94583161889663 -3.1895881638755146 SSW 55.94555445503687 -3.189702968905224 513.3362150192261 531.3271520137787
55.94555445503687 -3.189702968905224 NNE 55.94583161889663 -3.1895881638755146 513.3362150192261 530.0771520137787
55.94583161889663 -3.1895881638755146 NNW 55.94610878275638 -3.189702968905224 513.3362150192261 528.8271520137787
55.94610878275638 -3.189702968905224 SSW 55.94583161889663 -3.1898177739349336 513.3362150192261 527.5771520137787
55.94583161889663 -3.1898177739349336 NW 55.94604375093098 -3.1900299059692894 513.3362150192261 526.3271520137787
55.94604375093098 -3.1900299059692894 E 55.94604375093098 -3.189729905969289 513.3362150192261 525.0771520137787
55.94604375093098 -3.189729905969289 W 55.94604375093098 -3.1900299059692894 513.3362150192261 523.8271520137787
55.94604375093098 -3.1900299059692894 ENE 55.94615855596069 -3.189752742109536 513.3362150192261 522.5771520137787
55.94615855596069 -3.189752742109536 W 55.94615855596069 -3.190052742109536 513.3362150192261 521.3271520137787
55.94615855596069 -3.190052742109536 SW 55.94594642392634 -3.190264874143892 513.3362150192261 520.0771520137787
55.94594642392634 -3.190264874143892 NE 55.94615855596069 -3.190052742109536 513.3362150192261 518.8271520137787
55.94615855596069 -3.190052742109536 E 55.94615855596069 -3.189752742109536 513.3362150192261 517.5771520137787
55.94615855596069 -3.189752742109536 W 55.94615855596069 -3.190052742109536 513.3362150192261 516.3271520137787
55.94615855596069 -3.190052742109536 SW 55.94594642392634 -3.190264874143892 513.3362150192261 515.0771520137787
55.94594642392634 -3.190264874143892 ENE 55.94606122895605 -3.1899877102841385 513.3362150192261 513.8271520137787
55.94606122895605 -3.1899877102841385 WSW 55.94594642392634 -3.190264874143892 513.3362150192261 512.5771520137787
55.94594642392634 -3.190264874143892 ENE 55.94606122895605 -3.1899877102841385 513.3362150192261 511.3271520137787
55.94606122895605 -3.1899877102841385 WSW 55.94594642392634 -3.190264874143892 513.3362150192261 510.0771520137787
55.94594642392634 -3.190264874143892 SW 55.94573429189198 -3.1904770061782477 513.3362150192261 508.8271520137787
55.94573429189198 -3.1904770061782477 NE 55.94594642392634 -3.190264874143892 513.3362150192261 507.5771520137787
55.94594642392634 -3.190264874143892 SW 55.94573429189198 -3.1904770061782477 513.3362150192261 506.3271520137787
55.94573429189198 -3.1904770061782477 N 55.94603429189198 -3.1904770061782477 513.3362150192261 505.0771520137787
55.94603429189198 -3.1904770061782477 WNW 55.946149096921694 -3.190754170038001 513.3362150192261 503.8271520137787
55.946149096921694 -3.190754170038001 ESE 55.94603429189198 -3.1904770061782477 513.3362150192261 502.5771520137787
55.94603429189198 -3.1904770061782477 WNW 55.946149096921694 -3.190754170038001 513.3362150192261 501.3271520137787
55.946149096921694 -3.190754170038001 E 55.946149096921694 -3.190454170038001 513.3362150192261 500.0771520137787
55.946149096921694 -3.190454170038001 W 55.946149096921694 -3.190754170038001 513.3362150192261 498.8271520137787
55.946149096921694 -3.190754170038001 ESE 55.94603429189198 -3.1904770061782477 513.3362150192261 497.5771520137787
55.94603429189198 -3.1904770061782477 W 55.94603429189198 -3.190777006178248 513.3362150192261 496.3271520137787
55.94603429189198 -3.190777006178248 SW 55.94582215985763 -3.1909891382126037 513.3362150192261 495.0771520137787
55.94582215985763 -3.1909891382126037 NNE 55.946099323717384 -3.190874333182894 513.3362150192261 493.8271520137787
55.946099323717384 -3.190874333182894 S 55.94579932371738 -3.190874333182894 513.3362150192261 492.5771520137787
55.94579932371738 -3.190874333182894 NW 55.94601145575174 -3.19108646521725 513.3362150192261 491.3271520137787
55.94601145575174 -3.19108646521725 SE 55.94579932371738 -3.190874333182894 513.3362150192261 490.0771520137787
