55.944425 -3.188396 WNW 55.94453980502971 -3.1886731638597534 0.0 248.75
55.94453980502971 -3.1886731638597534 E 55.94453980502971 -3.1883731638597532 0.0 247.5
55.94453980502971 -3.1883731638597532 SE 55.94432767299536 -3.1881610318253975 0.0 246.25
55.94432767299536 -3.1881610318253975 NW 55.94453980502971 -3.1883731638597532 0.0 245.0
55.94453980502971 -3.1883731638597532 SSE 55.944262641169956 -3.1882583588300437 0.0 243.75
55.944262641169956 -3.1882583588300437 NNW 55.94453980502971 -3.1883731638597532 0.0 242.5
55.94453980502971 -3.1883731638597532 SSE 55.944262641169956 -3.1882583588300437 0.0 241.25
55.944262641169956 -3.1882583588300437 NNW 55.94453980502971 -3.1883731638597532 0.0 240.0
55.94453980502971 -3.1883731638597532 ESE 55.944425 -3.188096 0.0 238.75
55.944425 -3.188096 WNW 55.94453980502971 -3.1883731638597532 0.0 237.5
55.94453980502971 -3.1883731638597532 ESE 55.944425 -3.188096 0.0 236.25
55.944425 -3.188096 NW 55.94463713203436 -3.1883081320343556 0.0 235.0
55.94463713203436 -3.1883081320343556 ESE 55.94452232700465 -3.188030968174602 0.0 233.75
55.94452232700465 -3.188030968174602 WNW 55.94463713203436 -3.1883081320343556 0.0 232.5
55.94463713203436 -3.1883081320343556 ENE 55.94475193706407 -3.188030968174602 0.0 231.25
55.94475193706407 -3.188030968174602 WSW 55.94463713203436 -3.1883081320343556 0.0 230.0
55.94463713203436 -3.1883081320343556 ESE 55.94452232700465 -3.188030968174602 0.0 228.75
55.94452232700465 -3.188030968174602 WNW 55.94463713203436 -3.1883081320343556 0.0 227.5
55.94463713203436 -3.1883081320343556 W 55.94463713203436 -3.188608132034356 0.0 226.25
55.94463713203436 -3.188608132034356 E 55.94463713203436 -3.1883081320343556 0.0 225.0
55.94463713203436 -3.1883081320343556 NW 55.944849264068715 -3.1885202640687114 0.0 223.75
55.944849264068715 -3.1885202640687114 E 55.944849264068715 -3.188220264068711 0.0 222.5
55.944849264068715 -3.188220264068711 W 55.944849264068715 -3.1885202640687114 0.0 221.25
55.944849264068715 -3.1885202640687114 E 55.944849264068715 -3.188220264068711 0.0 220.0
55.944849264068715 -3.188220264068711 W 55.944849264068715 -3.1885202640687114 0.0 218.75
55.944849264068715 -3.1885202640687114 E 55.944849264068715 -3.188220264068711 0.0 217.5
55.944849264068715 -3.188220264068711 WNW 55.944964069098425 -3.1884974279284646 0.0 216.25
55.944964069098425 -3.1884974279284646 ESE 55.944849264068715 -3.188220264068711 0.0 215.0
55.944849264068715 -3.188220264068711 WNW 55.944964069098425 -3.1884974279284646 0.0 213.75
55.944964069098425 -3.1884974279284646 E 55.944964069098425 -3.1881974279284644 0.0 212.5
55.944964069098425 -3.1881974279284644 W 55.944964069098425 -3.1884974279284646 0.0 211.25
55.944964069098425 -3.1884974279284646 ENE 55.945078874128136 -3.188220264068711 0.0 210.0
55.945078874128136 -3.188220264068711 WSW 55.944964069098425 -3.1884974279284646 0.0 208.75
55.944964069098425 -3.1884974279284646 ENE 55.945078874128136 -3.188220264068711 0.0 207.5
55.945078874128136 -3.188220264068711 W 55.945078874128136 -3.1885202640687114 0.0 206.25
55.945078874128136 -3.1885202640687114 E 55.945078874128136 -3.188220264068711 0.0 205.0
55.945078874128136 -3.188220264068711 W 55.945078874128136 -3.1885202640687114 0.0 203.75
55.945078874128136 -3.1885202640687114 S 55.94477887412813 -3.1885202640687114 0.0 202.5
55.94477887412813 -3.1885202640687114 N 55.945078874128136 -3.1885202640687114 0.0 201.25
55.945078874128136 -3.1885202640687114 SW 55.94486674209378 -3.188732396103067 0.0 200.0
55.94486674209378 -3.188732396103067 NE 55.945078874128136 -3.1885202640687114 0.0 198.75
55.945078874128136 -3.1885202640687114 WSW 55.944964069098425 -3.1887974279284648 0.0 197.5
55.944964069098425 -3.1887974279284648 E 55.944964069098425 -3.1884974279284646 0.0 196.25
55.944964069098425 -3.1884974279284646 W 55.944964069098425 -3.1887974279284648 0.0 195.0
55.944964069098425 -3.1887974279284648 ESE 55.944849264068715 -3.1885202640687114 0.0 193.75
55.944849264068715 -3.1885202640687114 WNW 55.944964069098425 -3.1887974279284648 0.0 192.5
55.944964069098425 -3.1887974279284648 SSE 55.94468690523867 -3.1886826228987553 0.0 191.25
55.94468690523867 -3.1886826228987553 NNW 55.944964069098425 -3.1887974279284648 0.0 190.0
55.944964069098425 -3.1887974279284648 S 55.94466406909842 -3.1887974279284648 0.0 188.75
55.94466406909842 -3.1887974279284648 N 55.944964069098425 -3.1887974279284648 0.0 187.5
55.944964069098425 -3.1887974279284648 SSW 55.94468690523867 -3.1889122329581743 0.0 186.25
55.94468690523867 -3.1889122329581743 NNE 55.944964069098425 -3.1887974279284648 0.0 185.0
55.944964069098425 -3.1887974279284648 SSW 55.94468690523867 -3.1889122329581743 0.0 183.75
55.94468690523867 -3.1889122329581743 N 55.94498690523867 -3.1889122329581743 0.0 182.5
55.94498690523867 -3.1889122329581743 S 55.94468690523867 -3.1889122329581743 0.0 181.25
55.94468690523867 -3.1889122329581743 NNW 55.944964069098425 -3.189027037987884 0.0 180.0
55.944964069098425 -3.189027037987884 SSE 55.94468690523867 -3.1889122329581743 0.0 178.75
55.94468690523867 -3.1889122329581743 NNW 55.944964069098425 -3.189027037987884 0.0 177.5
55.944964069098425 -3.189027037987884 SSE 55.94468690523867 -3.1889122329581743 0.0 176.25
55.94468690523867 -3.1889122329581743 NNW 55.944964069098425 -3.189027037987884 0.0 175.0
55.944964069098425 -3.189027037987884 NW 55.94517620113278 -3.1892391700222396 0.0 173.75
55.94517620113278 -3.1892391700222396 SE 55.944964069098425 -3.189027037987884 0.0 172.5
55.944964069098425 -3.189027037987884 ESE 55.944849264068715 -3.1887498741281304 0.0 171.25
55.944849264068715 -3.1887498741281304 WNW 55.944964069098425 -3.189027037987884 0.0 170.0
55.944964069098425 -3.189027037987884 ENE 55.945078874128136 -3.1887498741281304 0.0 168.75
55.945078874128136 -3.1887498741281304 WSW 55.944964069098425 -3.189027037987884 0.0 167.5
55.944964069098425 -3.189027037987884 ENE 55.945078874128136 -3.1887498741281304 0.0 166.25
55.945078874128136 -3.1887498741281304 WSW 55.944964069098425 -3.189027037987884 0.0 165.0
55.944964069098425 -3.189027037987884 ENE 55.945078874128136 -3.1887498741281304 0.0 163.75
55.945078874128136 -3.1887498741281304 W 55.945078874128136 -3.1890498741281306 0.0 162.5
55.945078874128136 -3.1890498741281306 E 55.945078874128136 -3.1887498741281304 0.0 161.25
55.945078874128136 -3.1887498741281304 N 55.94537887412814 -3.1887498741281304 0.0 160.0
55.94537887412814 -3.1887498741281304 S 55.945078874128136 -3.1887498741281304 0.0 158.75
55.945078874128136 -3.1887498741281304 N 55.94537887412814 -3.1887498741281304 0.0 157.5
55.94537887412814 -3.1887498741281304 S 55.945078874128136 -3.1887498741281304 0.0 156.25
55.945078874128136 -3.1887498741281304 NNE 55.94535603798789 -3.188635069098421 0.0 155.0
55.94535603798789 -3.188635069098421 S 55.94505603798789 -3.188635069098421 0.0 153.75
55.94505603798789 -3.188635069098421 NNW 55.945333201847646 -3.1887498741281304 0.0 152.5
55.945333201847646 -3.1887498741281304 SE 55.94512106981329 -3.1885377420937746 0.0 151.25
55.94512106981329 -3.1885377420937746 NNE 55.945398233673046 -3.188422937064065 0.0 150.0
55.945398233673046 -3.188422937064065 SSW 55.94512106981329 -3.1885377420937746 0.0 148.75
55.94512106981329 -3.1885377420937746 E 55.94512106981329 -3.1882377420937744 0.0 147.5
55.94512106981329 -3.1882377420937744 W 55.94512106981329 -3.1885377420937746 0.0 146.25
55.94512106981329 -3.1885377420937746 E 55.94512106981329 -3.1882377420937744 0.0 145.0
55.94512106981329 -3.1882377420937744 WSW 55.94500626478358 -3.188514905953528 0.0 143.75
55.94500626478358 -3.188514905953528 NE 55.945218396817936 -3.188302773919172 0.0 142.5
55.945218396817936 -3.188302773919172 N 55.94551839681794 -3.188302773919172 0.0 141.25
55.94551839681794 -3.188302773919172 S 55.945218396817936 -3.188302773919172 0.0 140.0
55.945218396817936 -3.188302773919172 SE 55.94500626478358 -3.1880906418848163 0.0 138.75
55.94500626478358 -3.1880906418848163 NNW 55.945283428643336 -3.188205446914526 0.0 137.5
55.945283428643336 -3.188205446914526 SSW 55.94500626478358 -3.1883202519442353 32.36892318725586 223.60413360595703
55.94500626478358 -3.1883202519442353 NNE 55.945283428643336 -3.188205446914526 32.36892318725586 222.35413360595703
55.945283428643336 -3.188205446914526 SSW 55.94500626478358 -3.1883202519442353 32.36892318725586 221.10413360595703
55.94500626478358 -3.1883202519442353 NNE 55.945283428643336 -3.188205446914526 32.36892318725586 219.85413360595703
55.945283428643336 -3.188205446914526 SSW 55.94500626478358 -3.1883202519442353 32.36892318725586 218.60413360595703
55.94500626478358 -3.1883202519442353 ENE 55.94512106981329 -3.188043088084482 32.36892318725586 217.35413360595703
55.94512106981329 -3.188043088084482 SW 55.94490893777893 -3.1882552201188377 96.83185195922852 321.341552734375
55.94490893777893 -3.1882552201188377 ENE 55.945023742808644 -3.1879780562590843 96.83185195922852 320.091552734375
55.945023742808644 -3.1879780562590843 WSW 55.94490893777893 -3.1882552201188377 96.83185195922852 318.841552734375
55.94490893777893 -3.1882552201188377 E 55.94490893777893 -3.1879552201188375 96.83185195922852 317.591552734375
55.94490893777893 -3.1879552201188375 W 55.94490893777893 -3.1882552201188377 96.83185195922852 316.341552734375
55.94490893777893 -3.1882552201188377 WNW 55.945023742808644 -3.188532383978591 96.83185195922852 315.091552734375
55.945023742808644 -3.188532383978591 ESE 55.94490893777893 -3.1882552201188377 96.83185195922852 313.841552734375
55.94490893777893 -3.1882552201188377 NE 55.94512106981329 -3.188043088084482 96.83185195922852 312.591552734375
55.94512106981329 -3.188043088084482 SW 55.94490893777893 -3.1882552201188377 96.83185195922852 311.341552734375
55.94490893777893 -3.1882552201188377 SE 55.94469680574458 -3.188043088084482 96.83185195922852 310.091552734375
55.94469680574458 -3.188043088084482 NW 55.94490893777893 -3.1882552201188377 96.83185195922852 308.841552734375
55.94490893777893 -3.1882552201188377 S 55.94460893777893 -3.1882552201188377 96.83185195922852 307.591552734375
55.94460893777893 -3.1882552201188377 NNE 55.94488610163869 -3.188140415089128 96.83185195922852 306.341552734375
55.94488610163869 -3.188140415089128 SSE 55.94460893777893 -3.1880256100594186 96.83185195922852 305.091552734375
55.94460893777893 -3.1880256100594186 NNW 55.94488610163869 -3.188140415089128 96.83185195922852 303.841552734375
55.94488610163869 -3.188140415089128 ENE 55.9450009066684 -3.1878632512293748 143.55193328857422 419.43978118896484
55.9450009066684 -3.1878632512293748 WSW 55.94488610163869 -3.188140415089128 143.55193328857422 418.18978118896484
55.94488610163869 -3.188140415089128 ENE 55.9450009066684 -3.1878632512293748 143.55193328857422 416.93978118896484
55.9450009066684 -3.1878632512293748 WSW 55.94488610163869 -3.188140415089128 143.55193328857422 415.68978118896484
55.94488610163869 -3.188140415089128 ENE 55.9450009066684 -3.1878632512293748 143.55193328857422 414.43978118896484
55.9450009066684 -3.1878632512293748 SW 55.94478877463404 -3.1880753832637305 143.55193328857422 413.18978118896484
55.94478877463404 -3.1880753832637305 E 55.94478877463404 -3.1877753832637303 143.55193328857422 411.93978118896484
55.94478877463404 -3.1877753832637303 W 55.94478877463404 -3.1880753832637305 143.55193328857422 410.68978118896484
55.94478877463404 -3.1880753832637305 NE 55.9450009066684 -3.1878632512293748 143.55193328857422 409.43978118896484
55.9450009066684 -3.1878632512293748 SSW 55.94472374280864 -3.1879780562590843 143.55193328857422 408.18978118896484
55.94472374280864 -3.1879780562590843 NNE 55.9450009066684 -3.1878632512293748 143.55193328857422 406.93978118896484
55.9450009066684 -3.1878632512293748 WSW 55.94488610163869 -3.188140415089128 143.55193328857422 405.68978118896484
55.94488610163869 -3.188140415089128 ENE 55.9450009066684 -3.1878632512293748 143.55193328857422 404.43978118896484
55.9450009066684 -3.1878632512293748 WNW 55.94511571169811 -3.188140415089128 143.55193328857422 403.18978118896484
55.94511571169811 -3.188140415089128 E 55.94511571169811 -3.187840415089128 143.55193328857422 401.93978118896484
55.94511571169811 -3.187840415089128 W 55.94511571169811 -3.188140415089128 143.55193328857422 400.68978118896484
55.94511571169811 -3.188140415089128 E 55.94511571169811 -3.187840415089128 143.55193328857422 399.43978118896484
55.94511571169811 -3.187840415089128 W 55.94511571169811 -3.188140415089128 143.55193328857422 398.18978118896484
55.94511571169811 -3.188140415089128 SSE 55.94483854783835 -3.1880256100594186 143.55193328857422 396.93978118896484
55.94483854783835 -3.1880256100594186 NNW 55.94511571169811 -3.188140415089128 143.55193328857422 395.68978118896484
55.94511571169811 -3.188140415089128 SSW 55.94483854783835 -3.1882552201188377 143.55193328857422 394.43978118896484
55.94483854783835 -3.1882552201188377 ESE 55.94472374280864 -3.1879780562590843 143.55193328857422 393.18978118896484
55.94472374280864 -3.1879780562590843 WNW 55.94483854783835 -3.1882552201188377 143.55193328857422 391.93978118896484
55.94483854783835 -3.1882552201188377 ESE 55.94472374280864 -3.1879780562590843 143.55193328857422 390.68978118896484
55.94472374280864 -3.1879780562590843 WNW 55.94483854783835 -3.1882552201188377 143.55193328857422 389.43978118896484
55.94483854783835 -3.1882552201188377 E 55.94483854783835 -3.1879552201188375 143.55193328857422 388.18978118896484
55.94483854783835 -3.1879552201188375 SSW 55.944561383978595 -3.188070025148547 143.55193328857422 386.93978118896484
55.944561383978595 -3.188070025148547 NNE 55.94483854783835 -3.1879552201188375 143.55193328857422 385.68978118896484
55.94483854783835 -3.1879552201188375 S 55.94453854783835 -3.1879552201188375 143.55193328857422 384.43978118896484
55.94453854783835 -3.1879552201188375 N 55.94483854783835 -3.1879552201188375 143.55193328857422 383.18978118896484
55.94483854783835 -3.1879552201188375 SSW 55.944561383978595 -3.188070025148547 143.55193328857422 381.93978118896484
55.944561383978595 -3.188070025148547 ENE 55.944676189008305 -3.1877928612887936 143.55193328857422 380.68978118896484
55.944676189008305 -3.1877928612887936 WSW 55.944561383978595 -3.188070025148547 143.55193328857422 379.43978118896484
55.944561383978595 -3.188070025148547 E 55.944561383978595 -3.187770025148547 143.55193328857422 378.18978118896484
55.944561383978595 -3.187770025148547 WNW 55.944676189008305 -3.1880471890083 143.55193328857422 376.93978118896484
55.944676189008305 -3.1880471890083 ESE 55.944561383978595 -3.187770025148547 143.55193328857422 375.68978118896484
55.944561383978595 -3.187770025148547 WSW 55.944446578948885 -3.1880471890083 143.55193328857422 374.43978118896484
55.944446578948885 -3.1880471890083 ENE 55.944561383978595 -3.187770025148547 143.55193328857422 373.18978118896484
55.944561383978595 -3.187770025148547 N 55.9448613839786 -3.187770025148547 143.55193328857422 371.93978118896484
55.9448613839786 -3.187770025148547 S 55.944561383978595 -3.187770025148547 143.55193328857422 370.68978118896484
55.944561383978595 -3.187770025148547 S 55.94426138397859 -3.187770025148547 143.55193328857422 369.43978118896484
55.94426138397859 -3.187770025148547 N 55.944561383978595 -3.187770025148547 143.55193328857422 368.18978118896484
55.944561383978595 -3.187770025148547 SSE 55.94428422011884 -3.1876552201188373 143.55193328857422 366.93978118896484
55.94428422011884 -3.1876552201188373 N 55.94458422011884 -3.1876552201188373 143.55193328857422 365.68978118896484
55.94458422011884 -3.1876552201188373 ESE 55.94446941508913 -3.187378056259084 143.55193328857422 364.43978118896484
55.94446941508913 -3.187378056259084 WNW 55.94458422011884 -3.1876552201188373 143.55193328857422 363.18978118896484
55.94458422011884 -3.1876552201188373 SSW 55.944307056259085 -3.187770025148547 143.55193328857422 361.93978118896484
55.944307056259085 -3.187770025148547 NNE 55.94458422011884 -3.1876552201188373 143.55193328857422 360.68978118896484
55.94458422011884 -3.1876552201188373 WNW 55.94469902514855 -3.1879323839785907 143.55193328857422 359.43978118896484
55.94469902514855 -3.1879323839785907 ESE 55.94458422011884 -3.1876552201188373 143.55193328857422 358.18978118896484
55.94458422011884 -3.1876552201188373 NW 55.9447963521532 -3.187867352153193 143.55193328857422 356.93978118896484
55.9447963521532 -3.187867352153193 SSE 55.94451918829344 -3.1877525471234835 143.55193328857422 355.68978118896484
55.94451918829344 -3.1877525471234835 NNW 55.9447963521532 -3.187867352153193 143.55193328857422 354.43978118896484
55.9447963521532 -3.187867352153193 SE 55.94458422011884 -3.1876552201188373 143.55193328857422 353.18978118896484
55.94458422011884 -3.1876552201188373 NW 55.9447963521532 -3.187867352153193 143.55193328857422 351.93978118896484
55.9447963521532 -3.187867352153193 ESE 55.94468154712349 -3.1875901882934397 143.55193328857422 350.68978118896484
55.94468154712349 -3.1875901882934397 WNW 55.9447963521532 -3.187867352153193 143.55193328857422 349.43978118896484
55.9447963521532 -3.187867352153193 ESE 55.94468154712349 -3.1875901882934397 143.55193328857422 348.18978118896484
55.94468154712349 -3.1875901882934397 NNE 55.944958710983244 -3.18747538326373 174.3299674987793 469.837646484375
55.944958710983244 -3.18747538326373 SSW 55.94468154712349 -3.1875901882934397 174.3299674987793 468.587646484375
55.94468154712349 -3.1875901882934397 W 55.94468154712349 -3.18789018829344 174.3299674987793 467.337646484375
55.94468154712349 -3.18789018829344 E 55.94468154712349 -3.1875901882934397 174.3299674987793 466.087646484375
55.94468154712349 -3.1875901882934397 NNE 55.944958710983244 -3.18747538326373 174.3299674987793 464.837646484375
55.944958710983244 -3.18747538326373 SSW 55.94468154712349 -3.1875901882934397 174.3299674987793 463.587646484375
55.94468154712349 -3.1875901882934397 NNE 55.944958710983244 -3.18747538326373 174.3299674987793 462.337646484375
55.944958710983244 -3.18747538326373 SSW 55.94468154712349 -3.1875901882934397 174.3299674987793 461.087646484375
55.94468154712349 -3.1875901882934397 NE 55.94489367915784 -3.187378056259084 174.3299674987793 459.837646484375
55.94489367915784 -3.187378056259084 SSW 55.94461651529809 -3.1874928612887934 174.3299674987793 458.587646484375
55.94461651529809 -3.1874928612887934 NNE 55.94489367915784 -3.187378056259084 174.3299674987793 457.337646484375
55.94489367915784 -3.187378056259084 SSW 55.94461651529809 -3.1874928612887934 174.3299674987793 456.087646484375
55.94461651529809 -3.1874928612887934 NE 55.94482864733244 -3.1872807292544376 174.3299674987793 454.837646484375
55.94482864733244 -3.1872807292544376 SW 55.94461651529809 -3.1874928612887934 174.3299674987793 453.587646484375
55.94461651529809 -3.1874928612887934 NE 55.94482864733244 -3.1872807292544376 174.3299674987793 452.337646484375
55.94482864733244 -3.1872807292544376 SW 55.94461651529809 -3.1874928612887934 174.3299674987793 451.087646484375
55.94461651529809 -3.1874928612887934 NE 55.94482864733244 -3.1872807292544376 174.3299674987793 449.837646484375
55.94482864733244 -3.1872807292544376 SSW 55.94455148347269 -3.187395534284147 174.3299674987793 448.587646484375
55.94455148347269 -3.187395534284147 NNE 55.94482864733244 -3.1872807292544376 174.3299674987793 447.337646484375
55.94482864733244 -3.1872807292544376 SSE 55.94455148347269 -3.187165924224728 174.3299674987793 446.087646484375
55.94455148347269 -3.187165924224728 NNW 55.94482864733244 -3.1872807292544376 174.3299674987793 444.837646484375
55.94482864733244 -3.1872807292544376 S 55.94452864733244 -3.1872807292544376 174.3299674987793 443.587646484375
55.94452864733244 -3.1872807292544376 NNE 55.9448058111922 -3.187165924224728 226.71332931518555 557.5991592407227
55.9448058111922 -3.187165924224728 SSW 55.94452864733244 -3.1872807292544376 226.71332931518555 556.3491592407227
55.94452864733244 -3.1872807292544376 SSW 55.944251483472684 -3.187395534284147 226.71332931518555 555.0991592407227
55.944251483472684 -3.187395534284147 NNE 55.94452864733244 -3.1872807292544376 226.71332931518555 553.8491592407227
55.94452864733244 -3.1872807292544376 SW 55.944316515298084 -3.1874928612887934 226.71332931518555 552.5991592407227
55.944316515298084 -3.1874928612887934 NE 55.94452864733244 -3.1872807292544376 226.71332931518555 551.3491592407227
55.94452864733244 -3.1872807292544376 WNW 55.94464345236215 -3.187557893114191 226.71332931518555 550.0991592407227
55.94464345236215 -3.187557893114191 ESE 55.94452864733244 -3.1872807292544376 226.71332931518555 548.8491592407227
55.94452864733244 -3.1872807292544376 WSW 55.94441384230273 -3.187557893114191 226.71332931518555 547.5991592407227
55.94441384230273 -3.187557893114191 ENE 55.94452864733244 -3.1872807292544376 226.71332931518555 546.3491592407227
55.94452864733244 -3.1872807292544376 W 55.94452864733244 -3.187580729254438 271.4601287841797 581.6525459289551
55.94452864733244 -3.187580729254438 E 55.94452864733244 -3.1872807292544376 271.4601287841797 580.4025459289551
55.94452864733244 -3.1872807292544376 W 55.94452864733244 -3.187580729254438 271.4601287841797 579.1525459289551
55.94452864733244 -3.187580729254438 E 55.94452864733244 -3.1872807292544376 271.4601287841797 577.9025459289551
55.94452864733244 -3.1872807292544376 W 55.94452864733244 -3.187580729254438 271.4601287841797 576.6525459289551
55.94452864733244 -3.187580729254438 ENE 55.94464345236215 -3.1873035653946844 271.4601287841797 575.4025459289551
55.94464345236215 -3.1873035653946844 WSW 55.94452864733244 -3.187580729254438 271.4601287841797 574.1525459289551
55.94452864733244 -3.187580729254438 NNE 55.9448058111922 -3.1874659242247283 292.596040725708 687.136302947998
55.9448058111922 -3.1874659242247283 SSW 55.94452864733244 -3.187580729254438 292.596040725708 685.886302947998
55.94452864733244 -3.187580729254438 NNE 55.9448058111922 -3.1874659242247283 292.596040725708 684.636302947998
55.9448058111922 -3.1874659242247283 ENE 55.94492061622191 -3.187188760364975 306.84832859039307 692.3987102508545
55.94492061622191 -3.187188760364975 WSW 55.9448058111922 -3.1874659242247283 306.84832859039307 691.1487102508545
55.9448058111922 -3.1874659242247283 NNE 55.94508297505195 -3.187351119195019 334.41803073883057 703.6999645233154
55.94508297505195 -3.187351119195019 SW 55.9448708430176 -3.1875632512293746 334.41803073883057 702.4499645233154
55.9448708430176 -3.1875632512293746 NE 55.94508297505195 -3.187351119195019 334.41803073883057 701.1999645233154
55.94508297505195 -3.187351119195019 WSW 55.94496817002224 -3.187628283054772 419.22139835357666 818.9752407073975
55.94496817002224 -3.187628283054772 ENE 55.94508297505195 -3.187351119195019 419.22139835357666 817.7252407073975
55.94508297505195 -3.187351119195019 N 55.945382975051956 -3.187351119195019 419.22139835357666 816.4752407073975
55.945382975051956 -3.187351119195019 S 55.94508297505195 -3.187351119195019 419.22139835357666 815.2252407073975
55.94508297505195 -3.187351119195019 SW 55.9448708430176 -3.1875632512293746 419.22139835357666 813.9752407073975
55.9448708430176 -3.1875632512293746 NE 55.94508297505195 -3.187351119195019 419.22139835357666 812.7252407073975
55.94508297505195 -3.187351119195019 SW 55.9448708430176 -3.1875632512293746 419.22139835357666 811.4752407073975
55.9448708430176 -3.1875632512293746 NE 55.94508297505195 -3.187351119195019 419.22139835357666 810.2252407073975
55.94508297505195 -3.187351119195019 SSE 55.9448058111922 -3.1872363141653093 419.22139835357666 808.9752407073975
55.9448058111922 -3.1872363141653093 NNW 55.94508297505195 -3.187351119195019 419.22139835357666 807.7252407073975
55.94508297505195 -3.187351119195019 S 55.94478297505195 -3.187351119195019 419.22139835357666 806.4752407073975
55.94478297505195 -3.187351119195019 NNE 55.94506013891171 -3.1872363141653093 419.22139835357666 805.2252407073975
55.94506013891171 -3.1872363141653093 SSE 55.94478297505195 -3.1871215091355998 483.51995182037354 907.9224529266357
55.94478297505195 -3.1871215091355998 NNW 55.94506013891171 -3.1872363141653093 483.51995182037354 906.6724529266357
55.94506013891171 -3.1872363141653093 SSE 55.94478297505195 -3.1871215091355998 483.51995182037354 905.4224529266357
55.94478297505195 -3.1871215091355998 NW 55.94499510708631 -3.1873336411699555 483.51995182037354 904.1724529266357
55.94499510708631 -3.1873336411699555 SE 55.94478297505195 -3.1871215091355998 483.51995182037354 902.9224529266357
55.94478297505195 -3.1871215091355998 NNW 55.94506013891171 -3.1872363141653093 483.51995182037354 901.6724529266357
55.94506013891171 -3.1872363141653093 SSE 55.94478297505195 -3.1871215091355998 483.51995182037354 900.4224529266357
55.94478297505195 -3.1871215091355998 S 55.94448297505195 -3.1871215091355998 483.51995182037354 899.1724529266357
55.94448297505195 -3.1871215091355998 N 55.94478297505195 -3.1871215091355998 483.51995182037354 897.9224529266357
55.94478297505195 -3.1871215091355998 S 55.94448297505195 -3.1871215091355998 483.51995182037354 896.6724529266357
55.94448297505195 -3.1871215091355998 N 55.94478297505195 -3.1871215091355998 483.51995182037354 895.4224529266357
55.94478297505195 -3.1871215091355998 SE 55.944570843017594 -3.186909377101244 536.344723701477 989.7365627288818
55.944570843017594 -3.186909377101244 NW 55.94478297505195 -3.1871215091355998 536.344723701477 988.4865627288818
55.94478297505195 -3.1871215091355998 SE 55.944570843017594 -3.186909377101244 536.344723701477 987.2365627288818
55.944570843017594 -3.186909377101244 WNW 55.944685648047304 -3.1871865409609974 536.344723701477 985.9865627288818
55.944685648047304 -3.1871865409609974 SE 55.94447351601295 -3.1869744089266416 536.344723701477 984.7365627288818
55.94447351601295 -3.1869744089266416 NNW 55.944750679872705 -3.187089213956351 536.344723701477 983.4865627288818
55.944750679872705 -3.187089213956351 SSE 55.94447351601295 -3.1869744089266416 536.344723701477 982.2365627288818
55.94447351601295 -3.1869744089266416 NE 55.944685648047304 -3.186762276892286 536.344723701477 980.9865627288818
55.944685648047304 -3.186762276892286 SW 55.94447351601295 -3.1869744089266416 536.344723701477 979.7365627288818
55.94447351601295 -3.1869744089266416 ESE 55.94435871098324 -3.1866972450668882 536.344723701477 978.4865627288818
55.94435871098324 -3.1866972450668882 WNW 55.94447351601295 -3.1869744089266416 536.344723701477 977.2365627288818
