55.944425 -3.188396 E 55.944425 -3.188096 0.0 248.75
55.944425 -3.188096 W 55.944425 -3.188396 0.0 247.5
55.944425 -3.188396 ESE 55.94431019497029 -3.1881188361402466 0.0 246.25
55.94431019497029 -3.1881188361402466 WNW 55.944425 -3.188396 0.0 245.0
55.944425 -3.188396 E 55.944425 -3.188096 0.0 243.75
55.944425 -3.188096 W 55.944425 -3.188396 0.0 242.5
55.944425 -3.188396 E 55.944425 -3.188096 0.0 241.25
55.944425 -3.188096 NW 55.94463713203436 -3.1883081320343556 0.0 240.0
55.94463713203436 -3.1883081320343556 E 55.94463713203436 -3.1880081320343554 0.0 238.75
55.94463713203436 -3.1880081320343554 W 55.94463713203436 -3.1883081320343556 0.0 237.5
55.94463713203436 -3.1883081320343556 WNW 55.94475193706407 -3.188585295894109 0.0 236.25
55.94475193706407 -3.188585295894109 ESE 55.94463713203436 -3.1883081320343556 0.0 235.0
55.94463713203436 -3.1883081320343556 NNW 55.944914295894115 -3.188422937064065 0.0 233.75
55.944914295894115 -3.188422937064065 SSE 55.94463713203436 -3.1883081320343556 0.0 232.5
55.94463713203436 -3.1883081320343556 WNW 55.94475193706407 -3.188585295894109 0.0 231.25
55.94475193706407 -3.188585295894109 W 55.94475193706407 -3.188885295894109 0.0 230.0
55.94475193706407 -3.188885295894109 E 55.94475193706407 -3.188585295894109 0.0 228.75
55.94475193706407 -3.188585295894109 NE 55.944964069098425 -3.1883731638597532 0.0 227.5
55.944964069098425 -3.1883731638597532 WSW 55.944849264068715 -3.1886503277195066 0.0 226.25
55.944849264068715 -3.1886503277195066 NE 55.94506139610307 -3.188438195685151 0.0 225.0
55.94506139610307 -3.188438195685151 WNW 55.94517620113278 -3.1887153595449043 0.0 223.75
55.94517620113278 -3.1887153595449043 ESE 55.94506139610307 -3.188438195685151 0.0 222.5
55.94506139610307 -3.188438195685151 S 55.94476139610307 -3.188438195685151 0.0 221.25
55.94476139610307 -3.188438195685151 N 55.94506139610307 -3.188438195685151 0.0 220.0
55.94506139610307 -3.188438195685151 SE 55.944849264068715 -3.188226063650795 0.0 218.75
55.944849264068715 -3.188226063650795 W 55.944849264068715 -3.1885260636507953 0.0 217.5
55.944849264068715 -3.1885260636507953 E 55.944849264068715 -3.188226063650795 0.0 216.25
55.944849264068715 -3.188226063650795 ENE 55.944964069098425 -3.1879488997910417 0.0 215.0
55.944964069098425 -3.1879488997910417 WSW 55.944849264068715 -3.188226063650795 0.0 213.75
55.944849264068715 -3.188226063650795 ENE 55.944964069098425 -3.1879488997910417 0.0 212.5
55.944964069098425 -3.1879488997910417 WSW 55.944849264068715 -3.188226063650795 0.0 211.25
55.944849264068715 -3.188226063650795 ENE 55.944964069098425 -3.1879488997910417 0.0 210.0
55.944964069098425 -3.1879488997910417 WSW 55.944849264068715 -3.188226063650795 0.0 208.75
55.944849264068715 -3.188226063650795 ENE 55.944964069098425 -3.1879488997910417 0.0 207.5
55.944964069098425 -3.1879488997910417 N 55.94526406909843 -3.1879488997910417 0.0 206.25
55.94526406909843 -3.1879488997910417 SSE 55.94498690523867 -3.187834094761332 0.0 205.0
55.94498690523867 -3.187834094761332 NNE 55.94526406909843 -3.1877192897316227 0.0 203.75
55.94526406909843 -3.1877192897316227 SW 55.94505193706407 -3.1879314217659784 0.0 202.5
55.94505193706407 -3.1879314217659784 NNE 55.94532910092383 -3.187816616736269 0.0 201.25
55.94532910092383 -3.187816616736269 E 55.94532910092383 -3.1875166167362687 0.0 200.0
55.94532910092383 -3.1875166167362687 WSW 55.94521429589412 -3.187793780596022 0.0 198.75
55.94521429589412 -3.187793780596022 ENE 55.94532910092383 -3.1875166167362687 0.0 197.5
55.94532910092383 -3.1875166167362687 WSW 55.94521429589412 -3.187793780596022 0.0 196.25
55.94521429589412 -3.187793780596022 ENE 55.94532910092383 -3.1875166167362687 0.0 195.0
55.94532910092383 -3.1875166167362687 ESE 55.94521429589412 -3.1872394528765153 0.0 193.75
55.94521429589412 -3.1872394528765153 WNW 55.94532910092383 -3.1875166167362687 0.0 192.5
55.94532910092383 -3.1875166167362687 ESE 55.94521429589412 -3.1872394528765153 0.0 191.25
55.94521429589412 -3.1872394528765153 WNW 55.94532910092383 -3.1875166167362687 0.0 190.0
55.94532910092383 -3.1875166167362687 ESE 55.94521429589412 -3.1872394528765153 0.0 188.75
55.94521429589412 -3.1872394528765153 NNE 55.945491459753875 -3.187124647846806 0.0 187.5
55.945491459753875 -3.187124647846806 SSW 55.94521429589412 -3.1872394528765153 0.0 186.25
55.94521429589412 -3.1872394528765153 NNE 55.945491459753875 -3.187124647846806 0.0 185.0
55.945491459753875 -3.187124647846806 SSW 55.94521429589412 -3.1872394528765153 0.0 183.75
55.94521429589412 -3.1872394528765153 NNE 55.945491459753875 -3.187124647846806 0.0 182.5
55.945491459753875 -3.187124647846806 SSW 55.94521429589412 -3.1872394528765153 0.0 181.25
55.94521429589412 -3.1872394528765153 N 55.94551429589412 -3.1872394528765153 0.0 180.0
55.94551429589412 -3.1872394528765153 S 55.94521429589412 -3.1872394528765153 0.0 178.75
55.94521429589412 -3.1872394528765153 N 55.94551429589412 -3.1872394528765153 0.0 177.5
55.94551429589412 -3.1872394528765153 NW 55.94572642792848 -3.187451584910871 0.0 176.25
55.94572642792848 -3.187451584910871 SE 55.94551429589412 -3.1872394528765153 0.0 175.0
55.94551429589412 -3.1872394528765153 E 55.94551429589412 -3.186939452876515 0.0 173.75
55.94551429589412 -3.186939452876515 WNW 55.94562910092383 -3.1872166167362685 0.0 172.5
55.94562910092383 -3.1872166167362685 ESE 55.94551429589412 -3.186939452876515 0.0 171.25
55.94551429589412 -3.186939452876515 NW 55.94572642792848 -3.187151584910871 0.0 170.0
55.94572642792848 -3.187151584910871 ESE 55.94561162289877 -3.1868744210511175 0.0 168.75
55.94561162289877 -3.1868744210511175 NW 55.94582375493312 -3.1870865530854733 0.0 167.5
55.94582375493312 -3.1870865530854733 SE 55.94561162289877 -3.1868744210511175 0.0 166.25
55.94561162289877 -3.1868744210511175 NE 55.94582375493312 -3.1866622890167617 0.0 165.0
55.94582375493312 -3.1866622890167617 SW 55.94561162289877 -3.1868744210511175 0.0 163.75
55.94561162289877 -3.1868744210511175 SSW 55.94533445903901 -3.186989226080827 0.0 162.5
55.94533445903901 -3.186989226080827 N 55.94563445903901 -3.186989226080827 0.0 161.25
55.94563445903901 -3.186989226080827 S 55.94533445903901 -3.186989226080827 0.0 160.0
55.94533445903901 -3.186989226080827 NE 55.94554659107337 -3.1867770940464712 0.0 158.75
55.94554659107337 -3.1867770940464712 SW 55.94533445903901 -3.186989226080827 0.0 157.5
55.94533445903901 -3.186989226080827 WNW 55.94544926406872 -3.1872663899405804 61.63816452026367 183.32928657531738
55.94544926406872 -3.1872663899405804 E 55.94544926406872 -3.1869663899405802 61.63816452026367 182.07928657531738
55.94544926406872 -3.1869663899405802 WSW 55.94533445903901 -3.1872435538003336 164.92287063598633 285.48607063293457
55.94533445903901 -3.1872435538003336 NW 55.94554659107337 -3.1874556858346894 224.53545761108398 364.8091068267822
55.94554659107337 -3.1874556858346894 SSE 55.94526942721361 -3.18734088080498 303.2358589172363 399.4614009857178
55.94526942721361 -3.18734088080498 NNW 55.94554659107337 -3.1874556858346894 303.2358589172363 398.2114009857178
55.94554659107337 -3.1874556858346894 SSE 55.94526942721361 -3.18734088080498 303.2358589172363 396.9614009857178
55.94526942721361 -3.18734088080498 NNW 55.94554659107337 -3.1874556858346894 303.2358589172363 395.7114009857178
55.94554659107337 -3.1874556858346894 ESE 55.945431786043656 -3.187178521974936 303.2358589172363 394.4614009857178
55.945431786043656 -3.187178521974936 WNW 55.94554659107337 -3.1874556858346894 303.2358589172363 393.2114009857178
55.94554659107337 -3.1874556858346894 WSW 55.945431786043656 -3.187732849694443 303.2358589172363 391.9614009857178
55.945431786043656 -3.187732849694443 NE 55.94564391807801 -3.187520717660087 303.2358589172363 390.7114009857178
55.94564391807801 -3.187520717660087 NNE 55.94592108193777 -3.1874059126303775 303.2358589172363 389.4614009857178
55.94592108193777 -3.1874059126303775 SSW 55.94564391807801 -3.187520717660087 303.2358589172363 388.2114009857178
55.94564391807801 -3.187520717660087 ESE 55.9455291130483 -3.1872435538003336 303.2358589172363 386.9614009857178
55.9455291130483 -3.1872435538003336 NNW 55.94580627690806 -3.187358358830043 393.4435615539551 421.45884132385254
55.94580627690806 -3.187358358830043 E 55.94580627690806 -3.187058358830043 393.4435615539551 420.20884132385254
55.94580627690806 -3.187058358830043 W 55.94580627690806 -3.187358358830043 393.4435615539551 418.95884132385254
55.94580627690806 -3.187358358830043 ENE 55.94592108193777 -3.1870811949702897 393.4435615539551 417.70884132385254
55.94592108193777 -3.1870811949702897 WSW 55.94580627690806 -3.187358358830043 393.4435615539551 416.45884132385254
55.94580627690806 -3.187358358830043 N 55.94610627690806 -3.187358358830043 393.4435615539551 415.20884132385254
55.94610627690806 -3.187358358830043 S 55.94580627690806 -3.187358358830043 393.4435615539551 413.95884132385254
55.94580627690806 -3.187358358830043 SE 55.9455941448737 -3.1871462267956874 393.4435615539551 412.70884132385254
55.9455941448737 -3.1871462267956874 NNE 55.94587130873346 -3.187031421765978 393.4435615539551 411.45884132385254
55.94587130873346 -3.187031421765978 SSW 55.9455941448737 -3.1871462267956874 393.4435615539551 410.20884132385254
55.9455941448737 -3.1871462267956874 NNE 55.94587130873346 -3.187031421765978 393.4435615539551 408.95884132385254
55.94587130873346 -3.187031421765978 N 55.94617130873346 -3.187031421765978 393.4435615539551 407.70884132385254
55.94617130873346 -3.187031421765978 SSW 55.945894144873705 -3.1871462267956874 393.4435615539551 406.45884132385254
55.945894144873705 -3.1871462267956874 NNE 55.94617130873346 -3.187031421765978 393.4435615539551 405.20884132385254
55.94617130873346 -3.187031421765978 SSW 55.945894144873705 -3.1871462267956874 393.4435615539551 403.95884132385254
55.945894144873705 -3.1871462267956874 NNE 55.94617130873346 -3.187031421765978 393.4435615539551 402.70884132385254
55.94617130873346 -3.187031421765978 SSW 55.945894144873705 -3.1871462267956874 393.4435615539551 401.45884132385254
55.945894144873705 -3.1871462267956874 NNE 55.94617130873346 -3.187031421765978 393.4435615539551 400.20884132385254
55.94617130873346 -3.187031421765978 SE 55.945959176699105 -3.186819289731622 393.4435615539551 398.95884132385254
55.945959176699105 -3.186819289731622 NW 55.94617130873346 -3.187031421765978 393.4435615539551 397.70884132385254
55.94617130873346 -3.187031421765978 SE 55.945959176699105 -3.186819289731622 393.4435615539551 396.45884132385254
55.945959176699105 -3.186819289731622 NW 55.94617130873346 -3.187031421765978 393.4435615539551 395.20884132385254
55.94617130873346 -3.187031421765978 SE 55.945959176699105 -3.186819289731622 393.4435615539551 393.95884132385254
55.945959176699105 -3.186819289731622 NW 55.94617130873346 -3.187031421765978 393.4435615539551 392.70884132385254
55.94617130873346 -3.187031421765978 S 55.94587130873346 -3.187031421765978 393.4435615539551 391.45884132385254
55.94587130873346 -3.187031421765978 NNE 55.946148472593215 -3.1869166167362684 393.4435615539551 390.20884132385254
55.946148472593215 -3.1869166167362684 E 55.946148472593215 -3.186616616736268 393.4435615539551 388.95884132385254
55.946148472593215 -3.186616616736268 WSW 55.946033667563505 -3.1868937805960216 393.4435615539551 387.70884132385254
55.946033667563505 -3.1868937805960216 ENE 55.946148472593215 -3.186616616736268 393.4435615539551 386.45884132385254
55.946148472593215 -3.186616616736268 WSW 55.946033667563505 -3.1868937805960216 393.4435615539551 385.20884132385254
55.946033667563505 -3.1868937805960216 ENE 55.946148472593215 -3.186616616736268 393.4435615539551 383.95884132385254
55.946148472593215 -3.186616616736268 E 55.946148472593215 -3.186316616736268 393.4435615539551 382.70884132385254
55.946148472593215 -3.186316616736268 W 55.946148472593215 -3.186616616736268 393.4435615539551 381.45884132385254
55.946148472593215 -3.186616616736268 E 55.946148472593215 -3.186316616736268 393.4435615539551 380.20884132385254
55.946148472593215 -3.186316616736268 SW 55.94593634055886 -3.1865287487706238 393.4435615539551 378.95884132385254
55.94593634055886 -3.1865287487706238 NE 55.946148472593215 -3.186316616736268 393.4435615539551 377.70884132385254
55.946148472593215 -3.186316616736268 SSW 55.94587130873346 -3.1864314217659775 393.4435615539551 376.45884132385254
55.94587130873346 -3.1864314217659775 NNE 55.946148472593215 -3.186316616736268 393.4435615539551 375.20884132385254
55.946148472593215 -3.186316616736268 SSW 55.94587130873346 -3.1864314217659775 393.4435615539551 373.95884132385254
55.94587130873346 -3.1864314217659775 N 55.94617130873346 -3.1864314217659775 412.03919410705566 457.097017288208
55.94617130873346 -3.1864314217659775 SSE 55.945894144873705 -3.186316616736268 505.5780735015869 577.2614002227783
55.945894144873705 -3.186316616736268 N 55.94619414487371 -3.186316616736268 505.5780735015869 576.0114002227783
55.94619414487371 -3.186316616736268 S 55.945894144873705 -3.186316616736268 505.5780735015869 574.7614002227783
55.945894144873705 -3.186316616736268 W 55.945894144873705 -3.186616616736268 505.5780735015869 573.5114002227783
55.945894144873705 -3.186616616736268 E 55.945894144873705 -3.186316616736268 505.5780735015869 572.2614002227783
55.945894144873705 -3.186316616736268 S 55.9455941448737 -3.186316616736268 505.5780735015869 571.0114002227783
55.9455941448737 -3.186316616736268 N 55.945894144873705 -3.186316616736268 505.5780735015869 569.7614002227783
55.945894144873705 -3.186316616736268 S 55.9455941448737 -3.186316616736268 505.5780735015869 568.5114002227783
55.9455941448737 -3.186316616736268 NNW 55.94587130873346 -3.1864314217659775 505.5780735015869 567.2614002227783
55.94587130873346 -3.1864314217659775 SSE 55.9455941448737 -3.186316616736268 505.5780735015869 566.0114002227783
55.9455941448737 -3.186316616736268 NW 55.94580627690806 -3.1865287487706238 505.5780735015869 564.7614002227783
55.94580627690806 -3.1865287487706238 SSE 55.9455291130483 -3.1864139437409142 505.5780735015869 563.5114002227783
55.9455291130483 -3.1864139437409142 NNW 55.94580627690806 -3.1865287487706238 505.5780735015869 562.2614002227783
55.94580627690806 -3.1865287487706238 SSE 55.9455291130483 -3.1864139437409142 505.5780735015869 561.0114002227783
55.9455291130483 -3.1864139437409142 SSE 55.945251949188545 -3.1862991387112047 588.5129261016846 621.2846927642822
55.945251949188545 -3.1862991387112047 NNW 55.9455291130483 -3.1864139437409142 588.5129261016846 620.0346927642822
55.9455291130483 -3.1864139437409142 ESE 55.94541430801859 -3.186136779881161 588.5129261016846 618.7846927642822
55.94541430801859 -3.186136779881161 WNW 55.9455291130483 -3.1864139437409142 588.5129261016846 617.5346927642822
55.9455291130483 -3.1864139437409142 SE 55.945316981013946 -3.1862018117065585 620.0055179595947 618.1899057626724
55.945316981013946 -3.1862018117065585 N 55.94561698101395 -3.1862018117065585 620.0055179595947 616.9399057626724
55.94561698101395 -3.1862018117065585 SSE 55.94533981715419 -3.186087006676849 620.0055179595947 615.6899057626724
55.94533981715419 -3.186087006676849 SSW 55.945062653294436 -3.1862018117065585 620.0055179595947 614.4399057626724
55.945062653294436 -3.1862018117065585 NE 55.94527478532879 -3.1859896796722027 620.0055179595947 613.1899057626724
55.94527478532879 -3.1859896796722027 SE 55.945062653294436 -3.185777547637847 620.0055179595947 611.9399057626724
55.945062653294436 -3.185777547637847 NW 55.94527478532879 -3.1859896796722027 620.0055179595947 610.6899057626724
55.94527478532879 -3.1859896796722027 SSE 55.944997621469035 -3.185874874642493 620.0055179595947 609.4399057626724
55.944997621469035 -3.185874874642493 N 55.94529762146904 -3.185874874642493 620.0055179595947 608.1899057626724
55.94529762146904 -3.185874874642493 S 55.944997621469035 -3.185874874642493 620.0055179595947 606.9399057626724
55.944997621469035 -3.185874874642493 ENE 55.945112426498746 -3.18559771078274 734.4542789459229 721.482149720192
55.945112426498746 -3.18559771078274 WSW 55.944997621469035 -3.185874874642493 734.4542789459229 720.232149720192
55.944997621469035 -3.185874874642493 WSW 55.944882816439325 -3.1861520385022466 734.4542789459229 718.982149720192
55.944882816439325 -3.1861520385022466 ENE 55.944997621469035 -3.185874874642493 734.4542789459229 717.732149720192
55.944997621469035 -3.185874874642493 NNE 55.94527478532879 -3.1857600696127837 734.4542789459229 716.482149720192
55.94527478532879 -3.1857600696127837 SSW 55.944997621469035 -3.185874874642493 734.4542789459229 715.232149720192
55.944997621469035 -3.185874874642493 ESE 55.944882816439325 -3.18559771078274 764.3837776184082 805.9733682870865
55.944882816439325 -3.18559771078274 W 55.944882816439325 -3.18589771078274 764.3837776184082 804.7233682870865
55.944882816439325 -3.18589771078274 NNE 55.94515998029908 -3.1857829057530305 764.3837776184082 803.4733682870865
55.94515998029908 -3.1857829057530305 SSW 55.944882816439325 -3.18589771078274 764.3837776184082 802.2233682870865
55.944882816439325 -3.18589771078274 W 55.944882816439325 -3.18619771078274 764.3837776184082 800.9733682870865
55.944882816439325 -3.18619771078274 ENE 55.944997621469035 -3.1859205469229868 764.3837776184082 799.7233682870865
55.944997621469035 -3.1859205469229868 W 55.944997621469035 -3.186220546922987 764.3837776184082 798.4733682870865
55.944997621469035 -3.186220546922987 E 55.944997621469035 -3.1859205469229868 764.3837776184082 797.2233682870865
55.944997621469035 -3.1859205469229868 N 55.94529762146904 -3.1859205469229868 764.3837776184082 795.9733682870865
55.94529762146904 -3.1859205469229868 S 55.944997621469035 -3.1859205469229868 764.3837776184082 794.7233682870865
55.944997621469035 -3.1859205469229868 NNW 55.94527478532879 -3.1860353519526963 764.3837776184082 793.4733682870865
55.94527478532879 -3.1860353519526963 SSW 55.944997621469035 -3.186150156982406 764.3837776184082 792.2233682870865
55.944997621469035 -3.186150156982406 NNE 55.94527478532879 -3.1860353519526963 764.3837776184082 790.9733682870865
55.94527478532879 -3.1860353519526963 SSW 55.944997621469035 -3.186150156982406 764.3837776184082 789.7233682870865
55.944997621469035 -3.186150156982406 N 55.94529762146904 -3.186150156982406 764.3837776184082 788.4733682870865
55.94529762146904 -3.186150156982406 SSW 55.94502045760928 -3.1862649620121153 767.0471594333649 843.7308489084244
55.94502045760928 -3.1862649620121153 NNW 55.94529762146904 -3.186379767041825 767.0471594333649 842.4808489084244
55.94529762146904 -3.186379767041825 SSE 55.94502045760928 -3.1862649620121153 767.0471594333649 841.2308489084244
55.94502045760928 -3.1862649620121153 NNW 55.94529762146904 -3.186379767041825 767.0471594333649 839.9808489084244
55.94529762146904 -3.186379767041825 SSE 55.94502045760928 -3.1862649620121153 767.0471594333649 838.7308489084244
55.94502045760928 -3.1862649620121153 NNW 55.94529762146904 -3.186379767041825 767.0471594333649 837.4808489084244
55.94529762146904 -3.186379767041825 ESE 55.94518281643933 -3.1861026031820714 767.0471594333649 836.2308489084244
55.94518281643933 -3.1861026031820714 WNW 55.94529762146904 -3.186379767041825 767.0471594333649 834.9808489084244
55.94529762146904 -3.186379767041825 E 55.94529762146904 -3.1860797670418246 767.0471594333649 833.7308489084244
55.94529762146904 -3.1860797670418246 W 55.94529762146904 -3.186379767041825 767.0471594333649 832.4808489084244
55.94529762146904 -3.186379767041825 ENE 55.94541242649875 -3.1861026031820714 767.0471594333649 831.2308489084244
55.94541242649875 -3.1861026031820714 WSW 55.94529762146904 -3.186379767041825 767.0471594333649 829.9808489084244
55.94529762146904 -3.186379767041825 S 55.944997621469035 -3.186379767041825 767.0471594333649 828.7308489084244
55.944997621469035 -3.186379767041825 N 55.94529762146904 -3.186379767041825 767.0471594333649 827.4808489084244
55.94529762146904 -3.186379767041825 WSW 55.94518281643933 -3.186656930901578 767.0471594333649 826.2308489084244
55.94518281643933 -3.186656930901578 ESE 55.94506801140962 -3.186379767041825 767.0471594333649 824.9808489084244
55.94506801140962 -3.186379767041825 WSW 55.94495320637991 -3.186656930901578 767.0471594333649 823.7308489084244
55.94495320637991 -3.186656930901578 NE 55.94516533841426 -3.1864447988672224 767.0471594333649 822.4808489084244
55.94516533841426 -3.1864447988672224 SW 55.94495320637991 -3.186656930901578 767.0471594333649 821.2308489084244
55.94495320637991 -3.186656930901578 N 55.94525320637991 -3.186656930901578 767.0471594333649 819.9808489084244
55.94525320637991 -3.186656930901578 S 55.94495320637991 -3.186656930901578 767.0471594333649 818.7308489084244
55.94495320637991 -3.186656930901578 N 55.94525320637991 -3.186656930901578 767.0471594333649 817.4808489084244
55.94525320637991 -3.186656930901578 S 55.94495320637991 -3.186656930901578 767.0471594333649 816.2308489084244
55.94495320637991 -3.186656930901578 ENE 55.94506801140962 -3.186379767041825 767.0471594333649 814.9808489084244
55.94506801140962 -3.186379767041825 SW 55.94485587937526 -3.1865918990761806 767.0471594333649 813.7308489084244
55.94485587937526 -3.1865918990761806 W 55.94485587937526 -3.1868918990761808 869.4392721652985 908.0841127634048
55.94485587937526 -3.1868918990761808 E 55.94485587937526 -3.1865918990761806 869.4392721652985 906.8341127634048
55.94485587937526 -3.1865918990761806 W 55.94485587937526 -3.1868918990761808 869.4392721652985 905.5841127634048
55.94485587937526 -3.1868918990761808 ESE 55.94474107434555 -3.1866147352164274 869.4392721652985 904.3341127634048
55.94474107434555 -3.1866147352164274 WNW 55.94485587937526 -3.1868918990761808 869.4392721652985 903.0841127634048
55.94485587937526 -3.1868918990761808 SE 55.944643747340905 -3.186679767041825 869.4392721652985 901.8341127634048
55.944643747340905 -3.186679767041825 S 55.9443437473409 -3.186679767041825 979.1738226413727 962.6223512887955
55.9443437473409 -3.186679767041825 N 55.944643747340905 -3.186679767041825 979.1738226413727 961.3723512887955
55.944643747340905 -3.186679767041825 SSW 55.94436658348115 -3.1867945720715345 979.1738226413727 960.1223512887955
55.94436658348115 -3.1867945720715345 NNE 55.944643747340905 -3.186679767041825 979.1738226413727 958.8723512887955
55.944643747340905 -3.186679767041825 SSW 55.94436658348115 -3.1867945720715345 979.1738226413727 957.6223512887955
55.94436658348115 -3.1867945720715345 NNE 55.944643747340905 -3.186679767041825 979.1738226413727 956.3723512887955
55.944643747340905 -3.186679767041825 WSW 55.944528942311194 -3.1869569309015784 1057.0711233615875 1007.7388902902603
55.944528942311194 -3.1869569309015784 W 55.944528942311194 -3.1872569309015786 1154.169405221939 1103.5550142526627
55.944528942311194 -3.1872569309015786 E 55.944528942311194 -3.1869569309015784 1154.169405221939 1102.3050142526627
55.944528942311194 -3.1869569309015784 NE 55.94474107434555 -3.1867447988672226 1154.169405221939 1101.0550142526627
55.94474107434555 -3.1867447988672226 SW 55.944528942311194 -3.1869569309015784 1154.169405221939 1099.8050142526627
55.944528942311194 -3.1869569309015784 SE 55.94431681027684 -3.1867447988672226 1154.169405221939 1098.5550142526627
55.94431681027684 -3.1867447988672226 NW 55.944528942311194 -3.1869569309015784 1154.169405221939 1097.3050142526627
55.944528942311194 -3.1869569309015784 SE 55.94431681027684 -3.1867447988672226 1154.169405221939 1096.0550142526627
55.94431681027684 -3.1867447988672226 NW 55.944528942311194 -3.1869569309015784 1154.169405221939 1094.8050142526627
55.944528942311194 -3.1869569309015784 ESE 55.944414137281484 -3.186679767041825 1154.169405221939 1093.5550142526627
55.944414137281484 -3.186679767041825 SSE 55.94413697342173 -3.1865649620121155 1154.169405221939 1092.3050142526627
55.94413697342173 -3.1865649620121155 W 55.94413697342173 -3.1868649620121157 1154.169405221939 1091.0550142526627
55.94413697342173 -3.1868649620121157 NE 55.944349105456084 -3.18665282997776 1154.169405221939 1089.8050142526627
55.944349105456084 -3.18665282997776 SW 55.94413697342173 -3.1868649620121157 1154.169405221939 1088.5550142526627
55.94413697342173 -3.1868649620121157 SSW 55.94385980956197 -3.186979767041825 1154.169405221939 1087.3050142526627
55.94385980956197 -3.186979767041825 NNE 55.94413697342173 -3.1868649620121157 1154.169405221939 1086.0550142526627
55.94413697342173 -3.1868649620121157 N 55.94443697342173 -3.1868649620121157 1154.169405221939 1084.8050142526627
55.94443697342173 -3.1868649620121157 S 55.94413697342173 -3.1868649620121157 1154.169405221939 1083.5550142526627
55.94413697342173 -3.1868649620121157 NNW 55.944414137281484 -3.186979767041825 1154.169405221939 1082.3050142526627
55.944414137281484 -3.186979767041825 SSE 55.94413697342173 -3.1868649620121157 1154.169405221939 1081.0550142526627
55.94413697342173 -3.1868649620121157 E 55.94413697342173 -3.1865649620121155 1154.169405221939 1079.8050142526627
55.94413697342173 -3.1865649620121155 WSW 55.94402216839202 -3.186842125871869 1154.169405221939 1078.5550142526627
55.94402216839202 -3.186842125871869 SE 55.94381003635766 -3.186629993837513 1163.1024858951569 1108.828127503395
55.94381003635766 -3.186629993837513 NW 55.94402216839202 -3.186842125871869 1163.1024858951569 1107.578127503395
55.94402216839202 -3.186842125871869 SSE 55.94374500453226 -3.1867273208421594 1163.1024858951569 1106.328127503395
55.94374500453226 -3.1867273208421594 NNW 55.94402216839202 -3.186842125871869 1163.1024858951569 1105.078127503395
55.94402216839202 -3.186842125871869 SE 55.94381003635766 -3.186629993837513 1163.1024858951569 1103.828127503395
55.94381003635766 -3.186629993837513 SW 55.943597904323305 -3.186842125871869 1163.1024858951569 1102.578127503395
55.943597904323305 -3.186842125871869 ENE 55.943712709353015 -3.1865649620121155 1163.1024858951569 1101.328127503395
55.943712709353015 -3.1865649620121155 ESE 55.943597904323305 -3.186287798152362 1163.1024858951569 1100.078127503395
55.943597904323305 -3.186287798152362 WNW 55.943712709353015 -3.1865649620121155 1163.1024858951569 1098.828127503395
55.943712709353015 -3.1865649620121155 SSE 55.94343554549326 -3.186450156982406 1239.864380121231 1152.3471742868423
55.94343554549326 -3.186450156982406 NNW 55.943712709353015 -3.1865649620121155 1239.864380121231 1151.0971742868423
55.943712709353015 -3.1865649620121155 ESE 55.943597904323305 -3.186287798152362 1239.864380121231 1149.8471742868423
55.943597904323305 -3.186287798152362 WSW 55.943483099293594 -3.1865649620121155 1239.864380121231 1148.5971742868423
