55.944425 -3.188396 SE 55.944212867965646 -3.1881838679656442 0.0 248.75
55.944212867965646 -3.1881838679656442 WSW 55.944098062935936 -3.1884610318253976 0.0 247.5
55.944098062935936 -3.1884610318253976 E 55.944098062935936 -3.1881610318253975 0.0 246.25
55.944098062935936 -3.1881610318253975 W 55.944098062935936 -3.1884610318253976 0.0 245.0
55.944098062935936 -3.1884610318253976 NW 55.94431019497029 -3.1886731638597534 0.0 243.75
55.94431019497029 -3.1886731638597534 SSE 55.944033031110536 -3.188558358830044 0.0 242.5
55.944033031110536 -3.188558358830044 ESE 55.943918226080825 -3.1882811949702905 0.0 241.25
55.943918226080825 -3.1882811949702905 SSW 55.94364106222107 -3.188396 0.0 240.0
55.94364106222107 -3.188396 NNW 55.943918226080825 -3.1885108050297095 0.0 238.75
55.943918226080825 -3.1885108050297095 S 55.94361822608082 -3.1885108050297095 0.0 237.5
55.94361822608082 -3.1885108050297095 SSE 55.943341062221066 -3.188396 0.0 236.25
55.943341062221066 -3.188396 NNW 55.94361822608082 -3.1885108050297095 0.0 235.0
55.94361822608082 -3.1885108050297095 SE 55.943406094046466 -3.1882986729953537 0.0 233.75
55.943406094046466 -3.1882986729953537 NNW 55.94368325790622 -3.1884134780250633 0.0 232.5
55.94368325790622 -3.1884134780250633 SSE 55.943406094046466 -3.1882986729953537 0.0 231.25
55.943406094046466 -3.1882986729953537 NE 55.94361822608082 -3.188086540960998 0.0 230.0
55.94361822608082 -3.188086540960998 SSE 55.943341062221066 -3.1879717359312885 0.0 228.75
55.943341062221066 -3.1879717359312885 NE 55.94355319425542 -3.1877596038969327 0.0 227.5
55.94355319425542 -3.1877596038969327 SSW 55.943276030395666 -3.187874408926642 0.0 226.25
55.943276030395666 -3.187874408926642 SW 55.94306389836131 -3.188086540960998 0.0 225.0
55.94306389836131 -3.188086540960998 NW 55.943276030395666 -3.1882986729953537 0.0 223.75
55.943276030395666 -3.1882986729953537 S 55.94297603039566 -3.1882986729953537 0.0 222.5
55.94297603039566 -3.1882986729953537 SSE 55.942698866535906 -3.1881838679656442 0.0 221.25
55.942698866535906 -3.1881838679656442 ENE 55.94281367156562 -3.187906704105891 0.0 220.0
55.94281367156562 -3.187906704105891 N 55.94311367156562 -3.187906704105891 0.0 218.75
55.94311367156562 -3.187906704105891 SE 55.94290153953126 -3.187694572071535 0.0 217.5
55.94290153953126 -3.187694572071535 E 55.94290153953126 -3.187394572071535 0.0 216.25
55.94290153953126 -3.187394572071535 NNE 55.94317870339102 -3.1872797670418254 0.0 215.0
55.94317870339102 -3.1872797670418254 NW 55.943390835425376 -3.187491899076181 0.0 213.75
55.943390835425376 -3.187491899076181 SE 55.94317870339102 -3.1872797670418254 0.0 212.5
55.94317870339102 -3.1872797670418254 NE 55.943390835425376 -3.1870676350074696 0.0 211.25
55.943390835425376 -3.1870676350074696 NNW 55.94366799928513 -3.187182440037179 32.386714935302734 224.75948810577393
55.94366799928513 -3.187182440037179 E 55.94366799928513 -3.186882440037179 32.386714935302734 223.50948810577393
55.94366799928513 -3.186882440037179 W 55.94366799928513 -3.187182440037179 32.386714935302734 222.25948810577393
55.94366799928513 -3.187182440037179 ENE 55.94378280431484 -3.1869052761774257 32.386714935302734 221.00948810577393
55.94378280431484 -3.1869052761774257 W 55.94378280431484 -3.187205276177426 32.386714935302734 219.75948810577393
55.94378280431484 -3.187205276177426 SW 55.94357067228049 -3.1874174082117817 32.386714935302734 218.50948810577393
55.94357067228049 -3.1874174082117817 WNW 55.9436854773102 -3.187694572071535 32.386714935302734 217.25948810577393
55.9436854773102 -3.187694572071535 N 55.9439854773102 -3.187694572071535 32.386714935302734 216.00948810577393
55.9439854773102 -3.187694572071535 N 55.9442854773102 -3.187694572071535 32.386714935302734 214.75948810577393
55.9442854773102 -3.187694572071535 SSW 55.944008313450446 -3.1878093771012446 32.386714935302734 213.50948810577393
55.944008313450446 -3.1878093771012446 N 55.94430831345045 -3.1878093771012446 32.386714935302734 212.25948810577393
55.94430831345045 -3.1878093771012446 S 55.944008313450446 -3.1878093771012446 32.386714935302734 211.00948810577393
55.944008313450446 -3.1878093771012446 SW 55.94379618141609 -3.1880215091356003 32.386714935302734 209.75948810577393
55.94379618141609 -3.1880215091356003 NNW 55.94407334527585 -3.18813631416531 32.386714935302734 208.50948810577393
55.94407334527585 -3.18813631416531 WNW 55.94418815030556 -3.1884134780250633 32.386714935302734 207.25948810577393
55.94418815030556 -3.1884134780250633 ENE 55.94430295533527 -3.18813631416531 32.386714935302734 206.00948810577393
55.94430295533527 -3.18813631416531 E 55.94430295533527 -3.1878363141653097 32.386714935302734 204.75948810577393
55.94430295533527 -3.1878363141653097 N 55.94460295533527 -3.1878363141653097 32.386714935302734 203.50948810577393
55.94460295533527 -3.1878363141653097 WNW 55.94471776036498 -3.188113478025063 32.386714935302734 202.25948810577393
55.94471776036498 -3.188113478025063 E 55.94471776036498 -3.187813478025063 32.386714935302734 201.00948810577393
55.94471776036498 -3.187813478025063 SE 55.944505628330624 -3.187601345990707 32.386714935302734 199.75948810577393
55.944505628330624 -3.187601345990707 ESE 55.944390823300914 -3.1873241821309537 32.386714935302734 198.50948810577393
55.944390823300914 -3.1873241821309537 NNE 55.94466798716067 -3.187209377101244 32.386714935302734 197.25948810577393
55.94466798716067 -3.187209377101244 SSW 55.944390823300914 -3.1873241821309537 32.386714935302734 196.00948810577393
55.944390823300914 -3.1873241821309537 NNE 55.94466798716067 -3.187209377101244 32.386714935302734 194.75948810577393
55.94466798716067 -3.187209377101244 SSW 55.944390823300914 -3.1873241821309537 32.386714935302734 193.50948810577393
55.944390823300914 -3.1873241821309537 NNE 55.94466798716067 -3.187209377101244 32.386714935302734 192.25948810577393
55.94466798716067 -3.187209377101244 E 55.94466798716067 -3.186909377101244 32.386714935302734 191.00948810577393
55.94466798716067 -3.186909377101244 NE 55.94488011919503 -3.1866972450668882 32.386714935302734 189.75948810577393
55.94488011919503 -3.1866972450668882 NNW 55.94515728305478 -3.1868120500965977 32.386714935302734 188.50948810577393
55.94515728305478 -3.1868120500965977 ESE 55.94504247802507 -3.1865348862368443 32.386714935302734 187.25948810577393
55.94504247802507 -3.1865348862368443 W 55.94504247802507 -3.1868348862368445 32.386714935302734 186.00948810577393
55.94504247802507 -3.1868348862368445 N 55.945342478025076 -3.1868348862368445 32.386714935302734 184.75948810577393
55.945342478025076 -3.1868348862368445 S 55.94504247802507 -3.1868348862368445 32.386714935302734 183.50948810577393
55.94504247802507 -3.1868348862368445 W 55.94504247802507 -3.1871348862368447 32.386714935302734 182.25948810577393
55.94504247802507 -3.1871348862368447 WSW 55.94492767299536 -3.187412050096598 117.03342056274414 303.421498298645
55.94492767299536 -3.187412050096598 N 55.945227672995365 -3.187412050096598 117.03342056274414 302.171498298645
55.945227672995365 -3.187412050096598 E 55.945227672995365 -3.187112050096598 117.03342056274414 300.921498298645
55.945227672995365 -3.187112050096598 NW 55.94543980502972 -3.1873241821309537 117.03342056274414 299.671498298645
55.94543980502972 -3.1873241821309537 SSW 55.945162641169965 -3.187438987160663 117.03342056274414 298.421498298645
55.945162641169965 -3.187438987160663 N 55.94546264116997 -3.187438987160663 117.03342056274414 297.171498298645
55.94546264116997 -3.187438987160663 NNW 55.945739805029724 -3.1875537921903727 117.03342056274414 295.921498298645
55.945739805029724 -3.1875537921903727 NW 55.94595193706408 -3.1877659242247285 117.03342056274414 294.671498298645
55.94595193706408 -3.1877659242247285 WSW 55.94583713203437 -3.188043088084482 117.03342056274414 293.421498298645
55.94583713203437 -3.188043088084482 NNE 55.94611429589413 -3.1879282830547724 117.03342056274414 292.171498298645
55.94611429589413 -3.1879282830547724 ESE 55.945999490864416 -3.187651119195019 117.03342056274414 290.921498298645
55.945999490864416 -3.187651119195019 NW 55.94621162289877 -3.1878632512293748 117.03342056274414 289.671498298645
55.94621162289877 -3.1878632512293748 E 55.94621162289877 -3.1875632512293746 117.03342056274414 288.421498298645
55.94621162289877 -3.1875632512293746 SSE 55.945934459039016 -3.187448446199665 117.03342056274414 287.171498298645
55.945934459039016 -3.187448446199665 E 55.945934459039016 -3.187148446199665 140.15667915344238 346.5220727920532
55.945934459039016 -3.187148446199665 SW 55.94572232700466 -3.1873605782340206 168.587797164917 467.3064661026001
55.94572232700466 -3.1873605782340206 NE 55.945934459039016 -3.187148446199665 168.587797164917 466.0564661026001
55.945934459039016 -3.187148446199665 E 55.945934459039016 -3.1868484461996647 168.587797164917 464.8064661026001
55.945934459039016 -3.1868484461996647 SE 55.94572232700466 -3.186636314165309 168.587797164917 463.5564661026001
55.94572232700466 -3.186636314165309 NW 55.945934459039016 -3.1868484461996647 168.587797164917 462.3064661026001
55.945934459039016 -3.1868484461996647 ESE 55.945819654009306 -3.1865712823399113 168.587797164917 461.0564661026001
55.945819654009306 -3.1865712823399113 NNW 55.94609681786906 -3.186686087369621 168.587797164917 459.8064661026001
55.94609681786906 -3.186686087369621 E 55.94609681786906 -3.1863860873696206 168.587797164917 458.5564661026001
55.94609681786906 -3.1863860873696206 ESE 55.94598201283935 -3.186108923509867 168.587797164917 457.3064661026001
55.94598201283935 -3.186108923509867 WNW 55.94609681786906 -3.1863860873696206 168.587797164917 456.0564661026001
55.94609681786906 -3.1863860873696206 SW 55.945884685834706 -3.1865982194039764 168.587797164917 454.8064661026001
55.945884685834706 -3.1865982194039764 NE 55.94609681786906 -3.1863860873696206 168.587797164917 453.5564661026001
55.94609681786906 -3.1863860873696206 ESE 55.94598201283935 -3.186108923509867 168.587797164917 452.3064661026001
55.94598201283935 -3.186108923509867 W 55.94598201283935 -3.1864089235098674 168.587797164917 451.0564661026001
55.94598201283935 -3.1864089235098674 NW 55.94619414487371 -3.186621055544223 168.587797164917 449.8064661026001
55.94619414487371 -3.186621055544223 E 55.94619414487371 -3.186321055544223 168.587797164917 448.5564661026001
55.94619414487371 -3.186321055544223 SE 55.94598201283935 -3.186108923509867 168.587797164917 447.3064661026001
55.94598201283935 -3.186108923509867 WNW 55.94609681786906 -3.1863860873696206 168.587797164917 446.0564661026001
55.94609681786906 -3.1863860873696206 ESE 55.94598201283935 -3.186108923509867 168.587797164917 444.8064661026001
55.94598201283935 -3.186108923509867 WSW 55.94586720780964 -3.1863860873696206 168.587797164917 443.5564661026001
55.94586720780964 -3.1863860873696206 SE 55.945655075775285 -3.186173955335265 168.587797164917 442.3064661026001
55.945655075775285 -3.186173955335265 ESE 55.945540270745575 -3.1858967914755114 168.587797164917 441.0564661026001
55.945540270745575 -3.1858967914755114 WNW 55.945655075775285 -3.186173955335265 168.587797164917 439.8064661026001
55.945655075775285 -3.186173955335265 ESE 55.945540270745575 -3.1858967914755114 168.587797164917 438.5564661026001
55.945540270745575 -3.1858967914755114 NW 55.94575240277993 -3.186108923509867 168.587797164917 437.3064661026001
55.94575240277993 -3.186108923509867 SE 55.945540270745575 -3.1858967914755114 168.587797164917 436.0564661026001
55.945540270745575 -3.1858967914755114 SSE 55.94526310688582 -3.185781986445802 168.587797164917 434.8064661026001
55.94526310688582 -3.185781986445802 NW 55.945475238920174 -3.1859941184801577 168.587797164917 433.5564661026001
55.945475238920174 -3.1859941184801577 S 55.94517523892017 -3.1859941184801577 168.587797164917 432.3064661026001
55.94517523892017 -3.1859941184801577 NW 55.94538737095453 -3.1862062505145134 168.587797164917 431.0564661026001
55.94538737095453 -3.1862062505145134 WNW 55.94550217598424 -3.186483414374267 168.587797164917 429.8064661026001
55.94550217598424 -3.186483414374267 NNW 55.945779339843995 -3.1865982194039764 168.587797164917 428.5564661026001
55.945779339843995 -3.1865982194039764 SSE 55.94550217598424 -3.186483414374267 168.587797164917 427.3064661026001
55.94550217598424 -3.186483414374267 SSE 55.94522501212448 -3.1863686093445573 168.587797164917 426.0564661026001
55.94522501212448 -3.1863686093445573 W 55.94522501212448 -3.1866686093445575 168.587797164917 424.8064661026001
55.94522501212448 -3.1866686093445575 ESE 55.94511020709477 -3.186391445484804 168.587797164917 423.5564661026001
55.94511020709477 -3.186391445484804 ESE 55.94499540206506 -3.1861142816250507 168.587797164917 422.3064661026001
55.94499540206506 -3.1861142816250507 SW 55.944783270030705 -3.1863264136594065 168.587797164917 421.0564661026001
55.944783270030705 -3.1863264136594065 E 55.944783270030705 -3.1860264136594063 168.587797164917 419.8064661026001
55.944783270030705 -3.1860264136594063 E 55.944783270030705 -3.185726413659406 168.587797164917 418.5564661026001
55.944783270030705 -3.185726413659406 NW 55.94499540206506 -3.185938545693762 168.587797164917 417.3064661026001
55.94499540206506 -3.185938545693762 SE 55.944783270030705 -3.185726413659406 168.587797164917 416.0564661026001
55.944783270030705 -3.185726413659406 NW 55.94499540206506 -3.185938545693762 168.587797164917 414.8064661026001
55.94499540206506 -3.185938545693762 SE 55.944783270030705 -3.185726413659406 168.587797164917 413.5564661026001
55.944783270030705 -3.185726413659406 NW 55.94499540206506 -3.185938545693762 168.587797164917 412.3064661026001
55.94499540206506 -3.185938545693762 N 55.945295402065064 -3.185938545693762 168.587797164917 411.0564661026001
55.945295402065064 -3.185938545693762 ESE 55.94518059703535 -3.1856613818340085 168.587797164917 409.8064661026001
55.94518059703535 -3.1856613818340085 NNE 55.94545776089511 -3.185546576804299 168.587797164917 408.5564661026001
55.94545776089511 -3.185546576804299 E 55.94545776089511 -3.185246576804299 168.587797164917 407.3064661026001
55.94545776089511 -3.185246576804299 W 55.94545776089511 -3.185546576804299 168.587797164917 406.0564661026001
55.94545776089511 -3.185546576804299 ESE 55.9453429558654 -3.1852694129445456 168.587797164917 404.8064661026001
55.9453429558654 -3.1852694129445456 ENE 55.94545776089511 -3.184992249084792 168.587797164917 403.5564661026001
55.94545776089511 -3.184992249084792 WSW 55.9453429558654 -3.1852694129445456 168.587797164917 402.3064661026001
55.9453429558654 -3.1852694129445456 SSE 55.94506579200564 -3.185154607914836 168.587797164917 401.0564661026001
55.94506579200564 -3.185154607914836 NNE 55.9453429558654 -3.1850398028851266 168.587797164917 399.8064661026001
55.9453429558654 -3.1850398028851266 NNW 55.945620119725156 -3.185154607914836 168.587797164917 398.5564661026001
55.945620119725156 -3.185154607914836 ENE 55.945734924754866 -3.1848774440550827 168.587797164917 397.3064661026001
55.945734924754866 -3.1848774440550827 SSW 55.94545776089511 -3.184992249084792 168.587797164917 396.0564661026001
55.94545776089511 -3.184992249084792 NNE 55.945734924754866 -3.1848774440550827 168.587797164917 394.8064661026001
55.945734924754866 -3.1848774440550827 NNW 55.94601208861462 -3.184992249084792 168.587797164917 393.5564661026001
55.94601208861462 -3.184992249084792 WNW 55.94612689364433 -3.1852694129445456 168.587797164917 392.3064661026001
55.94612689364433 -3.1852694129445456 SSW 55.94584972978458 -3.185384217974255 168.587797164917 391.0564661026001
55.94584972978458 -3.185384217974255 SW 55.94563759775022 -3.185596350008611 168.587797164917 389.8064661026001
55.94563759775022 -3.185596350008611 SSE 55.945360433890464 -3.1854815449789013 168.587797164917 388.5564661026001
55.945360433890464 -3.1854815449789013 NNW 55.94563759775022 -3.185596350008611 168.587797164917 387.3064661026001
55.94563759775022 -3.185596350008611 NNE 55.94591476160998 -3.1854815449789013 168.587797164917 386.0564661026001
55.94591476160998 -3.1854815449789013 NW 55.94612689364433 -3.185693677013257 168.587797164917 384.8064661026001
55.94612689364433 -3.185693677013257 WSW 55.94601208861462 -3.1859708408730105 168.587797164917 383.5564661026001
55.94601208861462 -3.1859708408730105 ENE 55.94612689364433 -3.185693677013257 168.587797164917 382.3064661026001
55.94612689364433 -3.185693677013257 W 55.94612689364433 -3.1859936770132573 168.587797164917 381.0564661026001
55.94612689364433 -3.1859936770132573 WSW 55.94601208861462 -3.1862708408730107 168.587797164917 379.8064661026001
55.94601208861462 -3.1862708408730107 SSE 55.945734924754866 -3.186156035843301 168.587797164917 378.5564661026001
55.945734924754866 -3.186156035843301 SW 55.94552279272051 -3.186368167877657 168.587797164917 377.3064661026001
55.94552279272051 -3.186368167877657 SSW 55.945245628860754 -3.1864829729073665 168.587797164917 376.0564661026001
55.945245628860754 -3.1864829729073665 S 55.94494562886075 -3.1864829729073665 168.587797164917 374.8064661026001
55.94494562886075 -3.1864829729073665 S 55.94464562886075 -3.1864829729073665 168.587797164917 373.5564661026001
55.94464562886075 -3.1864829729073665 ESE 55.94453082383104 -3.186205809047613 168.587797164917 372.3064661026001
55.94453082383104 -3.186205809047613 W 55.94453082383104 -3.1865058090476133 168.587797164917 371.0564661026001
55.94453082383104 -3.1865058090476133 E 55.94453082383104 -3.186205809047613 168.587797164917 369.8064661026001
55.94453082383104 -3.186205809047613 S 55.944230823831035 -3.186205809047613 256.5871868133545 421.37997913360596
55.944230823831035 -3.186205809047613 SE 55.94401869179668 -3.1859936770132573 323.5658321380615 501.6037187576294
55.94401869179668 -3.1859936770132573 E 55.94401869179668 -3.185693677013257 323.5658321380615 500.3537187576294
55.94401869179668 -3.185693677013257 WSW 55.94390388676697 -3.1859708408730105 323.5658321380615 499.1037187576294
55.94390388676697 -3.1859708408730105 W 55.94390388676697 -3.1862708408730107 323.5658321380615 497.8537187576294
55.94390388676697 -3.1862708408730107 SE 55.94369175473261 -3.186058708838655 323.5658321380615 496.6037187576294
55.94369175473261 -3.186058708838655 NW 55.94390388676697 -3.1862708408730107 323.5658321380615 495.3537187576294
55.94390388676697 -3.1862708408730107 SSE 55.94362672290721 -3.186156035843301 323.5658321380615 494.1037187576294
55.94362672290721 -3.186156035843301 NW 55.94383885494157 -3.186368167877657 323.5658321380615 492.8537187576294
55.94383885494157 -3.186368167877657 NE 55.944050986975924 -3.186156035843301 323.5658321380615 491.6037187576294
55.944050986975924 -3.186156035843301 SW 55.94383885494157 -3.186368167877657 323.5658321380615 490.3537187576294
55.94383885494157 -3.186368167877657 N 55.94413885494157 -3.186368167877657 323.5658321380615 489.1037187576294
55.94413885494157 -3.186368167877657 SSE 55.943861691081814 -3.1862533628479475 323.5658321380615 487.8537187576294
55.943861691081814 -3.1862533628479475 NNE 55.94413885494157 -3.186138557818238 323.5658321380615 486.6037187576294
55.94413885494157 -3.186138557818238 SSE 55.943861691081814 -3.1860237527885285 323.5658321380615 485.3537187576294
55.943861691081814 -3.1860237527885285 SSE 55.94358452722206 -3.185908947758819 323.5658321380615 484.1037187576294
55.94358452722206 -3.185908947758819 WSW 55.94346972219235 -3.1861861116185723 323.5658321380615 482.8537187576294
55.94346972219235 -3.1861861116185723 S 55.943169722192344 -3.1861861116185723 323.5658321380615 481.6037187576294
55.943169722192344 -3.1861861116185723 NE 55.9433818542267 -3.1859739795842166 323.5658321380615 480.3537187576294
55.9433818542267 -3.1859739795842166 SW 55.943169722192344 -3.1861861116185723 323.5658321380615 479.1037187576294
55.943169722192344 -3.1861861116185723 NE 55.9433818542267 -3.1859739795842166 323.5658321380615 477.8537187576294
55.9433818542267 -3.1859739795842166 NE 55.94359398626106 -3.185761847549861 323.5658321380615 476.6037187576294
55.94359398626106 -3.185761847549861 SSE 55.9433168224013 -3.1856470425201513 323.5658321380615 475.3537187576294
55.9433168224013 -3.1856470425201513 ENE 55.94343162743101 -3.185369878660398 323.5658321380615 474.1037187576294
55.94343162743101 -3.185369878660398 SSW 55.943154463571254 -3.1854846836901074 338.41624450683594 503.82720279693604
55.943154463571254 -3.1854846836901074 SSW 55.9428772997115 -3.185599488719817 338.41624450683594 502.57720279693604
55.9428772997115 -3.185599488719817 SE 55.94266516767714 -3.185387356685461 362.25554847717285 582.5772790908813
55.94266516767714 -3.185387356685461 WNW 55.94277997270685 -3.1856645205452145 362.25554847717285 581.3272790908813
55.94277997270685 -3.1856645205452145 WSW 55.94266516767714 -3.185941684404968 405.9622631072998 640.7297410964966
55.94266516767714 -3.185941684404968 NNE 55.9429423315369 -3.1858268793752584 439.2367534637451 741.6637239456177
55.9429423315369 -3.1858268793752584 NE 55.943154463571254 -3.1856147473409027 439.2367534637451 740.4137239456177
55.943154463571254 -3.1856147473409027 WSW 55.943039658541544 -3.185891911200656 439.2367534637451 739.1637239456177
55.943039658541544 -3.185891911200656 SW 55.94282752650719 -3.186104043235012 439.2367534637451 737.9137239456177
55.94282752650719 -3.186104043235012 W 55.94282752650719 -3.186404043235012 462.8703804016113 748.1834096908569
55.94282752650719 -3.186404043235012 E 55.94282752650719 -3.186104043235012 462.8703804016113 746.9334096908569
55.94282752650719 -3.186104043235012 NW 55.943039658541544 -3.1863161752693676 462.8703804016113 745.6834096908569
55.943039658541544 -3.1863161752693676 SE 55.94282752650719 -3.186104043235012 462.8703804016113 744.4334096908569
55.94282752650719 -3.186104043235012 NW 55.943039658541544 -3.1863161752693676 462.8703804016113 743.1834096908569
55.943039658541544 -3.1863161752693676 N 55.94333965854155 -3.1863161752693676 462.8703804016113 741.9334096908569
55.94333965854155 -3.1863161752693676 S 55.943039658541544 -3.1863161752693676 462.8703804016113 740.6834096908569
55.943039658541544 -3.1863161752693676 SSW 55.94276249468179 -3.186430980299077 468.5043091773987 840.0192861557007
55.94276249468179 -3.186430980299077 ESE 55.94264768965208 -3.1861538164393237 468.5043091773987 838.7692861557007
55.94264768965208 -3.1861538164393237 W 55.94264768965208 -3.186453816439324 468.5043091773987 837.5192861557007
55.94264768965208 -3.186453816439324 W 55.94264768965208 -3.186753816439324 468.5043091773987 836.2692861557007
55.94264768965208 -3.186753816439324 W 55.94264768965208 -3.1870538164393243 468.5043091773987 835.0192861557007
55.94264768965208 -3.1870538164393243 NNE 55.94292485351183 -3.1869390114096148 468.5043091773987 833.7692861557007
55.94292485351183 -3.1869390114096148 N 55.943224853511836 -3.1869390114096148 468.5043091773987 832.5192861557007
55.943224853511836 -3.1869390114096148 ENE 55.94333965854155 -3.1866618475498614 468.5043091773987 831.2692861557007
55.94333965854155 -3.1866618475498614 NNW 55.9436168224013 -3.186776652579571 468.5043091773987 830.0192861557007
55.9436168224013 -3.186776652579571 N 55.943916822401306 -3.186776652579571 491.79224824905396 874.5386075973511
55.943916822401306 -3.186776652579571 SW 55.94370469036695 -3.1869887846139267 491.79224824905396 873.2886075973511
55.94370469036695 -3.1869887846139267 NE 55.943916822401306 -3.186776652579571 491.79224824905396 872.0386075973511
55.943916822401306 -3.186776652579571 N 55.94421682240131 -3.186776652579571 491.79224824905396 870.7886075973511
55.94421682240131 -3.186776652579571 ESE 55.9441020173716 -3.1864994887198175 491.79224824905396 869.5386075973511
55.9441020173716 -3.1864994887198175 NW 55.944314149405955 -3.1867116207541732 491.79224824905396 868.2886075973511
55.944314149405955 -3.1867116207541732 WNW 55.944428954435665 -3.1869887846139267 491.79224824905396 867.0386075973511
55.944428954435665 -3.1869887846139267 SSW 55.94415179057591 -3.187103589643636 491.79224824905396 865.7886075973511
55.94415179057591 -3.187103589643636 NNE 55.944428954435665 -3.1869887846139267 491.79224824905396 864.5386075973511
55.944428954435665 -3.1869887846139267 SSW 55.94415179057591 -3.187103589643636 491.79224824905396 863.2886075973511
55.94415179057591 -3.187103589643636 NW 55.944363922610265 -3.187315721677992 491.79224824905396 862.0386075973511
55.944363922610265 -3.187315721677992 SW 55.94415179057591 -3.1875278537123477 491.79224824905396 860.7886075973511
55.94415179057591 -3.1875278537123477 N 55.94445179057591 -3.1875278537123477 491.79224824905396 859.5386075973511
55.94445179057591 -3.1875278537123477 S 55.94415179057591 -3.1875278537123477 491.79224824905396 858.2886075973511
55.94415179057591 -3.1875278537123477 NW 55.944363922610265 -3.1877399857467035 491.79224824905396 857.0386075973511
55.944363922610265 -3.1877399857467035 NW 55.94457605464462 -3.1879521177810592 491.79224824905396 855.7886075973511
55.94457605464462 -3.1879521177810592 WNW 55.94469085967433 -3.1882292816408127 491.79224824905396 854.5386075973511
55.94469085967433 -3.1882292816408127 WNW 55.94480566470404 -3.188506445500566 584.5933423042297 863.3092966079712
55.94480566470404 -3.188506445500566 SE 55.944593532669685 -3.1882943134662103 584.5933423042297 862.0592966079712
55.944593532669685 -3.1882943134662103 W 55.944593532669685 -3.1885943134662105 584.5933423042297 860.8092966079712
55.944593532669685 -3.1885943134662105 ESE 55.944478727639975 -3.188317149606457 584.5933423042297 859.5592966079712
55.944478727639975 -3.188317149606457 W 55.944478727639975 -3.1886171496064573 584.5933423042297 858.3092966079712
55.944478727639975 -3.1886171496064573 ENE 55.944593532669685 -3.188339985746704 584.5933423042297 857.0592966079712
55.944593532669685 -3.188339985746704 WSW 55.944478727639975 -3.1886171496064573 584.5933423042297 855.8092966079712
55.944478727639975 -3.1886171496064573 WSW 55.944363922610265 -3.1888943134662107 584.5933423042297 854.5592966079712
55.944363922610265 -3.1888943134662107 ENE 55.944478727639975 -3.1886171496064573 584.5933423042297 853.3092966079712
55.944478727639975 -3.1886171496064573 W 55.944478727639975 -3.1889171496064574 584.5933423042297 852.0592966079712
55.944478727639975 -3.1889171496064574 ESE 55.944363922610265 -3.188639985746704 584.5933423042297 850.8092966079712
55.944363922610265 -3.188639985746704 WNW 55.944478727639975 -3.1889171496064574 584.5933423042297 849.5592966079712
55.944478727639975 -3.1889171496064574 W 55.944478727639975 -3.1892171496064576 584.5933423042297 848.3092966079712
55.944478727639975 -3.1892171496064576 WSW 55.944363922610265 -3.189494313466211 584.5933423042297 847.0592966079712
55.944363922610265 -3.189494313466211 ESE 55.944249117580554 -3.1892171496064576 584.5933423042297 845.8092966079712
55.944249117580554 -3.1892171496064576 W 55.944249117580554 -3.189517149606458 584.5933423042297 844.5592966079712
55.944249117580554 -3.189517149606458 SSE 55.9439719537208 -3.1894023445767483 584.5933423042297 843.3092966079712
55.9439719537208 -3.1894023445767483 NW 55.944184085755154 -3.189614476611104 584.5933423042297 842.0592966079712
55.944184085755154 -3.189614476611104 WSW 55.944069280725444 -3.1898916404708575 584.5933423042297 840.8092966079712
55.944069280725444 -3.1898916404708575 NNE 55.9443464445852 -3.189776835441148 584.5933423042297 839.5592966079712
55.9443464445852 -3.189776835441148 SW 55.944134312550844 -3.1899889674755038 584.5933423042297 838.3092966079712
55.944134312550844 -3.1899889674755038 NNE 55.9444114764106 -3.1898741624457942 673.7082715034485 868.8456201553345
55.9444114764106 -3.1898741624457942 WNW 55.94452628144031 -3.1901513263055477 673.7082715034485 867.5956201553345
55.94452628144031 -3.1901513263055477 E 55.94452628144031 -3.1898513263055475 673.7082715034485 866.3456201553345
