55.944425 -3.188396 E 55.944425 -3.188096 0.0 248.75
55.944425 -3.188096 WNW 55.94453980502971 -3.1883731638597532 0.0 247.5
55.94453980502971 -3.1883731638597532 SE 55.94432767299536 -3.1881610318253975 0.0 246.25
55.94432767299536 -3.1881610318253975 NW 55.94453980502971 -3.1883731638597532 0.0 245.0
55.94453980502971 -3.1883731638597532 SSE 55.944262641169956 -3.1882583588300437 0.0 243.75
55.944262641169956 -3.1882583588300437 NNW 55.94453980502971 -3.1883731638597532 0.0 242.5
55.94453980502971 -3.1883731638597532 SSE 55.944262641169956 -3.1882583588300437 0.0 241.25
55.944262641169956 -3.1882583588300437 NNW 55.94453980502971 -3.1883731638597532 0.0 240.0
55.94453980502971 -3.1883731638597532 ESE 55.944425 -3.188096 0.0 238.75
55.944425 -3.188096 WNW 55.94453980502971 -3.1883731638597532 0.0 237.5
55.94453980502971 -3.1883731638597532 ESE 55.944425 -3.188096 0.0 236.25
55.944425 -3.188096 NW 55.94463713203436 -3.1883081320343556 0.0 235.0
55.94463713203436 -3.1883081320343556 E 55.94463713203436 -3.1880081320343554 0.0 233.75
55.94463713203436 -3.1880081320343554 W 55.94463713203436 -3.1883081320343556 0.0 232.5
55.94463713203436 -3.1883081320343556 SSW 55.9443599681746 -3.188422937064065 0.0 231.25
55.9443599681746 -3.188422937064065 NNE 55.94463713203436 -3.1883081320343556 0.0 230.0
55.94463713203436 -3.1883081320343556 WSW 55.94452232700465 -3.188585295894109 0.0 228.75
55.94452232700465 -3.188585295894109 ENE 55.94463713203436 -3.1883081320343556 0.0 227.5
55.94463713203436 -3.1883081320343556 W 55.94463713203436 -3.188608132034356 0.0 226.25
55.94463713203436 -3.188608132034356 ENE 55.94475193706407 -3.1883309681746024 0.0 225.0
55.94475193706407 -3.1883309681746024 ENE 55.94486674209378 -3.188053804314849 0.0 223.75
55.94486674209378 -3.188053804314849 WSW 55.94475193706407 -3.1883309681746024 0.0 222.5
55.94475193706407 -3.1883309681746024 NNW 55.945029100923826 -3.188445773204312 0.0 221.25
55.945029100923826 -3.188445773204312 SSE 55.94475193706407 -3.1883309681746024 0.0 220.0
55.94475193706407 -3.1883309681746024 NE 55.944964069098425 -3.1881188361402466 0.0 218.75
55.944964069098425 -3.1881188361402466 WSW 55.944849264068715 -3.188396 0.0 217.5
55.944849264068715 -3.188396 ENE 55.944964069098425 -3.1881188361402466 0.0 216.25
55.944964069098425 -3.1881188361402466 WSW 55.944849264068715 -3.188396 0.0 215.0
55.944849264068715 -3.188396 ENE 55.944964069098425 -3.1881188361402466 0.0 213.75
55.944964069098425 -3.1881188361402466 WSW 55.944849264068715 -3.188396 0.0 212.5
55.944849264068715 -3.188396 ENE 55.944964069098425 -3.1881188361402466 0.0 211.25
55.944964069098425 -3.1881188361402466 S 55.94466406909842 -3.1881188361402466 0.0 210.0
55.94466406909842 -3.1881188361402466 N 55.944964069098425 -3.1881188361402466 0.0 208.75
55.944964069098425 -3.1881188361402466 S 55.94466406909842 -3.1881188361402466 0.0 207.5
55.94466406909842 -3.1881188361402466 N 55.944964069098425 -3.1881188361402466 0.0 206.25
55.944964069098425 -3.1881188361402466 SW 55.94475193706407 -3.1883309681746024 0.0 205.0
55.94475193706407 -3.1883309681746024 N 55.94505193706407 -3.1883309681746024 0.0 203.75
55.94505193706407 -3.1883309681746024 S 55.94475193706407 -3.1883309681746024 0.0 202.5
55.94475193706407 -3.1883309681746024 NNW 55.945029100923826 -3.188445773204312 0.0 201.25
55.945029100923826 -3.188445773204312 SE 55.94481696888947 -3.188233641169956 0.0 200.0
55.94481696888947 -3.188233641169956 NW 55.945029100923826 -3.188445773204312 0.0 198.75
55.945029100923826 -3.188445773204312 SSE 55.94475193706407 -3.1883309681746024 0.0 197.5
55.94475193706407 -3.1883309681746024 N 55.94505193706407 -3.1883309681746024 0.0 196.25
55.94505193706407 -3.1883309681746024 SW 55.944839805029716 -3.188543100208958 0.0 195.0
55.944839805029716 -3.188543100208958 NE 55.94505193706407 -3.1883309681746024 0.0 193.75
55.94505193706407 -3.1883309681746024 SW 55.944839805029716 -3.188543100208958 0.0 192.5
55.944839805029716 -3.188543100208958 NE 55.94505193706407 -3.1883309681746024 0.0 191.25
55.94505193706407 -3.1883309681746024 SE 55.944839805029716 -3.1881188361402466 0.0 190.0
55.944839805029716 -3.1881188361402466 NW 55.94505193706407 -3.1883309681746024 0.0 188.75
55.94505193706407 -3.1883309681746024 NW 55.94526406909843 -3.188543100208958 0.0 187.5
55.94526406909843 -3.188543100208958 SSE 55.94498690523867 -3.1884282951792486 0.0 186.25
55.94498690523867 -3.1884282951792486 NW 55.94519903727303 -3.1886404272136044 0.0 185.0
55.94519903727303 -3.1886404272136044 SE 55.94498690523867 -3.1884282951792486 0.0 183.75
55.94498690523867 -3.1884282951792486 W 55.94498690523867 -3.188728295179249 0.0 182.5
55.94498690523867 -3.188728295179249 ENE 55.94510171026838 -3.1884511313194954 0.0 181.25
55.94510171026838 -3.1884511313194954 WSW 55.94498690523867 -3.188728295179249 0.0 180.0
55.94498690523867 -3.188728295179249 NNE 55.94526406909843 -3.1886134901495393 0.0 178.75
55.94526406909843 -3.1886134901495393 SSW 55.94498690523867 -3.188728295179249 0.0 177.5
55.94498690523867 -3.188728295179249 S 55.94468690523867 -3.188728295179249 0.0 176.25
55.94468690523867 -3.188728295179249 N 55.94498690523867 -3.188728295179249 0.0 175.0
55.94498690523867 -3.188728295179249 SSW 55.944709741378915 -3.1888431002089583 0.0 173.75
55.944709741378915 -3.1888431002089583 NNE 55.94498690523867 -3.188728295179249 0.0 172.5
55.94498690523867 -3.188728295179249 SSW 55.944709741378915 -3.1888431002089583 0.0 171.25
55.944709741378915 -3.1888431002089583 N 55.94500974137892 -3.1888431002089583 0.0 170.0
55.94500974137892 -3.1888431002089583 S 55.944709741378915 -3.1888431002089583 0.0 168.75
55.944709741378915 -3.1888431002089583 N 55.94500974137892 -3.1888431002089583 0.0 167.5
55.94500974137892 -3.1888431002089583 S 55.944709741378915 -3.1888431002089583 0.0 166.25
55.944709741378915 -3.1888431002089583 NNW 55.94498690523867 -3.188957905238668 0.0 165.0
55.94498690523867 -3.188957905238668 SSE 55.944709741378915 -3.1888431002089583 0.0 163.75
55.944709741378915 -3.1888431002089583 NW 55.94492187341327 -3.189055232243314 0.0 162.5
55.94492187341327 -3.189055232243314 ESE 55.94480706838356 -3.1887780683835607 0.0 161.25
55.94480706838356 -3.1887780683835607 WNW 55.94492187341327 -3.189055232243314 0.0 160.0
55.94492187341327 -3.189055232243314 SE 55.944709741378915 -3.1888431002089583 0.0 158.75
55.944709741378915 -3.1888431002089583 NW 55.94492187341327 -3.189055232243314 0.0 157.5
55.94492187341327 -3.189055232243314 W 55.94492187341327 -3.1893552322433143 0.0 156.25
55.94492187341327 -3.1893552322433143 E 55.94492187341327 -3.189055232243314 0.0 155.0
55.94492187341327 -3.189055232243314 ENE 55.94503667844298 -3.1887780683835607 0.0 153.75
55.94503667844298 -3.1887780683835607 WSW 55.94492187341327 -3.189055232243314 0.0 152.5
55.94492187341327 -3.189055232243314 ENE 55.94503667844298 -3.1887780683835607 0.0 151.25
55.94503667844298 -3.1887780683835607 WSW 55.94492187341327 -3.189055232243314 0.0 150.0
55.94492187341327 -3.189055232243314 ENE 55.94503667844298 -3.1887780683835607 0.0 148.75
55.94503667844298 -3.1887780683835607 WSW 55.94492187341327 -3.189055232243314 0.0 147.5
55.94492187341327 -3.189055232243314 ENE 55.94503667844298 -3.1887780683835607 0.0 146.25
55.94503667844298 -3.1887780683835607 NNE 55.94531384230274 -3.188663263353851 13.649209022521973 199.04788208007812
55.94531384230274 -3.188663263353851 SSW 55.94503667844298 -3.1887780683835607 13.649209022521973 197.79788208007812
55.94503667844298 -3.1887780683835607 N 55.945336678442985 -3.1887780683835607 13.649209022521973 196.54788208007812
55.945336678442985 -3.1887780683835607 SSE 55.94505951458323 -3.188663263353851 13.649209022521973 195.29788208007812
55.94505951458323 -3.188663263353851 N 55.94535951458323 -3.188663263353851 13.649209022521973 194.04788208007812
55.94535951458323 -3.188663263353851 SSE 55.945082350723474 -3.1885484583241417 13.649209022521973 192.79788208007812
55.945082350723474 -3.1885484583241417 NW 55.94529448275783 -3.1887605903584975 13.649209022521973 191.54788208007812
55.94529448275783 -3.1887605903584975 SE 55.945082350723474 -3.1885484583241417 13.649209022521973 190.29788208007812
55.945082350723474 -3.1885484583241417 NNW 55.94535951458323 -3.188663263353851 13.649209022521973 189.04788208007812
55.94535951458323 -3.188663263353851 ENE 55.94547431961294 -3.188386099494098 13.649209022521973 187.79788208007812
55.94547431961294 -3.188386099494098 SW 55.945262187578585 -3.1885982315284536 13.649209022521973 186.54788208007812
55.945262187578585 -3.1885982315284536 ESE 55.945147382548875 -3.1883210676687 13.649209022521973 185.29788208007812
55.945147382548875 -3.1883210676687 NNW 55.94542454640863 -3.1884358726984097 13.649209022521973 184.04788208007812
55.94542454640863 -3.1884358726984097 SSE 55.945147382548875 -3.1883210676687 13.649209022521973 182.79788208007812
55.945147382548875 -3.1883210676687 NNW 55.94542454640863 -3.1884358726984097 13.649209022521973 181.54788208007812
55.94542454640863 -3.1884358726984097 SSE 55.945147382548875 -3.1883210676687 13.649209022521973 180.29788208007812
55.945147382548875 -3.1883210676687 ENE 55.945262187578585 -3.1880439038089468 13.649209022521973 179.04788208007812
55.945262187578585 -3.1880439038089468 W 55.945262187578585 -3.188343903808947 13.649209022521973 177.79788208007812
55.945262187578585 -3.188343903808947 SE 55.94505005554423 -3.188131771774591 13.649209022521973 176.54788208007812
55.94505005554423 -3.188131771774591 NW 55.945262187578585 -3.188343903808947 13.649209022521973 175.29788208007812
55.945262187578585 -3.188343903808947 SE 55.94505005554423 -3.188131771774591 13.649209022521973 174.04788208007812
55.94505005554423 -3.188131771774591 WNW 55.94516486057394 -3.1884089356343446 13.649209022521973 172.79788208007812
55.94516486057394 -3.1884089356343446 SE 55.94495272853958 -3.188196803599989 13.649209022521973 171.54788208007812
55.94495272853958 -3.188196803599989 NNE 55.94522989239934 -3.1880819985702793 13.649209022521973 170.29788208007812
55.94522989239934 -3.1880819985702793 SSW 55.94495272853958 -3.188196803599989 13.649209022521973 169.04788208007812
55.94495272853958 -3.188196803599989 NE 55.94516486057394 -3.187984671565633 13.649209022521973 167.79788208007812
55.94516486057394 -3.187984671565633 WSW 55.94505005554423 -3.1882618354253864 13.649209022521973 166.54788208007812
55.94505005554423 -3.1882618354253864 NE 55.945262187578585 -3.1880497033910307 13.649209022521973 165.29788208007812
55.945262187578585 -3.1880497033910307 WSW 55.945147382548875 -3.188326867250784 13.649209022521973 164.04788208007812
55.945147382548875 -3.188326867250784 ENE 55.945262187578585 -3.1880497033910307 13.649209022521973 162.79788208007812
55.945262187578585 -3.1880497033910307 SW 55.94505005554423 -3.1882618354253864 13.649209022521973 161.54788208007812
55.94505005554423 -3.1882618354253864 NE 55.945262187578585 -3.1880497033910307 13.649209022521973 160.29788208007812
55.945262187578585 -3.1880497033910307 WSW 55.945147382548875 -3.188326867250784 13.649209022521973 159.04788208007812
55.945147382548875 -3.188326867250784 ENE 55.945262187578585 -3.1880497033910307 13.649209022521973 157.79788208007812
55.945262187578585 -3.1880497033910307 ENE 55.945376992608296 -3.1877725395312773 13.649209022521973 156.54788208007812
55.945376992608296 -3.1877725395312773 WSW 55.945262187578585 -3.1880497033910307 13.649209022521973 155.29788208007812
55.945262187578585 -3.1880497033910307 NNE 55.94553935143834 -3.187934898361321 13.649209022521973 154.04788208007812
55.94553935143834 -3.187934898361321 SSW 55.945262187578585 -3.1880497033910307 13.649209022521973 152.79788208007812
55.945262187578585 -3.1880497033910307 N 55.94556218757859 -3.1880497033910307 13.649209022521973 151.54788208007812
55.94556218757859 -3.1880497033910307 S 55.945262187578585 -3.1880497033910307 13.649209022521973 150.29788208007812
55.945262187578585 -3.1880497033910307 N 55.94556218757859 -3.1880497033910307 13.649209022521973 149.04788208007812
55.94556218757859 -3.1880497033910307 S 55.945262187578585 -3.1880497033910307 13.649209022521973 147.79788208007812
55.945262187578585 -3.1880497033910307 N 55.94556218757859 -3.1880497033910307 13.649209022521973 146.54788208007812
55.94556218757859 -3.1880497033910307 W 55.94556218757859 -3.188349703391031 13.649209022521973 145.29788208007812
55.94556218757859 -3.188349703391031 E 55.94556218757859 -3.1880497033910307 13.649209022521973 144.04788208007812
55.94556218757859 -3.1880497033910307 W 55.94556218757859 -3.188349703391031 13.649209022521973 142.79788208007812
55.94556218757859 -3.188349703391031 E 55.94556218757859 -3.1880497033910307 13.649209022521973 141.54788208007812
55.94556218757859 -3.1880497033910307 W 55.94556218757859 -3.188349703391031 13.649209022521973 140.29788208007812
55.94556218757859 -3.188349703391031 E 55.94556218757859 -3.1880497033910307 13.649209022521973 139.04788208007812
55.94556218757859 -3.1880497033910307 W 55.94556218757859 -3.188349703391031 13.649209022521973 137.79788208007812
55.94556218757859 -3.188349703391031 S 55.945262187578585 -3.188349703391031 13.649209022521973 136.54788208007812
55.945262187578585 -3.188349703391031 N 55.94556218757859 -3.188349703391031 13.649209022521973 135.29788208007812
55.94556218757859 -3.188349703391031 SSE 55.94528502371883 -3.1882348983613213 13.649209022521973 134.04788208007812
55.94528502371883 -3.1882348983613213 NNW 55.94556218757859 -3.188349703391031 13.649209022521973 132.79788208007812
55.94556218757859 -3.188349703391031 S 55.945262187578585 -3.188349703391031 13.649209022521973 131.54788208007812
55.945262187578585 -3.188349703391031 NNW 55.94553935143834 -3.1884645084207404 13.649209022521973 130.29788208007812
55.94553935143834 -3.1884645084207404 SSE 55.945262187578585 -3.188349703391031 13.649209022521973 129.04788208007812
55.945262187578585 -3.188349703391031 NNW 55.94553935143834 -3.1884645084207404 13.649209022521973 127.79788208007812
55.94553935143834 -3.1884645084207404 SSW 55.945262187578585 -3.18857931345045 13.649209022521973 126.54788208007812
55.945262187578585 -3.18857931345045 NNE 55.94553935143834 -3.1884645084207404 13.649209022521973 125.29788208007812
55.94553935143834 -3.1884645084207404 SSW 55.945262187578585 -3.18857931345045 13.649209022521973 124.04788208007812
55.945262187578585 -3.18857931345045 NNE 55.94553935143834 -3.1884645084207404 13.649209022521973 122.79788208007812
55.94553935143834 -3.1884645084207404 WSW 55.94542454640863 -3.1887416722804938 13.649209022521973 121.54788208007812
55.94542454640863 -3.1887416722804938 ENE 55.94553935143834 -3.1884645084207404 13.649209022521973 120.29788208007812
55.94553935143834 -3.1884645084207404 WSW 55.94542454640863 -3.1887416722804938 13.649209022521973 119.04788208007812
55.94542454640863 -3.1887416722804938 ENE 55.94553935143834 -3.1884645084207404 13.649209022521973 117.79788208007812
55.94553935143834 -3.1884645084207404 N 55.945839351438345 -3.1884645084207404 13.649209022521973 116.54788208007812
55.945839351438345 -3.1884645084207404 S 55.94553935143834 -3.1884645084207404 13.649209022521973 115.29788208007812
55.94553935143834 -3.1884645084207404 NNW 55.9458165152981 -3.18857931345045 13.649209022521973 114.04788208007812
55.9458165152981 -3.18857931345045 SSE 55.94553935143834 -3.1884645084207404 13.649209022521973 112.79788208007812
55.94553935143834 -3.1884645084207404 NW 55.9457514834727 -3.188676640455096 13.649209022521973 111.54788208007812
55.9457514834727 -3.188676640455096 SSE 55.94547431961294 -3.1885618354253866 13.649209022521973 110.29788208007812
55.94547431961294 -3.1885618354253866 NNW 55.9457514834727 -3.188676640455096 13.649209022521973 109.04788208007812
55.9457514834727 -3.188676640455096 S 55.945451483472695 -3.188676640455096 13.649209022521973 107.79788208007812
55.945451483472695 -3.188676640455096 N 55.9457514834727 -3.188676640455096 13.649209022521973 106.54788208007812
55.9457514834727 -3.188676640455096 SSW 55.94547431961294 -3.1887914454848056 13.649209022521973 105.29788208007812
55.94547431961294 -3.1887914454848056 NNE 55.9457514834727 -3.188676640455096 13.649209022521973 104.04788208007812
55.9457514834727 -3.188676640455096 WSW 55.94563667844299 -3.1889538043148495 13.649209022521973 102.79788208007812
55.94563667844299 -3.1889538043148495 ENE 55.9457514834727 -3.188676640455096 13.649209022521973 101.54788208007812
55.9457514834727 -3.188676640455096 NNW 55.946028647332454 -3.1887914454848056 13.649209022521973 100.29788208007812
55.946028647332454 -3.1887914454848056 SSE 55.9457514834727 -3.188676640455096 13.649209022521973 99.04788208007812
55.9457514834727 -3.188676640455096 NW 55.945963615507054 -3.188888772489452 13.649209022521973 97.79788208007812
55.945963615507054 -3.188888772489452 ESE 55.945848810477344 -3.1886116086296985 13.649209022521973 96.54788208007812
55.945848810477344 -3.1886116086296985 NW 55.9460609425117 -3.1888237406640543 13.649209022521973 95.29788208007812
55.9460609425117 -3.1888237406640543 SE 55.945848810477344 -3.1886116086296985 13.649209022521973 94.04788208007812
55.945848810477344 -3.1886116086296985 NNW 55.9461259743371 -3.188726413659408 13.649209022521973 92.79788208007812
55.9461259743371 -3.188726413659408 SSE 55.945848810477344 -3.1886116086296985 13.649209022521973 91.54788208007812
55.945848810477344 -3.1886116086296985 NE 55.9460609425117 -3.1883994765953427 13.649209022521973 90.29788208007812
55.9460609425117 -3.1883994765953427 SW 55.945848810477344 -3.1886116086296985 13.649209022521973 89.04788208007812
55.945848810477344 -3.1886116086296985 ESE 55.94573400544763 -3.188334444769945 13.649209022521973 87.79788208007812
55.94573400544763 -3.188334444769945 WNW 55.945848810477344 -3.1886116086296985 13.649209022521973 86.54788208007812
55.945848810477344 -3.1886116086296985 ESE 55.94573400544763 -3.188334444769945 13.649209022521973 85.29788208007812
55.94573400544763 -3.188334444769945 NW 55.94594613748199 -3.188546576804301 13.649209022521973 84.04788208007812
55.94594613748199 -3.188546576804301 SE 55.94573400544763 -3.188334444769945 13.649209022521973 82.79788208007812
55.94573400544763 -3.188334444769945 NW 55.94594613748199 -3.188546576804301 13.649209022521973 81.54788208007812
55.94594613748199 -3.188546576804301 ESE 55.94583133245228 -3.1882694129445475 13.649209022521973 80.29788208007812
55.94583133245228 -3.1882694129445475 NW 55.946043464486635 -3.1884815449789032 13.649209022521973 79.04788208007812
55.946043464486635 -3.1884815449789032 SE 55.94583133245228 -3.1882694129445475 13.649209022521973 77.79788208007812
55.94583133245228 -3.1882694129445475 NNW 55.946108496312036 -3.188384217974257 13.649209022521973 76.54788208007812
55.946108496312036 -3.188384217974257 SSE 55.94583133245228 -3.1882694129445475 13.649209022521973 75.29788208007812
55.94583133245228 -3.1882694129445475 WSW 55.94571652742257 -3.188546576804301 13.649209022521973 74.04788208007812
55.94571652742257 -3.188546576804301 ENE 55.94583133245228 -3.1882694129445475 13.649209022521973 72.79788208007812
55.94583133245228 -3.1882694129445475 WSW 55.94571652742257 -3.188546576804301 13.649209022521973 71.54788208007812
55.94571652742257 -3.188546576804301 ENE 55.94583133245228 -3.1882694129445475 13.649209022521973 70.29788208007812
55.94583133245228 -3.1882694129445475 SW 55.94561920041792 -3.1884815449789032 13.649209022521973 69.04788208007812
55.94561920041792 -3.1884815449789032 NNE 55.94589636427768 -3.1883667399491937 13.649209022521973 67.79788208007812
55.94589636427768 -3.1883667399491937 SSW 55.94561920041792 -3.1884815449789032 13.649209022521973 66.54788208007812
55.94561920041792 -3.1884815449789032 NNE 55.94589636427768 -3.1883667399491937 13.649209022521973 65.29788208007812
55.94589636427768 -3.1883667399491937 S 55.94559636427768 -3.1883667399491937 13.649209022521973 64.04788208007812
55.94559636427768 -3.1883667399491937 NNE 55.94587352813743 -3.188251934919484 13.649209022521973 62.797882080078125
55.94587352813743 -3.188251934919484 SSW 55.94559636427768 -3.1883667399491937 13.649209022521973 61.547882080078125
55.94559636427768 -3.1883667399491937 NE 55.94580849631203 -3.188154607914838 13.649209022521973 60.297882080078125
55.94580849631203 -3.188154607914838 SSW 55.945531332452276 -3.1882694129445475 13.649209022521973 59.047882080078125
55.945531332452276 -3.1882694129445475 NNE 55.94580849631203 -3.188154607914838 13.649209022521973 57.797882080078125
55.94580849631203 -3.188154607914838 SE 55.94559636427768 -3.187942475880482 13.649209022521973 56.547882080078125
55.94559636427768 -3.187942475880482 NW 55.94580849631203 -3.188154607914838 13.649209022521973 55.297882080078125
55.94580849631203 -3.188154607914838 NW 55.94602062834639 -3.1883667399491937 13.649209022521973 54.047882080078125
55.94602062834639 -3.1883667399491937 SE 55.94580849631203 -3.188154607914838 13.649209022521973 52.797882080078125
55.94580849631203 -3.188154607914838 SE 55.94559636427768 -3.187942475880482 13.649209022521973 51.547882080078125
55.94559636427768 -3.187942475880482 NW 55.94580849631203 -3.188154607914838 13.649209022521973 50.297882080078125
55.94580849631203 -3.188154607914838 NNW 55.94608566017179 -3.1882694129445475 13.649209022521973 49.047882080078125
55.94608566017179 -3.1882694129445475 SSE 55.94580849631203 -3.188154607914838 13.649209022521973 47.797882080078125
55.94580849631203 -3.188154607914838 NW 55.94602062834639 -3.1883667399491937 13.649209022521973 46.547882080078125
55.94602062834639 -3.1883667399491937 SE 55.94580849631203 -3.188154607914838 13.649209022521973 45.297882080078125
55.94580849631203 -3.188154607914838 NW 55.94602062834639 -3.1883667399491937 13.649209022521973 44.047882080078125
55.94602062834639 -3.1883667399491937 NW 55.946232760380745 -3.1885788719835495 13.649209022521973 42.797882080078125
55.946232760380745 -3.1885788719835495 SE 55.94602062834639 -3.1883667399491937 13.649209022521973 41.547882080078125
55.94602062834639 -3.1883667399491937 W 55.94602062834639 -3.188666739949194 13.649209022521973 40.297882080078125
55.94602062834639 -3.188666739949194 E 55.94602062834639 -3.1883667399491937 13.649209022521973 39.047882080078125
55.94602062834639 -3.1883667399491937 NE 55.946232760380745 -3.188154607914838 13.649209022521973 37.797882080078125
55.946232760380745 -3.188154607914838 SW 55.94602062834639 -3.1883667399491937 13.649209022521973 36.547882080078125
55.94602062834639 -3.1883667399491937 NE 55.946232760380745 -3.188154607914838 13.649209022521973 35.297882080078125
55.946232760380745 -3.188154607914838 SW 55.94602062834639 -3.1883667399491937 13.649209022521973 34.047882080078125
55.94602062834639 -3.1883667399491937 NW 55.946232760380745 -3.1885788719835495 13.649209022521973 32.797882080078125
55.946232760380745 -3.1885788719835495 SE 55.94602062834639 -3.1883667399491937 13.649209022521973 31.547882080078125
55.94602062834639 -3.1883667399491937 WNW 55.9461354333761 -3.188643903808947 13.649209022521973 30.297882080078125
55.9461354333761 -3.188643903808947 ESE 55.94602062834639 -3.1883667399491937 13.649209022521973 29.047882080078125
55.94602062834639 -3.1883667399491937 W 55.94602062834639 -3.188666739949194 13.649209022521973 27.797882080078125
55.94602062834639 -3.188666739949194 E 55.94602062834639 -3.1883667399491937 13.649209022521973 26.547882080078125
55.94602062834639 -3.1883667399491937 SW 55.94580849631203 -3.1885788719835495 13.649209022521973 25.297882080078125
55.94580849631203 -3.1885788719835495 N 55.946108496312036 -3.1885788719835495 13.649209022521973 24.047882080078125
55.946108496312036 -3.1885788719835495 SW 55.94589636427768 -3.1887910040179053 13.649209022521973 22.797882080078125
55.94589636427768 -3.1887910040179053 NNE 55.946173528137436 -3.1886761989881958 13.649209022521973 21.547882080078125
55.946173528137436 -3.1886761989881958 SSW 55.94589636427768 -3.1887910040179053 13.649209022521973 20.297882080078125
55.94589636427768 -3.1887910040179053 NNE 55.946173528137436 -3.1886761989881958 13.649209022521973 19.047882080078125
55.946173528137436 -3.1886761989881958 SSE 55.94589636427768 -3.1885613939584863 13.649209022521973 17.797882080078125
55.94589636427768 -3.1885613939584863 NNW 55.946173528137436 -3.1886761989881958 13.649209022521973 16.547882080078125
55.946173528137436 -3.1886761989881958 ESE 55.946058723107726 -3.1883990351284424 13.649209022521973 15.297882080078125
55.946058723107726 -3.1883990351284424 WNW 55.946173528137436 -3.1886761989881958 13.649209022521973 14.047882080078125
55.946173528137436 -3.1886761989881958 S 55.94587352813743 -3.1886761989881958 13.649209022521973 12.797882080078125
55.94587352813743 -3.1886761989881958 N 55.946173528137436 -3.1886761989881958 13.649209022521973 11.547882080078125
55.946173528137436 -3.1886761989881958 SW 55.94596139610308 -3.1888883310225515 13.649209022521973 10.297882080078125
55.94596139610308 -3.1888883310225515 NE 55.946173528137436 -3.1886761989881958 13.649209022521973 9.047882080078125
55.946173528137436 -3.1886761989881958 ESE 55.946058723107726 -3.1883990351284424 13.649209022521973 7.797882080078125
55.946058723107726 -3.1883990351284424 WNW 55.946173528137436 -3.1886761989881958 13.649209022521973 6.547882080078125
55.946173528137436 -3.1886761989881958 WSW 55.946058723107726 -3.188953362847949 13.649209022521973 5.297882080078125
55.946058723107726 -3.188953362847949 ENE 55.946173528137436 -3.1886761989881958 13.649209022521973 4.047882080078125
55.946173528137436 -3.1886761989881958 WSW 55.946058723107726 -3.188953362847949 13.649209022521973 2.797882080078125
55.946058723107726 -3.188953362847949 E 55.946058723107726 -3.188653362847949 13.649209022521973 1.547882080078125
55.946058723107726 -3.188653362847949 W 55.946058723107726 -3.188953362847949 13.649209022521973 0.297882080078125
