55.944425 -3.188396 E 55.944425 -3.188096 0.0 248.75
55.944425 -3.188096 WNW 55.94453980502971 -3.1883731638597532 0.0 247.5
55.94453980502971 -3.1883731638597532 SE 55.94432767299536 -3.1881610318253975 0.0 246.25
55.94432767299536 -3.1881610318253975 NW 55.94453980502971 -3.1883731638597532 0.0 245.0
55.94453980502971 -3.1883731638597532 SSE 55.944262641169956 -3.1882583588300437 0.0 243.75
55.944262641169956 -3.1882583588300437 NNW 55.94453980502971 -3.1883731638597532 0.0 242.5
55.94453980502971 -3.1883731638597532 SSE 55.944262641169956 -3.1882583588300437 0.0 241.25
55.944262641169956 -3.1882583588300437 NNW 55.94453980502971 -3.1883731638597532 0.0 240.0
55.94453980502971 -3.1883731638597532 ESE 55.944425 -3.188096 0.0 238.75
55.944425 -3.188096 NW 55.94463713203436 -3.1883081320343556 0.0 237.5
55.94463713203436 -3.1883081320343556 E 55.94463713203436 -3.1880081320343554 0.0 236.25
55.94463713203436 -3.1880081320343554 W 55.94463713203436 -3.1883081320343556 0.0 235.0
55.94463713203436 -3.1883081320343556 WSW 55.94452232700465 -3.188585295894109 0.0 233.75
55.94452232700465 -3.188585295894109 ENE 55.94463713203436 -3.1883081320343556 0.0 232.5
55.94463713203436 -3.1883081320343556 NNW 55.944914295894115 -3.188422937064065 0.0 231.25
55.944914295894115 -3.188422937064065 SSE 55.94463713203436 -3.1883081320343556 0.0 230.0
55.94463713203436 -3.1883081320343556 NNW 55.944914295894115 -3.188422937064065 0.0 228.75
55.944914295894115 -3.188422937064065 S 55.94461429589411 -3.188422937064065 0.0 227.5
55.94461429589411 -3.188422937064065 ESE 55.9444994908644 -3.1881457732043117 54.891563415527344 314.46846771240234
55.9444994908644 -3.1881457732043117 WNW 55.94461429589411 -3.188422937064065 54.891563415527344 313.21846771240234
55.94461429589411 -3.188422937064065 SE 55.944402163859756 -3.1882108050297093 54.891563415527344 311.96846771240234
55.944402163859756 -3.1882108050297093 WNW 55.94451696888947 -3.1884879688894627 54.891563415527344 310.71846771240234
55.94451696888947 -3.1884879688894627 WSW 55.944402163859756 -3.188765132749216 54.891563415527344 309.46846771240234
55.944402163859756 -3.188765132749216 ENE 55.94451696888947 -3.1884879688894627 54.891563415527344 308.21846771240234
55.94451696888947 -3.1884879688894627 W 55.94451696888947 -3.188787968889463 54.891563415527344 306.96846771240234
55.94451696888947 -3.188787968889463 E 55.94451696888947 -3.1884879688894627 54.891563415527344 305.71846771240234
55.94451696888947 -3.1884879688894627 WSW 55.944402163859756 -3.188765132749216 54.891563415527344 304.46846771240234
55.944402163859756 -3.188765132749216 NE 55.94461429589411 -3.1885530007148604 54.891563415527344 303.21846771240234
55.94461429589411 -3.1885530007148604 W 55.94461429589411 -3.1888530007148606 54.891563415527344 301.96846771240234
55.94461429589411 -3.1888530007148606 E 55.94461429589411 -3.1885530007148604 54.891563415527344 300.71846771240234
55.94461429589411 -3.1885530007148604 WNW 55.94472910092382 -3.1888301645746138 54.891563415527344 299.46846771240234
55.94472910092382 -3.1888301645746138 E 55.94472910092382 -3.1885301645746136 54.891563415527344 298.21846771240234
55.94472910092382 -3.1885301645746136 W 55.94472910092382 -3.1888301645746138 54.891563415527344 296.96846771240234
55.94472910092382 -3.1888301645746138 ENE 55.94484390595353 -3.1885530007148604 54.891563415527344 295.71846771240234
55.94484390595353 -3.1885530007148604 W 55.94484390595353 -3.1888530007148606 54.891563415527344 294.46846771240234
55.94484390595353 -3.1888530007148606 E 55.94484390595353 -3.1885530007148604 54.891563415527344 293.21846771240234
55.94484390595353 -3.1885530007148604 W 55.94484390595353 -3.1888530007148606 54.891563415527344 291.96846771240234
55.94484390595353 -3.1888530007148606 ENE 55.944958710983244 -3.188575836855107 54.891563415527344 290.71846771240234
55.944958710983244 -3.188575836855107 WSW 55.94484390595353 -3.1888530007148606 54.891563415527344 289.46846771240234
55.94484390595353 -3.1888530007148606 E 55.94484390595353 -3.1885530007148604 54.891563415527344 288.21846771240234
55.94484390595353 -3.1885530007148604 W 55.94484390595353 -3.1888530007148606 54.891563415527344 286.96846771240234
55.94484390595353 -3.1888530007148606 E 55.94484390595353 -3.1885530007148604 54.891563415527344 285.71846771240234
55.94484390595353 -3.1885530007148604 W 55.94484390595353 -3.1888530007148606 54.891563415527344 284.46846771240234
55.94484390595353 -3.1888530007148606 W 55.94484390595353 -3.1891530007148607 54.891563415527344 283.21846771240234
55.94484390595353 -3.1891530007148607 E 55.94484390595353 -3.1888530007148606 54.891563415527344 281.96846771240234
55.94484390595353 -3.1888530007148606 W 55.94484390595353 -3.1891530007148607 54.891563415527344 280.71846771240234
55.94484390595353 -3.1891530007148607 E 55.94484390595353 -3.1888530007148606 54.891563415527344 279.46846771240234
55.94484390595353 -3.1888530007148606 W 55.94484390595353 -3.1891530007148607 54.891563415527344 278.21846771240234
55.94484390595353 -3.1891530007148607 ENE 55.944958710983244 -3.1888758368551073 54.891563415527344 276.96846771240234
55.944958710983244 -3.1888758368551073 WSW 55.94484390595353 -3.1891530007148607 54.891563415527344 275.71846771240234
55.94484390595353 -3.1891530007148607 ENE 55.944958710983244 -3.1888758368551073 54.891563415527344 274.46846771240234
55.944958710983244 -3.1888758368551073 WNW 55.945073516012954 -3.1891530007148607 54.891563415527344 273.21846771240234
55.945073516012954 -3.1891530007148607 ESE 55.944958710983244 -3.1888758368551073 54.891563415527344 271.96846771240234
55.944958710983244 -3.1888758368551073 N 55.945258710983246 -3.1888758368551073 54.891563415527344 270.71846771240234
55.945258710983246 -3.1888758368551073 S 55.944958710983244 -3.1888758368551073 54.891563415527344 269.46846771240234
55.944958710983244 -3.1888758368551073 NNE 55.945235874843 -3.188761031825398 54.891563415527344 268.21846771240234
55.945235874843 -3.188761031825398 S 55.944935874843 -3.188761031825398 54.891563415527344 266.96846771240234
55.944935874843 -3.188761031825398 N 55.945235874843 -3.188761031825398 54.891563415527344 265.71846771240234
55.945235874843 -3.188761031825398 ENE 55.94535067987271 -3.1884838679656444 54.891563415527344 264.46846771240234
55.94535067987271 -3.1884838679656444 WSW 55.945235874843 -3.188761031825398 54.891563415527344 263.21846771240234
55.945235874843 -3.188761031825398 ENE 55.94535067987271 -3.1884838679656444 54.891563415527344 261.96846771240234
55.94535067987271 -3.1884838679656444 WSW 55.945235874843 -3.188761031825398 54.891563415527344 260.71846771240234
55.945235874843 -3.188761031825398 ESE 55.94512106981329 -3.1884838679656444 54.891563415527344 259.46846771240234
55.94512106981329 -3.1884838679656444 NW 55.945333201847646 -3.188696 54.891563415527344 258.21846771240234
55.945333201847646 -3.188696 E 55.945333201847646 -3.188396 54.891563415527344 256.96846771240234
55.945333201847646 -3.188396 WNW 55.945448006877356 -3.1886731638597534 54.891563415527344 255.71846771240234
55.945448006877356 -3.1886731638597534 ESE 55.945333201847646 -3.188396 54.891563415527344 254.46846771240234
55.945333201847646 -3.188396 SE 55.94512106981329 -3.1881838679656442 54.891563415527344 253.21846771240234
55.94512106981329 -3.1881838679656442 NNW 55.945398233673046 -3.1882986729953537 54.891563415527344 251.96846771240234
55.945398233673046 -3.1882986729953537 SSE 55.94512106981329 -3.1881838679656442 54.891563415527344 250.71846771240234
55.94512106981329 -3.1881838679656442 NNW 55.945398233673046 -3.1882986729953537 54.891563415527344 249.46846771240234
55.945398233673046 -3.1882986729953537 SSE 55.94512106981329 -3.1881838679656442 54.891563415527344 248.21846771240234
55.94512106981329 -3.1881838679656442 W 55.94512106981329 -3.1884838679656444 54.891563415527344 246.96846771240234
55.94512106981329 -3.1884838679656444 E 55.94512106981329 -3.1881838679656442 54.891563415527344 245.71846771240234
55.94512106981329 -3.1881838679656442 WSW 55.94500626478358 -3.1884610318253976 54.891563415527344 244.46846771240234
55.94500626478358 -3.1884610318253976 E 55.94500626478358 -3.1881610318253975 54.891563415527344 243.21846771240234
55.94500626478358 -3.1881610318253975 W 55.94500626478358 -3.1884610318253976 54.891563415527344 241.96846771240234
55.94500626478358 -3.1884610318253976 ENE 55.94512106981329 -3.1881838679656442 54.891563415527344 240.71846771240234
55.94512106981329 -3.1881838679656442 W 55.94512106981329 -3.1884838679656444 54.891563415527344 239.46846771240234
55.94512106981329 -3.1884838679656444 SE 55.94490893777893 -3.1882717359312887 54.891563415527344 238.21846771240234
55.94490893777893 -3.1882717359312887 W 55.94490893777893 -3.188571735931289 54.891563415527344 236.96846771240234
55.94490893777893 -3.188571735931289 E 55.94490893777893 -3.1882717359312887 54.891563415527344 235.71846771240234
55.94490893777893 -3.1882717359312887 WSW 55.94479413274922 -3.188548899791042 54.891563415527344 234.46846771240234
55.94479413274922 -3.188548899791042 ENE 55.94490893777893 -3.1882717359312887 54.891563415527344 233.21846771240234
55.94490893777893 -3.1882717359312887 WSW 55.94479413274922 -3.188548899791042 54.891563415527344 231.96846771240234
55.94479413274922 -3.188548899791042 ENE 55.94490893777893 -3.1882717359312887 54.891563415527344 230.71846771240234
55.94490893777893 -3.1882717359312887 ESE 55.94479413274922 -3.1879945720715352 54.891563415527344 229.46846771240234
55.94479413274922 -3.1879945720715352 WNW 55.94490893777893 -3.1882717359312887 54.891563415527344 228.21846771240234
55.94490893777893 -3.1882717359312887 S 55.94460893777893 -3.1882717359312887 54.891563415527344 226.96846771240234
55.94460893777893 -3.1882717359312887 N 55.94490893777893 -3.1882717359312887 54.891563415527344 225.71846771240234
55.94490893777893 -3.1882717359312887 ESE 55.94479413274922 -3.1879945720715352 54.891563415527344 224.46846771240234
55.94479413274922 -3.1879945720715352 WNW 55.94490893777893 -3.1882717359312887 54.891563415527344 223.21846771240234
55.94490893777893 -3.1882717359312887 E 55.94490893777893 -3.1879717359312885 54.891563415527344 221.96846771240234
55.94490893777893 -3.1879717359312885 SE 55.94469680574458 -3.1877596038969327 54.891563415527344 220.71846771240234
55.94469680574458 -3.1877596038969327 NW 55.94490893777893 -3.1879717359312885 54.891563415527344 219.46846771240234
55.94490893777893 -3.1879717359312885 WNW 55.945023742808644 -3.188248899791042 70.13621520996094 261.3157539367676
55.945023742808644 -3.188248899791042 ESE 55.94490893777893 -3.1879717359312885 70.13621520996094 260.0657539367676
55.94490893777893 -3.1879717359312885 WSW 55.94479413274922 -3.188248899791042 70.13621520996094 258.8157539367676
55.94479413274922 -3.188248899791042 E 55.94479413274922 -3.1879488997910417 70.13621520996094 257.5657539367676
55.94479413274922 -3.1879488997910417 W 55.94479413274922 -3.188248899791042 70.13621520996094 256.3157539367676
55.94479413274922 -3.188248899791042 E 55.94479413274922 -3.1879488997910417 70.13621520996094 255.06575393676758
55.94479413274922 -3.1879488997910417 SSW 55.94451696888947 -3.188063704820751 70.13621520996094 253.81575393676758
55.94451696888947 -3.188063704820751 NNE 55.94479413274922 -3.1879488997910417 70.13621520996094 252.56575393676758
55.94479413274922 -3.1879488997910417 SSW 55.94451696888947 -3.188063704820751 70.13621520996094 251.31575393676758
55.94451696888947 -3.188063704820751 NNE 55.94479413274922 -3.1879488997910417 70.13621520996094 250.06575393676758
55.94479413274922 -3.1879488997910417 SSW 55.94451696888947 -3.188063704820751 70.13621520996094 248.81575393676758
55.94451696888947 -3.188063704820751 ENE 55.94463177391918 -3.187786540960998 70.13621520996094 247.56575393676758
55.94463177391918 -3.187786540960998 WSW 55.94451696888947 -3.188063704820751 70.13621520996094 246.31575393676758
55.94451696888947 -3.188063704820751 ENE 55.94463177391918 -3.187786540960998 70.13621520996094 245.06575393676758
55.94463177391918 -3.187786540960998 SSW 55.94435461005942 -3.1879013459907073 70.13621520996094 243.81575393676758
55.94435461005942 -3.1879013459907073 NNE 55.94463177391918 -3.187786540960998 70.13621520996094 242.56575393676758
55.94463177391918 -3.187786540960998 SSW 55.94435461005942 -3.1879013459907073 70.13621520996094 241.31575393676758
55.94435461005942 -3.1879013459907073 NNE 55.94463177391918 -3.187786540960998 70.13621520996094 240.06575393676758
55.94463177391918 -3.187786540960998 S 55.944331773919174 -3.187786540960998 70.13621520996094 238.81575393676758
55.944331773919174 -3.187786540960998 NNE 55.94460893777893 -3.1876717359312883 70.13621520996094 237.56575393676758
55.94460893777893 -3.1876717359312883 S 55.94430893777893 -3.1876717359312883 70.13621520996094 236.31575393676758
55.94430893777893 -3.1876717359312883 N 55.94460893777893 -3.1876717359312883 70.13621520996094 235.06575393676758
55.94460893777893 -3.1876717359312883 S 55.94430893777893 -3.1876717359312883 70.13621520996094 233.81575393676758
55.94430893777893 -3.1876717359312883 E 55.94430893777893 -3.187371735931288 70.13621520996094 232.56575393676758
55.94430893777893 -3.187371735931288 W 55.94430893777893 -3.1876717359312883 70.13621520996094 231.31575393676758
55.94430893777893 -3.1876717359312883 SSE 55.94403177391917 -3.1875569309015788 70.13621520996094 230.06575393676758
55.94403177391917 -3.1875569309015788 NNW 55.94430893777893 -3.1876717359312883 70.13621520996094 228.81575393676758
55.94430893777893 -3.1876717359312883 SSE 55.94403177391917 -3.1875569309015788 70.13621520996094 227.56575393676758
55.94403177391917 -3.1875569309015788 NNW 55.94430893777893 -3.1876717359312883 70.13621520996094 226.31575393676758
55.94430893777893 -3.1876717359312883 SE 55.94409680574457 -3.1874596038969325 70.13621520996094 225.06575393676758
55.94409680574457 -3.1874596038969325 NW 55.94430893777893 -3.1876717359312883 70.13621520996094 223.81575393676758
55.94430893777893 -3.1876717359312883 E 55.94430893777893 -3.187371735931288 70.13621520996094 222.56575393676758
55.94430893777893 -3.187371735931288 SW 55.94409680574457 -3.187583867965644 70.13621520996094 221.31575393676758
55.94409680574457 -3.187583867965644 NE 55.94430893777893 -3.187371735931288 70.13621520996094 220.06575393676758
55.94430893777893 -3.187371735931288 SSE 55.94403177391917 -3.1872569309015786 70.13621520996094 218.81575393676758
55.94403177391917 -3.1872569309015786 NNW 55.94430893777893 -3.187371735931288 70.13621520996094 217.56575393676758
55.94430893777893 -3.187371735931288 SSE 55.94403177391917 -3.1872569309015786 70.13621520996094 216.31575393676758
55.94403177391917 -3.1872569309015786 NNW 55.94430893777893 -3.187371735931288 70.13621520996094 215.06575393676758
55.94430893777893 -3.187371735931288 S 55.944008937778925 -3.187371735931288 70.13621520996094 213.81575393676758
55.944008937778925 -3.187371735931288 N 55.94430893777893 -3.187371735931288 70.13621520996094 212.56575393676758
55.94430893777893 -3.187371735931288 S 55.944008937778925 -3.187371735931288 70.13621520996094 211.31575393676758
55.944008937778925 -3.187371735931288 NNE 55.94428610163868 -3.1872569309015786 70.13621520996094 210.06575393676758
55.94428610163868 -3.1872569309015786 SSW 55.944008937778925 -3.187371735931288 70.13621520996094 208.81575393676758
55.944008937778925 -3.187371735931288 ENE 55.944123742808635 -3.1870945720715347 70.13621520996094 207.56575393676758
55.944123742808635 -3.1870945720715347 WSW 55.944008937778925 -3.187371735931288 70.13621520996094 206.31575393676758
55.944008937778925 -3.187371735931288 E 55.944008937778925 -3.187071735931288 70.13621520996094 205.06575393676758
55.944008937778925 -3.187071735931288 W 55.944008937778925 -3.187371735931288 70.13621520996094 203.81575393676758
55.944008937778925 -3.187371735931288 E 55.944008937778925 -3.187071735931288 70.13621520996094 202.56575393676758
55.944008937778925 -3.187071735931288 W 55.944008937778925 -3.187371735931288 70.13621520996094 201.31575393676758
55.944008937778925 -3.187371735931288 SE 55.94379680574457 -3.1871596038969323 70.13621520996094 200.06575393676758
55.94379680574457 -3.1871596038969323 NW 55.944008937778925 -3.187371735931288 70.13621520996094 198.81575393676758
55.944008937778925 -3.187371735931288 SE 55.94379680574457 -3.1871596038969323 70.13621520996094 197.56575393676758
55.94379680574457 -3.1871596038969323 NNE 55.944073969604325 -3.187044798867223 70.13621520996094 196.31575393676758
55.944073969604325 -3.187044798867223 SSW 55.94379680574457 -3.1871596038969323 70.13621520996094 195.06575393676758
55.94379680574457 -3.1871596038969323 E 55.94379680574457 -3.186859603896932 70.13621520996094 193.81575393676758
55.94379680574457 -3.186859603896932 WSW 55.94368200071486 -3.1871367677566855 70.13621520996094 192.56575393676758
55.94368200071486 -3.1871367677566855 NW 55.943894132749215 -3.1873488997910413 98.70285224914551 289.8484001159668
55.943894132749215 -3.1873488997910413 SE 55.94368200071486 -3.1871367677566855 98.70285224914551 288.5984001159668
55.94368200071486 -3.1871367677566855 SW 55.9434698686805 -3.1873488997910413 98.70285224914551 287.3484001159668
55.9434698686805 -3.1873488997910413 NE 55.94368200071486 -3.1871367677566855 98.70285224914551 286.0984001159668
55.94368200071486 -3.1871367677566855 SW 55.9434698686805 -3.1873488997910413 98.70285224914551 284.8484001159668
55.9434698686805 -3.1873488997910413 NE 55.94368200071486 -3.1871367677566855 98.70285224914551 283.5984001159668
55.94368200071486 -3.1871367677566855 SW 55.9434698686805 -3.1873488997910413 98.70285224914551 282.3484001159668
55.9434698686805 -3.1873488997910413 NNE 55.94374703254026 -3.187234094761332 98.70285224914551 281.0984001159668
55.94374703254026 -3.187234094761332 SW 55.9435349005059 -3.1874462267956876 98.70285224914551 279.8484001159668
55.9435349005059 -3.1874462267956876 NNE 55.94381206436566 -3.187331421765978 98.70285224914551 278.5984001159668
55.94381206436566 -3.187331421765978 SSW 55.9435349005059 -3.1874462267956876 98.70285224914551 277.3484001159668
55.9435349005059 -3.1874462267956876 NNW 55.94381206436566 -3.187561031825397 98.70285224914551 276.0984001159668
55.94381206436566 -3.187561031825397 SSE 55.9435349005059 -3.1874462267956876 98.70285224914551 274.8484001159668
55.9435349005059 -3.1874462267956876 NNE 55.94381206436566 -3.187331421765978 98.70285224914551 273.5984001159668
55.94381206436566 -3.187331421765978 SSW 55.9435349005059 -3.1874462267956876 98.70285224914551 272.3484001159668
55.9435349005059 -3.1874462267956876 NE 55.94374703254026 -3.187234094761332 98.70285224914551 271.0984001159668
55.94374703254026 -3.187234094761332 SW 55.9435349005059 -3.1874462267956876 98.70285224914551 269.8484001159668
55.9435349005059 -3.1874462267956876 ENE 55.94364970553561 -3.187169062935934 98.70285224914551 268.5984001159668
55.94364970553561 -3.187169062935934 WSW 55.9435349005059 -3.1874462267956876 98.70285224914551 267.3484001159668
55.9435349005059 -3.1874462267956876 S 55.9432349005059 -3.1874462267956876 98.70285224914551 266.0984001159668
55.9432349005059 -3.1874462267956876 N 55.9435349005059 -3.1874462267956876 98.70285224914551 264.8484001159668
55.9435349005059 -3.1874462267956876 SSW 55.943257736646146 -3.187561031825397 98.70285224914551 263.5984001159668
55.943257736646146 -3.187561031825397 NNE 55.9435349005059 -3.1874462267956876 98.70285224914551 262.3484001159668
55.9435349005059 -3.1874462267956876 SSW 55.943257736646146 -3.187561031825397 98.70285224914551 261.0984001159668
55.943257736646146 -3.187561031825397 NNW 55.9435349005059 -3.1876758368551066 98.70285224914551 259.8484001159668
55.9435349005059 -3.1876758368551066 SSE 55.943257736646146 -3.187561031825397 98.70285224914551 258.5984001159668
55.943257736646146 -3.187561031825397 NE 55.9434698686805 -3.1873488997910413 98.70285224914551 257.3484001159668
55.9434698686805 -3.1873488997910413 SW 55.943257736646146 -3.187561031825397 98.70285224914551 256.0984001159668
55.943257736646146 -3.187561031825397 E 55.943257736646146 -3.187261031825397 98.70285224914551 254.8484001159668
55.943257736646146 -3.187261031825397 W 55.943257736646146 -3.187561031825397 98.70285224914551 253.5984001159668
55.943257736646146 -3.187561031825397 SSW 55.94298057278639 -3.1876758368551066 98.70285224914551 252.3484001159668
55.94298057278639 -3.1876758368551066 NE 55.943192704820746 -3.187463704820751 98.70285224914551 251.0984001159668
55.943192704820746 -3.187463704820751 SW 55.94298057278639 -3.1876758368551066 98.70285224914551 249.8484001159668
55.94298057278639 -3.1876758368551066 NE 55.943192704820746 -3.187463704820751 98.70285224914551 248.5984001159668
55.943192704820746 -3.187463704820751 NW 55.9434048368551 -3.1876758368551066 98.70285224914551 247.3484001159668
55.9434048368551 -3.1876758368551066 SE 55.943192704820746 -3.187463704820751 98.70285224914551 246.0984001159668
55.943192704820746 -3.187463704820751 ENE 55.943307509850456 -3.1871865409609974 98.70285224914551 244.8484001159668
55.943307509850456 -3.1871865409609974 WSW 55.943192704820746 -3.187463704820751 98.70285224914551 243.5984001159668
55.943192704820746 -3.187463704820751 NE 55.9434048368551 -3.187251572786395 98.70285224914551 242.3484001159668
55.9434048368551 -3.187251572786395 SW 55.943192704820746 -3.187463704820751 98.70285224914551 241.0984001159668
55.943192704820746 -3.187463704820751 NE 55.9434048368551 -3.187251572786395 98.70285224914551 239.8484001159668
55.9434048368551 -3.187251572786395 SW 55.943192704820746 -3.187463704820751 98.70285224914551 238.5984001159668
55.943192704820746 -3.187463704820751 NE 55.9434048368551 -3.187251572786395 98.70285224914551 237.3484001159668
55.9434048368551 -3.187251572786395 WSW 55.94329003182539 -3.1875287366461484 98.70285224914551 236.0984001159668
55.94329003182539 -3.1875287366461484 ENE 55.9434048368551 -3.187251572786395 98.70285224914551 234.8484001159668
55.9434048368551 -3.187251572786395 ESE 55.94329003182539 -3.1869744089266416 98.70285224914551 233.5984001159668
55.94329003182539 -3.1869744089266416 W 55.94329003182539 -3.187274408926642 98.70285224914551 232.3484001159668
55.94329003182539 -3.187274408926642 ESE 55.94317522679568 -3.1869972450668884 98.70285224914551 231.0984001159668
55.94317522679568 -3.1869972450668884 WNW 55.94329003182539 -3.187274408926642 98.70285224914551 229.8484001159668
55.94329003182539 -3.187274408926642 SE 55.943077899791035 -3.187062276892286 98.70285224914551 228.5984001159668
55.943077899791035 -3.187062276892286 N 55.94337789979104 -3.187062276892286 98.70285224914551 227.3484001159668
55.94337789979104 -3.187062276892286 S 55.943077899791035 -3.187062276892286 98.70285224914551 226.0984001159668
55.943077899791035 -3.187062276892286 N 55.94337789979104 -3.187062276892286 98.70285224914551 224.8484001159668
55.94337789979104 -3.187062276892286 W 55.94337789979104 -3.1873622768922862 98.70285224914551 223.5984001159668
55.94337789979104 -3.1873622768922862 E 55.94337789979104 -3.187062276892286 98.70285224914551 222.3484001159668
55.94337789979104 -3.187062276892286 WNW 55.94349270482075 -3.1873394407520395 98.70285224914551 221.0984001159668
55.94349270482075 -3.1873394407520395 ESE 55.94337789979104 -3.187062276892286 98.70285224914551 219.8484001159668
55.94337789979104 -3.187062276892286 NNW 55.943655063650795 -3.1871770819219956 98.70285224914551 218.5984001159668
55.943655063650795 -3.1871770819219956 ESE 55.943540258621084 -3.186899918062242 98.70285224914551 217.3484001159668
55.943540258621084 -3.186899918062242 SSW 55.94326309476133 -3.1870147230919517 98.70285224914551 216.0984001159668
55.94326309476133 -3.1870147230919517 NNE 55.943540258621084 -3.186899918062242 98.70285224914551 214.8484001159668
55.943540258621084 -3.186899918062242 SE 55.94332812658673 -3.1866877860278864 98.70285224914551 213.5984001159668
55.94332812658673 -3.1866877860278864 NW 55.943540258621084 -3.186899918062242 98.70285224914551 212.3484001159668
55.943540258621084 -3.186899918062242 SE 55.94332812658673 -3.1866877860278864 98.70285224914551 211.0984001159668
55.94332812658673 -3.1866877860278864 W 55.94332812658673 -3.1869877860278866 98.70285224914551 209.8484001159668
55.94332812658673 -3.1869877860278866 ENE 55.94344293161644 -3.186710622168133 98.70285224914551 208.5984001159668
55.94344293161644 -3.186710622168133 WSW 55.94332812658673 -3.1869877860278866 98.70285224914551 207.3484001159668
55.94332812658673 -3.1869877860278866 ESE 55.94321332155702 -3.186710622168133 98.70285224914551 206.0984001159668
55.94321332155702 -3.186710622168133 WNW 55.94332812658673 -3.1869877860278866 98.70285224914551 204.8484001159668
55.94332812658673 -3.1869877860278866 SE 55.94311599455237 -3.186775653993531 98.70285224914551 203.5984001159668
55.94311599455237 -3.186775653993531 NW 55.94332812658673 -3.1869877860278866 98.70285224914551 202.3484001159668
55.94332812658673 -3.1869877860278866 S 55.943028126586725 -3.1869877860278866 98.70285224914551 201.0984001159668
55.943028126586725 -3.1869877860278866 NW 55.94324025862108 -3.1871999180622423 98.70285224914551 199.8484001159668
55.94324025862108 -3.1871999180622423 SSE 55.942963094761325 -3.187085113032533 98.70285224914551 198.5984001159668
55.942963094761325 -3.187085113032533 NW 55.94317522679568 -3.1872972450668886 98.70285224914551 197.3484001159668
55.94317522679568 -3.1872972450668886 SE 55.942963094761325 -3.187085113032533 98.70285224914551 196.0984001159668
55.942963094761325 -3.187085113032533 W 55.942963094761325 -3.187385113032533 221.64029121398926 250.78171157836914
55.942963094761325 -3.187385113032533 E 55.942963094761325 -3.187085113032533 221.64029121398926 249.53171157836914
55.942963094761325 -3.187085113032533 S 55.94266309476132 -3.187085113032533 221.64029121398926 248.28171157836914
55.94266309476132 -3.187085113032533 NNE 55.94294025862108 -3.1869703080028233 221.64029121398926 247.03171157836914
55.94294025862108 -3.1869703080028233 ESE 55.94282545359137 -3.18669314414307 269.8152828216553 331.5217933654785
55.94282545359137 -3.18669314414307 WNW 55.94294025862108 -3.1869703080028233 269.8152828216553 330.2717933654785
55.94294025862108 -3.1869703080028233 N 55.94324025862108 -3.1869703080028233 269.8152828216553 329.0217933654785
55.94324025862108 -3.1869703080028233 SE 55.943028126586725 -3.1867581759684676 269.8152828216553 327.7717933654785
55.943028126586725 -3.1867581759684676 NW 55.94324025862108 -3.1869703080028233 269.8152828216553 326.5217933654785
55.94324025862108 -3.1869703080028233 SE 55.943028126586725 -3.1867581759684676 269.8152828216553 325.2717933654785
55.943028126586725 -3.1867581759684676 WNW 55.943142931616435 -3.187035339828221 385.4457149505615 372.9639358520508
55.943142931616435 -3.187035339828221 ESE 55.943028126586725 -3.1867581759684676 385.4457149505615 371.7139358520508
55.943028126586725 -3.1867581759684676 SE 55.94281599455237 -3.186546043934112 385.4457149505615 370.4639358520508
55.94281599455237 -3.186546043934112 NW 55.943028126586725 -3.1867581759684676 385.4457149505615 369.2139358520508
55.943028126586725 -3.1867581759684676 SE 55.94281599455237 -3.186546043934112 385.4457149505615 367.9639358520508
55.94281599455237 -3.186546043934112 NW 55.943028126586725 -3.1867581759684676 385.4457149505615 366.7139358520508
55.943028126586725 -3.1867581759684676 SE 55.94281599455237 -3.186546043934112 385.4457149505615 365.4639358520508
55.94281599455237 -3.186546043934112 WNW 55.94293079958208 -3.186823207793865 385.4457149505615 364.2139358520508
55.94293079958208 -3.186823207793865 SE 55.94271866754772 -3.1866110757595094 385.4457149505615 362.9639358520508
55.94271866754772 -3.1866110757595094 NW 55.94293079958208 -3.186823207793865 385.4457149505615 361.7139358520508
55.94293079958208 -3.186823207793865 ENE 55.94304560461179 -3.186546043934112 480.36768913269043 376.15287590026855
55.94304560461179 -3.186546043934112 WSW 55.94293079958208 -3.186823207793865 480.36768913269043 374.90287590026855
55.94293079958208 -3.186823207793865 S 55.942630799582076 -3.186823207793865 480.36768913269043 373.65287590026855
