55.944425 -3.188396 NW 55.94463713203436 -3.188608132034356 0.0 248.75
55.94463713203436 -3.188608132034356 SE 55.944425 -3.188396 0.0 247.5
55.944425 -3.188396 ESE 55.94431019497029 -3.1881188361402466 0.0 246.25
55.94431019497029 -3.1881188361402466 WNW 55.944425 -3.188396 0.0 245.0
55.944425 -3.188396 E 55.944425 -3.188096 0.0 243.75
55.944425 -3.188096 W 55.944425 -3.188396 0.0 242.5
55.944425 -3.188396 E 55.944425 -3.188096 0.0 241.25
55.944425 -3.188096 NW 55.94463713203436 -3.1883081320343556 0.0 240.0
55.94463713203436 -3.1883081320343556 E 55.94463713203436 -3.1880081320343554 0.0 238.75
55.94463713203436 -3.1880081320343554 W 55.94463713203436 -3.1883081320343556 0.0 237.5
55.94463713203436 -3.1883081320343556 NNW 55.944914295894115 -3.188422937064065 0.0 236.25
55.944914295894115 -3.188422937064065 SSE 55.94463713203436 -3.1883081320343556 0.0 235.0
55.94463713203436 -3.1883081320343556 SE 55.944425 -3.188096 0.0 233.75
55.944425 -3.188096 NW 55.94463713203436 -3.1883081320343556 0.0 232.5
55.94463713203436 -3.1883081320343556 NNW 55.944914295894115 -3.188422937064065 0.0 231.25
55.944914295894115 -3.188422937064065 S 55.94461429589411 -3.188422937064065 0.0 230.0
55.94461429589411 -3.188422937064065 NNW 55.94489145975387 -3.1885377420937746 0.0 228.75
55.94489145975387 -3.1885377420937746 S 55.944591459753866 -3.1885377420937746 0.0 227.5
55.944591459753866 -3.1885377420937746 N 55.94489145975387 -3.1885377420937746 0.0 226.25
55.94489145975387 -3.1885377420937746 WNW 55.94500626478358 -3.188814905953528 0.0 225.0
55.94500626478358 -3.188814905953528 ESE 55.94489145975387 -3.1885377420937746 0.0 223.75
55.94489145975387 -3.1885377420937746 ENE 55.94500626478358 -3.188260578234021 21.88223648071289 311.6671142578125
55.94500626478358 -3.188260578234021 WNW 55.94512106981329 -3.1885377420937746 66.76304244995117 400.5290756225586
55.94512106981329 -3.1885377420937746 ESE 55.94500626478358 -3.188260578234021 66.76304244995117 399.2790756225586
55.94500626478358 -3.188260578234021 WNW 55.94512106981329 -3.1885377420937746 66.76304244995117 398.0290756225586
55.94512106981329 -3.1885377420937746 E 55.94512106981329 -3.1882377420937744 66.76304244995117 396.7790756225586
55.94512106981329 -3.1882377420937744 S 55.94482106981329 -3.1882377420937744 66.76304244995117 395.5290756225586
55.94482106981329 -3.1882377420937744 N 55.94512106981329 -3.1882377420937744 66.76304244995117 394.2790756225586
55.94512106981329 -3.1882377420937744 NNE 55.945398233673046 -3.188122937064065 66.76304244995117 393.0290756225586
55.945398233673046 -3.188122937064065 SW 55.94518610163869 -3.1883350690984207 66.76304244995117 391.7790756225586
55.94518610163869 -3.1883350690984207 NE 55.945398233673046 -3.188122937064065 66.76304244995117 390.5290756225586
55.945398233673046 -3.188122937064065 SW 55.94518610163869 -3.1883350690984207 66.76304244995117 389.2790756225586
55.94518610163869 -3.1883350690984207 NE 55.945398233673046 -3.188122937064065 66.76304244995117 388.0290756225586
55.945398233673046 -3.188122937064065 W 55.945398233673046 -3.188422937064065 66.76304244995117 386.7790756225586
55.945398233673046 -3.188422937064065 ENE 55.94551303870276 -3.1881457732043117 66.76304244995117 385.5290756225586
55.94551303870276 -3.1881457732043117 WNW 55.94562784373247 -3.188422937064065 66.76304244995117 384.2790756225586
55.94562784373247 -3.188422937064065 ESE 55.94551303870276 -3.1881457732043117 66.76304244995117 383.0290756225586
55.94551303870276 -3.1881457732043117 WNW 55.94562784373247 -3.188422937064065 66.76304244995117 381.7790756225586
55.94562784373247 -3.188422937064065 E 55.94562784373247 -3.188122937064065 66.76304244995117 380.5290756225586
55.94562784373247 -3.188122937064065 NNE 55.94590500759222 -3.1880081320343554 66.76304244995117 379.2790756225586
55.94590500759222 -3.1880081320343554 SSW 55.94562784373247 -3.188122937064065 66.76304244995117 378.0290756225586
55.94562784373247 -3.188122937064065 NE 55.94583997576682 -3.187910805029709 156.9038429260254 404.11645889282227
55.94583997576682 -3.187910805029709 WSW 55.94572517073711 -3.1881879688894625 156.9038429260254 402.86645889282227
55.94572517073711 -3.1881879688894625 ENE 55.94583997576682 -3.187910805029709 156.9038429260254 401.61645889282227
55.94583997576682 -3.187910805029709 W 55.94583997576682 -3.1882108050297093 156.9038429260254 400.36645889282227
55.94583997576682 -3.1882108050297093 E 55.94583997576682 -3.187910805029709 156.9038429260254 399.11645889282227
55.94583997576682 -3.187910805029709 SSW 55.94556281190707 -3.1880256100594186 175.28937149047852 517.7183036804199
55.94556281190707 -3.1880256100594186 NNE 55.94583997576682 -3.187910805029709 175.28937149047852 516.4683036804199
55.94583997576682 -3.187910805029709 SSW 55.94556281190707 -3.1880256100594186 175.28937149047852 515.2183036804199
55.94556281190707 -3.1880256100594186 N 55.94586281190707 -3.1880256100594186 175.28937149047852 513.9683036804199
55.94586281190707 -3.1880256100594186 SSE 55.94558564804731 -3.187910805029709 242.12707138061523 623.0342674255371
55.94558564804731 -3.187910805029709 E 55.94558564804731 -3.187610805029709 318.9705390930176 690.2869682312012
55.94558564804731 -3.187610805029709 W 55.94558564804731 -3.187910805029709 318.9705390930176 689.0369682312012
55.94558564804731 -3.187910805029709 ESE 55.9454708430176 -3.1876336411699557 318.9705390930176 687.7869682312012
55.9454708430176 -3.1876336411699557 WNW 55.94558564804731 -3.187910805029709 318.9705390930176 686.5369682312012
55.94558564804731 -3.187910805029709 ESE 55.9454708430176 -3.1876336411699557 318.9705390930176 685.2869682312012
55.9454708430176 -3.1876336411699557 NE 55.94568297505196 -3.1874215091356 318.9705390930176 684.0369682312012
55.94568297505196 -3.1874215091356 SW 55.9454708430176 -3.1876336411699557 318.9705390930176 682.7869682312012
55.9454708430176 -3.1876336411699557 ENE 55.94558564804731 -3.1873564773102023 318.9705390930176 681.5369682312012
55.94558564804731 -3.1873564773102023 SSW 55.94530848418756 -3.187471282339912 318.9705390930176 680.2869682312012
55.94530848418756 -3.187471282339912 NE 55.94552061622191 -3.187259150305556 318.9705390930176 679.0369682312012
55.94552061622191 -3.187259150305556 SW 55.94530848418756 -3.187471282339912 318.9705390930176 677.7869682312012
55.94530848418756 -3.187471282339912 ENE 55.94542328921727 -3.1871941184801584 318.9705390930176 676.5369682312012
55.94542328921727 -3.1871941184801584 WSW 55.94530848418756 -3.187471282339912 318.9705390930176 675.2869682312012
55.94530848418756 -3.187471282339912 E 55.94530848418756 -3.1871712823399116 318.9705390930176 674.0369682312012
55.94530848418756 -3.1871712823399116 WSW 55.945193679157846 -3.187448446199665 318.9705390930176 672.7869682312012
55.945193679157846 -3.187448446199665 ENE 55.94530848418756 -3.1871712823399116 318.9705390930176 671.5369682312012
55.94530848418756 -3.1871712823399116 SSW 55.9450313203278 -3.187286087369621 318.9705390930176 670.2869682312012
55.9450313203278 -3.187286087369621 NNE 55.94530848418756 -3.1871712823399116 318.9705390930176 669.0369682312012
55.94530848418756 -3.1871712823399116 NNE 55.94558564804731 -3.187056477310202 318.9705390930176 667.7869682312012
55.94558564804731 -3.187056477310202 SSW 55.94530848418756 -3.1871712823399116 318.9705390930176 666.5369682312012
55.94530848418756 -3.1871712823399116 NW 55.94552061622191 -3.1873834143742674 318.9705390930176 665.2869682312012
55.94552061622191 -3.1873834143742674 SE 55.94530848418756 -3.1871712823399116 318.9705390930176 664.0369682312012
55.94530848418756 -3.1871712823399116 NNW 55.94558564804731 -3.187286087369621 318.9705390930176 662.7869682312012
55.94558564804731 -3.187286087369621 S 55.94528564804731 -3.187286087369621 318.9705390930176 661.5369682312012
55.94528564804731 -3.187286087369621 NNE 55.94556281190707 -3.1871712823399116 318.9705390930176 660.2869682312012
55.94556281190707 -3.1871712823399116 SW 55.94535067987271 -3.1873834143742674 318.9705390930176 659.0369682312012
55.94535067987271 -3.1873834143742674 NNE 55.94562784373247 -3.187268609344558 318.9705390930176 657.7869682312012
55.94562784373247 -3.187268609344558 SSE 55.94535067987271 -3.1871538043148484 318.9705390930176 656.5369682312012
55.94535067987271 -3.1871538043148484 NNE 55.94562784373247 -3.187038999285139 386.3713722229004 674.3751583099365
55.94562784373247 -3.187038999285139 SSW 55.94535067987271 -3.1871538043148484 386.3713722229004 673.1251583099365
55.94535067987271 -3.1871538043148484 NNE 55.94562784373247 -3.187038999285139 386.3713722229004 671.8751583099365
55.94562784373247 -3.187038999285139 S 55.945327843732464 -3.187038999285139 386.3713722229004 670.6251583099365
55.945327843732464 -3.187038999285139 N 55.94562784373247 -3.187038999285139 386.3713722229004 669.3751583099365
55.94562784373247 -3.187038999285139 SSW 55.94535067987271 -3.1871538043148484 386.3713722229004 668.1251583099365
55.94535067987271 -3.1871538043148484 NNE 55.94562784373247 -3.187038999285139 386.3713722229004 666.8751583099365
55.94562784373247 -3.187038999285139 NNW 55.94590500759222 -3.1871538043148484 386.3713722229004 665.6251583099365
55.94590500759222 -3.1871538043148484 SSE 55.94562784373247 -3.187038999285139 386.3713722229004 664.3751583099365
55.94562784373247 -3.187038999285139 NNW 55.94590500759222 -3.1871538043148484 386.3713722229004 663.1251583099365
55.94590500759222 -3.1871538043148484 SSW 55.94562784373247 -3.187268609344558 386.3713722229004 661.8751583099365
55.94562784373247 -3.187268609344558 N 55.94592784373247 -3.187268609344558 386.3713722229004 660.6251583099365
55.94592784373247 -3.187268609344558 SSW 55.94565067987271 -3.1873834143742674 386.3713722229004 659.3751583099365
55.94565067987271 -3.1873834143742674 NE 55.94586281190707 -3.1871712823399116 386.3713722229004 658.1251583099365
55.94586281190707 -3.1871712823399116 WSW 55.94574800687736 -3.187448446199665 386.3713722229004 656.8751583099365
55.94574800687736 -3.187448446199665 ENE 55.94586281190707 -3.1871712823399116 386.3713722229004 655.6251583099365
55.94586281190707 -3.1871712823399116 WSW 55.94574800687736 -3.187448446199665 386.3713722229004 654.3751583099365
55.94574800687736 -3.187448446199665 E 55.94574800687736 -3.187148446199665 386.3713722229004 653.1251583099365
55.94574800687736 -3.187148446199665 WSW 55.94563320184765 -3.1874256100594183 386.3713722229004 651.8751583099365
55.94563320184765 -3.1874256100594183 NW 55.945845333882005 -3.187637742093774 386.3713722229004 650.6251583099365
55.945845333882005 -3.187637742093774 SE 55.94563320184765 -3.1874256100594183 386.3713722229004 649.3751583099365
55.94563320184765 -3.1874256100594183 NW 55.945845333882005 -3.187637742093774 386.3713722229004 648.1251583099365
55.945845333882005 -3.187637742093774 SSE 55.94556817002225 -3.1875229370640645 386.3713722229004 646.8751583099365
55.94556817002225 -3.1875229370640645 NNW 55.945845333882005 -3.187637742093774 386.3713722229004 645.6251583099365
55.945845333882005 -3.187637742093774 W 55.945845333882005 -3.1879377420937742 386.3713722229004 644.3751583099365
55.945845333882005 -3.1879377420937742 NE 55.94605746591636 -3.1877256100594185 386.3713722229004 643.1251583099365
55.94605746591636 -3.1877256100594185 SW 55.945845333882005 -3.1879377420937742 386.3713722229004 641.8751583099365
55.945845333882005 -3.1879377420937742 NNE 55.94612249774176 -3.1878229370640647 396.0825128555298 753.6204051971436
55.94612249774176 -3.1878229370640647 WSW 55.94600769271205 -3.188100100923818 425.9356527328491 806.6084804534912
55.94600769271205 -3.188100100923818 ENE 55.94612249774176 -3.1878229370640647 425.9356527328491 805.3584804534912
55.94612249774176 -3.1878229370640647 W 55.94612249774176 -3.188122937064065 425.9356527328491 804.1084804534912
55.94612249774176 -3.188122937064065 E 55.94612249774176 -3.1878229370640647 425.9356527328491 802.8584804534912
55.94612249774176 -3.1878229370640647 W 55.94612249774176 -3.188122937064065 425.9356527328491 801.6084804534912
55.94612249774176 -3.188122937064065 E 55.94612249774176 -3.1878229370640647 425.9356527328491 800.3584804534912
55.94612249774176 -3.1878229370640647 W 55.94612249774176 -3.188122937064065 425.9356527328491 799.1084804534912
55.94612249774176 -3.188122937064065 E 55.94612249774176 -3.1878229370640647 425.9356527328491 797.8584804534912
55.94612249774176 -3.1878229370640647 ESE 55.94600769271205 -3.1875457732043113 425.9356527328491 796.6084804534912
55.94600769271205 -3.1875457732043113 WNW 55.94612249774176 -3.1878229370640647 425.9356527328491 795.3584804534912
55.94612249774176 -3.1878229370640647 SSE 55.945845333882005 -3.187708132034355 425.9356527328491 794.1084804534912
55.945845333882005 -3.187708132034355 N 55.94614533388201 -3.187708132034355 425.9356527328491 792.8584804534912
55.94614533388201 -3.187708132034355 S 55.945845333882005 -3.187708132034355 425.9356527328491 791.6084804534912
55.945845333882005 -3.187708132034355 NNW 55.94612249774176 -3.1878229370640647 425.9356527328491 790.3584804534912
55.94612249774176 -3.1878229370640647 SSE 55.945845333882005 -3.187708132034355 425.9356527328491 789.1084804534912
55.945845333882005 -3.187708132034355 ENE 55.945960138911715 -3.187430968174602 425.9356527328491 787.8584804534912
55.945960138911715 -3.187430968174602 W 55.945960138911715 -3.187730968174602 425.9356527328491 786.6084804534912
55.945960138911715 -3.187730968174602 E 55.945960138911715 -3.187430968174602 425.9356527328491 785.3584804534912
55.945960138911715 -3.187430968174602 W 55.945960138911715 -3.187730968174602 425.9356527328491 784.1084804534912
55.945960138911715 -3.187730968174602 E 55.945960138911715 -3.187430968174602 425.9356527328491 782.8584804534912
55.945960138911715 -3.187430968174602 NE 55.94617227094607 -3.187218836140246 425.9356527328491 781.6084804534912
55.94617227094607 -3.187218836140246 S 55.94587227094607 -3.187218836140246 425.9356527328491 780.3584804534912
55.94587227094607 -3.187218836140246 SSE 55.94559510708631 -3.1871040311105365 425.9356527328491 779.1084804534912
55.94559510708631 -3.1871040311105365 NNW 55.94587227094607 -3.187218836140246 425.9356527328491 777.8584804534912
55.94587227094607 -3.187218836140246 ENE 55.94598707597578 -3.1869416722804926 425.9356527328491 776.6084804534912
55.94598707597578 -3.1869416722804926 WSW 55.94587227094607 -3.187218836140246 425.9356527328491 775.3584804534912
55.94587227094607 -3.187218836140246 WNW 55.94598707597578 -3.1874959999999994 425.9356527328491 774.1084804534912
55.94598707597578 -3.1874959999999994 ESE 55.94587227094607 -3.187218836140246 425.9356527328491 772.8584804534912
55.94587227094607 -3.187218836140246 NE 55.946084402980425 -3.1870067041058903 425.9356527328491 771.6084804534912
55.946084402980425 -3.1870067041058903 SW 55.94587227094607 -3.187218836140246 425.9356527328491 770.3584804534912
55.94587227094607 -3.187218836140246 NE 55.946084402980425 -3.1870067041058903 425.9356527328491 769.1084804534912
55.946084402980425 -3.1870067041058903 WSW 55.945969597950715 -3.1872838679656437 425.9356527328491 767.8584804534912
55.945969597950715 -3.1872838679656437 ENE 55.946084402980425 -3.1870067041058903 425.9356527328491 766.6084804534912
55.946084402980425 -3.1870067041058903 WNW 55.946199208010135 -3.1872838679656437 425.9356527328491 765.3584804534912
55.946199208010135 -3.1872838679656437 ESE 55.946084402980425 -3.1870067041058903 425.9356527328491 764.1084804534912
55.946084402980425 -3.1870067041058903 ESE 55.945969597950715 -3.186729540246137 425.9356527328491 762.8584804534912
55.945969597950715 -3.186729540246137 WNW 55.946084402980425 -3.1870067041058903 425.9356527328491 761.6084804534912
55.946084402980425 -3.1870067041058903 E 55.946084402980425 -3.18670670410589 425.9356527328491 760.3584804534912
55.946084402980425 -3.18670670410589 WNW 55.946199208010135 -3.1869838679656435 425.9356527328491 759.1084804534912
55.946199208010135 -3.1869838679656435 ESE 55.946084402980425 -3.18670670410589 425.9356527328491 757.8584804534912
55.946084402980425 -3.18670670410589 WNW 55.946199208010135 -3.1869838679656435 425.9356527328491 756.6084804534912
55.946199208010135 -3.1869838679656435 ESE 55.946084402980425 -3.18670670410589 425.9356527328491 755.3584804534912
55.946084402980425 -3.18670670410589 WNW 55.946199208010135 -3.1869838679656435 425.9356527328491 754.1084804534912
55.946199208010135 -3.1869838679656435 ESE 55.946084402980425 -3.18670670410589 425.9356527328491 752.8584804534912
55.946084402980425 -3.18670670410589 ENE 55.946199208010135 -3.1864295402461367 425.9356527328491 751.6084804534912
55.946199208010135 -3.1864295402461367 WSW 55.946084402980425 -3.18670670410589 425.9356527328491 750.3584804534912
55.946084402980425 -3.18670670410589 ENE 55.946199208010135 -3.1864295402461367 425.9356527328491 749.1084804534912
55.946199208010135 -3.1864295402461367 WSW 55.946084402980425 -3.18670670410589 425.9356527328491 747.8584804534912
55.946084402980425 -3.18670670410589 ENE 55.946199208010135 -3.1864295402461367 425.9356527328491 746.6084804534912
55.946199208010135 -3.1864295402461367 SW 55.94598707597578 -3.1866416722804924 425.9356527328491 745.3584804534912
55.94598707597578 -3.1866416722804924 NE 55.946199208010135 -3.1864295402461367 425.9356527328491 744.1084804534912
55.946199208010135 -3.1864295402461367 S 55.94589920801013 -3.1864295402461367 425.9356527328491 742.8584804534912
55.94589920801013 -3.1864295402461367 NNE 55.94617637186989 -3.186314735216427 425.9356527328491 741.6084804534912
55.94617637186989 -3.186314735216427 SSW 55.94589920801013 -3.1864295402461367 425.9356527328491 740.3584804534912
55.94589920801013 -3.1864295402461367 NNE 55.94617637186989 -3.186314735216427 425.9356527328491 739.1084804534912
55.94617637186989 -3.186314735216427 SSE 55.94589920801013 -3.1861999301867177 425.9356527328491 737.8584804534912
55.94589920801013 -3.1861999301867177 NNW 55.94617637186989 -3.186314735216427 425.9356527328491 736.6084804534912
55.94617637186989 -3.186314735216427 S 55.945876371869886 -3.186314735216427 425.9356527328491 735.3584804534912
55.945876371869886 -3.186314735216427 N 55.94617637186989 -3.186314735216427 425.9356527328491 734.1084804534912
55.94617637186989 -3.186314735216427 ESE 55.94606156684018 -3.1860375713566738 425.9356527328491 732.8584804534912
55.94606156684018 -3.1860375713566738 W 55.94606156684018 -3.186337571356674 425.9356527328491 731.6084804534912
55.94606156684018 -3.186337571356674 E 55.94606156684018 -3.1860375713566738 425.9356527328491 730.3584804534912
55.94606156684018 -3.1860375713566738 WSW 55.94594676181047 -3.186314735216427 425.9356527328491 729.1084804534912
55.94594676181047 -3.186314735216427 ENE 55.94606156684018 -3.1860375713566738 425.9356527328491 727.8584804534912
55.94606156684018 -3.1860375713566738 WSW 55.94594676181047 -3.186314735216427 425.9356527328491 726.6084804534912
55.94594676181047 -3.186314735216427 ENE 55.94606156684018 -3.1860375713566738 425.9356527328491 725.3584804534912
55.94606156684018 -3.1860375713566738 E 55.94606156684018 -3.1857375713566736 497.0956335067749 812.3710536956787
55.94606156684018 -3.1857375713566736 W 55.94606156684018 -3.1860375713566738 497.0956335067749 811.1210536956787
55.94606156684018 -3.1860375713566738 ENE 55.94617637186989 -3.1857604074969204 497.0956335067749 809.8710536956787
55.94617637186989 -3.1857604074969204 WSW 55.94606156684018 -3.1860375713566738 497.0956335067749 808.6210536956787
55.94606156684018 -3.1860375713566738 ENE 55.94617637186989 -3.1857604074969204 497.0956335067749 807.3710536956787
55.94617637186989 -3.1857604074969204 W 55.94617637186989 -3.1860604074969205 497.0956335067749 806.1210536956787
55.94617637186989 -3.1860604074969205 SE 55.94596423983553 -3.1858482754625648 497.0956335067749 804.8710536956787
55.94596423983553 -3.1858482754625648 NW 55.94617637186989 -3.1860604074969205 497.0956335067749 803.6210536956787
55.94617637186989 -3.1860604074969205 SE 55.94596423983553 -3.1858482754625648 497.0956335067749 802.3710536956787
55.94596423983553 -3.1858482754625648 NW 55.94617637186989 -3.1860604074969205 497.0956335067749 801.1210536956787
55.94617637186989 -3.1860604074969205 SE 55.94596423983553 -3.1858482754625648 497.0956335067749 799.8710536956787
55.94596423983553 -3.1858482754625648 WNW 55.94607904486524 -3.186125439322318 497.0956335067749 798.6210536956787
55.94607904486524 -3.186125439322318 SE 55.94586691283089 -3.1859133072879624 497.0956335067749 797.3710536956787
55.94586691283089 -3.1859133072879624 NW 55.94607904486524 -3.186125439322318 497.0956335067749 796.1210536956787
55.94607904486524 -3.186125439322318 SE 55.94586691283089 -3.1859133072879624 497.0956335067749 794.8710536956787
55.94586691283089 -3.1859133072879624 SW 55.94565478079653 -3.186125439322318 497.0956335067749 793.6210536956787
55.94565478079653 -3.186125439322318 NNE 55.94593194465629 -3.1860106342926087 497.0956335067749 792.3710536956787
55.94593194465629 -3.1860106342926087 SW 55.94571981262193 -3.1862227663269644 497.0956335067749 791.1210536956787
55.94571981262193 -3.1862227663269644 NW 55.94593194465629 -3.18643489836132 497.0956335067749 789.8710536956787
55.94593194465629 -3.18643489836132 SE 55.94571981262193 -3.1862227663269644 497.0956335067749 788.6210536956787
55.94571981262193 -3.1862227663269644 NW 55.94593194465629 -3.18643489836132 497.0956335067749 787.3710536956787
55.94593194465629 -3.18643489836132 ENE 55.946046749686 -3.186157734501567 497.0956335067749 786.1210536956787
55.946046749686 -3.186157734501567 WSW 55.94593194465629 -3.18643489836132 497.0956335067749 784.8710536956787
55.94593194465629 -3.18643489836132 NNE 55.946209108516044 -3.1863200933316107 497.0956335067749 783.6210536956787
55.946209108516044 -3.1863200933316107 SSW 55.94593194465629 -3.18643489836132 497.0956335067749 782.3710536956787
55.94593194465629 -3.18643489836132 NW 55.94614407669064 -3.186647030395676 497.0956335067749 781.1210536956787
55.94614407669064 -3.186647030395676 SSE 55.94586691283089 -3.1865322253659665 497.0956335067749 779.8710536956787
55.94586691283089 -3.1865322253659665 NNW 55.94614407669064 -3.186647030395676 497.0956335067749 778.6210536956787
55.94614407669064 -3.186647030395676 S 55.94584407669064 -3.186647030395676 497.0956335067749 777.3710536956787
55.94584407669064 -3.186647030395676 N 55.94614407669064 -3.186647030395676 497.0956335067749 776.1210536956787
55.94614407669064 -3.186647030395676 S 55.94584407669064 -3.186647030395676 497.0956335067749 774.8710536956787
55.94584407669064 -3.186647030395676 SSE 55.945566912830884 -3.1865322253659665 497.0956335067749 773.6210536956787
55.945566912830884 -3.1865322253659665 NNW 55.94584407669064 -3.186647030395676 497.0956335067749 772.3710536956787
55.94584407669064 -3.186647030395676 SSE 55.945566912830884 -3.1865322253659665 497.0956335067749 771.1210536956787
55.945566912830884 -3.1865322253659665 NNE 55.94584407669064 -3.186417420336257 497.0956335067749 769.8710536956787
55.94584407669064 -3.186417420336257 SSW 55.945566912830884 -3.1865322253659665 497.0956335067749 768.6210536956787
55.945566912830884 -3.1865322253659665 N 55.94586691283089 -3.1865322253659665 497.0956335067749 767.3710536956787
55.94586691283089 -3.1865322253659665 SE 55.94565478079653 -3.1863200933316107 497.0956335067749 766.1210536956787
55.94565478079653 -3.1863200933316107 N 55.945954780796534 -3.1863200933316107 497.0956335067749 764.8710536956787
55.945954780796534 -3.1863200933316107 S 55.94565478079653 -3.1863200933316107 497.0956335067749 763.6210536956787
55.94565478079653 -3.1863200933316107 N 55.945954780796534 -3.1863200933316107 497.0956335067749 762.3710536956787
55.945954780796534 -3.1863200933316107 S 55.94565478079653 -3.1863200933316107 497.0956335067749 761.1210536956787
55.94565478079653 -3.1863200933316107 NNW 55.94593194465629 -3.18643489836132 497.0956335067749 759.8710536956787
55.94593194465629 -3.18643489836132 SSE 55.94565478079653 -3.1863200933316107 497.0956335067749 758.6210536956787
55.94565478079653 -3.1863200933316107 WNW 55.94576958582624 -3.186597257191364 497.0956335067749 757.3710536956787
55.94576958582624 -3.186597257191364 ESE 55.94565478079653 -3.1863200933316107 497.0956335067749 756.1210536956787
55.94565478079653 -3.1863200933316107 WNW 55.94576958582624 -3.186597257191364 497.0956335067749 754.8710536956787
55.94576958582624 -3.186597257191364 E 55.94576958582624 -3.186297257191364 497.0956335067749 753.6210536956787
55.94576958582624 -3.186297257191364 SW 55.945557453791885 -3.1865093892257197 497.0956335067749 752.3710536956787
55.945557453791885 -3.1865093892257197 ESE 55.945442648762175 -3.1862322253659663 497.0956335067749 751.1210536956787
55.945442648762175 -3.1862322253659663 NW 55.94565478079653 -3.186444357400322 497.0956335067749 749.8710536956787
55.94565478079653 -3.186444357400322 SE 55.945442648762175 -3.1862322253659663 497.0956335067749 748.6210536956787
55.945442648762175 -3.1862322253659663 WNW 55.945557453791885 -3.1865093892257197 497.0956335067749 747.3710536956787
55.945557453791885 -3.1865093892257197 ESE 55.945442648762175 -3.1862322253659663 497.0956335067749 746.1210536956787
55.945442648762175 -3.1862322253659663 ESE 55.945327843732464 -3.185955061506213 497.0956335067749 744.8710536956787
55.945327843732464 -3.185955061506213 WNW 55.945442648762175 -3.1862322253659663 497.0956335067749 743.6210536956787
55.945442648762175 -3.1862322253659663 SE 55.94523051672782 -3.1860200933316105 497.0956335067749 742.3710536956787
55.94523051672782 -3.1860200933316105 N 55.94553051672782 -3.1860200933316105 497.0956335067749 741.1210536956787
55.94553051672782 -3.1860200933316105 SSE 55.945253352868065 -3.185905288301901 497.0956335067749 739.8710536956787
55.945253352868065 -3.185905288301901 S 55.94495335286806 -3.185905288301901 497.0956335067749 738.6210536956787
55.94495335286806 -3.185905288301901 N 55.945253352868065 -3.185905288301901 497.0956335067749 737.3710536956787
55.945253352868065 -3.185905288301901 S 55.94495335286806 -3.185905288301901 497.0956335067749 736.1210536956787
55.94495335286806 -3.185905288301901 NNE 55.94523051672782 -3.1857904832721915 497.0956335067749 734.8710536956787
55.94523051672782 -3.1857904832721915 SSW 55.94495335286806 -3.185905288301901 497.0956335067749 733.6210536956787
55.94495335286806 -3.185905288301901 WSW 55.94483854783835 -3.1861824521616544 497.0956335067749 732.3710536956787
55.94483854783835 -3.1861824521616544 ENE 55.94495335286806 -3.185905288301901 497.0956335067749 731.1210536956787
55.94495335286806 -3.185905288301901 ENE 55.94506815789777 -3.1856281244421476 497.0956335067749 729.8710536956787
55.94506815789777 -3.1856281244421476 WSW 55.94495335286806 -3.185905288301901 497.0956335067749 728.6210536956787
55.94495335286806 -3.185905288301901 ENE 55.94506815789777 -3.1856281244421476 497.0956335067749 727.3710536956787
55.94506815789777 -3.1856281244421476 WSW 55.94495335286806 -3.185905288301901 497.0956335067749 726.1210536956787
55.94495335286806 -3.185905288301901 SW 55.944741220833706 -3.186117420336257 497.0956335067749 724.8710536956787
55.944741220833706 -3.186117420336257 NE 55.94495335286806 -3.185905288301901 497.0956335067749 723.6210536956787
55.94495335286806 -3.185905288301901 WNW 55.94506815789777 -3.1861824521616544 497.0956335067749 722.3710536956787
55.94506815789777 -3.1861824521616544 ESE 55.94495335286806 -3.185905288301901 497.0956335067749 721.1210536956787
55.94495335286806 -3.185905288301901 NW 55.94516548490242 -3.186117420336257 497.0956335067749 719.8710536956787
55.94516548490242 -3.186117420336257 SE 55.94495335286806 -3.185905288301901 497.0956335067749 718.6210536956787
55.94495335286806 -3.185905288301901 NNW 55.94523051672782 -3.1860200933316105 497.0956335067749 717.3710536956787
