55.944425 -3.188396 E 55.944425 -3.188096 0.0 248.75
55.944425 -3.188096 W 55.944425 -3.188396 0.0 247.5
55.944425 -3.188396 ESE 55.94431019497029 -3.1881188361402466 0.0 246.25
55.94431019497029 -3.1881188361402466 WNW 55.944425 -3.188396 0.0 245.0
55.944425 -3.188396 E 55.944425 -3.188096 0.0 243.75
55.944425 -3.188096 W 55.944425 -3.188396 0.0 242.5
55.944425 -3.188396 E 55.944425 -3.188096 0.0 241.25
55.944425 -3.188096 NW 55.94463713203436 -3.1883081320343556 0.0 240.0
55.94463713203436 -3.1883081320343556 E 55.94463713203436 -3.1880081320343554 42.18399429321289 324.37682342529297
55.94463713203436 -3.1880081320343554 W 55.94463713203436 -3.1883081320343556 42.18399429321289 323.12682342529297
55.94463713203436 -3.1883081320343556 ESE 55.94452232700465 -3.188030968174602 162.4716911315918 350.5014171600342
55.94452232700465 -3.188030968174602 WNW 55.94463713203436 -3.1883081320343556 162.4716911315918 349.2514171600342
55.94463713203436 -3.1883081320343556 NNW 55.944914295894115 -3.188422937064065 162.4716911315918 348.0014171600342
55.944914295894115 -3.188422937064065 SSE 55.94463713203436 -3.1883081320343556 162.4716911315918 346.7514171600342
55.94463713203436 -3.1883081320343556 WNW 55.94475193706407 -3.188585295894109 162.4716911315918 345.5014171600342
55.94475193706407 -3.188585295894109 SSE 55.94447477320431 -3.1884704908643995 233.20764541625977 365.4563903808594
55.94447477320431 -3.1884704908643995 NNW 55.94475193706407 -3.188585295894109 233.20764541625977 364.2063903808594
55.94475193706407 -3.188585295894109 NE 55.944964069098425 -3.1883731638597532 233.20764541625977 362.9563903808594
55.944964069098425 -3.1883731638597532 WSW 55.944849264068715 -3.1886503277195066 233.20764541625977 361.7063903808594
55.944849264068715 -3.1886503277195066 NE 55.94506139610307 -3.188438195685151 233.20764541625977 360.4563903808594
55.94506139610307 -3.188438195685151 S 55.94476139610307 -3.188438195685151 233.20764541625977 359.2063903808594
55.94476139610307 -3.188438195685151 N 55.94506139610307 -3.188438195685151 233.20764541625977 357.9563903808594
55.94506139610307 -3.188438195685151 SE 55.944849264068715 -3.188226063650795 233.20764541625977 356.7063903808594
55.944849264068715 -3.188226063650795 ENE 55.944964069098425 -3.1879488997910417 233.20764541625977 355.4563903808594
55.944964069098425 -3.1879488997910417 WSW 55.944849264068715 -3.188226063650795 233.20764541625977 354.2063903808594
55.944849264068715 -3.188226063650795 ENE 55.944964069098425 -3.1879488997910417 233.20764541625977 352.9563903808594
55.944964069098425 -3.1879488997910417 WSW 55.944849264068715 -3.188226063650795 233.20764541625977 351.7063903808594
55.944849264068715 -3.188226063650795 ENE 55.944964069098425 -3.1879488997910417 233.20764541625977 350.4563903808594
55.944964069098425 -3.1879488997910417 WSW 55.944849264068715 -3.188226063650795 233.20764541625977 349.2063903808594
55.944849264068715 -3.188226063650795 ENE 55.944964069098425 -3.1879488997910417 233.20764541625977 347.9563903808594
55.944964069098425 -3.1879488997910417 N 55.94526406909843 -3.1879488997910417 233.20764541625977 346.7063903808594
55.94526406909843 -3.1879488997910417 S 55.944964069098425 -3.1879488997910417 233.20764541625977 345.4563903808594
55.944964069098425 -3.1879488997910417 N 55.94526406909843 -3.1879488997910417 233.20764541625977 344.2063903808594
55.94526406909843 -3.1879488997910417 SSE 55.94498690523867 -3.187834094761332 233.20764541625977 342.9563903808594
55.94498690523867 -3.187834094761332 NNE 55.94526406909843 -3.1877192897316227 233.20764541625977 341.7063903808594
55.94526406909843 -3.1877192897316227 SW 55.94505193706407 -3.1879314217659784 233.20764541625977 340.4563903808594
55.94505193706407 -3.1879314217659784 NNE 55.94532910092383 -3.187816616736269 233.20764541625977 339.2063903808594
55.94532910092383 -3.187816616736269 E 55.94532910092383 -3.1875166167362687 233.20764541625977 337.9563903808594
55.94532910092383 -3.1875166167362687 WSW 55.94521429589412 -3.187793780596022 233.20764541625977 336.7063903808594
55.94521429589412 -3.187793780596022 ENE 55.94532910092383 -3.1875166167362687 233.20764541625977 335.4563903808594
55.94532910092383 -3.1875166167362687 WSW 55.94521429589412 -3.187793780596022 233.20764541625977 334.2063903808594
55.94521429589412 -3.187793780596022 ENE 55.94532910092383 -3.1875166167362687 233.20764541625977 332.9563903808594
55.94532910092383 -3.1875166167362687 ESE 55.94521429589412 -3.1872394528765153 233.20764541625977 331.7063903808594
55.94521429589412 -3.1872394528765153 WNW 55.94532910092383 -3.1875166167362687 233.20764541625977 330.4563903808594
55.94532910092383 -3.1875166167362687 ESE 55.94521429589412 -3.1872394528765153 233.20764541625977 329.2063903808594
55.94521429589412 -3.1872394528765153 SSW 55.94493713203436 -3.187354257906225 233.20764541625977 327.9563903808594
55.94493713203436 -3.187354257906225 NNE 55.94521429589412 -3.1872394528765153 233.20764541625977 326.7063903808594
55.94521429589412 -3.1872394528765153 SSW 55.94493713203436 -3.187354257906225 233.20764541625977 325.4563903808594
55.94493713203436 -3.187354257906225 NNE 55.94521429589412 -3.1872394528765153 233.20764541625977 324.2063903808594
55.94521429589412 -3.1872394528765153 NE 55.945426427928474 -3.1870273208421596 233.20764541625977 322.9563903808594
55.945426427928474 -3.1870273208421596 SW 55.94521429589412 -3.1872394528765153 233.20764541625977 321.7063903808594
55.94521429589412 -3.1872394528765153 NNE 55.945491459753875 -3.187124647846806 233.20764541625977 320.4563903808594
55.945491459753875 -3.187124647846806 SSW 55.94521429589412 -3.1872394528765153 233.20764541625977 319.2063903808594
55.94521429589412 -3.1872394528765153 N 55.94551429589412 -3.1872394528765153 233.20764541625977 317.9563903808594
55.94551429589412 -3.1872394528765153 S 55.94521429589412 -3.1872394528765153 233.20764541625977 316.7063903808594
55.94521429589412 -3.1872394528765153 N 55.94551429589412 -3.1872394528765153 233.20764541625977 315.4563903808594
55.94551429589412 -3.1872394528765153 E 55.94551429589412 -3.186939452876515 233.20764541625977 314.2063903808594
55.94551429589412 -3.186939452876515 WNW 55.94562910092383 -3.1872166167362685 233.20764541625977 312.9563903808594
55.94562910092383 -3.1872166167362685 ESE 55.94551429589412 -3.186939452876515 233.20764541625977 311.7063903808594
55.94551429589412 -3.186939452876515 NW 55.94572642792848 -3.187151584910871 233.20764541625977 310.4563903808594
55.94572642792848 -3.187151584910871 ESE 55.94561162289877 -3.1868744210511175 233.20764541625977 309.2063903808594
55.94561162289877 -3.1868744210511175 W 55.94561162289877 -3.1871744210511177 233.20764541625977 307.9563903808594
55.94561162289877 -3.1871744210511177 E 55.94561162289877 -3.1868744210511175 233.20764541625977 306.7063903808594
55.94561162289877 -3.1868744210511175 SSW 55.94533445903901 -3.186989226080827 233.20764541625977 305.4563903808594
55.94533445903901 -3.186989226080827 NNE 55.94561162289877 -3.1868744210511175 233.20764541625977 304.2063903808594
55.94561162289877 -3.1868744210511175 SSW 55.94533445903901 -3.186989226080827 233.20764541625977 302.9563903808594
55.94533445903901 -3.186989226080827 N 55.94563445903901 -3.186989226080827 233.20764541625977 301.7063903808594
55.94563445903901 -3.186989226080827 S 55.94533445903901 -3.186989226080827 233.20764541625977 300.4563903808594
55.94533445903901 -3.186989226080827 NE 55.94554659107337 -3.1867770940464712 233.20764541625977 299.2063903808594
55.94554659107337 -3.1867770940464712 WSW 55.945431786043656 -3.1870542579062247 233.20764541625977 297.9563903808594
55.945431786043656 -3.1870542579062247 SSW 55.9451546221839 -3.187169062935934 233.20764541625977 296.7063903808594
55.9451546221839 -3.187169062935934 N 55.9454546221839 -3.187169062935934 233.20764541625977 295.4563903808594
55.9454546221839 -3.187169062935934 NW 55.94566675421826 -3.18738119497029 233.20764541625977 294.2063903808594
55.94566675421826 -3.18738119497029 S 55.945366754218256 -3.18738119497029 233.20764541625977 292.9563903808594
55.945366754218256 -3.18738119497029 NNW 55.94564391807801 -3.1874959999999994 233.20764541625977 291.7063903808594
55.94564391807801 -3.1874959999999994 S 55.94534391807801 -3.1874959999999994 233.20764541625977 290.4563903808594
55.94534391807801 -3.1874959999999994 N 55.94564391807801 -3.1874959999999994 233.20764541625977 289.2063903808594
55.94564391807801 -3.1874959999999994 E 55.94564391807801 -3.1871959999999993 233.20764541625977 287.9563903808594
55.94564391807801 -3.1871959999999993 W 55.94564391807801 -3.1874959999999994 233.20764541625977 286.7063903808594
55.94564391807801 -3.1874959999999994 NNE 55.94592108193777 -3.18738119497029 233.20764541625977 285.4563903808594
55.94592108193777 -3.18738119497029 SSW 55.94564391807801 -3.1874959999999994 233.20764541625977 284.2063903808594
55.94564391807801 -3.1874959999999994 W 55.94564391807801 -3.1877959999999996 233.20764541625977 282.9563903808594
55.94564391807801 -3.1877959999999996 ENE 55.94575872310772 -3.1875188361402462 233.20764541625977 281.7063903808594
55.94575872310772 -3.1875188361402462 NW 55.94597085514208 -3.187730968174602 233.20764541625977 280.4563903808594
55.94597085514208 -3.187730968174602 SW 55.94575872310772 -3.1879431002089578 233.20764541625977 279.2063903808594
55.94575872310772 -3.1879431002089578 NE 55.94597085514208 -3.187730968174602 233.20764541625977 277.9563903808594
55.94597085514208 -3.187730968174602 W 55.94597085514208 -3.188030968174602 233.20764541625977 276.7063903808594
55.94597085514208 -3.188030968174602 ENE 55.94608566017179 -3.187753804314849 233.20764541625977 275.4563903808594
55.94608566017179 -3.187753804314849 W 55.94608566017179 -3.188053804314849 233.20764541625977 274.2063903808594
55.94608566017179 -3.188053804314849 SSE 55.94580849631203 -3.1879389992851395 233.20764541625977 272.9563903808594
55.94580849631203 -3.1879389992851395 NNW 55.94608566017179 -3.188053804314849 233.20764541625977 271.7063903808594
55.94608566017179 -3.188053804314849 E 55.94608566017179 -3.187753804314849 233.20764541625977 270.4563903808594
55.94608566017179 -3.187753804314849 WNW 55.9462004652015 -3.188030968174602 233.20764541625977 269.2063903808594
55.9462004652015 -3.188030968174602 E 55.9462004652015 -3.187730968174602 233.20764541625977 267.9563903808594
55.9462004652015 -3.187730968174602 W 55.9462004652015 -3.188030968174602 233.20764541625977 266.7063903808594
55.9462004652015 -3.188030968174602 ESE 55.94608566017179 -3.187753804314849 233.20764541625977 265.4563903808594
55.94608566017179 -3.187753804314849 WNW 55.9462004652015 -3.188030968174602 233.20764541625977 264.2063903808594
55.9462004652015 -3.188030968174602 ESE 55.94608566017179 -3.187753804314849 233.20764541625977 262.9563903808594
55.94608566017179 -3.187753804314849 WSW 55.94597085514208 -3.188030968174602 233.20764541625977 261.7063903808594
55.94597085514208 -3.188030968174602 ENE 55.94608566017179 -3.187753804314849 233.20764541625977 260.4563903808594
55.94608566017179 -3.187753804314849 W 55.94608566017179 -3.188053804314849 233.20764541625977 259.2063903808594
55.94608566017179 -3.188053804314849 E 55.94608566017179 -3.187753804314849 233.20764541625977 257.9563903808594
55.94608566017179 -3.187753804314849 SSE 55.94580849631203 -3.1876389992851393 233.20764541625977 256.7063903808594
55.94580849631203 -3.1876389992851393 NNW 55.94608566017179 -3.187753804314849 233.20764541625977 255.45639038085938
55.94608566017179 -3.187753804314849 SSE 55.94580849631203 -3.1876389992851393 233.20764541625977 254.20639038085938
55.94580849631203 -3.1876389992851393 NNW 55.94608566017179 -3.187753804314849 233.20764541625977 252.95639038085938
55.94608566017179 -3.187753804314849 SSE 55.94580849631203 -3.1876389992851393 233.20764541625977 251.70639038085938
55.94580849631203 -3.1876389992851393 NE 55.94602062834639 -3.1874268672507835 233.20764541625977 250.45639038085938
55.94602062834639 -3.1874268672507835 SW 55.94580849631203 -3.1876389992851393 233.20764541625977 249.20639038085938
55.94580849631203 -3.1876389992851393 NE 55.94602062834639 -3.1874268672507835 233.20764541625977 247.95639038085938
55.94602062834639 -3.1874268672507835 WNW 55.9461354333761 -3.187704031110537 233.20764541625977 246.70639038085938
55.9461354333761 -3.187704031110537 ESE 55.94602062834639 -3.1874268672507835 233.20764541625977 245.45639038085938
55.94602062834639 -3.1874268672507835 ESE 55.94590582331668 -3.18714970339103 233.20764541625977 244.20639038085938
55.94590582331668 -3.18714970339103 W 55.94590582331668 -3.1874497033910303 233.20764541625977 242.95639038085938
55.94590582331668 -3.1874497033910303 E 55.94590582331668 -3.18714970339103 233.20764541625977 241.70639038085938
55.94590582331668 -3.18714970339103 WSW 55.94579101828697 -3.1874268672507835 233.20764541625977 240.45639038085938
55.94579101828697 -3.1874268672507835 ENE 55.94590582331668 -3.18714970339103 233.20764541625977 239.20639038085938
55.94590582331668 -3.18714970339103 NNE 55.946182987176435 -3.1870348983613206 233.20764541625977 237.95639038085938
55.946182987176435 -3.1870348983613206 SSW 55.94590582331668 -3.18714970339103 233.20764541625977 236.70639038085938
55.94590582331668 -3.18714970339103 NNE 55.946182987176435 -3.1870348983613206 233.20764541625977 235.45639038085938
55.946182987176435 -3.1870348983613206 SSW 55.94590582331668 -3.18714970339103 233.20764541625977 234.20639038085938
55.94590582331668 -3.18714970339103 NNE 55.946182987176435 -3.1870348983613206 233.20764541625977 232.95639038085938
55.946182987176435 -3.1870348983613206 SSW 55.94590582331668 -3.18714970339103 233.20764541625977 231.70639038085938
55.94590582331668 -3.18714970339103 NE 55.946117955351035 -3.1869375713566743 233.20764541625977 230.45639038085938
55.946117955351035 -3.1869375713566743 SSE 55.94584079149128 -3.186822766326965 233.20764541625977 229.20639038085938
55.94584079149128 -3.186822766326965 NNW 55.946117955351035 -3.1869375713566743 233.20764541625977 227.95639038085938
55.946117955351035 -3.1869375713566743 E 55.946117955351035 -3.186637571356674 233.20764541625977 226.70639038085938
55.946117955351035 -3.186637571356674 W 55.946117955351035 -3.1869375713566743 233.20764541625977 225.45639038085938
55.946117955351035 -3.1869375713566743 E 55.946117955351035 -3.186637571356674 233.20764541625977 224.20639038085938
55.946117955351035 -3.186637571356674 W 55.946117955351035 -3.1869375713566743 233.20764541625977 222.95639038085938
55.946117955351035 -3.1869375713566743 E 55.946117955351035 -3.186637571356674 233.20764541625977 221.70639038085938
55.946117955351035 -3.186637571356674 WNW 55.946232760380745 -3.1869147352164275 233.20764541625977 220.45639038085938
55.946232760380745 -3.1869147352164275 ESE 55.946117955351035 -3.186637571356674 233.20764541625977 219.20639038085938
55.946117955351035 -3.186637571356674 WSW 55.946003150321324 -3.1869147352164275 233.20764541625977 217.95639038085938
55.946003150321324 -3.1869147352164275 ENE 55.946117955351035 -3.186637571356674 233.20764541625977 216.70639038085938
55.946117955351035 -3.186637571356674 ENE 55.946232760380745 -3.1863604074969207 233.20764541625977 215.45639038085938
55.946232760380745 -3.1863604074969207 WSW 55.946117955351035 -3.186637571356674 233.20764541625977 214.20639038085938
55.946117955351035 -3.186637571356674 ENE 55.946232760380745 -3.1863604074969207 233.20764541625977 212.95639038085938
55.946232760380745 -3.1863604074969207 WSW 55.946117955351035 -3.186637571356674 233.20764541625977 211.70639038085938
55.946117955351035 -3.186637571356674 E 55.946117955351035 -3.186337571356674 233.20764541625977 210.45639038085938
55.946117955351035 -3.186337571356674 SW 55.94590582331668 -3.1865497033910297 233.20764541625977 209.20639038085938
55.94590582331668 -3.1865497033910297 NE 55.946117955351035 -3.186337571356674 233.20764541625977 207.95639038085938
55.946117955351035 -3.186337571356674 S 55.94581795535103 -3.186337571356674 233.20764541625977 206.70639038085938
55.94581795535103 -3.186337571356674 N 55.946117955351035 -3.186337571356674 233.20764541625977 205.45639038085938
55.946117955351035 -3.186337571356674 SSW 55.94584079149128 -3.1864523763863835 233.20764541625977 204.20639038085938
55.94584079149128 -3.1864523763863835 NNE 55.946117955351035 -3.186337571356674 233.20764541625977 202.95639038085938
55.946117955351035 -3.186337571356674 S 55.94581795535103 -3.186337571356674 233.20764541625977 201.70639038085938
55.94581795535103 -3.186337571356674 NNE 55.94609511921079 -3.1862227663269644 233.20764541625977 200.45639038085938
55.94609511921079 -3.1862227663269644 SSW 55.94581795535103 -3.186337571356674 233.20764541625977 199.20639038085938
55.94581795535103 -3.186337571356674 NW 55.94603008738539 -3.1865497033910297 345.0028495788574 298.91165924072266
55.94603008738539 -3.1865497033910297 SE 55.94581795535103 -3.186337571356674 345.0028495788574 297.66165924072266
55.94581795535103 -3.186337571356674 N 55.946117955351035 -3.186337571356674 345.0028495788574 296.41165924072266
55.946117955351035 -3.186337571356674 S 55.94581795535103 -3.186337571356674 345.0028495788574 295.16165924072266
55.94581795535103 -3.186337571356674 SSE 55.945540791491275 -3.1862227663269644 345.0028495788574 293.91165924072266
55.945540791491275 -3.1862227663269644 NNW 55.94581795535103 -3.186337571356674 345.0028495788574 292.66165924072266
55.94581795535103 -3.186337571356674 SSW 55.945540791491275 -3.1864523763863835 345.0028495788574 291.41165924072266
55.945540791491275 -3.1864523763863835 N 55.94584079149128 -3.1864523763863835 345.0028495788574 290.16165924072266
55.94584079149128 -3.1864523763863835 S 55.945540791491275 -3.1864523763863835 345.0028495788574 288.91165924072266
55.945540791491275 -3.1864523763863835 NNW 55.94581795535103 -3.186567181416093 345.0028495788574 287.66165924072266
55.94581795535103 -3.186567181416093 S 55.94551795535103 -3.186567181416093 345.0028495788574 286.41165924072266
55.94551795535103 -3.186567181416093 E 55.94551795535103 -3.1862671814160928 345.0028495788574 285.16165924072266
55.94551795535103 -3.1862671814160928 SSW 55.94524079149127 -3.1863819864458023 345.0028495788574 283.91165924072266
55.94524079149127 -3.1863819864458023 NNE 55.94551795535103 -3.1862671814160928 345.0028495788574 282.66165924072266
55.94551795535103 -3.1862671814160928 SW 55.94530582331667 -3.1864793134504485 345.0028495788574 281.41165924072266
55.94530582331667 -3.1864793134504485 NE 55.94551795535103 -3.1862671814160928 345.0028495788574 280.16165924072266
55.94551795535103 -3.1862671814160928 SSW 55.94524079149127 -3.1863819864458023 345.0028495788574 278.91165924072266
55.94524079149127 -3.1863819864458023 ENE 55.94535559652098 -3.186104822586049 345.0028495788574 277.66165924072266
55.94535559652098 -3.186104822586049 NW 55.94556772855534 -3.1863169546204047 345.0028495788574 276.41165924072266
55.94556772855534 -3.1863169546204047 SE 55.94535559652098 -3.186104822586049 345.0028495788574 275.16165924072266
55.94535559652098 -3.186104822586049 SSW 55.94507843266123 -3.1862196276157584 345.0028495788574 273.91165924072266
55.94507843266123 -3.1862196276157584 NE 55.94529056469558 -3.1860074955814026 345.0028495788574 272.66165924072266
55.94529056469558 -3.1860074955814026 SE 55.94507843266123 -3.185795363547047 345.0028495788574 271.41165924072266
55.94507843266123 -3.185795363547047 NW 55.94529056469558 -3.1860074955814026 345.0028495788574 270.16165924072266
55.94529056469558 -3.1860074955814026 SSE 55.945013400835826 -3.185892690551693 345.0028495788574 268.91165924072266
55.945013400835826 -3.185892690551693 NE 55.94522553287018 -3.1856805585173373 345.0028495788574 267.66165924072266
55.94522553287018 -3.1856805585173373 SW 55.945013400835826 -3.185892690551693 345.0028495788574 266.41165924072266
55.945013400835826 -3.185892690551693 W 55.945013400835826 -3.1861926905516933 345.0028495788574 265.16165924072266
55.945013400835826 -3.1861926905516933 E 55.945013400835826 -3.185892690551693 345.0028495788574 263.91165924072266
55.945013400835826 -3.185892690551693 SE 55.94480126880147 -3.1856805585173373 345.0028495788574 262.66165924072266
55.94480126880147 -3.1856805585173373 NW 55.945013400835826 -3.185892690551693 345.0028495788574 261.41165924072266
55.945013400835826 -3.185892690551693 SSW 55.94473623697607 -3.1860074955814026 345.0028495788574 260.16165924072266
55.94473623697607 -3.1860074955814026 NNE 55.945013400835826 -3.185892690551693 345.0028495788574 258.91165924072266
55.945013400835826 -3.185892690551693 SW 55.94480126880147 -3.186104822586049 345.0028495788574 257.66165924072266
55.94480126880147 -3.186104822586049 NNE 55.94507843266123 -3.1859900175563394 345.0028495788574 256.41165924072266
55.94507843266123 -3.1859900175563394 SSW 55.94480126880147 -3.186104822586049 345.0028495788574 255.16165924072266
55.94480126880147 -3.186104822586049 NE 55.945013400835826 -3.185892690551693 345.0028495788574 253.91165924072266
55.945013400835826 -3.185892690551693 W 55.945013400835826 -3.1861926905516933 345.0028495788574 252.66165924072266
55.945013400835826 -3.1861926905516933 E 55.945013400835826 -3.185892690551693 345.0028495788574 251.41165924072266
55.945013400835826 -3.185892690551693 W 55.945013400835826 -3.1861926905516933 345.0028495788574 250.16165924072266
55.945013400835826 -3.1861926905516933 NE 55.94522553287018 -3.1859805585173375 345.0028495788574 248.91165924072266
55.94522553287018 -3.1859805585173375 WSW 55.94511072784047 -3.186257722377091 345.0028495788574 247.66165924072266
55.94511072784047 -3.186257722377091 NE 55.94532285987483 -3.186045590342735 345.0028495788574 246.41165924072266
55.94532285987483 -3.186045590342735 SW 55.94511072784047 -3.186257722377091 345.0028495788574 245.16165924072266
55.94511072784047 -3.186257722377091 E 55.94511072784047 -3.1859577223770907 345.0028495788574 243.91165924072266
55.94511072784047 -3.1859577223770907 W 55.94511072784047 -3.186257722377091 345.0028495788574 242.66165924072266
55.94511072784047 -3.186257722377091 NW 55.94532285987483 -3.1864698544114467 345.0028495788574 241.41165924072266
55.94532285987483 -3.1864698544114467 SE 55.94511072784047 -3.186257722377091 345.0028495788574 240.16165924072266
55.94511072784047 -3.186257722377091 WNW 55.94522553287018 -3.1865348862368443 345.0028495788574 238.91165924072266
55.94522553287018 -3.1865348862368443 E 55.94522553287018 -3.186234886236844 463.0097999572754 354.3201599121094
55.94522553287018 -3.186234886236844 WNW 55.94534033789989 -3.1865120500965975 463.0097999572754 353.0701599121094
55.94534033789989 -3.1865120500965975 ESE 55.94522553287018 -3.186234886236844 463.0097999572754 351.8201599121094
55.94522553287018 -3.186234886236844 ENE 55.94534033789989 -3.1859577223770907 463.0097999572754 350.5701599121094
55.94534033789989 -3.1859577223770907 WSW 55.94522553287018 -3.186234886236844 463.0097999572754 349.3201599121094
55.94522553287018 -3.186234886236844 WNW 55.94534033789989 -3.1865120500965975 463.0097999572754 348.0701599121094
55.94534033789989 -3.1865120500965975 ESE 55.94522553287018 -3.186234886236844 463.0097999572754 346.8201599121094
55.94522553287018 -3.186234886236844 W 55.94522553287018 -3.1865348862368443 463.0097999572754 345.5701599121094
55.94522553287018 -3.1865348862368443 E 55.94522553287018 -3.186234886236844 463.0097999572754 344.3201599121094
55.94522553287018 -3.186234886236844 WSW 55.94511072784047 -3.1865120500965975 463.0097999572754 343.0701599121094
55.94511072784047 -3.1865120500965975 E 55.94511072784047 -3.1862120500965974 463.0097999572754 341.8201599121094
55.94511072784047 -3.1862120500965974 W 55.94511072784047 -3.1865120500965975 463.0097999572754 340.5701599121094
55.94511072784047 -3.1865120500965975 SW 55.944898595806116 -3.1867241821309533 463.0097999572754 339.3201599121094
55.944898595806116 -3.1867241821309533 NNE 55.94517575966587 -3.186609377101244 584.4932899475098 441.02803802490234
55.94517575966587 -3.186609377101244 SSW 55.944898595806116 -3.1867241821309533 584.4932899475098 439.77803802490234
55.944898595806116 -3.1867241821309533 NNE 55.94517575966587 -3.186609377101244 584.4932899475098 438.52803802490234
55.94517575966587 -3.186609377101244 S 55.94487575966587 -3.186609377101244 584.4932899475098 437.27803802490234
55.94487575966587 -3.186609377101244 N 55.94517575966587 -3.186609377101244 584.4932899475098 436.02803802490234
55.94517575966587 -3.186609377101244 S 55.94487575966587 -3.186609377101244 584.4932899475098 434.77803802490234
55.94487575966587 -3.186609377101244 WSW 55.94476095463616 -3.186886540960997 584.4932899475098 433.52803802490234
55.94476095463616 -3.186886540960997 ENE 55.94487575966587 -3.186609377101244 584.4932899475098 432.27803802490234
55.94487575966587 -3.186609377101244 WNW 55.94499056469558 -3.186886540960997 584.4932899475098 431.02803802490234
55.94499056469558 -3.186886540960997 E 55.94499056469558 -3.186586540960997 584.4932899475098 429.77803802490234
55.94499056469558 -3.186586540960997 W 55.94499056469558 -3.186886540960997 584.4932899475098 428.52803802490234
55.94499056469558 -3.186886540960997 NE 55.945202696729936 -3.1866744089266414 584.4932899475098 427.27803802490234
55.945202696729936 -3.1866744089266414 S 55.94490269672993 -3.1866744089266414 584.4932899475098 426.02803802490234
55.94490269672993 -3.1866744089266414 N 55.945202696729936 -3.1866744089266414 584.4932899475098 424.77803802490234
55.945202696729936 -3.1866744089266414 E 55.945202696729936 -3.1863744089266413 584.4932899475098 423.52803802490234
55.945202696729936 -3.1863744089266413 W 55.945202696729936 -3.1866744089266414 584.4932899475098 422.27803802490234
55.945202696729936 -3.1866744089266414 ENE 55.94531750175965 -3.186397245066888 700.9363136291504 520.771240234375
55.94531750175965 -3.186397245066888 WSW 55.945202696729936 -3.1866744089266414 700.9363136291504 519.521240234375
55.945202696729936 -3.1866744089266414 ENE 55.94531750175965 -3.186397245066888 700.9363136291504 518.271240234375
55.94531750175965 -3.186397245066888 WSW 55.945202696729936 -3.1866744089266414 700.9363136291504 517.021240234375
55.945202696729936 -3.1866744089266414 NW 55.94541482876429 -3.186886540960997 700.9363136291504 515.771240234375
55.94541482876429 -3.186886540960997 NE 55.94562696079865 -3.1866744089266414 700.9363136291504 514.521240234375
55.94562696079865 -3.1866744089266414 NE 55.945839092833005 -3.1864622768922857 700.9363136291504 513.271240234375
55.945839092833005 -3.1864622768922857 S 55.945539092833 -3.1864622768922857 700.9363136291504 512.021240234375
55.945539092833 -3.1864622768922857 N 55.945839092833005 -3.1864622768922857 700.9363136291504 510.771240234375
55.945839092833005 -3.1864622768922857 ENE 55.945953897862715 -3.1861851130325323 700.9363136291504 509.521240234375
55.945953897862715 -3.1861851130325323 WSW 55.945839092833005 -3.1864622768922857 700.9363136291504 508.271240234375
55.945839092833005 -3.1864622768922857 WNW 55.945953897862715 -3.186739440752039 700.9363136291504 507.021240234375
55.945953897862715 -3.186739440752039 E 55.945953897862715 -3.186439440752039 700.9363136291504 505.771240234375
55.945953897862715 -3.186439440752039 W 55.945953897862715 -3.186739440752039 700.9363136291504 504.521240234375
55.945953897862715 -3.186739440752039 SE 55.94574176582836 -3.1865273087176833 700.9363136291504 503.271240234375
55.94574176582836 -3.1865273087176833 NW 55.945953897862715 -3.186739440752039 700.9363136291504 502.021240234375
55.945953897862715 -3.186739440752039 WSW 55.945839092833005 -3.1870166046117925 700.9363136291504 500.771240234375
55.945839092833005 -3.1870166046117925 ENE 55.945953897862715 -3.186739440752039 700.9363136291504 499.521240234375
55.945953897862715 -3.186739440752039 W 55.945953897862715 -3.1870394407520393 700.9363136291504 498.271240234375
55.945953897862715 -3.1870394407520393 E 55.945953897862715 -3.186739440752039 700.9363136291504 497.021240234375
55.945953897862715 -3.186739440752039 SSW 55.94567673400296 -3.1868542457817486 700.9363136291504 495.771240234375
55.94567673400296 -3.1868542457817486 NW 55.945888866037315 -3.1870663778161044 700.9363136291504 494.521240234375
55.945888866037315 -3.1870663778161044 NNE 55.94616602989707 -3.186951572786395 700.9363136291504 493.271240234375
