55.944425 -3.188396 E 55.944425 -3.188096 0.0 248.75
55.944425 -3.188096 WNW 55.94453980502971 -3.1883731638597532 0.0 247.5
55.94453980502971 -3.1883731638597532 SE 55.94432767299536 -3.1881610318253975 0.0 246.25
55.94432767299536 -3.1881610318253975 NW 55.94453980502971 -3.1883731638597532 0.0 245.0
55.94453980502971 -3.1883731638597532 SSE 55.944262641169956 -3.1882583588300437 0.0 243.75
55.944262641169956 -3.1882583588300437 NNW 55.94453980502971 -3.1883731638597532 0.0 242.5
55.94453980502971 -3.1883731638597532 SSE 55.944262641169956 -3.1882583588300437 0.0 241.25
55.944262641169956 -3.1882583588300437 NNW 55.94453980502971 -3.1883731638597532 0.0 240.0
55.94453980502971 -3.1883731638597532 ESE 55.944425 -3.188096 0.0 238.75
55.944425 -3.188096 NW 55.94463713203436 -3.1883081320343556 0.0 237.5
55.94463713203436 -3.1883081320343556 E 55.94463713203436 -3.1880081320343554 0.0 236.25
55.94463713203436 -3.1880081320343554 W 55.94463713203436 -3.1883081320343556 0.0 235.0
55.94463713203436 -3.1883081320343556 SE 55.944425 -3.188096 0.0 233.75
55.944425 -3.188096 NW 55.94463713203436 -3.1883081320343556 0.0 232.5
55.94463713203436 -3.1883081320343556 SSW 55.9443599681746 -3.188422937064065 0.0 231.25
55.9443599681746 -3.188422937064065 NNE 55.94463713203436 -3.1883081320343556 0.0 230.0
55.94463713203436 -3.1883081320343556 NNW 55.944914295894115 -3.188422937064065 0.0 228.75
55.944914295894115 -3.188422937064065 S 55.94461429589411 -3.188422937064065 0.0 227.5
55.94461429589411 -3.188422937064065 NE 55.94482642792847 -3.1882108050297093 0.0 226.25
55.94482642792847 -3.1882108050297093 SW 55.94461429589411 -3.188422937064065 0.0 225.0
55.94461429589411 -3.188422937064065 SE 55.944402163859756 -3.1882108050297093 0.0 223.75
55.944402163859756 -3.1882108050297093 WNW 55.94451696888947 -3.1884879688894627 0.0 222.5
55.94451696888947 -3.1884879688894627 ESE 55.944402163859756 -3.1882108050297093 0.0 221.25
55.944402163859756 -3.1882108050297093 WNW 55.94451696888947 -3.1884879688894627 0.0 220.0
55.94451696888947 -3.1884879688894627 W 55.94451696888947 -3.188787968889463 0.0 218.75
55.94451696888947 -3.188787968889463 E 55.94451696888947 -3.1884879688894627 0.0 217.5
55.94451696888947 -3.1884879688894627 WSW 55.944402163859756 -3.188765132749216 0.0 216.25
55.944402163859756 -3.188765132749216 NE 55.94461429589411 -3.1885530007148604 0.0 215.0
55.94461429589411 -3.1885530007148604 W 55.94461429589411 -3.1888530007148606 0.0 213.75
55.94461429589411 -3.1888530007148606 E 55.94461429589411 -3.1885530007148604 0.0 212.5
55.94461429589411 -3.1885530007148604 WNW 55.94472910092382 -3.1888301645746138 0.0 211.25
55.94472910092382 -3.1888301645746138 E 55.94472910092382 -3.1885301645746136 0.0 210.0
55.94472910092382 -3.1885301645746136 W 55.94472910092382 -3.1888301645746138 0.0 208.75
55.94472910092382 -3.1888301645746138 ENE 55.94484390595353 -3.1885530007148604 0.0 207.5
55.94484390595353 -3.1885530007148604 W 55.94484390595353 -3.1888530007148606 0.0 206.25
55.94484390595353 -3.1888530007148606 E 55.94484390595353 -3.1885530007148604 0.0 205.0
55.94484390595353 -3.1885530007148604 W 55.94484390595353 -3.1888530007148606 0.0 203.75
55.94484390595353 -3.1888530007148606 ENE 55.944958710983244 -3.188575836855107 0.0 202.5
55.944958710983244 -3.188575836855107 WSW 55.94484390595353 -3.1888530007148606 0.0 201.25
55.94484390595353 -3.1888530007148606 SSW 55.94456674209378 -3.18896780574457 0.0 200.0
55.94456674209378 -3.18896780574457 NNE 55.94484390595353 -3.1888530007148606 0.0 198.75
55.94484390595353 -3.1888530007148606 NW 55.94505603798789 -3.1890651327492163 0.0 197.5
55.94505603798789 -3.1890651327492163 SE 55.94484390595353 -3.1888530007148606 0.0 196.25
55.94484390595353 -3.1888530007148606 W 55.94484390595353 -3.1891530007148607 0.0 195.0
55.94484390595353 -3.1891530007148607 E 55.94484390595353 -3.1888530007148606 0.0 193.75
55.94484390595353 -3.1888530007148606 W 55.94484390595353 -3.1891530007148607 0.0 192.5
55.94484390595353 -3.1891530007148607 E 55.94484390595353 -3.1888530007148606 0.0 191.25
55.94484390595353 -3.1888530007148606 W 55.94484390595353 -3.1891530007148607 0.0 190.0
55.94484390595353 -3.1891530007148607 ENE 55.944958710983244 -3.1888758368551073 0.0 188.75
55.944958710983244 -3.1888758368551073 WSW 55.94484390595353 -3.1891530007148607 0.0 187.5
55.94484390595353 -3.1891530007148607 ENE 55.944958710983244 -3.1888758368551073 0.0 186.25
55.944958710983244 -3.1888758368551073 SE 55.94474657894889 -3.1886637048207516 0.0 185.0
55.94474657894889 -3.1886637048207516 NW 55.944958710983244 -3.1888758368551073 0.0 183.75
55.944958710983244 -3.1888758368551073 N 55.945258710983246 -3.1888758368551073 0.0 182.5
55.945258710983246 -3.1888758368551073 S 55.944958710983244 -3.1888758368551073 0.0 181.25
55.944958710983244 -3.1888758368551073 NNE 55.945235874843 -3.188761031825398 0.0 180.0
55.945235874843 -3.188761031825398 S 55.944935874843 -3.188761031825398 0.0 178.75
55.944935874843 -3.188761031825398 N 55.945235874843 -3.188761031825398 0.0 177.5
55.945235874843 -3.188761031825398 NNW 55.94551303870276 -3.1888758368551073 0.0 176.25
55.94551303870276 -3.1888758368551073 SSE 55.945235874843 -3.188761031825398 0.0 175.0
55.945235874843 -3.188761031825398 ENE 55.94535067987271 -3.1884838679656444 0.0 173.75
55.94535067987271 -3.1884838679656444 WSW 55.945235874843 -3.188761031825398 0.0 172.5
55.945235874843 -3.188761031825398 ESE 55.94512106981329 -3.1884838679656444 0.0 171.25
55.94512106981329 -3.1884838679656444 NW 55.945333201847646 -3.188696 0.0 170.0
55.945333201847646 -3.188696 E 55.945333201847646 -3.188396 0.0 168.75
55.945333201847646 -3.188396 NE 55.945545333882 -3.1881838679656442 0.0 167.5
55.945545333882 -3.1881838679656442 SW 55.945333201847646 -3.188396 0.0 166.25
55.945333201847646 -3.188396 SE 55.94512106981329 -3.1881838679656442 0.0 165.0
55.94512106981329 -3.1881838679656442 NNW 55.945398233673046 -3.1882986729953537 0.0 163.75
55.945398233673046 -3.1882986729953537 SSE 55.94512106981329 -3.1881838679656442 0.0 162.5
55.94512106981329 -3.1881838679656442 NNW 55.945398233673046 -3.1882986729953537 0.0 161.25
55.945398233673046 -3.1882986729953537 SSE 55.94512106981329 -3.1881838679656442 0.0 160.0
55.94512106981329 -3.1881838679656442 W 55.94512106981329 -3.1884838679656444 0.0 158.75
55.94512106981329 -3.1884838679656444 E 55.94512106981329 -3.1881838679656442 0.0 157.5
55.94512106981329 -3.1881838679656442 WSW 55.94500626478358 -3.1884610318253976 0.0 156.25
55.94500626478358 -3.1884610318253976 E 55.94500626478358 -3.1881610318253975 0.0 155.0
55.94500626478358 -3.1881610318253975 W 55.94500626478358 -3.1884610318253976 0.0 153.75
55.94500626478358 -3.1884610318253976 ENE 55.94512106981329 -3.1881838679656442 0.0 152.5
55.94512106981329 -3.1881838679656442 W 55.94512106981329 -3.1884838679656444 0.0 151.25
55.94512106981329 -3.1884838679656444 SE 55.94490893777893 -3.1882717359312887 0.0 150.0
55.94490893777893 -3.1882717359312887 W 55.94490893777893 -3.188571735931289 0.0 148.75
55.94490893777893 -3.188571735931289 E 55.94490893777893 -3.1882717359312887 0.0 147.5
55.94490893777893 -3.1882717359312887 WSW 55.94479413274922 -3.188548899791042 0.0 146.25
55.94479413274922 -3.188548899791042 ENE 55.94490893777893 -3.1882717359312887 0.0 145.0
55.94490893777893 -3.1882717359312887 WSW 55.94479413274922 -3.188548899791042 0.0 143.75
55.94479413274922 -3.188548899791042 ENE 55.94490893777893 -3.1882717359312887 0.0 142.5
55.94490893777893 -3.1882717359312887 ENE 55.945023742808644 -3.1879945720715352 0.0 141.25
55.945023742808644 -3.1879945720715352 WSW 55.94490893777893 -3.1882717359312887 0.0 140.0
55.94490893777893 -3.1882717359312887 S 55.94460893777893 -3.1882717359312887 0.0 138.75
55.94460893777893 -3.1882717359312887 N 55.94490893777893 -3.1882717359312887 0.0 137.5
55.94490893777893 -3.1882717359312887 ESE 55.94479413274922 -3.1879945720715352 0.0 136.25
55.94479413274922 -3.1879945720715352 WNW 55.94490893777893 -3.1882717359312887 0.0 135.0
55.94490893777893 -3.1882717359312887 E 55.94490893777893 -3.1879717359312885 0.0 133.75
55.94490893777893 -3.1879717359312885 ENE 55.945023742808644 -3.187694572071535 97.62264251708984 152.4071273803711
55.945023742808644 -3.187694572071535 WSW 55.94490893777893 -3.1879717359312885 97.62264251708984 151.1571273803711
55.94490893777893 -3.1879717359312885 WNW 55.945023742808644 -3.188248899791042 97.62264251708984 149.9071273803711
55.945023742808644 -3.188248899791042 ESE 55.94490893777893 -3.1879717359312885 97.62264251708984 148.6571273803711
55.94490893777893 -3.1879717359312885 WSW 55.94479413274922 -3.188248899791042 97.62264251708984 147.4071273803711
55.94479413274922 -3.188248899791042 E 55.94479413274922 -3.1879488997910417 97.62264251708984 146.1571273803711
55.94479413274922 -3.1879488997910417 W 55.94479413274922 -3.188248899791042 97.62264251708984 144.9071273803711
55.94479413274922 -3.188248899791042 E 55.94479413274922 -3.1879488997910417 97.62264251708984 143.6571273803711
55.94479413274922 -3.1879488997910417 SSW 55.94451696888947 -3.188063704820751 97.62264251708984 142.4071273803711
55.94451696888947 -3.188063704820751 NNE 55.94479413274922 -3.1879488997910417 97.62264251708984 141.1571273803711
55.94479413274922 -3.1879488997910417 SSW 55.94451696888947 -3.188063704820751 97.62264251708984 139.9071273803711
55.94451696888947 -3.188063704820751 NNE 55.94479413274922 -3.1879488997910417 97.62264251708984 138.6571273803711
55.94479413274922 -3.1879488997910417 SSW 55.94451696888947 -3.188063704820751 97.62264251708984 137.4071273803711
55.94451696888947 -3.188063704820751 ENE 55.94463177391918 -3.187786540960998 97.62264251708984 136.1571273803711
55.94463177391918 -3.187786540960998 WSW 55.94451696888947 -3.188063704820751 97.62264251708984 134.9071273803711
55.94451696888947 -3.188063704820751 ENE 55.94463177391918 -3.187786540960998 97.62264251708984 133.6571273803711
55.94463177391918 -3.187786540960998 SSW 55.94435461005942 -3.1879013459907073 97.62264251708984 132.4071273803711
55.94435461005942 -3.1879013459907073 NNE 55.94463177391918 -3.187786540960998 97.62264251708984 131.1571273803711
55.94463177391918 -3.187786540960998 SSW 55.94435461005942 -3.1879013459907073 97.62264251708984 129.9071273803711
55.94435461005942 -3.1879013459907073 NNE 55.94463177391918 -3.187786540960998 97.62264251708984 128.6571273803711
55.94463177391918 -3.187786540960998 S 55.944331773919174 -3.187786540960998 97.62264251708984 127.4071273803711
55.944331773919174 -3.187786540960998 NNE 55.94460893777893 -3.1876717359312883 97.62264251708984 126.1571273803711
55.94460893777893 -3.1876717359312883 S 55.94430893777893 -3.1876717359312883 97.62264251708984 124.9071273803711
55.94430893777893 -3.1876717359312883 N 55.94460893777893 -3.1876717359312883 97.62264251708984 123.6571273803711
55.94460893777893 -3.1876717359312883 S 55.94430893777893 -3.1876717359312883 97.62264251708984 122.4071273803711
55.94430893777893 -3.1876717359312883 SSE 55.94403177391917 -3.1875569309015788 97.62264251708984 121.1571273803711
55.94403177391917 -3.1875569309015788 NNW 55.94430893777893 -3.1876717359312883 97.62264251708984 119.9071273803711
55.94430893777893 -3.1876717359312883 SSE 55.94403177391917 -3.1875569309015788 97.62264251708984 118.6571273803711
55.94403177391917 -3.1875569309015788 NNW 55.94430893777893 -3.1876717359312883 97.62264251708984 117.4071273803711
55.94430893777893 -3.1876717359312883 SSE 55.94403177391917 -3.1875569309015788 97.62264251708984 116.1571273803711
55.94403177391917 -3.1875569309015788 NNW 55.94430893777893 -3.1876717359312883 97.62264251708984 114.9071273803711
55.94430893777893 -3.1876717359312883 SE 55.94409680574457 -3.1874596038969325 97.62264251708984 113.6571273803711
55.94409680574457 -3.1874596038969325 NW 55.94430893777893 -3.1876717359312883 97.62264251708984 112.4071273803711
55.94430893777893 -3.1876717359312883 E 55.94430893777893 -3.187371735931288 97.62264251708984 111.1571273803711
55.94430893777893 -3.187371735931288 SW 55.94409680574457 -3.187583867965644 97.62264251708984 109.9071273803711
55.94409680574457 -3.187583867965644 NE 55.94430893777893 -3.187371735931288 97.62264251708984 108.6571273803711
55.94430893777893 -3.187371735931288 W 55.94430893777893 -3.1876717359312883 97.62264251708984 107.4071273803711
55.94430893777893 -3.1876717359312883 E 55.94430893777893 -3.187371735931288 97.62264251708984 106.1571273803711
55.94430893777893 -3.187371735931288 SSE 55.94403177391917 -3.1872569309015786 97.62264251708984 104.9071273803711
55.94403177391917 -3.1872569309015786 NNW 55.94430893777893 -3.187371735931288 97.62264251708984 103.6571273803711
55.94430893777893 -3.187371735931288 S 55.944008937778925 -3.187371735931288 97.62264251708984 102.4071273803711
55.944008937778925 -3.187371735931288 N 55.94430893777893 -3.187371735931288 97.62264251708984 101.1571273803711
55.94430893777893 -3.187371735931288 S 55.944008937778925 -3.187371735931288 97.62264251708984 99.9071273803711
55.944008937778925 -3.187371735931288 NNE 55.94428610163868 -3.1872569309015786 97.62264251708984 98.6571273803711
55.94428610163868 -3.1872569309015786 SSW 55.944008937778925 -3.187371735931288 97.62264251708984 97.4071273803711
55.944008937778925 -3.187371735931288 ENE 55.944123742808635 -3.1870945720715347 97.62264251708984 96.1571273803711
55.944123742808635 -3.1870945720715347 WSW 55.944008937778925 -3.187371735931288 97.62264251708984 94.9071273803711
55.944008937778925 -3.187371735931288 E 55.944008937778925 -3.187071735931288 97.62264251708984 93.6571273803711
55.944008937778925 -3.187071735931288 W 55.944008937778925 -3.187371735931288 97.62264251708984 92.4071273803711
55.944008937778925 -3.187371735931288 E 55.944008937778925 -3.187071735931288 97.62264251708984 91.1571273803711
55.944008937778925 -3.187071735931288 W 55.944008937778925 -3.187371735931288 97.62264251708984 89.9071273803711
55.944008937778925 -3.187371735931288 SE 55.94379680574457 -3.1871596038969323 97.62264251708984 88.6571273803711
55.94379680574457 -3.1871596038969323 NW 55.944008937778925 -3.187371735931288 97.62264251708984 87.4071273803711
55.944008937778925 -3.187371735931288 SE 55.94379680574457 -3.1871596038969323 97.62264251708984 86.1571273803711
55.94379680574457 -3.1871596038969323 NNE 55.944073969604325 -3.187044798867223 97.62264251708984 84.9071273803711
55.944073969604325 -3.187044798867223 SSW 55.94379680574457 -3.1871596038969323 97.62264251708984 83.6571273803711
55.94379680574457 -3.1871596038969323 E 55.94379680574457 -3.186859603896932 97.62264251708984 82.4071273803711
55.94379680574457 -3.186859603896932 WSW 55.94368200071486 -3.1871367677566855 97.62264251708984 81.1571273803711
55.94368200071486 -3.1871367677566855 ESE 55.94356719568515 -3.186859603896932 209.64752960205078 145.9396209716797
55.94356719568515 -3.186859603896932 WNW 55.94368200071486 -3.1871367677566855 209.64752960205078 144.6896209716797
55.94368200071486 -3.1871367677566855 SW 55.9434698686805 -3.1873488997910413 209.64752960205078 143.4396209716797
55.9434698686805 -3.1873488997910413 NE 55.94368200071486 -3.1871367677566855 209.64752960205078 142.1896209716797
55.94368200071486 -3.1871367677566855 SW 55.9434698686805 -3.1873488997910413 209.64752960205078 140.9396209716797
55.9434698686805 -3.1873488997910413 NE 55.94368200071486 -3.1871367677566855 209.64752960205078 139.6896209716797
55.94368200071486 -3.1871367677566855 SW 55.9434698686805 -3.1873488997910413 209.64752960205078 138.4396209716797
55.9434698686805 -3.1873488997910413 NNE 55.94374703254026 -3.187234094761332 209.64752960205078 137.1896209716797
55.94374703254026 -3.187234094761332 SW 55.9435349005059 -3.1874462267956876 209.64752960205078 135.9396209716797
55.9435349005059 -3.1874462267956876 NNE 55.94381206436566 -3.187331421765978 209.64752960205078 134.6896209716797
55.94381206436566 -3.187331421765978 SSW 55.9435349005059 -3.1874462267956876 209.64752960205078 133.4396209716797
55.9435349005059 -3.1874462267956876 NNW 55.94381206436566 -3.187561031825397 209.64752960205078 132.1896209716797
55.94381206436566 -3.187561031825397 SSE 55.9435349005059 -3.1874462267956876 209.64752960205078 130.9396209716797
55.9435349005059 -3.1874462267956876 NNW 55.94381206436566 -3.187561031825397 209.64752960205078 129.6896209716797
55.94381206436566 -3.187561031825397 SSE 55.9435349005059 -3.1874462267956876 209.64752960205078 128.4396209716797
55.9435349005059 -3.1874462267956876 W 55.9435349005059 -3.1877462267956878 209.64752960205078 127.18962097167969
55.9435349005059 -3.1877462267956878 E 55.9435349005059 -3.1874462267956876 209.64752960205078 125.93962097167969
55.9435349005059 -3.1874462267956876 ENE 55.94364970553561 -3.187169062935934 209.64752960205078 124.68962097167969
55.94364970553561 -3.187169062935934 WSW 55.9435349005059 -3.1874462267956876 209.64752960205078 123.43962097167969
55.9435349005059 -3.1874462267956876 S 55.9432349005059 -3.1874462267956876 209.64752960205078 122.18962097167969
55.9432349005059 -3.1874462267956876 N 55.9435349005059 -3.1874462267956876 209.64752960205078 120.93962097167969
55.9435349005059 -3.1874462267956876 SSW 55.943257736646146 -3.187561031825397 209.64752960205078 119.68962097167969
55.943257736646146 -3.187561031825397 NNE 55.9435349005059 -3.1874462267956876 209.64752960205078 118.43962097167969
55.9435349005059 -3.1874462267956876 SSW 55.943257736646146 -3.187561031825397 209.64752960205078 117.18962097167969
55.943257736646146 -3.187561031825397 NNW 55.9435349005059 -3.1876758368551066 209.64752960205078 115.93962097167969
55.9435349005059 -3.1876758368551066 SSE 55.943257736646146 -3.187561031825397 209.64752960205078 114.68962097167969
55.943257736646146 -3.187561031825397 NE 55.9434698686805 -3.1873488997910413 209.64752960205078 113.43962097167969
55.9434698686805 -3.1873488997910413 SW 55.943257736646146 -3.187561031825397 209.64752960205078 112.18962097167969
55.943257736646146 -3.187561031825397 E 55.943257736646146 -3.187261031825397 209.64752960205078 110.93962097167969
55.943257736646146 -3.187261031825397 W 55.943257736646146 -3.187561031825397 209.64752960205078 109.68962097167969
55.943257736646146 -3.187561031825397 SSW 55.94298057278639 -3.1876758368551066 209.64752960205078 108.43962097167969
55.94298057278639 -3.1876758368551066 NE 55.943192704820746 -3.187463704820751 209.64752960205078 107.18962097167969
55.943192704820746 -3.187463704820751 SW 55.94298057278639 -3.1876758368551066 209.64752960205078 105.93962097167969
55.94298057278639 -3.1876758368551066 NE 55.943192704820746 -3.187463704820751 209.64752960205078 104.68962097167969
55.943192704820746 -3.187463704820751 ENE 55.943307509850456 -3.1871865409609974 209.64752960205078 103.43962097167969
55.943307509850456 -3.1871865409609974 WSW 55.943192704820746 -3.187463704820751 209.64752960205078 102.18962097167969
55.943192704820746 -3.187463704820751 ENE 55.943307509850456 -3.1871865409609974 209.64752960205078 100.93962097167969
55.943307509850456 -3.1871865409609974 WSW 55.943192704820746 -3.187463704820751 209.64752960205078 99.68962097167969
55.943192704820746 -3.187463704820751 NE 55.9434048368551 -3.187251572786395 209.64752960205078 98.43962097167969
55.9434048368551 -3.187251572786395 SW 55.943192704820746 -3.187463704820751 209.64752960205078 97.18962097167969
55.943192704820746 -3.187463704820751 NE 55.9434048368551 -3.187251572786395 209.64752960205078 95.93962097167969
55.9434048368551 -3.187251572786395 SW 55.943192704820746 -3.187463704820751 209.64752960205078 94.68962097167969
55.943192704820746 -3.187463704820751 NE 55.9434048368551 -3.187251572786395 209.64752960205078 93.43962097167969
55.9434048368551 -3.187251572786395 WSW 55.94329003182539 -3.1875287366461484 209.64752960205078 92.18962097167969
55.94329003182539 -3.1875287366461484 ENE 55.9434048368551 -3.187251572786395 209.64752960205078 90.93962097167969
55.9434048368551 -3.187251572786395 ESE 55.94329003182539 -3.1869744089266416 209.64752960205078 89.68962097167969
55.94329003182539 -3.1869744089266416 W 55.94329003182539 -3.187274408926642 209.64752960205078 88.43962097167969
55.94329003182539 -3.187274408926642 W 55.94329003182539 -3.187574408926642 209.64752960205078 87.18962097167969
55.94329003182539 -3.187574408926642 E 55.94329003182539 -3.187274408926642 209.64752960205078 85.93962097167969
55.94329003182539 -3.187274408926642 SE 55.943077899791035 -3.187062276892286 209.64752960205078 84.68962097167969
55.943077899791035 -3.187062276892286 N 55.94337789979104 -3.187062276892286 209.64752960205078 83.43962097167969
55.94337789979104 -3.187062276892286 S 55.943077899791035 -3.187062276892286 209.64752960205078 82.18962097167969
55.943077899791035 -3.187062276892286 N 55.94337789979104 -3.187062276892286 209.64752960205078 80.93962097167969
55.94337789979104 -3.187062276892286 W 55.94337789979104 -3.1873622768922862 209.64752960205078 79.68962097167969
55.94337789979104 -3.1873622768922862 E 55.94337789979104 -3.187062276892286 209.64752960205078 78.43962097167969
55.94337789979104 -3.187062276892286 WNW 55.94349270482075 -3.1873394407520395 209.64752960205078 77.18962097167969
55.94349270482075 -3.1873394407520395 ESE 55.94337789979104 -3.187062276892286 209.64752960205078 75.93962097167969
55.94337789979104 -3.187062276892286 NNW 55.943655063650795 -3.1871770819219956 209.64752960205078 74.68962097167969
55.943655063650795 -3.1871770819219956 ESE 55.943540258621084 -3.186899918062242 209.64752960205078 73.43962097167969
55.943540258621084 -3.186899918062242 SSW 55.94326309476133 -3.1870147230919517 209.64752960205078 72.18962097167969
55.94326309476133 -3.1870147230919517 NNE 55.943540258621084 -3.186899918062242 209.64752960205078 70.93962097167969
55.943540258621084 -3.186899918062242 SE 55.94332812658673 -3.1866877860278864 209.64752960205078 69.68962097167969
55.94332812658673 -3.1866877860278864 NW 55.943540258621084 -3.186899918062242 209.64752960205078 68.43962097167969
55.943540258621084 -3.186899918062242 SE 55.94332812658673 -3.1866877860278864 209.64752960205078 67.18962097167969
55.94332812658673 -3.1866877860278864 W 55.94332812658673 -3.1869877860278866 209.64752960205078 65.93962097167969
55.94332812658673 -3.1869877860278866 ENE 55.94344293161644 -3.186710622168133 209.64752960205078 64.68962097167969
55.94344293161644 -3.186710622168133 WSW 55.94332812658673 -3.1869877860278866 209.64752960205078 63.43962097167969
55.94332812658673 -3.1869877860278866 ESE 55.94321332155702 -3.186710622168133 209.64752960205078 62.18962097167969
55.94321332155702 -3.186710622168133 WNW 55.94332812658673 -3.1869877860278866 209.64752960205078 60.93962097167969
55.94332812658673 -3.1869877860278866 SE 55.94311599455237 -3.186775653993531 209.64752960205078 59.68962097167969
55.94311599455237 -3.186775653993531 NW 55.94332812658673 -3.1869877860278866 209.64752960205078 58.43962097167969
55.94332812658673 -3.1869877860278866 S 55.943028126586725 -3.1869877860278866 209.64752960205078 57.18962097167969
55.943028126586725 -3.1869877860278866 NW 55.94324025862108 -3.1871999180622423 209.64752960205078 55.93962097167969
55.94324025862108 -3.1871999180622423 SSE 55.942963094761325 -3.187085113032533 209.64752960205078 54.68962097167969
55.942963094761325 -3.187085113032533 N 55.94326309476133 -3.187085113032533 209.64752960205078 53.43962097167969
55.94326309476133 -3.187085113032533 S 55.942963094761325 -3.187085113032533 209.64752960205078 52.18962097167969
55.942963094761325 -3.187085113032533 NNE 55.94324025862108 -3.1869703080028233 209.64752960205078 50.93962097167969
55.94324025862108 -3.1869703080028233 SSW 55.942963094761325 -3.187085113032533 209.64752960205078 49.68962097167969
55.942963094761325 -3.187085113032533 S 55.94266309476132 -3.187085113032533 209.64752960205078 48.43962097167969
55.94266309476132 -3.187085113032533 NNE 55.94294025862108 -3.1869703080028233 209.64752960205078 47.18962097167969
55.94294025862108 -3.1869703080028233 E 55.94294025862108 -3.186670308002823 245.15687561035156 69.82089614868164
55.94294025862108 -3.186670308002823 W 55.94294025862108 -3.1869703080028233 245.15687561035156 68.57089614868164
55.94294025862108 -3.1869703080028233 N 55.94324025862108 -3.1869703080028233 245.15687561035156 67.32089614868164
55.94324025862108 -3.1869703080028233 SE 55.943028126586725 -3.1867581759684676 245.15687561035156 66.07089614868164
55.943028126586725 -3.1867581759684676 NW 55.94324025862108 -3.1869703080028233 245.15687561035156 64.82089614868164
55.94324025862108 -3.1869703080028233 SE 55.943028126586725 -3.1867581759684676 245.15687561035156 63.57089614868164
55.943028126586725 -3.1867581759684676 WSW 55.942913321557015 -3.187035339828221 245.15687561035156 62.32089614868164
55.942913321557015 -3.187035339828221 ENE 55.943028126586725 -3.1867581759684676 245.15687561035156 61.07089614868164
55.943028126586725 -3.1867581759684676 SE 55.94281599455237 -3.186546043934112 245.15687561035156 59.82089614868164
55.94281599455237 -3.186546043934112 NW 55.943028126586725 -3.1867581759684676 245.15687561035156 58.57089614868164
55.943028126586725 -3.1867581759684676 SE 55.94281599455237 -3.186546043934112 245.15687561035156 57.32089614868164
55.94281599455237 -3.186546043934112 NW 55.943028126586725 -3.1867581759684676 245.15687561035156 56.07089614868164
55.943028126586725 -3.1867581759684676 SE 55.94281599455237 -3.186546043934112 245.15687561035156 54.82089614868164
55.94281599455237 -3.186546043934112 WNW 55.94293079958208 -3.186823207793865 245.15687561035156 53.57089614868164
55.94293079958208 -3.186823207793865 SE 55.94271866754772 -3.1866110757595094 245.15687561035156 52.32089614868164
55.94271866754772 -3.1866110757595094 NW 55.94293079958208 -3.186823207793865 245.15687561035156 51.07089614868164
55.94293079958208 -3.186823207793865 SE 55.94271866754772 -3.1866110757595094 245.15687561035156 49.82089614868164
55.94271866754772 -3.1866110757595094 NW 55.94293079958208 -3.186823207793865 245.15687561035156 48.57089614868164
55.94293079958208 -3.186823207793865 S 55.942630799582076 -3.186823207793865 245.15687561035156 47.32089614868164
