55.944425 -3.188396 S 55.944125 -3.188396 0.0 248.75
55.944125 -3.188396 N 55.944425 -3.188396 2.1097412109375 310.00439453125
55.944425 -3.188396 E 55.944425 -3.188096 2.1097412109375 308.75439453125
55.944425 -3.188096 W 55.944425 -3.188396 2.1097412109375 307.50439453125
55.944425 -3.188396 E 55.944425 -3.188096 2.1097412109375 306.25439453125
55.944425 -3.188096 NW 55.94463713203436 -3.1883081320343556 2.1097412109375 305.00439453125
55.94463713203436 -3.1883081320343556 SE 55.944425 -3.188096 2.1097412109375 303.75439453125
55.944425 -3.188096 NW 55.94463713203436 -3.1883081320343556 2.1097412109375 302.50439453125
55.94463713203436 -3.1883081320343556 ENE 55.94475193706407 -3.188030968174602 2.1097412109375 301.25439453125
55.94475193706407 -3.188030968174602 WSW 55.94463713203436 -3.1883081320343556 2.1097412109375 300.00439453125
55.94463713203436 -3.1883081320343556 NNW 55.944914295894115 -3.188422937064065 2.1097412109375 298.75439453125
55.944914295894115 -3.188422937064065 SSE 55.94463713203436 -3.1883081320343556 2.1097412109375 297.50439453125
55.94463713203436 -3.1883081320343556 NNW 55.944914295894115 -3.188422937064065 2.1097412109375 296.25439453125
55.944914295894115 -3.188422937064065 S 55.94461429589411 -3.188422937064065 2.1097412109375 295.00439453125
55.94461429589411 -3.188422937064065 NNW 55.94489145975387 -3.1885377420937746 2.1097412109375 293.75439453125
55.94489145975387 -3.1885377420937746 S 55.944591459753866 -3.1885377420937746 2.1097412109375 292.50439453125
55.944591459753866 -3.1885377420937746 N 55.94489145975387 -3.1885377420937746 2.1097412109375 291.25439453125
55.94489145975387 -3.1885377420937746 SSW 55.94461429589411 -3.188652547123484 2.1097412109375 290.00439453125
55.94461429589411 -3.188652547123484 NE 55.94482642792847 -3.1884404150891283 2.1097412109375 288.75439453125
55.94482642792847 -3.1884404150891283 SW 55.94461429589411 -3.188652547123484 2.1097412109375 287.50439453125
55.94461429589411 -3.188652547123484 SSW 55.944337132034356 -3.1887673521531936 2.1097412109375 286.25439453125
55.944337132034356 -3.1887673521531936 NNE 55.94461429589411 -3.188652547123484 2.1097412109375 285.00439453125
55.94461429589411 -3.188652547123484 E 55.94461429589411 -3.188352547123484 2.1097412109375 283.75439453125
55.94461429589411 -3.188352547123484 WSW 55.9444994908644 -3.1886297109832373 2.1097412109375 282.50439453125
55.9444994908644 -3.1886297109832373 ENE 55.94461429589411 -3.188352547123484 2.1097412109375 281.25439453125
55.94461429589411 -3.188352547123484 WSW 55.9444994908644 -3.1886297109832373 2.1097412109375 280.00439453125
55.9444994908644 -3.1886297109832373 W 55.9444994908644 -3.1889297109832375 2.1097412109375 278.75439453125
55.9444994908644 -3.1889297109832375 E 55.9444994908644 -3.1886297109832373 2.1097412109375 277.50439453125
55.9444994908644 -3.1886297109832373 WSW 55.94438468583469 -3.1889068748429907 2.1097412109375 276.25439453125
55.94438468583469 -3.1889068748429907 ENE 55.9444994908644 -3.1886297109832373 2.1097412109375 275.00439453125
55.9444994908644 -3.1886297109832373 S 55.9441994908644 -3.1886297109832373 2.1097412109375 273.75439453125
55.9441994908644 -3.1886297109832373 N 55.9444994908644 -3.1886297109832373 2.1097412109375 272.50439453125
55.9444994908644 -3.1886297109832373 SSW 55.944222327004645 -3.188744516012947 29.95549201965332 300.23880195617676
55.944222327004645 -3.188744516012947 NNE 55.9444994908644 -3.1886297109832373 29.95549201965332 298.98880195617676
55.9444994908644 -3.1886297109832373 WSW 55.94438468583469 -3.1889068748429907 29.95549201965332 297.73880195617676
55.94438468583469 -3.1889068748429907 ENE 55.9444994908644 -3.1886297109832373 29.95549201965332 296.48880195617676
55.9444994908644 -3.1886297109832373 W 55.9444994908644 -3.1889297109832375 29.95549201965332 295.23880195617676
55.9444994908644 -3.1889297109832375 E 55.9444994908644 -3.1886297109832373 29.95549201965332 293.98880195617676
55.9444994908644 -3.1886297109832373 ENE 55.94461429589411 -3.188352547123484 29.95549201965332 292.73880195617676
55.94461429589411 -3.188352547123484 WSW 55.9444994908644 -3.1886297109832373 29.95549201965332 291.48880195617676
55.9444994908644 -3.1886297109832373 NW 55.94471162289876 -3.188841843017593 29.95549201965332 290.23880195617676
55.94471162289876 -3.188841843017593 S 55.944411622898755 -3.188841843017593 29.95549201965332 288.98880195617676
55.944411622898755 -3.188841843017593 N 55.94471162289876 -3.188841843017593 29.95549201965332 287.73880195617676
55.94471162289876 -3.188841843017593 SE 55.9444994908644 -3.1886297109832373 29.95549201965332 286.48880195617676
55.9444994908644 -3.1886297109832373 NW 55.94471162289876 -3.188841843017593 29.95549201965332 285.23880195617676
55.94471162289876 -3.188841843017593 NNW 55.944988786758515 -3.1889566480473026 29.95549201965332 283.98880195617676
55.944988786758515 -3.1889566480473026 SE 55.94477665472416 -3.188744516012947 29.95549201965332 282.73880195617676
55.94477665472416 -3.188744516012947 NW 55.944988786758515 -3.1889566480473026 29.95549201965332 281.48880195617676
55.944988786758515 -3.1889566480473026 SE 55.94477665472416 -3.188744516012947 29.95549201965332 280.23880195617676
55.94477665472416 -3.188744516012947 NW 55.944988786758515 -3.1889566480473026 29.95549201965332 278.98880195617676
55.944988786758515 -3.1889566480473026 SE 55.94477665472416 -3.188744516012947 29.95549201965332 277.73880195617676
55.94477665472416 -3.188744516012947 N 55.94507665472416 -3.188744516012947 29.95549201965332 276.48880195617676
55.94507665472416 -3.188744516012947 S 55.94477665472416 -3.188744516012947 29.95549201965332 275.23880195617676
55.94477665472416 -3.188744516012947 SE 55.9445645226898 -3.188532383978591 29.95549201965332 273.98880195617676
55.9445645226898 -3.188532383978591 NW 55.94477665472416 -3.188744516012947 29.95549201965332 272.73880195617676
55.94477665472416 -3.188744516012947 WSW 55.94466184969445 -3.1890216798727002 29.95549201965332 271.48880195617676
55.94466184969445 -3.1890216798727002 ESE 55.94454704466474 -3.188744516012947 29.95549201965332 270.23880195617676
55.94454704466474 -3.188744516012947 WSW 55.94443223963503 -3.1890216798727002 29.95549201965332 268.98880195617676
55.94443223963503 -3.1890216798727002 ENE 55.94454704466474 -3.188744516012947 29.95549201965332 267.73880195617676
55.94454704466474 -3.188744516012947 WSW 55.94443223963503 -3.1890216798727002 29.95549201965332 266.48880195617676
55.94443223963503 -3.1890216798727002 SE 55.94422010760067 -3.1888095478383445 29.95549201965332 265.23880195617676
55.94422010760067 -3.1888095478383445 NNW 55.94449727146043 -3.188924352868054 29.95549201965332 263.98880195617676
55.94449727146043 -3.188924352868054 S 55.944197271460425 -3.188924352868054 29.95549201965332 262.73880195617676
55.944197271460425 -3.188924352868054 NE 55.94440940349478 -3.188712220833698 29.95549201965332 261.48880195617676
55.94440940349478 -3.188712220833698 W 55.94440940349478 -3.1890122208336984 29.95549201965332 260.23880195617676
55.94440940349478 -3.1890122208336984 W 55.94440940349478 -3.1893122208336986 153.99218940734863 283.00880432128906
55.94440940349478 -3.1893122208336986 E 55.94440940349478 -3.1890122208336984 153.99218940734863 281.75880432128906
55.94440940349478 -3.1890122208336984 SSE 55.944132239635024 -3.188897415803989 153.99218940734863 280.50880432128906
55.944132239635024 -3.188897415803989 NNW 55.94440940349478 -3.1890122208336984 153.99218940734863 279.25880432128906
55.94440940349478 -3.1890122208336984 S 55.94410940349478 -3.1890122208336984 153.99218940734863 278.00880432128906
55.94410940349478 -3.1890122208336984 WNW 55.94422420852449 -3.189289384693452 153.99218940734863 276.75880432128906
55.94422420852449 -3.189289384693452 SE 55.94401207649013 -3.189077252659096 153.99218940734863 275.50880432128906
55.94401207649013 -3.189077252659096 NW 55.94422420852449 -3.189289384693452 153.99218940734863 274.25880432128906
55.94422420852449 -3.189289384693452 SSW 55.94394704466473 -3.1894041897231613 153.99218940734863 273.00880432128906
55.94394704466473 -3.1894041897231613 N 55.944247044664735 -3.1894041897231613 153.99218940734863 271.75880432128906
55.944247044664735 -3.1894041897231613 NNW 55.94452420852449 -3.189518994752871 153.99218940734863 270.50880432128906
55.94452420852449 -3.189518994752871 SSE 55.944247044664735 -3.1894041897231613 153.99218940734863 269.25880432128906
55.944247044664735 -3.1894041897231613 S 55.94394704466473 -3.1894041897231613 153.99218940734863 268.00880432128906
55.94394704466473 -3.1894041897231613 NNE 55.94422420852449 -3.189289384693452 153.99218940734863 266.75880432128906
55.94422420852449 -3.189289384693452 SSE 55.94394704466473 -3.1891745796637423 153.99218940734863 265.50880432128906
55.94394704466473 -3.1891745796637423 NNW 55.94422420852449 -3.189289384693452 153.99218940734863 264.25880432128906
55.94422420852449 -3.189289384693452 SSE 55.94394704466473 -3.1891745796637423 153.99218940734863 263.00880432128906
55.94394704466473 -3.1891745796637423 NNE 55.94422420852449 -3.189059774634033 153.99218940734863 261.75880432128906
55.94422420852449 -3.189059774634033 SSW 55.94394704466473 -3.1891745796637423 153.99218940734863 260.50880432128906
55.94394704466473 -3.1891745796637423 NE 55.94415917669909 -3.1889624476293865 153.99218940734863 259.25880432128906
55.94415917669909 -3.1889624476293865 SSW 55.94388201283933 -3.189077252659096 153.99218940734863 258.00880432128906
55.94388201283933 -3.189077252659096 NNE 55.94415917669909 -3.1889624476293865 153.99218940734863 256.75880432128906
55.94415917669909 -3.1889624476293865 SE 55.94394704466473 -3.1887503155950307 153.99218940734863 255.50880432128906
55.94394704466473 -3.1887503155950307 NNW 55.94422420852449 -3.1888651206247403 153.99218940734863 254.25880432128906
55.94422420852449 -3.1888651206247403 SSE 55.94394704466473 -3.1887503155950307 153.99218940734863 253.00880432128906
55.94394704466473 -3.1887503155950307 NNW 55.94422420852449 -3.1888651206247403 153.99218940734863 251.75880432128906
55.94422420852449 -3.1888651206247403 SSE 55.94394704466473 -3.1887503155950307 153.99218940734863 250.50880432128906
55.94394704466473 -3.1887503155950307 SSE 55.943669880804975 -3.1886355105653212 153.99218940734863 249.25880432128906
55.943669880804975 -3.1886355105653212 NNW 55.94394704466473 -3.1887503155950307 153.99218940734863 248.00880432128906
55.94394704466473 -3.1887503155950307 S 55.94364704466473 -3.1887503155950307 153.99218940734863 246.75880432128906
55.94364704466473 -3.1887503155950307 NNE 55.943924208524486 -3.1886355105653212 153.99218940734863 245.50880432128906
55.943924208524486 -3.1886355105653212 SSW 55.94364704466473 -3.1887503155950307 153.99218940734863 244.25880432128906
55.94364704466473 -3.1887503155950307 NNE 55.943924208524486 -3.1886355105653212 153.99218940734863 243.00880432128906
55.943924208524486 -3.1886355105653212 SSW 55.94364704466473 -3.1887503155950307 153.99218940734863 241.75880432128906
55.94364704466473 -3.1887503155950307 ENE 55.94376184969444 -3.1884731517352773 153.99218940734863 240.50880432128906
55.94376184969444 -3.1884731517352773 SW 55.94354971766008 -3.188685283769633 153.99218940734863 239.25880432128906
55.94354971766008 -3.188685283769633 ENE 55.943664522689794 -3.1884081199098797 153.99218940734863 238.00880432128906
55.943664522689794 -3.1884081199098797 WSW 55.94354971766008 -3.188685283769633 153.99218940734863 236.75880432128906
55.94354971766008 -3.188685283769633 ENE 55.943664522689794 -3.1884081199098797 153.99218940734863 235.50880432128906
55.943664522689794 -3.1884081199098797 SSW 55.94338735883004 -3.188522924939589 153.99218940734863 234.25880432128906
55.94338735883004 -3.188522924939589 N 55.94368735883004 -3.188522924939589 153.99218940734863 233.00880432128906
55.94368735883004 -3.188522924939589 S 55.94338735883004 -3.188522924939589 153.99218940734863 231.75880432128906
55.94338735883004 -3.188522924939589 SE 55.94317522679568 -3.1883107929052334 268.85361671447754 264.16927337646484
55.94317522679568 -3.1883107929052334 NW 55.94338735883004 -3.188522924939589 268.85361671447754 262.91927337646484
55.94338735883004 -3.188522924939589 WSW 55.94327255380033 -3.1888000887993426 268.85361671447754 261.66927337646484
55.94327255380033 -3.1888000887993426 NE 55.94348468583468 -3.188587956764987 268.85361671447754 260.41927337646484
55.94348468583468 -3.188587956764987 SW 55.94327255380033 -3.1888000887993426 268.85361671447754 259.16927337646484
55.94327255380033 -3.1888000887993426 NNE 55.94354971766008 -3.188685283769633 268.85361671447754 257.91927337646484
55.94354971766008 -3.188685283769633 SSW 55.94327255380033 -3.1888000887993426 268.85361671447754 256.66927337646484
55.94327255380033 -3.1888000887993426 N 55.94357255380033 -3.1888000887993426 268.85361671447754 255.41927337646484
55.94357255380033 -3.1888000887993426 S 55.94327255380033 -3.1888000887993426 268.85361671447754 254.16927337646484
55.94327255380033 -3.1888000887993426 N 55.94357255380033 -3.1888000887993426 268.85361671447754 252.91927337646484
55.94357255380033 -3.1888000887993426 N 55.94387255380033 -3.1888000887993426 268.85361671447754 251.66927337646484
55.94387255380033 -3.1888000887993426 SSE 55.943595389940576 -3.188685283769633 268.85361671447754 250.41927337646484
55.943595389940576 -3.188685283769633 NNE 55.94387255380033 -3.1885704787399236 268.85361671447754 249.16927337646484
55.94387255380033 -3.1885704787399236 SSW 55.943595389940576 -3.188685283769633 268.85361671447754 247.91927337646484
55.943595389940576 -3.188685283769633 NNW 55.94387255380033 -3.1888000887993426 268.85361671447754 246.66927337646484
55.94387255380033 -3.1888000887993426 ENE 55.94398735883004 -3.188522924939589 268.85361671447754 245.41927337646484
55.94398735883004 -3.188522924939589 WSW 55.94387255380033 -3.1888000887993426 268.85361671447754 244.16927337646484
55.94387255380033 -3.1888000887993426 W 55.94387255380033 -3.189100088799343 268.85361671447754 242.91927337646484
55.94387255380033 -3.189100088799343 E 55.94387255380033 -3.1888000887993426 268.85361671447754 241.66927337646484
55.94387255380033 -3.1888000887993426 W 55.94387255380033 -3.189100088799343 268.85361671447754 240.41927337646484
55.94387255380033 -3.189100088799343 E 55.94387255380033 -3.1888000887993426 268.85361671447754 239.16927337646484
55.94387255380033 -3.1888000887993426 W 55.94387255380033 -3.189100088799343 268.85361671447754 237.91927337646484
55.94387255380033 -3.189100088799343 NNW 55.94414971766009 -3.1892148938290523 268.85361671447754 236.66927337646484
55.94414971766009 -3.1892148938290523 SSE 55.94387255380033 -3.189100088799343 268.85361671447754 235.41927337646484
55.94387255380033 -3.189100088799343 N 55.944172553800335 -3.189100088799343 268.85361671447754 234.16927337646484
55.944172553800335 -3.189100088799343 SSW 55.94389538994058 -3.1892148938290523 268.85361671447754 232.91927337646484
55.94389538994058 -3.1892148938290523 SSE 55.94361822608082 -3.189100088799343 268.85361671447754 231.66927337646484
55.94361822608082 -3.189100088799343 NW 55.94383035811518 -3.1893122208336986 268.85361671447754 230.41927337646484
55.94383035811518 -3.1893122208336986 SE 55.94361822608082 -3.189100088799343 268.85361671447754 229.16927337646484
55.94361822608082 -3.189100088799343 WNW 55.94373303111053 -3.189377252659096 268.85361671447754 227.91927337646484
55.94373303111053 -3.189377252659096 E 55.94373303111053 -3.189077252659096 268.85361671447754 226.66927337646484
55.94373303111053 -3.189077252659096 W 55.94373303111053 -3.189377252659096 268.85361671447754 225.41927337646484
55.94373303111053 -3.189377252659096 W 55.94373303111053 -3.1896772526590964 268.85361671447754 224.16927337646484
55.94373303111053 -3.1896772526590964 E 55.94373303111053 -3.189377252659096 268.85361671447754 222.91927337646484
55.94373303111053 -3.189377252659096 N 55.944033031110536 -3.189377252659096 268.85361671447754 221.66927337646484
55.944033031110536 -3.189377252659096 S 55.94373303111053 -3.189377252659096 268.85361671447754 220.41927337646484
55.94373303111053 -3.189377252659096 N 55.944033031110536 -3.189377252659096 268.85361671447754 219.16927337646484
55.944033031110536 -3.189377252659096 S 55.94373303111053 -3.189377252659096 268.85361671447754 217.91927337646484
55.94373303111053 -3.189377252659096 N 55.944033031110536 -3.189377252659096 268.85361671447754 216.66927337646484
55.944033031110536 -3.189377252659096 SW 55.94382089907618 -3.189589384693452 268.85361671447754 215.41927337646484
55.94382089907618 -3.189589384693452 N 55.94412089907618 -3.189589384693452 268.85361671447754 214.16927337646484
55.94412089907618 -3.189589384693452 S 55.94382089907618 -3.189589384693452 268.85361671447754 212.91927337646484
55.94382089907618 -3.189589384693452 E 55.94382089907618 -3.189289384693452 268.85361671447754 211.66927337646484
55.94382089907618 -3.189289384693452 W 55.94382089907618 -3.189589384693452 268.85361671447754 210.41927337646484
55.94382089907618 -3.189589384693452 SSW 55.94354373521642 -3.1897041897231615 268.85361671447754 209.16927337646484
55.94354373521642 -3.1897041897231615 NNE 55.94382089907618 -3.189589384693452 268.85361671447754 207.91927337646484
55.94382089907618 -3.189589384693452 SW 55.94360876704182 -3.1898015167278078 268.85361671447754 206.66927337646484
55.94360876704182 -3.1898015167278078 NE 55.94382089907618 -3.189589384693452 268.85361671447754 205.41927337646484
55.94382089907618 -3.189589384693452 W 55.94382089907618 -3.189889384693452 268.85361671447754 204.16927337646484
55.94382089907618 -3.189889384693452 ESE 55.94370609404647 -3.1896122208336988 268.85361671447754 202.91927337646484
55.94370609404647 -3.1896122208336988 NW 55.943918226080825 -3.1898243528680545 268.85361671447754 201.66927337646484
55.943918226080825 -3.1898243528680545 SE 55.94370609404647 -3.1896122208336988 268.85361671447754 200.41927337646484
55.94370609404647 -3.1896122208336988 NW 55.943918226080825 -3.1898243528680545 268.85361671447754 199.16927337646484
55.943918226080825 -3.1898243528680545 SSW 55.94364106222107 -3.189939157897764 268.85361671447754 197.91927337646484
55.94364106222107 -3.189939157897764 N 55.94394106222107 -3.189939157897764 268.85361671447754 196.66927337646484
55.94394106222107 -3.189939157897764 E 55.94394106222107 -3.189639157897764 268.85361671447754 195.41927337646484
55.94394106222107 -3.189639157897764 WNW 55.94405586725078 -3.1899163217575173 268.85361671447754 194.16927337646484
55.94405586725078 -3.1899163217575173 ESE 55.94394106222107 -3.189639157897764 268.85361671447754 192.91927337646484
55.94394106222107 -3.189639157897764 WNW 55.94405586725078 -3.1899163217575173 268.85361671447754 191.66927337646484
55.94405586725078 -3.1899163217575173 SSE 55.943778703391025 -3.1898015167278078 316.3634853363037 307.0346145629883
55.943778703391025 -3.1898015167278078 NNW 55.94405586725078 -3.1899163217575173 316.3634853363037 305.7846145629883
55.94405586725078 -3.1899163217575173 NNW 55.94433303111054 -3.190031126787227 316.3634853363037 304.5346145629883
55.94433303111054 -3.190031126787227 SSE 55.94405586725078 -3.1899163217575173 316.3634853363037 303.2846145629883
55.94405586725078 -3.1899163217575173 NNE 55.94433303111054 -3.1898015167278078 316.3634853363037 302.0346145629883
55.94433303111054 -3.1898015167278078 SW 55.94412089907618 -3.1900136487621635 316.3634853363037 300.7846145629883
55.94412089907618 -3.1900136487621635 SSE 55.943843735216426 -3.189898843732454 316.3634853363037 299.5346145629883
55.943843735216426 -3.189898843732454 NNW 55.94412089907618 -3.1900136487621635 316.3634853363037 298.2846145629883
55.94412089907618 -3.1900136487621635 SSW 55.943843735216426 -3.190128453791873 316.3634853363037 297.0346145629883
55.943843735216426 -3.190128453791873 NNE 55.94412089907618 -3.1900136487621635 316.3634853363037 295.7846145629883
55.94412089907618 -3.1900136487621635 WSW 55.94400609404647 -3.190290812621917 316.3634853363037 294.5346145629883
55.94400609404647 -3.190290812621917 E 55.94400609404647 -3.1899908126219167 316.3634853363037 293.2846145629883
55.94400609404647 -3.1899908126219167 SW 55.943793962012116 -3.1902029446562725 316.3634853363037 292.0346145629883
55.943793962012116 -3.1902029446562725 NE 55.94400609404647 -3.1899908126219167 316.3634853363037 290.7846145629883
55.94400609404647 -3.1899908126219167 WSW 55.94389128901676 -3.19026797648167 316.3634853363037 289.5346145629883
55.94389128901676 -3.19026797648167 ENE 55.94400609404647 -3.1899908126219167 316.3634853363037 288.2846145629883
55.94400609404647 -3.1899908126219167 S 55.94370609404647 -3.1899908126219167 316.3634853363037 287.0346145629883
55.94370609404647 -3.1899908126219167 NNW 55.943983257906226 -3.1901056176516263 316.3634853363037 285.7846145629883
55.943983257906226 -3.1901056176516263 SSW 55.94370609404647 -3.1902204226813358 316.3634853363037 284.5346145629883
55.94370609404647 -3.1902204226813358 ESE 55.94359128901676 -3.1899432588215824 316.3634853363037 283.2846145629883
55.94359128901676 -3.1899432588215824 W 55.94359128901676 -3.1902432588215826 431.7482662200928 355.20989990234375
55.94359128901676 -3.1902432588215826 SSW 55.943314125157 -3.190358063851292 431.7482662200928 353.95989990234375
55.943314125157 -3.190358063851292 NNE 55.94359128901676 -3.1902432588215826 431.7482662200928 352.70989990234375
55.94359128901676 -3.1902432588215826 E 55.94359128901676 -3.1899432588215824 431.7482662200928 351.45989990234375
55.94359128901676 -3.1899432588215824 W 55.94359128901676 -3.1902432588215826 431.7482662200928 350.20989990234375
55.94359128901676 -3.1902432588215826 E 55.94359128901676 -3.1899432588215824 431.7482662200928 348.95989990234375
55.94359128901676 -3.1899432588215824 W 55.94359128901676 -3.1902432588215826 431.7482662200928 347.70989990234375
55.94359128901676 -3.1902432588215826 WNW 55.94370609404647 -3.190520422681336 431.7482662200928 346.45989990234375
55.94370609404647 -3.190520422681336 E 55.94370609404647 -3.1902204226813358 431.7482662200928 345.20989990234375
55.94370609404647 -3.1902204226813358 W 55.94370609404647 -3.190520422681336 431.7482662200928 343.95989990234375
55.94370609404647 -3.190520422681336 ESE 55.94359128901676 -3.1902432588215826 431.7482662200928 342.70989990234375
55.94359128901676 -3.1902432588215826 WNW 55.94370609404647 -3.190520422681336 431.7482662200928 341.45989990234375
55.94370609404647 -3.190520422681336 W 55.94370609404647 -3.190820422681336 525.9382839202881 366.1331024169922
55.94370609404647 -3.190820422681336 ENE 55.94382089907618 -3.1905432588215827 525.9382839202881 364.8831024169922
55.94382089907618 -3.1905432588215827 E 55.94382089907618 -3.1902432588215826 609.761999130249 449.3710708618164
55.94382089907618 -3.1902432588215826 W 55.94382089907618 -3.1905432588215827 609.761999130249 448.1210708618164
55.94382089907618 -3.1905432588215827 ENE 55.94393570410589 -3.1902660949618293 609.761999130249 446.8710708618164
55.94393570410589 -3.1902660949618293 SW 55.943723572071534 -3.190478226996185 615.5367012023926 503.34477615356445
55.943723572071534 -3.190478226996185 NE 55.94393570410589 -3.1902660949618293 615.5367012023926 502.09477615356445
55.94393570410589 -3.1902660949618293 WSW 55.94382089907618 -3.1905432588215827 615.5367012023926 500.84477615356445
55.94382089907618 -3.1905432588215827 ENE 55.94393570410589 -3.1902660949618293 615.5367012023926 499.59477615356445
55.94393570410589 -3.1902660949618293 W 55.94393570410589 -3.1905660949618295 615.5367012023926 498.34477615356445
55.94393570410589 -3.1905660949618295 E 55.94393570410589 -3.1902660949618293 615.5367012023926 497.09477615356445
55.94393570410589 -3.1902660949618293 S 55.94363570410589 -3.1902660949618293 615.5367012023926 495.84477615356445
55.94363570410589 -3.1902660949618293 N 55.94393570410589 -3.1902660949618293 615.5367012023926 494.59477615356445
55.94393570410589 -3.1902660949618293 ESE 55.94382089907618 -3.189988931102076 615.5367012023926 493.34477615356445
55.94382089907618 -3.189988931102076 WNW 55.94393570410589 -3.1902660949618293 615.5367012023926 492.09477615356445
55.94393570410589 -3.1902660949618293 SSE 55.94365854024613 -3.19015128993212 615.5367012023926 490.84477615356445
55.94365854024613 -3.19015128993212 NNW 55.94393570410589 -3.1902660949618293 615.5367012023926 489.59477615356445
55.94393570410589 -3.1902660949618293 NNW 55.944212867965646 -3.190380899991539 615.5367012023926 488.34477615356445
55.944212867965646 -3.190380899991539 SSE 55.94393570410589 -3.1902660949618293 615.5367012023926 487.09477615356445
55.94393570410589 -3.1902660949618293 WSW 55.94382089907618 -3.1905432588215827 615.5367012023926 485.84477615356445
55.94382089907618 -3.1905432588215827 N 55.94412089907618 -3.1905432588215827 615.5367012023926 484.59477615356445
55.94412089907618 -3.1905432588215827 S 55.94382089907618 -3.1905432588215827 615.5367012023926 483.34477615356445
55.94382089907618 -3.1905432588215827 N 55.94412089907618 -3.1905432588215827 615.5367012023926 482.09477615356445
55.94412089907618 -3.1905432588215827 SSE 55.943843735216426 -3.1904284537918732 615.5367012023926 480.84477615356445
55.943843735216426 -3.1904284537918732 N 55.94414373521643 -3.1904284537918732 615.5367012023926 479.59477615356445
55.94414373521643 -3.1904284537918732 WNW 55.94425854024614 -3.1907056176516266 615.5367012023926 478.34477615356445
55.94425854024614 -3.1907056176516266 SSE 55.94398137638638 -3.190590812621917 622.9217944145203 502.78139877319336
55.94398137638638 -3.190590812621917 NNW 55.94425854024614 -3.1907056176516266 622.9217944145203 501.53139877319336
55.94425854024614 -3.1907056176516266 SSE 55.94398137638638 -3.190590812621917 622.9217944145203 500.28139877319336
55.94398137638638 -3.190590812621917 NW 55.94419350842074 -3.190802944656273 622.9217944145203 499.03139877319336
55.94419350842074 -3.190802944656273 E 55.94419350842074 -3.1905029446562727 692.0414462089539 584.8307075500488
55.94419350842074 -3.1905029446562727 W 55.94419350842074 -3.190802944656273 692.0414462089539 583.5807075500488
55.94419350842074 -3.190802944656273 E 55.94419350842074 -3.1905029446562727 692.0414462089539 582.3307075500488
55.94419350842074 -3.1905029446562727 WNW 55.94430831345045 -3.190780108516026 816.0581011772156 648.095760345459
55.94430831345045 -3.190780108516026 ESE 55.94419350842074 -3.1905029446562727 816.0581011772156 646.845760345459
55.94419350842074 -3.1905029446562727 NW 55.944405640455095 -3.1907150766906285 816.0581011772156 645.595760345459
55.944405640455095 -3.1907150766906285 SE 55.94419350842074 -3.1905029446562727 816.0581011772156 644.345760345459
55.94419350842074 -3.1905029446562727 NW 55.944405640455095 -3.1907150766906285 816.0581011772156 643.095760345459
55.944405640455095 -3.1907150766906285 SSW 55.94412847659534 -3.190829881720338 816.0581011772156 641.845760345459
55.94412847659534 -3.190829881720338 NNE 55.944405640455095 -3.1907150766906285 816.0581011772156 640.595760345459
55.944405640455095 -3.1907150766906285 WSW 55.944290835425385 -3.190992240550382 827.1924510002136 648.8253698348999
55.944290835425385 -3.190992240550382 ENE 55.944405640455095 -3.1907150766906285 827.1924510002136 647.5753698348999
55.944405640455095 -3.1907150766906285 SW 55.94419350842074 -3.1909272087249843 827.1924510002136 646.3253698348999
55.94419350842074 -3.1909272087249843 NE 55.944405640455095 -3.1907150766906285 827.1924510002136 645.0753698348999
55.944405640455095 -3.1907150766906285 WSW 55.944290835425385 -3.190992240550382 827.1924510002136 643.8253698348999
55.944290835425385 -3.190992240550382 ENE 55.944405640455095 -3.1907150766906285 827.1924510002136 642.5753698348999
55.944405640455095 -3.1907150766906285 WSW 55.944290835425385 -3.190992240550382 827.1924510002136 641.3253698348999
55.944290835425385 -3.190992240550382 E 55.944290835425385 -3.1906922405503817 827.1924510002136 640.0753698348999
55.944290835425385 -3.1906922405503817 W 55.944290835425385 -3.190992240550382 827.1924510002136 638.8253698348999
55.944290835425385 -3.190992240550382 ENE 55.944405640455095 -3.1907150766906285 827.1924510002136 637.5753698348999
55.944405640455095 -3.1907150766906285 WSW 55.944290835425385 -3.190992240550382 827.1924510002136 636.3253698348999
55.944290835425385 -3.190992240550382 SSW 55.94401367156563 -3.1911070455800914 832.3627495765686 660.6714639663696
