55.944425 -3.188396 WNW 55.94453980502971 -3.1886731638597534 0.0 248.75
55.94453980502971 -3.1886731638597534 ESE 55.944425 -3.188396 0.0 247.5
55.944425 -3.188396 ESE 55.94431019497029 -3.1881188361402466 0.0 246.25
55.94431019497029 -3.1881188361402466 W 55.94431019497029 -3.188418836140247 0.0 245.0
55.94431019497029 -3.188418836140247 E 55.94431019497029 -3.1881188361402466 0.0 243.75
55.94431019497029 -3.1881188361402466 W 55.94431019497029 -3.188418836140247 0.0 242.5
55.94431019497029 -3.188418836140247 E 55.94431019497029 -3.1881188361402466 0.0 241.25
55.94431019497029 -3.1881188361402466 SSE 55.944033031110536 -3.188004031110537 0.0 240.0
55.944033031110536 -3.188004031110537 NNW 55.94431019497029 -3.1881188361402466 0.0 238.75
55.94431019497029 -3.1881188361402466 S 55.94401019497029 -3.1881188361402466 0.0 237.5
55.94401019497029 -3.1881188361402466 SSE 55.94373303111053 -3.188004031110537 0.0 236.25
55.94373303111053 -3.188004031110537 NNW 55.94401019497029 -3.1881188361402466 0.0 235.0
55.94401019497029 -3.1881188361402466 W 55.94401019497029 -3.188418836140247 0.0 233.75
55.94401019497029 -3.188418836140247 E 55.94401019497029 -3.1881188361402466 0.0 232.5
55.94401019497029 -3.1881188361402466 NNW 55.944287358830046 -3.188233641169956 0.0 231.25
55.944287358830046 -3.188233641169956 SW 55.94407522679569 -3.188445773204312 0.0 230.0
55.94407522679569 -3.188445773204312 ENE 55.9441900318254 -3.1881686093445585 0.0 228.75
55.9441900318254 -3.1881686093445585 WSW 55.94407522679569 -3.188445773204312 0.0 227.5
55.94407522679569 -3.188445773204312 WNW 55.9441900318254 -3.1887229370640653 0.0 226.25
55.9441900318254 -3.1887229370640653 E 55.9441900318254 -3.188422937064065 0.0 225.0
55.9441900318254 -3.188422937064065 W 55.9441900318254 -3.1887229370640653 0.0 223.75
55.9441900318254 -3.1887229370640653 E 55.9441900318254 -3.188422937064065 0.0 222.5
55.9441900318254 -3.188422937064065 NNW 55.94446719568516 -3.1885377420937746 0.0 221.25
55.94446719568516 -3.1885377420937746 SSE 55.9441900318254 -3.188422937064065 0.0 220.0
55.9441900318254 -3.188422937064065 NW 55.944402163859756 -3.188635069098421 0.0 218.75
55.944402163859756 -3.188635069098421 SSW 55.944125 -3.1887498741281304 0.0 217.5
55.944125 -3.1887498741281304 NNE 55.944402163859756 -3.188635069098421 0.0 216.25
55.944402163859756 -3.188635069098421 NW 55.94461429589411 -3.1888472011327766 0.0 215.0
55.94461429589411 -3.1888472011327766 SE 55.944402163859756 -3.188635069098421 0.0 213.75
55.944402163859756 -3.188635069098421 NW 55.94461429589411 -3.1888472011327766 0.0 212.5
55.94461429589411 -3.1888472011327766 SE 55.944402163859756 -3.188635069098421 0.0 211.25
55.944402163859756 -3.188635069098421 NW 55.94461429589411 -3.1888472011327766 0.0 210.0
55.94461429589411 -3.1888472011327766 ESE 55.9444994908644 -3.1885700372730232 0.0 208.75
55.9444994908644 -3.1885700372730232 S 55.9441994908644 -3.1885700372730232 0.0 207.5
55.9441994908644 -3.1885700372730232 N 55.9444994908644 -3.1885700372730232 0.0 206.25
55.9444994908644 -3.1885700372730232 NE 55.94471162289876 -3.1883579052386675 0.0 205.0
55.94471162289876 -3.1883579052386675 WSW 55.94459681786905 -3.188635069098421 0.0 203.75
55.94459681786905 -3.188635069098421 NNE 55.944873981728804 -3.1885202640687114 0.0 202.5
55.944873981728804 -3.1885202640687114 S 55.9445739817288 -3.1885202640687114 0.0 201.25
55.9445739817288 -3.1885202640687114 NNE 55.94485114558856 -3.188405459039002 0.0 200.0
55.94485114558856 -3.188405459039002 SSE 55.9445739817288 -3.1882906540092923 0.0 198.75
55.9445739817288 -3.1882906540092923 ESE 55.94445917669909 -3.188013490149539 0.0 197.5
55.94445917669909 -3.188013490149539 W 55.94445917669909 -3.188313490149539 0.0 196.25
55.94445917669909 -3.188313490149539 E 55.94445917669909 -3.188013490149539 0.0 195.0
55.94445917669909 -3.188013490149539 W 55.94445917669909 -3.188313490149539 0.0 193.75
55.94445917669909 -3.188313490149539 E 55.94445917669909 -3.188013490149539 0.0 192.5
55.94445917669909 -3.188013490149539 ENE 55.9445739817288 -3.1877363262897855 0.0 191.25
55.9445739817288 -3.1877363262897855 SSW 55.944296817869045 -3.187851131319495 0.0 190.0
55.944296817869045 -3.187851131319495 NE 55.9445089499034 -3.1876389992851393 0.0 188.75
55.9445089499034 -3.1876389992851393 SW 55.944296817869045 -3.187851131319495 0.0 187.5
55.944296817869045 -3.187851131319495 WNW 55.944411622898755 -3.1881282951792485 0.0 186.25
55.944411622898755 -3.1881282951792485 ESE 55.944296817869045 -3.187851131319495 0.0 185.0
55.944296817869045 -3.187851131319495 S 55.94399681786904 -3.187851131319495 0.0 183.75
55.94399681786904 -3.187851131319495 NNE 55.9442739817288 -3.1877363262897855 0.0 182.5
55.9442739817288 -3.1877363262897855 SSW 55.94399681786904 -3.187851131319495 0.0 181.25
55.94399681786904 -3.187851131319495 NNE 55.9442739817288 -3.1877363262897855 0.0 180.0
55.9442739817288 -3.1877363262897855 SSW 55.94399681786904 -3.187851131319495 0.0 178.75
55.94399681786904 -3.187851131319495 NNE 55.9442739817288 -3.1877363262897855 0.0 177.5
55.9442739817288 -3.1877363262897855 SSW 55.94399681786904 -3.187851131319495 0.0 176.25
55.94399681786904 -3.187851131319495 SW 55.943784685834686 -3.188063263353851 0.0 175.0
55.943784685834686 -3.188063263353851 NNW 55.94406184969444 -3.1881780683835603 0.0 173.75
55.94406184969444 -3.1881780683835603 SSE 55.943784685834686 -3.188063263353851 0.0 172.5
55.943784685834686 -3.188063263353851 WNW 55.943899490864396 -3.1883404272136042 0.0 171.25
55.943899490864396 -3.1883404272136042 SE 55.94368735883004 -3.1881282951792485 0.0 170.0
55.94368735883004 -3.1881282951792485 NW 55.943899490864396 -3.1883404272136042 0.0 168.75
55.943899490864396 -3.1883404272136042 SSE 55.94362232700464 -3.1882256221838947 0.0 167.5
55.94362232700464 -3.1882256221838947 NNW 55.943899490864396 -3.1883404272136042 0.0 166.25
55.943899490864396 -3.1883404272136042 SW 55.94368735883004 -3.18855255924796 0.0 165.0
55.94368735883004 -3.18855255924796 N 55.94398735883004 -3.18855255924796 0.0 163.75
55.94398735883004 -3.18855255924796 SSW 55.943710194970286 -3.1886673642776695 0.0 162.5
55.943710194970286 -3.1886673642776695 NNW 55.94398735883004 -3.188782169307379 0.0 161.25
55.94398735883004 -3.188782169307379 SSE 55.943710194970286 -3.1886673642776695 0.0 160.0
55.943710194970286 -3.1886673642776695 NE 55.94392232700464 -3.1884552322433137 0.0 158.75
55.94392232700464 -3.1884552322433137 SW 55.943710194970286 -3.1886673642776695 0.0 157.5
55.943710194970286 -3.1886673642776695 NNW 55.94398735883004 -3.188782169307379 0.0 156.25
55.94398735883004 -3.188782169307379 SSE 55.943710194970286 -3.1886673642776695 0.0 155.0
55.943710194970286 -3.1886673642776695 NNW 55.94398735883004 -3.188782169307379 0.0 153.75
55.94398735883004 -3.188782169307379 SSE 55.943710194970286 -3.1886673642776695 0.0 152.5
55.943710194970286 -3.1886673642776695 N 55.94401019497029 -3.1886673642776695 0.0 151.25
55.94401019497029 -3.1886673642776695 ESE 55.94389538994058 -3.188390200417916 0.0 150.0
55.94389538994058 -3.188390200417916 NW 55.944107521974935 -3.188602332452272 0.0 148.75
55.944107521974935 -3.188602332452272 W 55.944107521974935 -3.188902332452272 0.0 147.5
55.944107521974935 -3.188902332452272 NE 55.94431965400929 -3.1886902004179163 0.0 146.25
55.94431965400929 -3.1886902004179163 W 55.94431965400929 -3.1889902004179165 100.12696838378906 157.1271858215332
55.94431965400929 -3.1889902004179165 NE 55.94453178604365 -3.1887780683835607 100.12696838378906 155.8771858215332
55.94453178604365 -3.1887780683835607 SW 55.94431965400929 -3.1889902004179165 100.12696838378906 154.6271858215332
55.94431965400929 -3.1889902004179165 N 55.944619654009294 -3.1889902004179165 119.7784309387207 261.740665435791
55.944619654009294 -3.1889902004179165 SW 55.94440752197494 -3.1892023324522722 119.7784309387207 260.490665435791
55.94440752197494 -3.1892023324522722 N 55.94470752197494 -3.1892023324522722 119.7784309387207 259.240665435791
55.94470752197494 -3.1892023324522722 S 55.94440752197494 -3.1892023324522722 119.7784309387207 257.990665435791
55.94440752197494 -3.1892023324522722 N 55.94470752197494 -3.1892023324522722 119.7784309387207 256.740665435791
55.94470752197494 -3.1892023324522722 WSW 55.94459271694523 -3.1894794963120257 190.39431381225586 277.9822940826416
55.94459271694523 -3.1894794963120257 ENE 55.94470752197494 -3.1892023324522722 190.39431381225586 276.7322940826416
55.94470752197494 -3.1892023324522722 NNE 55.9449846858347 -3.1890875274225627 190.39431381225586 275.4822940826416
55.9449846858347 -3.1890875274225627 SW 55.94477255380034 -3.1892996594569185 190.39431381225586 274.2322940826416
55.94477255380034 -3.1892996594569185 NE 55.9449846858347 -3.1890875274225627 190.39431381225586 272.9822940826416
55.9449846858347 -3.1890875274225627 SW 55.94477255380034 -3.1892996594569185 190.39431381225586 271.7322940826416
55.94477255380034 -3.1892996594569185 SW 55.944560421765985 -3.1895117914912743 190.39431381225586 270.4822940826416
55.944560421765985 -3.1895117914912743 NE 55.94477255380034 -3.1892996594569185 190.39431381225586 269.2322940826416
55.94477255380034 -3.1892996594569185 WNW 55.94488735883005 -3.189576823316672 202.67531394958496 311.6697597503662
55.94488735883005 -3.189576823316672 ESE 55.94477255380034 -3.1892996594569185 202.67531394958496 310.4197597503662
55.94477255380034 -3.1892996594569185 NW 55.9449846858347 -3.1895117914912743 241.83791160583496 395.9741039276123
55.9449846858347 -3.1895117914912743 SE 55.94477255380034 -3.1892996594569185 241.83791160583496 394.7241039276123
55.94477255380034 -3.1892996594569185 NW 55.9449846858347 -3.1895117914912743 241.83791160583496 393.4741039276123
55.9449846858347 -3.1895117914912743 NNE 55.945261849694454 -3.1893969864615648 256.8225145339966 469.8389492034912
55.945261849694454 -3.1893969864615648 SSW 55.9449846858347 -3.1895117914912743 256.8225145339966 468.5889492034912
55.9449846858347 -3.1895117914912743 NW 55.94519681786905 -3.18972392352563 256.8225145339966 467.3389492034912
55.94519681786905 -3.18972392352563 ENE 55.945311622898764 -3.1894467596658767 343.8822603225708 582.825117111206
55.945311622898764 -3.1894467596658767 W 55.945311622898764 -3.189746759665877 343.8822603225708 581.575117111206
55.945311622898764 -3.189746759665877 E 55.945311622898764 -3.1894467596658767 343.8822603225708 580.325117111206
55.945311622898764 -3.1894467596658767 WNW 55.945426427928474 -3.18972392352563 343.8822603225708 579.075117111206
55.945426427928474 -3.18972392352563 ESE 55.945311622898764 -3.1894467596658767 343.8822603225708 577.825117111206
55.945311622898764 -3.1894467596658767 S 55.94501162289876 -3.1894467596658767 467.6012773513794 637.5887699127197
55.94501162289876 -3.1894467596658767 NNE 55.94528878675852 -3.189331954636167 467.6012773513794 636.3387699127197
55.94528878675852 -3.189331954636167 SSW 55.94501162289876 -3.1894467596658767 467.6012773513794 635.0887699127197
55.94501162289876 -3.1894467596658767 NNE 55.94528878675852 -3.189331954636167 467.6012773513794 633.8387699127197
55.94528878675852 -3.189331954636167 NNW 55.945565950618274 -3.1894467596658767 467.6012773513794 632.5887699127197
55.945565950618274 -3.1894467596658767 SSW 55.94528878675852 -3.189561564695586 525.275128364563 646.1352014541626
55.94528878675852 -3.189561564695586 NNE 55.945565950618274 -3.1894467596658767 525.275128364563 644.8852014541626
55.945565950618274 -3.1894467596658767 W 55.945565950618274 -3.189746759665877 525.275128364563 643.6352014541626
55.945565950618274 -3.189746759665877 ENE 55.945680755647984 -3.1894695958061234 525.275128364563 642.3852014541626
55.945680755647984 -3.1894695958061234 WSW 55.945565950618274 -3.189746759665877 525.275128364563 641.1352014541626
55.945565950618274 -3.189746759665877 NNE 55.94584311447803 -3.1896319546361673 609.8980760574341 704.0983285903931
55.94584311447803 -3.1896319546361673 ESE 55.94572830944832 -3.189354790776414 668.9651155471802 759.2653512954712
55.94572830944832 -3.189354790776414 WNW 55.94584311447803 -3.1896319546361673 668.9651155471802 758.0153512954712
55.94584311447803 -3.1896319546361673 NW 55.94605524651239 -3.189844086670523 772.0340394973755 795.0751733779907
55.94605524651239 -3.189844086670523 WSW 55.945940441482676 -3.1901212505302765 772.0340394973755 793.8251733779907
55.945940441482676 -3.1901212505302765 ENE 55.94605524651239 -3.189844086670523 772.0340394973755 792.5751733779907
55.94605524651239 -3.189844086670523 W 55.94605524651239 -3.1901440866705233 772.0340394973755 791.3251733779907
55.94605524651239 -3.1901440866705233 E 55.94605524651239 -3.189844086670523 772.0340394973755 790.0751733779907
55.94605524651239 -3.189844086670523 WNW 55.9461700515421 -3.1901212505302765 772.0340394973755 788.8251733779907
55.9461700515421 -3.1901212505302765 E 55.9461700515421 -3.1898212505302763 781.3972520828247 796.5780048370361
55.9461700515421 -3.1898212505302763 W 55.9461700515421 -3.1901212505302765 781.3972520828247 795.3280048370361
55.9461700515421 -3.1901212505302765 SW 55.94595791950774 -3.1903333825646323 781.3972520828247 794.0780048370361
55.94595791950774 -3.1903333825646323 ENE 55.94607272453745 -3.190056218704879 883.117772102356 910.6296482086182
55.94607272453745 -3.190056218704879 WSW 55.94595791950774 -3.1903333825646323 883.117772102356 909.3796482086182
55.94595791950774 -3.1903333825646323 S 55.94565791950774 -3.1903333825646323 991.9384126663208 1031.513864517212
55.94565791950774 -3.1903333825646323 N 55.94595791950774 -3.1903333825646323 991.9384126663208 1030.263864517212
55.94595791950774 -3.1903333825646323 SW 55.945745787473385 -3.190545514598988 991.9384126663208 1029.013864517212
55.945745787473385 -3.190545514598988 E 55.945745787473385 -3.190245514598988 991.9384126663208 1027.763864517212
55.945745787473385 -3.190245514598988 WNW 55.945860592503095 -3.1905226784587413 1099.1642351150513 1137.6367893218994
55.945860592503095 -3.1905226784587413 NNE 55.94613775636285 -3.1904078734290318 1099.1642351150513 1136.3867893218994
55.94613775636285 -3.1904078734290318 WSW 55.94602295133314 -3.190685037288785 1099.1642351150513 1135.1367893218994
55.94602295133314 -3.190685037288785 ENE 55.94613775636285 -3.1904078734290318 1099.1642351150513 1133.8867893218994
55.94613775636285 -3.1904078734290318 W 55.94613775636285 -3.190707873429032 1099.1642351150513 1132.6367893218994
55.94613775636285 -3.190707873429032 SE 55.945925624328495 -3.190495741394676 1114.2530488967896 1182.045602798462
55.945925624328495 -3.190495741394676 WNW 55.946040429358206 -3.1907729052544296 1114.2530488967896 1180.795602798462
55.946040429358206 -3.1907729052544296 SW 55.94582829732385 -3.1909850372887854 1178.6310319900513 1217.9229412078857
55.94582829732385 -3.1909850372887854 NNE 55.946105461183606 -3.190870232259076 1178.6310319900513 1216.6729412078857
55.946105461183606 -3.190870232259076 S 55.9458054611836 -3.190870232259076 1302.061978340149 1226.6437358856201
55.9458054611836 -3.190870232259076 NW 55.94601759321796 -3.1910823642934316 1404.8531847000122 1284.3234729766846
55.94601759321796 -3.1910823642934316 SE 55.9458054611836 -3.190870232259076 1404.8531847000122 1283.0734729766846
55.9458054611836 -3.190870232259076 NE 55.94601759321796 -3.19065810022472 1404.8531847000122 1281.8234729766846
55.94601759321796 -3.19065810022472 SW 55.9458054611836 -3.190870232259076 1404.8531847000122 1280.5734729766846
55.9458054611836 -3.190870232259076 S 55.9455054611836 -3.190870232259076 1476.4902696609497 1402.2000675201416
55.9455054611836 -3.190870232259076 NNW 55.94578262504336 -3.1909850372887854 1476.4902696609497 1400.9500675201416
55.94578262504336 -3.1909850372887854 SSW 55.9455054611836 -3.191099842318495 1476.4902696609497 1399.7000675201416
55.9455054611836 -3.191099842318495 NNW 55.94578262504336 -3.1912146473482044 1476.4902696609497 1398.4500675201416
55.94578262504336 -3.1912146473482044 SSE 55.9455054611836 -3.191099842318495 1476.4902696609497 1397.2000675201416
55.9455054611836 -3.191099842318495 N 55.9458054611836 -3.191099842318495 1476.4902696609497 1395.9500675201416
55.9458054611836 -3.191099842318495 S 55.9455054611836 -3.191099842318495 1476.4902696609497 1394.7000675201416
55.9455054611836 -3.191099842318495 ESE 55.94539065615389 -3.1908226784587415 1476.4902696609497 1393.4500675201416
55.94539065615389 -3.1908226784587415 WNW 55.9455054611836 -3.191099842318495 1476.4902696609497 1392.2000675201416
55.9455054611836 -3.191099842318495 E 55.9455054611836 -3.1907998423184947 1488.3073835372925 1412.3364028930664
55.9455054611836 -3.1907998423184947 S 55.9452054611836 -3.1907998423184947 1496.407341003418 1495.9756622314453
55.9452054611836 -3.1907998423184947 N 55.9455054611836 -3.1907998423184947 1496.407341003418 1494.7256622314453
55.9455054611836 -3.1907998423184947 SE 55.945293329149244 -3.190587710284139 1496.407341003418 1493.4756622314453
55.945293329149244 -3.190587710284139 NW 55.9455054611836 -3.1907998423184947 1496.407341003418 1492.2256622314453
55.9455054611836 -3.1907998423184947 NNE 55.94578262504336 -3.190685037288785 1599.914649963379 1551.5526695251465
55.94578262504336 -3.190685037288785 S 55.945482625043354 -3.190685037288785 1599.914649963379 1550.3026695251465
55.945482625043354 -3.190685037288785 NNW 55.94575978890311 -3.1907998423184947 1599.914649963379 1549.0526695251465
55.94575978890311 -3.1907998423184947 ENE 55.94587459393282 -3.1905226784587413 1599.914649963379 1547.8026695251465
55.94587459393282 -3.1905226784587413 WNW 55.94598939896253 -3.1907998423184947 1599.914649963379 1546.5526695251465
55.94598939896253 -3.1907998423184947 ESE 55.94587459393282 -3.1905226784587413 1599.914649963379 1545.3026695251465
55.94587459393282 -3.1905226784587413 WNW 55.94598939896253 -3.1907998423184947 1599.914649963379 1544.0526695251465
55.94598939896253 -3.1907998423184947 SSE 55.945712235102775 -3.190685037288785 1624.6351051330566 1594.027919769287
55.945712235102775 -3.190685037288785 SE 55.94550010306842 -3.1904729052544294 1624.6351051330566 1592.777919769287
55.94550010306842 -3.1904729052544294 WNW 55.94561490809813 -3.190750069114183 1624.6351051330566 1591.527919769287
55.94561490809813 -3.190750069114183 ESE 55.94550010306842 -3.1904729052544294 1624.6351051330566 1590.277919769287
55.94550010306842 -3.1904729052544294 SSE 55.94522293920866 -3.19035810022472 1624.6351051330566 1589.027919769287
55.94522293920866 -3.19035810022472 NNW 55.94550010306842 -3.1904729052544294 1624.6351051330566 1587.777919769287
55.94550010306842 -3.1904729052544294 SSE 55.94522293920866 -3.19035810022472 1624.6351051330566 1586.527919769287
55.94522293920866 -3.19035810022472 NNE 55.94550010306842 -3.1902432951950104 1739.762523651123 1658.2750205993652
55.94550010306842 -3.1902432951950104 S 55.945200103068416 -3.1902432951950104 1791.7368278503418 1695.6645469665527
55.945200103068416 -3.1902432951950104 SE 55.94498797103406 -3.1900311631606546 1819.269178390503 1787.737102508545
55.94498797103406 -3.1900311631606546 NW 55.945200103068416 -3.1902432951950104 1819.269178390503 1786.487102508545
55.945200103068416 -3.1902432951950104 S 55.94490010306841 -3.1902432951950104 1819.269178390503 1785.237102508545
55.94490010306841 -3.1902432951950104 N 55.945200103068416 -3.1902432951950104 1819.269178390503 1783.987102508545
55.945200103068416 -3.1902432951950104 SSE 55.94492293920866 -3.190128490165301 1819.269178390503 1782.737102508545
55.94492293920866 -3.190128490165301 NNW 55.945200103068416 -3.1902432951950104 1819.269178390503 1781.487102508545
55.945200103068416 -3.1902432951950104 ESE 55.945085298038705 -3.189966131335257 1880.1090679168701 1881.6205253601074
55.945085298038705 -3.189966131335257 W 55.945085298038705 -3.190266131335257 1914.978277206421 1893.1065740585327
55.945085298038705 -3.190266131335257 SSE 55.94480813417895 -3.1901513263055477 1914.978277206421 1891.8565740585327
55.94480813417895 -3.1901513263055477 NNW 55.945085298038705 -3.190266131335257 1914.978277206421 1890.6065740585327
55.945085298038705 -3.190266131335257 SSE 55.94480813417895 -3.1901513263055477 1914.978277206421 1889.3565740585327
55.94480813417895 -3.1901513263055477 WSW 55.94469332914924 -3.190428490165301 1914.978277206421 1888.1065740585327
55.94469332914924 -3.190428490165301 ESE 55.94457852411953 -3.1901513263055477 1914.978277206421 1886.8565740585327
55.94457852411953 -3.1901513263055477 WNW 55.94469332914924 -3.190428490165301 1914.978277206421 1885.6065740585327
55.94469332914924 -3.190428490165301 N 55.94499332914924 -3.190428490165301 1914.978277206421 1884.3565740585327
55.94499332914924 -3.190428490165301 S 55.94469332914924 -3.190428490165301 1914.978277206421 1883.1065740585327
55.94469332914924 -3.190428490165301 WSW 55.94457852411953 -3.1907056540250545 1914.978277206421 1881.8565740585327
55.94457852411953 -3.1907056540250545 SE 55.94436639208517 -3.1904935219906987 1914.978277206421 1880.6065740585327
55.94436639208517 -3.1904935219906987 NW 55.94457852411953 -3.1907056540250545 1914.978277206421 1879.3565740585327
55.94457852411953 -3.1907056540250545 SW 55.94436639208517 -3.1909177860594102 1991.0566539764404 1954.3433294296265
55.94436639208517 -3.1909177860594102 NE 55.94457852411953 -3.1907056540250545 1991.0566539764404 1953.0933294296265
55.94457852411953 -3.1907056540250545 W 55.94457852411953 -3.1910056540250546 1991.0566539764404 1951.8433294296265
55.94457852411953 -3.1910056540250546 ENE 55.94469332914924 -3.1907284901653012 1991.0566539764404 1950.5933294296265
55.94469332914924 -3.1907284901653012 WSW 55.94457852411953 -3.1910056540250546 1991.0566539764404 1949.3433294296265
55.94457852411953 -3.1910056540250546 ENE 55.94469332914924 -3.1907284901653012 1991.0566539764404 1948.0933294296265
55.94469332914924 -3.1907284901653012 NW 55.944905461183595 -3.190940622199657 1991.0566539764404 1946.8433294296265
55.944905461183595 -3.190940622199657 SE 55.94469332914924 -3.1907284901653012 1991.0566539764404 1945.5933294296265
55.94469332914924 -3.1907284901653012 NW 55.944905461183595 -3.190940622199657 1991.0566539764404 1944.3433294296265
55.944905461183595 -3.190940622199657 ESE 55.944790656153884 -3.1906634583399036 1991.0566539764404 1943.0933294296265
55.944790656153884 -3.1906634583399036 S 55.94449065615388 -3.1906634583399036 1991.0566539764404 1941.8433294296265
55.94449065615388 -3.1906634583399036 NNW 55.94476782001364 -3.190778263369613 1999.372036933899 2048.720648765564
55.94476782001364 -3.190778263369613 SSE 55.94449065615388 -3.1906634583399036 1999.372036933899 2047.470648765564
55.94449065615388 -3.1906634583399036 SW 55.944278524119525 -3.1908755903742594 2122.6946535110474 2140.8077688217163
55.944278524119525 -3.1908755903742594 ENE 55.944393329149236 -3.190598426514506 2131.4992876052856 2187.8875226974487
55.944393329149236 -3.190598426514506 S 55.94409332914923 -3.190598426514506 2131.4992876052856 2186.6375226974487
55.94409332914923 -3.190598426514506 N 55.944393329149236 -3.190598426514506 2131.4992876052856 2185.3875226974487
55.944393329149236 -3.190598426514506 S 55.94409332914923 -3.190598426514506 2131.4992876052856 2184.1375226974487
55.94409332914923 -3.190598426514506 NW 55.94430546118359 -3.1908105585488618 2131.4992876052856 2182.8875226974487
55.94430546118359 -3.1908105585488618 ESE 55.94419065615388 -3.1905333946891083 2131.4992876052856 2181.6375226974487
55.94419065615388 -3.1905333946891083 W 55.94419065615388 -3.1908333946891085 2131.4992876052856 2180.3875226974487
55.94419065615388 -3.1908333946891085 SW 55.94397852411952 -3.1910455267234643 2131.4992876052856 2179.1375226974487
55.94397852411952 -3.1910455267234643 NE 55.94419065615388 -3.1908333946891085 2131.4992876052856 2177.8875226974487
55.94419065615388 -3.1908333946891085 WSW 55.94407585112417 -3.191110558548862 2131.4992876052856 2176.6375226974487
55.94407585112417 -3.191110558548862 NE 55.944287983158524 -3.190898426514506 2131.4992876052856 2175.3875226974487
55.944287983158524 -3.190898426514506 SSW 55.94401081929877 -3.1910132315442157 2131.4992876052856 2174.1375226974487
55.94401081929877 -3.1910132315442157 E 55.94401081929877 -3.1907132315442155 2131.4992876052856 2172.8875226974487
55.94401081929877 -3.1907132315442155 WSW 55.94389601426906 -3.190990395403969 2131.4992876052856 2171.6375226974487
55.94389601426906 -3.190990395403969 ENE 55.94401081929877 -3.1907132315442155 2131.4992876052856 2170.3875226974487
55.94401081929877 -3.1907132315442155 SW 55.94379868726441 -3.1909253635785713 2131.4992876052856 2169.1375226974487
55.94379868726441 -3.1909253635785713 SSW 55.943521523404655 -3.1910401686082808 2131.4992876052856 2167.8875226974487
55.943521523404655 -3.1910401686082808 NNE 55.94379868726441 -3.1909253635785713 2131.4992876052856 2166.6375226974487
55.94379868726441 -3.1909253635785713 NE 55.94401081929877 -3.1907132315442155 2131.4992876052856 2165.3875226974487
55.94401081929877 -3.1907132315442155 WSW 55.94389601426906 -3.190990395403969 2131.4992876052856 2164.1375226974487
55.94389601426906 -3.190990395403969 ENE 55.94401081929877 -3.1907132315442155 2131.4992876052856 2162.8875226974487
55.94401081929877 -3.1907132315442155 SW 55.94379868726441 -3.1909253635785713 2131.4992876052856 2161.6375226974487
55.94379868726441 -3.1909253635785713 ESE 55.9436838822347 -3.190648199718818 2131.4992876052856 2160.3875226974487
55.9436838822347 -3.190648199718818 WSW 55.94356907720499 -3.1909253635785713 2131.4992876052856 2159.1375226974487
55.94356907720499 -3.1909253635785713 W 55.94356907720499 -3.1912253635785715 2131.4992876052856 2157.8875226974487
55.94356907720499 -3.1912253635785715 E 55.94356907720499 -3.1909253635785713 2131.4992876052856 2156.6375226974487
55.94356907720499 -3.1909253635785713 WSW 55.94345427217528 -3.1912025274383247 2227.323094367981 2275.5371809005737
55.94345427217528 -3.1912025274383247 NE 55.94366640420964 -3.190990395403969 2227.323094367981 2274.2871809005737
55.94366640420964 -3.190990395403969 WSW 55.943551599179926 -3.1912675592637223 2227.323094367981 2273.0371809005737
55.943551599179926 -3.1912675592637223 NNE 55.94382876303968 -3.191152754234013 2282.111710548401 2327.461844444275
55.94382876303968 -3.191152754234013 SSW 55.943551599179926 -3.1912675592637223 2282.111710548401 2326.211844444275
55.943551599179926 -3.1912675592637223 N 55.94385159917993 -3.1912675592637223 2282.111710548401 2324.961844444275
55.94385159917993 -3.1912675592637223 SSW 55.94357443532017 -3.191382364293432 2282.111710548401 2323.711844444275
