55.944425 -3.188396 ESE 55.94431019497029 -3.1881188361402466 63.281402587890625 330.23677825927734
55.94431019497029 -3.1881188361402466 ENE 55.944425 -3.187841672280493 176.28580474853516 445.6000442504883
55.944425 -3.187841672280493 NE 55.94463713203436 -3.1876295402461374 176.28580474853516 444.3500442504883
55.94463713203436 -3.1876295402461374 NNE 55.944914295894115 -3.187514735216428 176.28580474853516 443.1000442504883
55.944914295894115 -3.187514735216428 NE 55.94512642792847 -3.187302603182072 176.28580474853516 441.8500442504883
55.94512642792847 -3.187302603182072 ENE 55.94524123295818 -3.1870254393223187 254.31026458740234 541.6444396972656
55.94524123295818 -3.1870254393223187 NW 55.94545336499254 -3.1872375713566745 254.31026458740234 540.3944396972656
55.94545336499254 -3.1872375713566745 NW 55.945665497026894 -3.1874497033910303 259.1407570838928 564.6930599212646
55.945665497026894 -3.1874497033910303 NE 55.94587762906125 -3.1872375713566745 259.1407570838928 563.4430599212646
55.94587762906125 -3.1872375713566745 E 55.94587762906125 -3.1869375713566743 259.1407570838928 562.1930599212646
55.94587762906125 -3.1869375713566743 ENE 55.94599243409096 -3.186660407496921 339.5064721107483 624.4578266143799
55.94599243409096 -3.186660407496921 ESE 55.94587762906125 -3.1863832436371675 339.5064721107483 623.2078266143799
55.94587762906125 -3.1863832436371675 ESE 55.94576282403154 -3.186106079777414 339.5064721107483 621.9578266143799
55.94576282403154 -3.186106079777414 SE 55.945550691997184 -3.1858939477430583 339.5064721107483 620.7078266143799
55.945550691997184 -3.1858939477430583 SE 55.94533855996283 -3.1856818157087026 342.79123401641846 703.8943271636963
55.94533855996283 -3.1856818157087026 ESE 55.94522375493312 -3.185404651848949 342.79123401641846 702.6443271636963
55.94522375493312 -3.185404651848949 ESE 55.94510894990341 -3.1851274879891958 342.79123401641846 701.3943271636963
55.94510894990341 -3.1851274879891958 ESE 55.9449941448737 -3.1848503241294424 342.79123401641846 700.1443271636963
55.9449941448737 -3.1848503241294424 ESE 55.944879339843986 -3.184573160269689 378.1506052017212 709.8404960632324
55.944879339843986 -3.184573160269689 SSW 55.94460217598423 -3.1846879652993985 378.1506052017212 708.5904960632324
55.94460217598423 -3.1846879652993985 SSW 55.94432501212447 -3.184802770329108 378.1506052017212 707.3404960632324
55.94432501212447 -3.184802770329108 SSW 55.94404784826472 -3.1849175753588175 378.1506052017212 706.0904960632324
55.94404784826472 -3.1849175753588175 SSW 55.94377068440496 -3.185032380388527 378.1506052017212 704.8404960632324
55.94377068440496 -3.185032380388527 SSW 55.9434935205452 -3.1851471854182365 378.1506052017212 703.5904960632324
55.9434935205452 -3.1851471854182365 SSW 55.94321635668545 -3.185261990447946 378.1506052017212 702.3404960632324
55.94321635668545 -3.185261990447946 SSE 55.94293919282569 -3.1851471854182365 394.4608030319214 791.6325874328613
55.94293919282569 -3.1851471854182365 SSW 55.942662028965934 -3.185261990447946 457.09063625335693 813.1376571655273
55.942662028965934 -3.185261990447946 W 55.942662028965934 -3.185561990447946 457.09063625335693 811.8876571655273
55.942662028965934 -3.185561990447946 W 55.942662028965934 -3.1858619904479464 457.09063625335693 810.6376571655273
55.942662028965934 -3.1858619904479464 W 55.942662028965934 -3.1861619904479466 457.09063625335693 809.3876571655273
55.942662028965934 -3.1861619904479466 WNW 55.942776833995644 -3.1864391543077 457.09063625335693 808.1376571655273
55.942776833995644 -3.1864391543077 WNW 55.942891639025355 -3.1867163181674534 575.9671010971069 907.5126342773438
55.942891639025355 -3.1867163181674534 N 55.94319163902536 -3.1867163181674534 575.9671010971069 906.2626342773438
55.94319163902536 -3.1867163181674534 N 55.94349163902536 -3.1867163181674534 648.7438268661499 1002.3398513793945
55.94349163902536 -3.1867163181674534 WNW 55.94360644405507 -3.186993482027207 648.7438268661499 1001.0898513793945
55.94360644405507 -3.186993482027207 W 55.94360644405507 -3.187293482027207 648.7438268661499 999.8398513793945
55.94360644405507 -3.187293482027207 WNW 55.94372124908478 -3.1875706458869604 648.7438268661499 998.5898513793945
55.94372124908478 -3.1875706458869604 W 55.94372124908478 -3.1878706458869606 648.7438268661499 997.3398513793945
55.94372124908478 -3.1878706458869606 WNW 55.94383605411449 -3.188147809746714 648.7438268661499 996.0898513793945
55.94383605411449 -3.188147809746714 W 55.94383605411449 -3.188447809746714 713.3583364486694 1012.0010948181152
55.94383605411449 -3.188447809746714 W 55.94383605411449 -3.1887478097467143 713.3583364486694 1010.7510948181152
55.94383605411449 -3.1887478097467143 WSW 55.94372124908478 -3.1890249736064677 763.61048412323 1019.7501564025879
55.94372124908478 -3.1890249736064677 NNW 55.94399841294454 -3.1891397786361773 861.674578666687 1038.9815635681152
55.94399841294454 -3.1891397786361773 WSW 55.94388360791483 -3.1894169424959307 861.674578666687 1037.7315635681152
55.94388360791483 -3.1894169424959307 SW 55.94367147588047 -3.1896290745302864 871.5486688613892 1158.0321235656738
55.94367147588047 -3.1896290745302864 S 55.94337147588047 -3.1896290745302864 871.5486688613892 1156.7821235656738
55.94337147588047 -3.1896290745302864 S 55.943071475880465 -3.1896290745302864 994.3136148452759 1228.5850563049316
55.943071475880465 -3.1896290745302864 E 55.943071475880465 -3.1893290745302862 994.3136148452759 1227.3350563049316
55.943071475880465 -3.1893290745302862 E 55.943071475880465 -3.189029074530286 994.3136148452759 1226.0850563049316
55.943071475880465 -3.189029074530286 E 55.943071475880465 -3.188729074530286 1031.9917078018188 1234.3454418182373
55.943071475880465 -3.188729074530286 NW 55.94328360791482 -3.1889412065646416 1031.9917078018188 1233.0954418182373
55.94328360791482 -3.1889412065646416 NW 55.94349573994918 -3.1891533385989974 1031.9917078018188 1231.8454418182373
55.94349573994918 -3.1891533385989974 NW 55.943707871983534 -3.189365470633353 1031.9917078018188 1230.5954418182373
55.943707871983534 -3.189365470633353 NW 55.94392000401789 -3.189577602667709 1031.9917078018188 1229.3454418182373
55.94392000401789 -3.189577602667709 NW 55.94413213605225 -3.1897897347020647 1031.9917078018188 1228.0954418182373
55.94413213605225 -3.1897897347020647 NNW 55.944409299912 -3.1899045397317742 1031.9917078018188 1226.8454418182373
55.944409299912 -3.1899045397317742 NW 55.94462143194636 -3.19011667176613 1156.891640663147 1245.866554260254
55.94462143194636 -3.19011667176613 NE 55.944833563980715 -3.1899045397317742 1156.891640663147 1244.616554260254
55.944833563980715 -3.1899045397317742 NE 55.94504569601507 -3.1896924076974185 1245.9749994277954 1357.2611694335938
55.94504569601507 -3.1896924076974185 NNE 55.94532285987483 -3.189577602667709 1245.9749994277954 1356.0111694335938
55.94532285987483 -3.189577602667709 NNE 55.945600023734585 -3.1894627976379994 1245.9749994277954 1354.7611694335938
55.945600023734585 -3.1894627976379994 NNE 55.94587718759434 -3.18934799260829 1320.1138849258423 1471.3193969726562
55.94587718759434 -3.18934799260829 W 55.94587718759434 -3.18964799260829 1320.1138849258423 1470.0693969726562
55.94587718759434 -3.18964799260829 W 55.94587718759434 -3.1899479926082903 1320.1138849258423 1468.8193969726562
55.94587718759434 -3.1899479926082903 WNW 55.94599199262405 -3.1902251564680437 1359.877034187317 1469.2993816137314
55.94599199262405 -3.1902251564680437 SSE 55.945714828764295 -3.190110351438334 1359.877034187317 1468.0493816137314
55.945714828764295 -3.190110351438334 NW 55.94592696079865 -3.19032248347269 1359.877034187317 1466.7993816137314
55.94592696079865 -3.19032248347269 WNW 55.94604176582836 -3.1905996473324434 1359.877034187317 1465.5493816137314
55.94604176582836 -3.1905996473324434 W 55.94604176582836 -3.1908996473324436 1475.8717393875122 1574.005199790001
55.94604176582836 -3.1908996473324436 WNW 55.94615657085807 -3.191176811192197 1538.8452653884888 1683.4307292699814
55.94615657085807 -3.191176811192197 SSW 55.945879406998316 -3.1912916162219065 1576.5086603164673 1798.6868785619736
55.945879406998316 -3.1912916162219065 WSW 55.945764601968605 -3.19156878008166 1651.36172580719 1841.3207629919052
55.945764601968605 -3.19156878008166 SW 55.94555246993425 -3.1917809121160157 1651.36172580719 1840.0707629919052
55.94555246993425 -3.1917809121160157 S 55.945252469934246 -3.1917809121160157 1651.36172580719 1838.8207629919052
55.945252469934246 -3.1917809121160157 SW 55.94504033789989 -3.1919930441503714 1651.36172580719 1837.5707629919052
55.94504033789989 -3.1919930441503714 SW 55.944828205865534 -3.192205176184727 1651.36172580719 1836.3207629919052
55.944828205865534 -3.192205176184727 SSW 55.94455104200578 -3.1923199812144367 1765.8572931289673 1872.4779170751572
55.94455104200578 -3.1923199812144367 SSE 55.94427387814602 -3.192205176184727 1819.0694360733032 1928.1143802404404
55.94427387814602 -3.192205176184727 SSE 55.943996714286264 -3.1920903711550177 1819.0694360733032 1926.8643802404404
55.943996714286264 -3.1920903711550177 NE 55.94420884632062 -3.191878239120662 1845.5124711990356 1998.055939078331
55.94420884632062 -3.191878239120662 SSE 55.943931682460864 -3.1917634340909524 1845.5124711990356 1996.805939078331
55.943931682460864 -3.1917634340909524 SSE 55.94365451860111 -3.191648629061243 1845.5124711990356 1995.555939078331
55.94365451860111 -3.191648629061243 SSE 55.94337735474135 -3.1915338240315334 1845.5124711990356 1994.305939078331
55.94337735474135 -3.1915338240315334 SE 55.943165222706995 -3.1913216919971776 1906.178879737854 2031.9673541784286
55.943165222706995 -3.1913216919971776 SSW 55.94288805884724 -3.191436497026887 1927.785273551941 2049.507318854332
55.94288805884724 -3.191436497026887 WSW 55.94277325381753 -3.1917136608866405 1927.785273551941 2048.257318854332
55.94277325381753 -3.1917136608866405 W 55.94277325381753 -3.1920136608866407 1961.7073774337769 2074.1542114019394
55.94277325381753 -3.1920136608866407 ESE 55.94265844878782 -3.1917364970268873 1961.7073774337769 2072.9042114019394
55.94265844878782 -3.1917364970268873 NW 55.942870580822174 -3.191948629061243 1961.7073774337769 2071.6542114019394
55.942870580822174 -3.191948629061243 NNW 55.94314774468193 -3.1920634340909526 1961.7073774337769 2070.4042114019394
55.94314774468193 -3.1920634340909526 WNW 55.94326254971164 -3.192340597950706 1961.7073774337769 2069.1542114019394
55.94326254971164 -3.192340597950706 N 55.94356254971164 -3.192340597950706 1961.7073774337769 2067.9042114019394
55.94356254971164 -3.192340597950706 S 55.94326254971164 -3.192340597950706 1961.7073774337769 2066.6542114019394
55.94326254971164 -3.192340597950706 SSW 55.942985385851884 -3.1924554029804155 1961.7073774337769 2065.4042114019394
55.942985385851884 -3.1924554029804155 E 55.942985385851884 -3.1921554029804153 1961.7073774337769 2064.1542114019394
55.942985385851884 -3.1921554029804153 ESE 55.942870580822174 -3.191878239120662 1961.7073774337769 2062.9042114019394
55.942870580822174 -3.191878239120662 NE 55.94308271285653 -3.191666107086306 1961.7073774337769 2061.6542114019394
55.94308271285653 -3.191666107086306 SW 55.942870580822174 -3.191878239120662 1961.7073774337769 2060.4042114019394
55.942870580822174 -3.191878239120662 NW 55.94308271285653 -3.1920903711550177 1961.7073774337769 2059.1542114019394
55.94308271285653 -3.1920903711550177 NNE 55.943359876716286 -3.191975566125308 1961.7073774337769 2057.9042114019394
55.943359876716286 -3.191975566125308 WSW 55.943245071686576 -3.1922527299850616 1961.7073774337769 2056.6542114019394
55.943245071686576 -3.1922527299850616 NNW 55.94352223554633 -3.192367535014771 1961.7073774337769 2055.4042114019394
55.94352223554633 -3.192367535014771 S 55.94322223554633 -3.192367535014771 1961.7073774337769 2054.1542114019394
55.94322223554633 -3.192367535014771 SE 55.94301010351197 -3.1921554029804153 1961.7073774337769 2052.9042114019394
55.94301010351197 -3.1921554029804153 SW 55.94279797147762 -3.192367535014771 1961.7073774337769 2051.6542114019394
55.94279797147762 -3.192367535014771 NE 55.94301010351197 -3.1921554029804153 1961.7073774337769 2050.4042114019394
55.94301010351197 -3.1921554029804153 NNE 55.94328726737173 -3.192040597950706 1961.7073774337769 2049.1542114019394
55.94328726737173 -3.192040597950706 S 55.94298726737173 -3.192040597950706 1961.7073774337769 2047.9042114019394
55.94298726737173 -3.192040597950706 NNE 55.94326443123148 -3.1919257929209963 1961.7073774337769 2046.6542114019394
55.94326443123148 -3.1919257929209963 NW 55.94347656326584 -3.192137924955352 1961.7073774337769 2045.4042114019394
55.94347656326584 -3.192137924955352 NNW 55.943753727125596 -3.1922527299850616 1961.7073774337769 2044.1542114019394
55.943753727125596 -3.1922527299850616 NE 55.94396585915995 -3.192040597950706 2038.147707939148 2154.68308866024
55.94396585915995 -3.192040597950706 WSW 55.94385105413024 -3.1923177618104592 2038.147707939148 2153.43308866024
55.94385105413024 -3.1923177618104592 E 55.94385105413024 -3.192017761810459 2038.147707939148 2152.18308866024
55.94385105413024 -3.192017761810459 N 55.944151054130245 -3.192017761810459 2038.147707939148 2150.93308866024
55.944151054130245 -3.192017761810459 WNW 55.944265859159955 -3.1922949256702124 2038.147707939148 2149.68308866024
55.944265859159955 -3.1922949256702124 NNW 55.94454302301971 -3.192409730699922 2038.147707939148 2148.43308866024
55.94454302301971 -3.192409730699922 S 55.94424302301971 -3.192409730699922 2038.147707939148 2147.18308866024
55.94424302301971 -3.192409730699922 E 55.94424302301971 -3.1921097306999218 2038.147707939148 2145.93308866024
55.94424302301971 -3.1921097306999218 S 55.943943023019706 -3.1921097306999218 2038.147707939148 2144.68308866024
55.943943023019706 -3.1921097306999218 WNW 55.94405782804942 -3.192386894559675 2038.147707939148 2143.43308866024
55.94405782804942 -3.192386894559675 NE 55.94426996008377 -3.1921747625253194 2038.147707939148 2142.18308866024
55.94426996008377 -3.1921747625253194 E 55.94426996008377 -3.191874762525319 2038.147707939148 2140.93308866024
55.94426996008377 -3.191874762525319 W 55.94426996008377 -3.1921747625253194 2038.147707939148 2139.68308866024
55.94426996008377 -3.1921747625253194 ESE 55.94415515505406 -3.191897598665566 2038.147707939148 2138.43308866024
55.94415515505406 -3.191897598665566 NW 55.94436728708842 -3.1921097306999218 2038.147707939148 2137.18308866024
55.94436728708842 -3.1921097306999218 E 55.94436728708842 -3.1918097306999216 2038.147707939148 2135.93308866024
55.94436728708842 -3.1918097306999216 W 55.94436728708842 -3.1921097306999218 2038.147707939148 2134.68308866024
55.94436728708842 -3.1921097306999218 SSE 55.94409012322866 -3.1919949256702123 2038.147707939148 2133.43308866024
55.94409012322866 -3.1919949256702123 S 55.94379012322866 -3.1919949256702123 2038.147707939148 2132.18308866024
55.94379012322866 -3.1919949256702123 NW 55.944002255263015 -3.192207057704568 2038.147707939148 2130.93308866024
55.944002255263015 -3.192207057704568 NNE 55.94427941912277 -3.1920922526748585 2038.147707939148 2129.68308866024
55.94427941912277 -3.1920922526748585 SE 55.944067287088416 -3.1918801206405027 2038.147707939148 2128.43308866024
55.944067287088416 -3.1918801206405027 N 55.94436728708842 -3.1918801206405027 2038.147707939148 2127.18308866024
55.94436728708842 -3.1918801206405027 NE 55.944579419122775 -3.191667988606147 2038.147707939148 2125.93308866024
55.944579419122775 -3.191667988606147 NW 55.94479155115713 -3.1918801206405027 2038.147707939148 2124.68308866024
55.94479155115713 -3.1918801206405027 NW 55.94500368319149 -3.1920922526748585 2038.147707939148 2123.43308866024
55.94500368319149 -3.1920922526748585 W 55.94500368319149 -3.1923922526748587 2038.147707939148 2122.18308866024
55.94500368319149 -3.1923922526748587 S 55.944703683191484 -3.1923922526748587 2038.147707939148 2120.93308866024
55.944703683191484 -3.1923922526748587 N 55.94500368319149 -3.1923922526748587 2038.147707939148 2119.68308866024
55.94500368319149 -3.1923922526748587 SSE 55.94472651933173 -3.192277447645149 2038.147707939148 2118.43308866024
55.94472651933173 -3.192277447645149 N 55.94502651933173 -3.192277447645149 2038.147707939148 2117.18308866024
55.94502651933173 -3.192277447645149 ESE 55.94491171430202 -3.192000283785396 2038.147707939148 2115.93308866024
55.94491171430202 -3.192000283785396 SW 55.94469958226767 -3.1922124158197516 2038.147707939148 2114.68308866024
55.94469958226767 -3.1922124158197516 ESE 55.94458477723796 -3.191935251959998 2038.147707939148 2113.43308866024
55.94458477723796 -3.191935251959998 ESE 55.944469972208246 -3.1916580881002448 2038.147707939148 2112.18308866024
55.944469972208246 -3.1916580881002448 S 55.94416997220824 -3.1916580881002448 2038.147707939148 2110.93308866024
55.94416997220824 -3.1916580881002448 ESE 55.94405516717853 -3.1913809242404914 2038.147707939148 2109.68308866024
55.94405516717853 -3.1913809242404914 W 55.94405516717853 -3.1916809242404915 2038.147707939148 2108.43308866024
55.94405516717853 -3.1916809242404915 WSW 55.94394036214882 -3.191958088100245 2038.147707939148 2107.18308866024
55.94394036214882 -3.191958088100245 SSW 55.943663198289066 -3.1920728931299545 2038.147707939148 2105.93308866024
55.943663198289066 -3.1920728931299545 NW 55.94387533032342 -3.1922850251643102 2038.147707939148 2104.68308866024
55.94387533032342 -3.1922850251643102 N 55.944175330323425 -3.1922850251643102 2038.147707939148 2103.43308866024
55.944175330323425 -3.1922850251643102 ENE 55.944290135353135 -3.192007861304557 2038.147707939148 2102.18308866024
55.944290135353135 -3.192007861304557 NNW 55.94456729921289 -3.1921226663342663 2038.147707939148 2100.93308866024
55.94456729921289 -3.1921226663342663 NNE 55.94484446307265 -3.192007861304557 2038.147707939148 2099.68308866024
55.94484446307265 -3.192007861304557 WNW 55.94495926810236 -3.1922850251643102 2038.147707939148 2098.43308866024
55.94495926810236 -3.1922850251643102 SSW 55.9446821042426 -3.1923998301940197 2038.147707939148 2097.18308866024
55.9446821042426 -3.1923998301940197 N 55.944982104242605 -3.1923998301940197 2038.147707939148 2095.93308866024
55.944982104242605 -3.1923998301940197 ESE 55.944867299212895 -3.1921226663342663 2038.147707939148 2094.68308866024
55.944867299212895 -3.1921226663342663 ESE 55.944752494183184 -3.191845502474513 2038.147707939148 2093.43308866024
55.944752494183184 -3.191845502474513 NW 55.94496462621754 -3.1920576345088687 2038.147707939148 2092.18308866024
55.94496462621754 -3.1920576345088687 WSW 55.94484982118783 -3.192334798368622 2038.147707939148 2090.93308866024
55.94484982118783 -3.192334798368622 SSW 55.944572657328074 -3.1924496033983316 2038.147707939148 2089.68308866024
55.944572657328074 -3.1924496033983316 N 55.94487265732808 -3.1924496033983316 2038.147707939148 2088.43308866024
55.94487265732808 -3.1924496033983316 SE 55.94466052529372 -3.192237471363976 2038.147707939148 2087.18308866024
55.94466052529372 -3.192237471363976 SW 55.944448393259364 -3.1924496033983316 2038.147707939148 2085.93308866024
55.944448393259364 -3.1924496033983316 N 55.94474839325937 -3.1924496033983316 2038.147707939148 2084.68308866024
55.94474839325937 -3.1924496033983316 SSE 55.94447122939961 -3.192334798368622 2038.147707939148 2083.43308866024
55.94447122939961 -3.192334798368622 N 55.94477122939961 -3.192334798368622 2038.147707939148 2082.18308866024
55.94477122939961 -3.192334798368622 SSE 55.94449406553986 -3.1922199933389126 2038.147707939148 2080.93308866024
55.94449406553986 -3.1922199933389126 NNW 55.94477122939961 -3.192334798368622 2038.147707939148 2079.68308866024
55.94477122939961 -3.192334798368622 S 55.94447122939961 -3.192334798368622 2038.147707939148 2078.43308866024
55.94447122939961 -3.192334798368622 SSW 55.944194065539854 -3.1924496033983316 2038.147707939148 2077.18308866024
55.944194065539854 -3.1924496033983316 SE 55.9439819335055 -3.192237471363976 2038.147707939148 2075.93308866024
55.9439819335055 -3.192237471363976 E 55.9439819335055 -3.1919374713639757 2038.147707939148 2074.68308866024
55.9439819335055 -3.1919374713639757 SE 55.94376980147114 -3.19172533932962 2038.147707939148 2073.43308866024
55.94376980147114 -3.19172533932962 SE 55.943557669436785 -3.191513207295264 2038.147707939148 2072.18308866024
55.943557669436785 -3.191513207295264 WSW 55.943442864407075 -3.1917903711550175 2038.147707939148 2070.93308866024
55.943442864407075 -3.1917903711550175 WNW 55.943557669436785 -3.192067535014771 2038.147707939148 2069.68308866024
55.943557669436785 -3.192067535014771 W 55.943557669436785 -3.192367535014771 2038.147707939148 2068.43308866024
55.943557669436785 -3.192367535014771 N 55.94385766943679 -3.192367535014771 2038.147707939148 2067.18308866024
55.94385766943679 -3.192367535014771 E 55.94385766943679 -3.192067535014771 2038.147707939148 2065.93308866024
55.94385766943679 -3.192067535014771 NNW 55.944134833296545 -3.1921823400444804 2038.147707939148 2064.68308866024
55.944134833296545 -3.1921823400444804 WNW 55.944249638326255 -3.192459503904234 2038.147707939148 2063.43308866024
55.944249638326255 -3.192459503904234 N 55.94454963832626 -3.192459503904234 2038.147707939148 2062.18308866024
55.94454963832626 -3.192459503904234 NE 55.944761770360614 -3.192247371869878 2038.147707939148 2060.93308866024
55.944761770360614 -3.192247371869878 NW 55.94497390239497 -3.192459503904234 2038.147707939148 2059.68308866024
55.94497390239497 -3.192459503904234 S 55.94467390239497 -3.192459503904234 2038.147707939148 2058.43308866024
55.94467390239497 -3.192459503904234 ESE 55.94455909736526 -3.1921823400444804 2038.147707939148 2057.18308866024
55.94455909736526 -3.1921823400444804 NNW 55.944836261225014 -3.19229714507419 2038.147707939148 2055.93308866024
55.944836261225014 -3.19229714507419 S 55.94453626122501 -3.19229714507419 2038.147707939148 2054.68308866024
55.94453626122501 -3.19229714507419 NE 55.94474839325937 -3.192085013039834 2038.147707939148 2053.43308866024
55.94474839325937 -3.192085013039834 SE 55.94453626122501 -3.1918728810054784 2038.147707939148 2052.18308866024
55.94453626122501 -3.1918728810054784 SW 55.944324129190655 -3.192085013039834 2038.147707939148 2050.93308866024
55.944324129190655 -3.192085013039834 ENE 55.944438934220365 -3.1918078491800808 2038.147707939148 2049.68308866024
55.944438934220365 -3.1918078491800808 W 55.944438934220365 -3.192107849180081 2038.147707939148 2048.43308866024
55.944438934220365 -3.192107849180081 NNW 55.94471609808012 -3.1922226542097905 2038.147707939148 2047.1830886602402
55.94471609808012 -3.1922226542097905 NNW 55.94499326193988 -3.1923374592395 2038.147707939148 2045.9330886602402
55.94499326193988 -3.1923374592395 SSW 55.94471609808012 -3.1924522642692095 2038.147707939148 2044.6830886602402
55.94471609808012 -3.1924522642692095 SSE 55.944438934220365 -3.1923374592395 2038.147707939148 2043.4330886602402
55.944438934220365 -3.1923374592395 SE 55.94422680218601 -3.192125327205144 2038.147707939148 2042.1830886602402
55.94422680218601 -3.192125327205144 NE 55.944438934220365 -3.1919131951707884 2038.147707939148 2040.9330886602402
55.944438934220365 -3.1919131951707884 E 55.944438934220365 -3.1916131951707882 2038.147707939148 2039.6830886602402
55.944438934220365 -3.1916131951707882 WNW 55.944553739250075 -3.1918903590305416 2038.147707939148 2038.4330886602402
55.944553739250075 -3.1918903590305416 E 55.944553739250075 -3.1915903590305414 2038.147707939148 2037.1830886602402
55.944553739250075 -3.1915903590305414 SSE 55.94427657539032 -3.191475554000832 2038.147707939148 2035.9330886602402
55.94427657539032 -3.191475554000832 SSW 55.94399941153056 -3.1915903590305414 2038.147707939148 2034.6830886602402
55.94399941153056 -3.1915903590305414 SSE 55.943722247670806 -3.191475554000832 2038.147707939148 2033.4330886602402
55.943722247670806 -3.191475554000832 SSW 55.94344508381105 -3.1915903590305414 2038.147707939148 2032.1830886602402
55.94344508381105 -3.1915903590305414 SW 55.94323295177669 -3.191802491064897 2038.147707939148 2030.9330886602402
55.94323295177669 -3.191802491064897 SE 55.94302081974234 -3.1915903590305414 2038.147707939148 2029.6830886602402
55.94302081974234 -3.1915903590305414 SE 55.94280868770798 -3.1913782269961857 2038.147707939148 2028.4330886602402
55.94280868770798 -3.1913782269961857 NW 55.94302081974234 -3.1915903590305414 2038.147707939148 2027.1830886602402
55.94302081974234 -3.1915903590305414 SE 55.94280868770798 -3.1913782269961857 2038.147707939148 2025.9330886602402
55.94280868770798 -3.1913782269961857 WNW 55.94292349273769 -3.191655390855939 2038.147707939148 2024.6830886602402
55.94292349273769 -3.191655390855939 S 55.94262349273769 -3.191655390855939 2038.147707939148 2023.4330886602402
55.94262349273769 -3.191655390855939 E 55.94262349273769 -3.191355390855939 2038.147707939148 2022.1830886602402
55.94262349273769 -3.191355390855939 ENE 55.9427382977674 -3.1910782269961855 2038.147707939148 2020.9330886602402
55.9427382977674 -3.1910782269961855 NNE 55.943015461627155 -3.190963421966476 2038.147707939148 2019.6830886602402
55.943015461627155 -3.190963421966476 N 55.94331546162716 -3.190963421966476 2038.147707939148 2018.4330886602402
55.94331546162716 -3.190963421966476 SSE 55.9430382977674 -3.1908486169367665 2038.147707939148 2017.1830886602402
55.9430382977674 -3.1908486169367665 NNE 55.94331546162716 -3.190733811907057 2038.147707939148 2015.9330886602402
55.94331546162716 -3.190733811907057 ENE 55.94343026665687 -3.1904566480473036 2038.147707939148 2014.6830886602402
55.94343026665687 -3.1904566480473036 W 55.94343026665687 -3.1907566480473037 2038.147707939148 2013.4330886602402
55.94343026665687 -3.1907566480473037 SW 55.94321813462251 -3.1909687800816595 2038.147707939148 2012.1830886602402
55.94321813462251 -3.1909687800816595 NE 55.94343026665687 -3.1907566480473037 2038.147707939148 2010.9330886602402
55.94343026665687 -3.1907566480473037 SSE 55.94315310279711 -3.1906418430175942 2038.147707939148 2009.6830886602402
55.94315310279711 -3.1906418430175942 S 55.94285310279711 -3.1906418430175942 2038.147707939148 2008.4330886602402
55.94285310279711 -3.1906418430175942 ESE 55.9427382977674 -3.190364679157841 2038.147707939148 2007.1830886602402
55.9427382977674 -3.190364679157841 ENE 55.94285310279711 -3.1900875152980874 2038.147707939148 2005.9330886602402
55.94285310279711 -3.1900875152980874 ESE 55.9427382977674 -3.189810351438334 2038.147707939148 2004.6830886602402
55.9427382977674 -3.189810351438334 WNW 55.94285310279711 -3.1900875152980874 2038.147707939148 2003.4330886602402
55.94285310279711 -3.1900875152980874 SW 55.94264097076275 -3.190299647332443 2038.147707939148 2002.1830886602402
55.94264097076275 -3.190299647332443 NW 55.94285310279711 -3.190511779366799 2038.147707939148 2000.9330886602402
55.94285310279711 -3.190511779366799 NW 55.943065234831465 -3.1907239114011547 2038.147707939148 1999.6830886602402
55.943065234831465 -3.1907239114011547 WNW 55.943180039861176 -3.191001075260908 2038.147707939148 1998.4330886602402
55.943180039861176 -3.191001075260908 W 55.943180039861176 -3.1913010752609083 2038.147707939148 1997.1830886602402
55.943180039861176 -3.1913010752609083 ENE 55.943294844890886 -3.191023911401155 2038.147707939148 1995.9330886602402
55.943294844890886 -3.191023911401155 E 55.943294844890886 -3.1907239114011547 2038.147707939148 1994.6830886602402
55.943294844890886 -3.1907239114011547 S 55.94299484489088 -3.1907239114011547 2038.147707939148 1993.4330886602402
55.94299484489088 -3.1907239114011547 SE 55.94278271285653 -3.190511779366799 2038.147707939148 1992.1830886602402
55.94278271285653 -3.190511779366799 NE 55.94299484489088 -3.190299647332443 2038.147707939148 1990.9330886602402
55.94299484489088 -3.190299647332443 WNW 55.94310964992059 -3.1905768111921966 2038.147707939148 1989.6830886602402
55.94310964992059 -3.1905768111921966 N 55.943409649920596 -3.1905768111921966 2038.147707939148 1988.4330886602402
55.943409649920596 -3.1905768111921966 SSW 55.94313248606084 -3.190691616221906 2038.147707939148 1987.1830886602402
55.94313248606084 -3.190691616221906 SSW 55.94285532220108 -3.1908064212516156 2038.147707939148 1985.9330886602402
55.94285532220108 -3.1908064212516156 NW 55.94306745423544 -3.1910185532859714 2038.147707939148 1984.6830886602402
55.94306745423544 -3.1910185532859714 W 55.94306745423544 -3.1913185532859716 2038.147707939148 1983.4330886602402
55.94306745423544 -3.1913185532859716 WSW 55.94295264920573 -3.191595717145725 2038.147707939148 1982.1830886602402
