55.944425 -3.188396 E 55.944425 -3.188096 0.0 248.75
55.944425 -3.188096 WNW 55.94453980502971 -3.1883731638597532 0.0 247.5
55.94453980502971 -3.1883731638597532 SE 55.94432767299536 -3.1881610318253975 0.0 246.25
55.94432767299536 -3.1881610318253975 NW 55.94453980502971 -3.1883731638597532 0.0 245.0
55.94453980502971 -3.1883731638597532 SSE 55.944262641169956 -3.1882583588300437 0.0 243.75
55.944262641169956 -3.1882583588300437 NNW 55.94453980502971 -3.1883731638597532 0.0 242.5
55.94453980502971 -3.1883731638597532 SSE 55.944262641169956 -3.1882583588300437 0.0 241.25
55.944262641169956 -3.1882583588300437 NNW 55.94453980502971 -3.1883731638597532 0.0 240.0
55.94453980502971 -3.1883731638597532 ESE 55.944425 -3.188096 0.0 238.75
55.944425 -3.188096 NW 55.94463713203436 -3.1883081320343556 0.0 237.5
55.94463713203436 -3.1883081320343556 E 55.94463713203436 -3.1880081320343554 0.0 236.25
55.94463713203436 -3.1880081320343554 W 55.94463713203436 -3.1883081320343556 0.0 235.0
55.94463713203436 -3.1883081320343556 ENE 55.94475193706407 -3.188030968174602 0.0 233.75
55.94475193706407 -3.188030968174602 WSW 55.94463713203436 -3.1883081320343556 0.0 232.5
55.94463713203436 -3.1883081320343556 E 55.94463713203436 -3.1880081320343554 0.0 231.25
55.94463713203436 -3.1880081320343554 W 55.94463713203436 -3.1883081320343556 0.0 230.0
55.94463713203436 -3.1883081320343556 NNW 55.944914295894115 -3.188422937064065 0.0 228.75
55.944914295894115 -3.188422937064065 S 55.94461429589411 -3.188422937064065 0.0 227.5
55.94461429589411 -3.188422937064065 NNW 55.94489145975387 -3.1885377420937746 0.0 226.25
55.94489145975387 -3.1885377420937746 SSE 55.94461429589411 -3.188422937064065 0.0 225.0
55.94461429589411 -3.188422937064065 SE 55.944402163859756 -3.1882108050297093 0.0 223.75
55.944402163859756 -3.1882108050297093 WNW 55.94451696888947 -3.1884879688894627 0.0 222.5
55.94451696888947 -3.1884879688894627 ESE 55.944402163859756 -3.1882108050297093 0.0 221.25
55.944402163859756 -3.1882108050297093 WNW 55.94451696888947 -3.1884879688894627 0.0 220.0
55.94451696888947 -3.1884879688894627 W 55.94451696888947 -3.188787968889463 0.0 218.75
55.94451696888947 -3.188787968889463 E 55.94451696888947 -3.1884879688894627 0.0 217.5
55.94451696888947 -3.1884879688894627 WSW 55.944402163859756 -3.188765132749216 0.0 216.25
55.944402163859756 -3.188765132749216 NE 55.94461429589411 -3.1885530007148604 0.0 215.0
55.94461429589411 -3.1885530007148604 W 55.94461429589411 -3.1888530007148606 0.0 213.75
55.94461429589411 -3.1888530007148606 E 55.94461429589411 -3.1885530007148604 0.0 212.5
55.94461429589411 -3.1885530007148604 WNW 55.94472910092382 -3.1888301645746138 0.0 211.25
55.94472910092382 -3.1888301645746138 E 55.94472910092382 -3.1885301645746136 0.0 210.0
55.94472910092382 -3.1885301645746136 W 55.94472910092382 -3.1888301645746138 0.0 208.75
55.94472910092382 -3.1888301645746138 ENE 55.94484390595353 -3.1885530007148604 0.0 207.5
55.94484390595353 -3.1885530007148604 W 55.94484390595353 -3.1888530007148606 0.0 206.25
55.94484390595353 -3.1888530007148606 E 55.94484390595353 -3.1885530007148604 0.0 205.0
55.94484390595353 -3.1885530007148604 W 55.94484390595353 -3.1888530007148606 0.0 203.75
55.94484390595353 -3.1888530007148606 ENE 55.944958710983244 -3.188575836855107 0.0 202.5
55.944958710983244 -3.188575836855107 WSW 55.94484390595353 -3.1888530007148606 0.0 201.25
55.94484390595353 -3.1888530007148606 W 55.94484390595353 -3.1891530007148607 0.0 200.0
55.94484390595353 -3.1891530007148607 E 55.94484390595353 -3.1888530007148606 0.0 198.75
55.94484390595353 -3.1888530007148606 ENE 55.944958710983244 -3.188575836855107 0.0 197.5
55.944958710983244 -3.188575836855107 WSW 55.94484390595353 -3.1888530007148606 0.0 196.25
55.94484390595353 -3.1888530007148606 W 55.94484390595353 -3.1891530007148607 0.0 195.0
55.94484390595353 -3.1891530007148607 E 55.94484390595353 -3.1888530007148606 0.0 193.75
55.94484390595353 -3.1888530007148606 W 55.94484390595353 -3.1891530007148607 0.0 192.5
55.94484390595353 -3.1891530007148607 E 55.94484390595353 -3.1888530007148606 0.0 191.25
55.94484390595353 -3.1888530007148606 W 55.94484390595353 -3.1891530007148607 0.0 190.0
55.94484390595353 -3.1891530007148607 ENE 55.944958710983244 -3.1888758368551073 0.0 188.75
55.944958710983244 -3.1888758368551073 E 55.944958710983244 -3.188575836855107 0.0 187.5
55.944958710983244 -3.188575836855107 W 55.944958710983244 -3.1888758368551073 0.0 186.25
55.944958710983244 -3.1888758368551073 N 55.945258710983246 -3.1888758368551073 0.0 185.0
55.945258710983246 -3.1888758368551073 S 55.944958710983244 -3.1888758368551073 0.0 183.75
55.944958710983244 -3.1888758368551073 NNE 55.945235874843 -3.188761031825398 0.0 182.5
55.945235874843 -3.188761031825398 S 55.944935874843 -3.188761031825398 80.49755096435547 223.57470321655273
55.944935874843 -3.188761031825398 N 55.945235874843 -3.188761031825398 80.49755096435547 222.32470321655273
55.945235874843 -3.188761031825398 NE 55.945448006877356 -3.188548899791042 80.49755096435547 221.07470321655273
55.945448006877356 -3.188548899791042 SW 55.945235874843 -3.188761031825398 80.49755096435547 219.82470321655273
55.945235874843 -3.188761031825398 ENE 55.94535067987271 -3.1884838679656444 80.49755096435547 218.57470321655273
55.94535067987271 -3.1884838679656444 WSW 55.945235874843 -3.188761031825398 80.49755096435547 217.32470321655273
55.945235874843 -3.188761031825398 ESE 55.94512106981329 -3.1884838679656444 80.49755096435547 216.07470321655273
55.94512106981329 -3.1884838679656444 NW 55.945333201847646 -3.188696 80.49755096435547 214.82470321655273
55.945333201847646 -3.188696 SE 55.94512106981329 -3.1884838679656444 80.49755096435547 213.57470321655273
55.94512106981329 -3.1884838679656444 N 55.94542106981329 -3.1884838679656444 80.49755096435547 212.32470321655273
55.94542106981329 -3.1884838679656444 ESE 55.94530626478358 -3.188206704105891 80.49755096435547 211.07470321655273
55.94530626478358 -3.188206704105891 WNW 55.94542106981329 -3.1884838679656444 80.49755096435547 209.82470321655273
55.94542106981329 -3.1884838679656444 ESE 55.94530626478358 -3.188206704105891 80.49755096435547 208.57470321655273
55.94530626478358 -3.188206704105891 WNW 55.94542106981329 -3.1884838679656444 80.49755096435547 207.32470321655273
55.94542106981329 -3.1884838679656444 ENE 55.945535874843 -3.188206704105891 80.49755096435547 206.07470321655273
55.945535874843 -3.188206704105891 WSW 55.94542106981329 -3.1884838679656444 80.49755096435547 204.82470321655273
55.94542106981329 -3.1884838679656444 ENE 55.945535874843 -3.188206704105891 80.49755096435547 203.57470321655273
55.945535874843 -3.188206704105891 W 55.945535874843 -3.188506704105891 80.49755096435547 202.32470321655273
55.945535874843 -3.188506704105891 E 55.945535874843 -3.188206704105891 80.49755096435547 201.07470321655273
55.945535874843 -3.188206704105891 WSW 55.94542106981329 -3.1884838679656444 80.49755096435547 199.82470321655273
55.94542106981329 -3.1884838679656444 ENE 55.945535874843 -3.188206704105891 80.49755096435547 198.57470321655273
55.945535874843 -3.188206704105891 WSW 55.94542106981329 -3.1884838679656444 80.49755096435547 197.32470321655273
55.94542106981329 -3.1884838679656444 ENE 55.945535874843 -3.188206704105891 80.49755096435547 196.07470321655273
55.945535874843 -3.188206704105891 NNE 55.94581303870276 -3.1880918990761815 80.49755096435547 194.82470321655273
55.94581303870276 -3.1880918990761815 S 55.94551303870276 -3.1880918990761815 80.49755096435547 193.57470321655273
55.94551303870276 -3.1880918990761815 NNE 55.94579020256251 -3.187977094046472 80.49755096435547 192.32470321655273
55.94579020256251 -3.187977094046472 SSW 55.94551303870276 -3.1880918990761815 80.49755096435547 191.07470321655273
55.94551303870276 -3.1880918990761815 WSW 55.945398233673046 -3.188369062935935 80.49755096435547 189.82470321655273
55.945398233673046 -3.188369062935935 ENE 55.94551303870276 -3.1880918990761815 80.49755096435547 188.57470321655273
55.94551303870276 -3.1880918990761815 NE 55.94572517073711 -3.1878797670418257 80.49755096435547 187.32470321655273
55.94572517073711 -3.1878797670418257 SW 55.94551303870276 -3.1880918990761815 80.49755096435547 186.07470321655273
55.94551303870276 -3.1880918990761815 ESE 55.945398233673046 -3.187814735216428 80.49755096435547 184.82470321655273
55.945398233673046 -3.187814735216428 WNW 55.94551303870276 -3.1880918990761815 80.49755096435547 183.57470321655273
55.94551303870276 -3.1880918990761815 ENE 55.94562784373247 -3.187814735216428 80.49755096435547 182.32470321655273
55.94562784373247 -3.187814735216428 WSW 55.94551303870276 -3.1880918990761815 80.49755096435547 181.07470321655273
55.94551303870276 -3.1880918990761815 ENE 55.94562784373247 -3.187814735216428 80.49755096435547 179.82470321655273
55.94562784373247 -3.187814735216428 W 55.94562784373247 -3.1881147352164283 80.49755096435547 178.57470321655273
55.94562784373247 -3.1881147352164283 E 55.94562784373247 -3.187814735216428 80.49755096435547 177.32470321655273
55.94562784373247 -3.187814735216428 WNW 55.94574264876218 -3.1880918990761815 80.49755096435547 176.07470321655273
55.94574264876218 -3.1880918990761815 NNW 55.946019812621934 -3.188206704105891 80.49755096435547 174.82470321655273
55.946019812621934 -3.188206704105891 SSE 55.94574264876218 -3.1880918990761815 80.49755096435547 173.57470321655273
55.94574264876218 -3.1880918990761815 ESE 55.94562784373247 -3.187814735216428 80.49755096435547 172.32470321655273
55.94562784373247 -3.187814735216428 WNW 55.94574264876218 -3.1880918990761815 80.49755096435547 171.07470321655273
55.94574264876218 -3.1880918990761815 ENE 55.94585745379189 -3.187814735216428 80.49755096435547 169.82470321655273
55.94585745379189 -3.187814735216428 WSW 55.94574264876218 -3.1880918990761815 80.49755096435547 168.57470321655273
55.94574264876218 -3.1880918990761815 NE 55.945954780796534 -3.1878797670418257 80.49755096435547 167.32470321655273
55.945954780796534 -3.1878797670418257 WSW 55.94583997576682 -3.188156930901579 80.49755096435547 166.07470321655273
55.94583997576682 -3.188156930901579 ESE 55.94572517073711 -3.1878797670418257 80.49755096435547 164.82470321655273
55.94572517073711 -3.1878797670418257 WNW 55.94583997576682 -3.188156930901579 80.49755096435547 163.57470321655273
55.94583997576682 -3.188156930901579 NNW 55.94611713962658 -3.1882717359312887 80.49755096435547 162.32470321655273
55.94611713962658 -3.1882717359312887 SSE 55.94583997576682 -3.188156930901579 80.49755096435547 161.07470321655273
55.94583997576682 -3.188156930901579 SE 55.94562784373247 -3.1879447988672234 80.49755096435547 159.82470321655273
55.94562784373247 -3.1879447988672234 NW 55.94583997576682 -3.188156930901579 80.49755096435547 158.57470321655273
55.94583997576682 -3.188156930901579 S 55.94553997576682 -3.188156930901579 80.49755096435547 157.32470321655273
55.94553997576682 -3.188156930901579 NNW 55.94581713962658 -3.1882717359312887 80.49755096435547 156.07470321655273
55.94581713962658 -3.1882717359312887 S 55.945517139626574 -3.1882717359312887 80.49755096435547 154.82470321655273
55.945517139626574 -3.1882717359312887 NNW 55.94579430348633 -3.188386540960998 80.49755096435547 153.57470321655273
55.94579430348633 -3.188386540960998 SE 55.945582171451974 -3.1881744089266424 80.49755096435547 152.32470321655273
55.945582171451974 -3.1881744089266424 NW 55.94579430348633 -3.188386540960998 80.49755096435547 151.07470321655273
55.94579430348633 -3.188386540960998 SW 55.945582171451974 -3.188598672995354 80.49755096435547 149.82470321655273
55.945582171451974 -3.188598672995354 NE 55.94579430348633 -3.188386540960998 80.49755096435547 148.57470321655273
55.94579430348633 -3.188386540960998 SSW 55.945517139626574 -3.1885013459907077 80.49755096435547 147.32470321655273
55.945517139626574 -3.1885013459907077 NNE 55.94579430348633 -3.188386540960998 80.49755096435547 146.07470321655273
55.94579430348633 -3.188386540960998 SSW 55.945517139626574 -3.1885013459907077 80.49755096435547 144.82470321655273
55.945517139626574 -3.1885013459907077 NNE 55.94579430348633 -3.188386540960998 80.49755096435547 143.57470321655273
55.94579430348633 -3.188386540960998 SSW 55.945517139626574 -3.1885013459907077 80.49755096435547 142.32470321655273
55.945517139626574 -3.1885013459907077 NNE 55.94579430348633 -3.188386540960998 80.49755096435547 141.07470321655273
55.94579430348633 -3.188386540960998 S 55.94549430348633 -3.188386540960998 80.49755096435547 139.82470321655273
55.94549430348633 -3.188386540960998 NE 55.945706435520684 -3.1881744089266424 80.49755096435547 138.57470321655273
55.945706435520684 -3.1881744089266424 WSW 55.94559163049097 -3.188451572786396 80.49755096435547 137.32470321655273
55.94559163049097 -3.188451572786396 E 55.94559163049097 -3.1881515727863956 80.49755096435547 136.07470321655273
55.94559163049097 -3.1881515727863956 W 55.94559163049097 -3.188451572786396 80.49755096435547 134.82470321655273
55.94559163049097 -3.188451572786396 NNW 55.94586879435073 -3.1885663778161053 80.49755096435547 133.57470321655273
55.94586879435073 -3.1885663778161053 SSE 55.94559163049097 -3.188451572786396 80.49755096435547 132.32470321655273
55.94559163049097 -3.188451572786396 NW 55.94580376252533 -3.1886637048207516 80.49755096435547 131.07470321655273
55.94580376252533 -3.1886637048207516 SE 55.94559163049097 -3.188451572786396 80.49755096435547 129.82470321655273
55.94559163049097 -3.188451572786396 W 55.94559163049097 -3.188751572786396 80.49755096435547 128.57470321655273
55.94559163049097 -3.188751572786396 ENE 55.945706435520684 -3.1884744089266426 80.49755096435547 127.32470321655273
55.945706435520684 -3.1884744089266426 WSW 55.94559163049097 -3.188751572786396 80.49755096435547 126.07470321655273
55.94559163049097 -3.188751572786396 NNE 55.94586879435073 -3.1886367677566865 80.49755096435547 124.82470321655273
55.94586879435073 -3.1886367677566865 SSW 55.94559163049097 -3.188751572786396 80.49755096435547 123.57470321655273
55.94559163049097 -3.188751572786396 NNE 55.94586879435073 -3.1886367677566865 80.49755096435547 122.32470321655273
55.94586879435073 -3.1886367677566865 SSW 55.94559163049097 -3.188751572786396 80.49755096435547 121.07470321655273
55.94559163049097 -3.188751572786396 N 55.945891630490976 -3.188751572786396 80.49755096435547 119.82470321655273
55.945891630490976 -3.188751572786396 S 55.94559163049097 -3.188751572786396 80.49755096435547 118.57470321655273
55.94559163049097 -3.188751572786396 N 55.945891630490976 -3.188751572786396 80.49755096435547 117.32470321655273
55.945891630490976 -3.188751572786396 SE 55.94567949845662 -3.18853944075204 80.49755096435547 116.07470321655273
55.94567949845662 -3.18853944075204 NW 55.945891630490976 -3.188751572786396 80.49755096435547 114.82470321655273
55.945891630490976 -3.188751572786396 WSW 55.945776825461266 -3.1890287366461494 80.49755096435547 113.57470321655273
55.945776825461266 -3.1890287366461494 ENE 55.945891630490976 -3.188751572786396 80.49755096435547 112.32470321655273
55.945891630490976 -3.188751572786396 ENE 55.94600643552069 -3.1884744089266426 80.49755096435547 111.07470321655273
55.94600643552069 -3.1884744089266426 WSW 55.945891630490976 -3.188751572786396 80.49755096435547 109.82470321655273
55.945891630490976 -3.188751572786396 E 55.945891630490976 -3.188451572786396 80.49755096435547 108.57470321655273
55.945891630490976 -3.188451572786396 W 55.945891630490976 -3.188751572786396 80.49755096435547 107.32470321655273
55.945891630490976 -3.188751572786396 ESE 55.945776825461266 -3.1884744089266426 80.49755096435547 106.07470321655273
55.945776825461266 -3.1884744089266426 SW 55.94556469342691 -3.1886865409609984 80.49755096435547 104.82470321655273
55.94556469342691 -3.1886865409609984 NE 55.945776825461266 -3.1884744089266426 80.49755096435547 103.57470321655273
55.945776825461266 -3.1884744089266426 NE 55.94598895749562 -3.188262276892287 80.49755096435547 102.32470321655273
55.94598895749562 -3.188262276892287 SW 55.945776825461266 -3.1884744089266426 80.49755096435547 101.07470321655273
55.945776825461266 -3.1884744089266426 NNW 55.94605398932102 -3.188589213956352 80.49755096435547 99.82470321655273
55.94605398932102 -3.188589213956352 SE 55.945841857286666 -3.1883770819219963 80.49755096435547 98.57470321655273
55.945841857286666 -3.1883770819219963 NNE 55.94611902114642 -3.188262276892287 80.49755096435547 97.32470321655273
55.94611902114642 -3.188262276892287 SW 55.94590688911207 -3.1884744089266426 80.49755096435547 96.07470321655273
55.94590688911207 -3.1884744089266426 N 55.94620688911207 -3.1884744089266426 80.49755096435547 94.82470321655273
55.94620688911207 -3.1884744089266426 S 55.94590688911207 -3.1884744089266426 80.49755096435547 93.57470321655273
55.94590688911207 -3.1884744089266426 NE 55.94611902114642 -3.188262276892287 80.49755096435547 92.32470321655273
55.94611902114642 -3.188262276892287 WSW 55.94600421611671 -3.18853944075204 80.49755096435547 91.07470321655273
55.94600421611671 -3.18853944075204 ENE 55.94611902114642 -3.188262276892287 80.49755096435547 89.82470321655273
55.94611902114642 -3.188262276892287 WSW 55.94600421611671 -3.18853944075204 80.49755096435547 88.57470321655273
55.94600421611671 -3.18853944075204 ENE 55.94611902114642 -3.188262276892287 80.49755096435547 87.32470321655273
55.94611902114642 -3.188262276892287 W 55.94611902114642 -3.188562276892287 80.49755096435547 86.07470321655273
55.94611902114642 -3.188562276892287 E 55.94611902114642 -3.188262276892287 80.49755096435547 84.82470321655273
55.94611902114642 -3.188262276892287 ESE 55.94600421611671 -3.1879851130325334 80.49755096435547 83.57470321655273
55.94600421611671 -3.1879851130325334 NW 55.94621634815107 -3.188197245066889 80.49755096435547 82.32470321655273
55.94621634815107 -3.188197245066889 SE 55.94600421611671 -3.1879851130325334 80.49755096435547 81.07470321655273
55.94600421611671 -3.1879851130325334 NW 55.94621634815107 -3.188197245066889 80.49755096435547 79.82470321655273
55.94621634815107 -3.188197245066889 S 55.945916348151066 -3.188197245066889 80.49755096435547 78.57470321655273
55.945916348151066 -3.188197245066889 N 55.94621634815107 -3.188197245066889 80.49755096435547 77.32470321655273
55.94621634815107 -3.188197245066889 S 55.945916348151066 -3.188197245066889 80.49755096435547 76.07470321655273
55.945916348151066 -3.188197245066889 NNE 55.94619351201082 -3.1880824400371797 80.49755096435547 74.82470321655273
55.94619351201082 -3.1880824400371797 SSW 55.945916348151066 -3.188197245066889 80.49755096435547 73.57470321655273
55.945916348151066 -3.188197245066889 NE 55.94612848018542 -3.1879851130325334 80.49755096435547 72.32470321655273
55.94612848018542 -3.1879851130325334 SW 55.945916348151066 -3.188197245066889 80.49755096435547 71.07470321655273
55.945916348151066 -3.188197245066889 NNW 55.94619351201082 -3.1883120500965987 80.49755096435547 69.82470321655273
55.94619351201082 -3.1883120500965987 SSE 55.945916348151066 -3.188197245066889 80.49755096435547 68.57470321655273
55.945916348151066 -3.188197245066889 W 55.945916348151066 -3.1884972450668894 80.49755096435547 67.32470321655273
55.945916348151066 -3.1884972450668894 E 55.945916348151066 -3.188197245066889 80.49755096435547 66.07470321655273
55.945916348151066 -3.188197245066889 NW 55.94612848018542 -3.188409377101245 80.49755096435547 64.82470321655273
55.94612848018542 -3.188409377101245 SSE 55.945851316325665 -3.1882945720715354 80.49755096435547 63.574703216552734
55.945851316325665 -3.1882945720715354 W 55.945851316325665 -3.1885945720715356 80.49755096435547 62.324703216552734
55.945851316325665 -3.1885945720715356 E 55.945851316325665 -3.1882945720715354 80.49755096435547 61.074703216552734
55.945851316325665 -3.1882945720715354 SW 55.94563918429131 -3.188506704105891 80.49755096435547 59.824703216552734
55.94563918429131 -3.188506704105891 NE 55.945851316325665 -3.1882945720715354 80.49755096435547 58.574703216552734
55.945851316325665 -3.1882945720715354 SW 55.94563918429131 -3.188506704105891 80.49755096435547 57.324703216552734
55.94563918429131 -3.188506704105891 SSE 55.94536202043155 -3.1883918990761817 80.49755096435547 56.074703216552734
55.94536202043155 -3.1883918990761817 NNW 55.94563918429131 -3.188506704105891 80.49755096435547 54.824703216552734
55.94563918429131 -3.188506704105891 SW 55.94542705225695 -3.188718836140247 80.49755096435547 53.574703216552734
55.94542705225695 -3.188718836140247 NE 55.94563918429131 -3.188506704105891 80.49755096435547 52.324703216552734
55.94563918429131 -3.188506704105891 SW 55.94542705225695 -3.188718836140247 80.49755096435547 51.074703216552734
55.94542705225695 -3.188718836140247 NE 55.94563918429131 -3.188506704105891 80.49755096435547 49.824703216552734
55.94563918429131 -3.188506704105891 SW 55.94542705225695 -3.188718836140247 80.49755096435547 48.574703216552734
55.94542705225695 -3.188718836140247 NW 55.94563918429131 -3.1889309681746028 80.49755096435547 47.324703216552734
55.94563918429131 -3.1889309681746028 SE 55.94542705225695 -3.188718836140247 80.49755096435547 46.074703216552734
55.94542705225695 -3.188718836140247 WNW 55.94554185728666 -3.1889960000000004 80.49755096435547 44.824703216552734
55.94554185728666 -3.1889960000000004 SE 55.94532972525231 -3.1887838679656446 80.49755096435547 43.574703216552734
55.94532972525231 -3.1887838679656446 NW 55.94554185728666 -3.1889960000000004 80.49755096435547 42.324703216552734
55.94554185728666 -3.1889960000000004 ESE 55.94542705225695 -3.188718836140247 80.49755096435547 41.074703216552734
55.94542705225695 -3.188718836140247 NW 55.94563918429131 -3.1889309681746028 80.49755096435547 39.824703216552734
55.94563918429131 -3.1889309681746028 SE 55.94542705225695 -3.188718836140247 80.49755096435547 38.574703216552734
55.94542705225695 -3.188718836140247 NW 55.94563918429131 -3.1889309681746028 80.49755096435547 37.324703216552734
55.94563918429131 -3.1889309681746028 NE 55.945851316325665 -3.188718836140247 80.49755096435547 36.074703216552734
55.945851316325665 -3.188718836140247 SW 55.94563918429131 -3.1889309681746028 80.49755096435547 34.824703216552734
55.94563918429131 -3.1889309681746028 NE 55.945851316325665 -3.188718836140247 80.49755096435547 33.574703216552734
55.945851316325665 -3.188718836140247 SSW 55.94557415246591 -3.1888336411699565 80.49755096435547 32.324703216552734
55.94557415246591 -3.1888336411699565 NE 55.945786284500265 -3.1886215091356007 80.49755096435547 31.074703216552734
55.945786284500265 -3.1886215091356007 SW 55.94557415246591 -3.1888336411699565 80.49755096435547 29.824703216552734
55.94557415246591 -3.1888336411699565 SE 55.94536202043155 -3.1886215091356007 80.49755096435547 28.574703216552734
55.94536202043155 -3.1886215091356007 WSW 55.94524721540184 -3.188898672995354 80.49755096435547 27.324703216552734
55.94524721540184 -3.188898672995354 NE 55.9454593474362 -3.1886865409609984 80.49755096435547 26.074703216552734
55.9454593474362 -3.1886865409609984 SW 55.94524721540184 -3.188898672995354 80.49755096435547 24.824703216552734
55.94524721540184 -3.188898672995354 E 55.94524721540184 -3.188598672995354 80.49755096435547 23.574703216552734
55.94524721540184 -3.188598672995354 W 55.94524721540184 -3.188898672995354 80.49755096435547 22.324703216552734
55.94524721540184 -3.188898672995354 SE 55.945035083367486 -3.1886865409609984 80.49755096435547 21.074703216552734
55.945035083367486 -3.1886865409609984 NW 55.94524721540184 -3.188898672995354 80.49755096435547 19.824703216552734
55.94524721540184 -3.188898672995354 W 55.94524721540184 -3.1891986729953543 80.49755096435547 18.574703216552734
55.94524721540184 -3.1891986729953543 E 55.94524721540184 -3.188898672995354 80.49755096435547 17.324703216552734
55.94524721540184 -3.188898672995354 WNW 55.94536202043155 -3.1891758368551075 80.49755096435547 16.074703216552734
55.94536202043155 -3.1891758368551075 ESE 55.94524721540184 -3.188898672995354 80.49755096435547 14.824703216552734
55.94524721540184 -3.188898672995354 W 55.94524721540184 -3.1891986729953543 80.49755096435547 13.574703216552734
55.94524721540184 -3.1891986729953543 E 55.94524721540184 -3.188898672995354 80.49755096435547 12.324703216552734
55.94524721540184 -3.188898672995354 W 55.94524721540184 -3.1891986729953543 80.49755096435547 11.074703216552734
55.94524721540184 -3.1891986729953543 SSE 55.944970051542086 -3.189083867965645 128.93494415283203 109.72024154663086
55.944970051542086 -3.189083867965645 NNW 55.94524721540184 -3.1891986729953543 128.93494415283203 108.47024154663086
55.94524721540184 -3.1891986729953543 SSE 55.944970051542086 -3.189083867965645 128.93494415283203 107.22024154663086
55.944970051542086 -3.189083867965645 NNW 55.94524721540184 -3.1891986729953543 128.93494415283203 105.97024154663086
55.94524721540184 -3.1891986729953543 SSW 55.944970051542086 -3.189313478025064 128.93494415283203 104.72024154663086
55.944970051542086 -3.189313478025064 NNE 55.94524721540184 -3.1891986729953543 128.93494415283203 103.47024154663086
55.94524721540184 -3.1891986729953543 SSW 55.944970051542086 -3.189313478025064 128.93494415283203 102.22024154663086
55.944970051542086 -3.189313478025064 W 55.944970051542086 -3.189613478025064 128.93494415283203 100.97024154663086
55.944970051542086 -3.189613478025064 E 55.944970051542086 -3.189313478025064 128.93494415283203 99.72024154663086
55.944970051542086 -3.189313478025064 SW 55.94475791950773 -3.1895256100594196 129.08605614304543 166.64149856567383
55.94475791950773 -3.1895256100594196 NE 55.944970051542086 -3.189313478025064 129.08605614304543 165.39149856567383
55.944970051542086 -3.189313478025064 SW 55.94475791950773 -3.1895256100594196 129.08605614304543 164.14149856567383
55.94475791950773 -3.1895256100594196 NNE 55.945035083367486 -3.18941080502971 129.08605614304543 162.89149856567383
55.945035083367486 -3.18941080502971 SSW 55.94475791950773 -3.1895256100594196 129.08605614304543 161.64149856567383
55.94475791950773 -3.1895256100594196 NNE 55.945035083367486 -3.18941080502971 129.08605614304543 160.39149856567383
55.945035083367486 -3.18941080502971 SSW 55.94475791950773 -3.1895256100594196 129.08605614304543 159.14149856567383
55.94475791950773 -3.1895256100594196 NNE 55.945035083367486 -3.18941080502971 129.08605614304543 157.89149856567383
55.945035083367486 -3.18941080502971 WSW 55.944920278337776 -3.1896879688894635 129.08605614304543 156.64149856567383
55.944920278337776 -3.1896879688894635 ENE 55.945035083367486 -3.18941080502971 129.08605614304543 155.39149856567383
55.945035083367486 -3.18941080502971 SSW 55.94475791950773 -3.1895256100594196 129.08605614304543 154.14149856567383
55.94475791950773 -3.1895256100594196 N 55.94505791950773 -3.1895256100594196 129.08605614304543 152.89149856567383
55.94505791950773 -3.1895256100594196 WNW 55.94517272453744 -3.189802773919173 129.08605614304543 151.64149856567383
55.94517272453744 -3.189802773919173 ESE 55.94505791950773 -3.1895256100594196 129.08605614304543 150.39149856567383
55.94505791950773 -3.1895256100594196 ENE 55.94517272453744 -3.189248446199666 129.08605614304543 149.14149856567383
55.94517272453744 -3.189248446199666 WSW 55.94505791950773 -3.1895256100594196 129.08605614304543 147.89149856567383
