55.944425 -3.188396 NNE 55.94470216385976 -3.1882811949702905 0.0 248.75
55.94470216385976 -3.1882811949702905 S 55.944402163859756 -3.1882811949702905 0.0 247.5
55.944402163859756 -3.1882811949702905 WSW 55.944287358830046 -3.188558358830044 0.0 246.25
55.944287358830046 -3.188558358830044 ENE 55.944402163859756 -3.1882811949702905 0.0 245.0
55.944402163859756 -3.1882811949702905 SW 55.9441900318254 -3.1884933270046463 0.0 243.75
55.9441900318254 -3.1884933270046463 ENE 55.94430483685511 -3.188216163144893 0.0 242.5
55.94430483685511 -3.188216163144893 WSW 55.9441900318254 -3.1884933270046463 0.0 241.25
55.9441900318254 -3.1884933270046463 SSE 55.94391286796564 -3.1883785219749368 0.0 240.0
55.94391286796564 -3.1883785219749368 NNW 55.9441900318254 -3.1884933270046463 0.0 238.75
55.9441900318254 -3.1884933270046463 NE 55.944402163859756 -3.1882811949702905 0.0 237.5
55.944402163859756 -3.1882811949702905 SW 55.9441900318254 -3.1884933270046463 0.0 236.25
55.9441900318254 -3.1884933270046463 SE 55.943977899791044 -3.1882811949702905 0.0 235.0
55.943977899791044 -3.1882811949702905 NW 55.9441900318254 -3.1884933270046463 0.0 233.75
55.9441900318254 -3.1884933270046463 SSE 55.94391286796564 -3.1883785219749368 0.0 232.5
55.94391286796564 -3.1883785219749368 NNW 55.9441900318254 -3.1884933270046463 0.0 231.25
55.9441900318254 -3.1884933270046463 SSE 55.94391286796564 -3.1883785219749368 0.0 230.0
55.94391286796564 -3.1883785219749368 NNW 55.9441900318254 -3.1884933270046463 0.0 228.75
55.9441900318254 -3.1884933270046463 S 55.9438900318254 -3.1884933270046463 0.0 227.5
55.9438900318254 -3.1884933270046463 N 55.9441900318254 -3.1884933270046463 0.0 226.25
55.9441900318254 -3.1884933270046463 S 55.9438900318254 -3.1884933270046463 0.0 225.0
55.9438900318254 -3.1884933270046463 NNW 55.944167195685154 -3.188608132034356 0.0 223.75
55.944167195685154 -3.188608132034356 SSE 55.9438900318254 -3.1884933270046463 0.0 222.5
55.9438900318254 -3.1884933270046463 NE 55.94410216385975 -3.1882811949702905 0.0 221.25
55.94410216385975 -3.1882811949702905 SW 55.9438900318254 -3.1884933270046463 0.0 220.0
55.9438900318254 -3.1884933270046463 E 55.9438900318254 -3.188193327004646 0.0 218.75
55.9438900318254 -3.188193327004646 W 55.9438900318254 -3.1884933270046463 0.0 217.5
55.9438900318254 -3.1884933270046463 E 55.9438900318254 -3.188193327004646 0.0 216.25
55.9438900318254 -3.188193327004646 W 55.9438900318254 -3.1884933270046463 0.0 215.0
55.9438900318254 -3.1884933270046463 E 55.9438900318254 -3.188193327004646 0.0 213.75
55.9438900318254 -3.188193327004646 WSW 55.94377522679569 -3.1884704908643995 0.0 212.5
55.94377522679569 -3.1884704908643995 ENE 55.9438900318254 -3.188193327004646 0.0 211.25
55.9438900318254 -3.188193327004646 E 55.9438900318254 -3.187893327004646 0.0 210.0
55.9438900318254 -3.187893327004646 W 55.9438900318254 -3.188193327004646 0.0 208.75
55.9438900318254 -3.188193327004646 SSW 55.94361286796564 -3.1883081320343556 0.0 207.5
55.94361286796564 -3.1883081320343556 NNE 55.9438900318254 -3.188193327004646 0.0 206.25
55.9438900318254 -3.188193327004646 SSW 55.94361286796564 -3.1883081320343556 0.0 205.0
55.94361286796564 -3.1883081320343556 NE 55.943825 -3.188096 0.0 203.75
55.943825 -3.188096 SW 55.94361286796564 -3.1883081320343556 0.0 202.5
55.94361286796564 -3.1883081320343556 NE 55.943825 -3.188096 0.0 201.25
55.943825 -3.188096 SW 55.94361286796564 -3.1883081320343556 0.0 200.0
55.94361286796564 -3.1883081320343556 ENE 55.94372767299535 -3.188030968174602 0.0 198.75
55.94372767299535 -3.188030968174602 WSW 55.94361286796564 -3.1883081320343556 0.0 197.5
55.94361286796564 -3.1883081320343556 E 55.94361286796564 -3.1880081320343554 0.0 196.25
55.94361286796564 -3.1880081320343554 W 55.94361286796564 -3.1883081320343556 0.0 195.0
55.94361286796564 -3.1883081320343556 E 55.94361286796564 -3.1880081320343554 0.0 193.75
55.94361286796564 -3.1880081320343554 NW 55.943825 -3.188220264068711 0.0 192.5
55.943825 -3.188220264068711 SE 55.94361286796564 -3.1880081320343554 0.0 191.25
55.94361286796564 -3.1880081320343554 S 55.94331286796564 -3.1880081320343554 0.0 190.0
55.94331286796564 -3.1880081320343554 N 55.94361286796564 -3.1880081320343554 0.0 188.75
55.94361286796564 -3.1880081320343554 NE 55.943825 -3.1877959999999996 0.0 187.5
55.943825 -3.1877959999999996 SW 55.94361286796564 -3.1880081320343554 0.0 186.25
55.94361286796564 -3.1880081320343554 NNE 55.9438900318254 -3.187893327004646 0.0 185.0
55.9438900318254 -3.187893327004646 SW 55.94367789979104 -3.1881054590390017 0.0 183.75
55.94367789979104 -3.1881054590390017 NNE 55.9439550636508 -3.187990654009292 0.0 182.5
55.9439550636508 -3.187990654009292 SW 55.94374293161644 -3.188202786043648 0.0 181.25
55.94374293161644 -3.188202786043648 NE 55.9439550636508 -3.187990654009292 0.0 180.0
55.9439550636508 -3.187990654009292 WSW 55.94384025862109 -3.1882678178690456 0.0 178.75
55.94384025862109 -3.1882678178690456 ENE 55.9439550636508 -3.187990654009292 0.0 177.5
55.9439550636508 -3.187990654009292 W 55.9439550636508 -3.1882906540092923 0.0 176.25
55.9439550636508 -3.1882906540092923 E 55.9439550636508 -3.187990654009292 0.0 175.0
55.9439550636508 -3.187990654009292 WSW 55.94384025862109 -3.1882678178690456 0.0 173.75
55.94384025862109 -3.1882678178690456 NE 55.94405239065544 -3.18805568583469 0.0 172.5
55.94405239065544 -3.18805568583469 WSW 55.94393758562573 -3.188332849694443 0.0 171.25
55.94393758562573 -3.188332849694443 ENE 55.94405239065544 -3.18805568583469 0.0 170.0
55.94405239065544 -3.18805568583469 WSW 55.94393758562573 -3.188332849694443 0.0 168.75
55.94393758562573 -3.188332849694443 NE 55.94414971766009 -3.1881207176600874 0.0 167.5
55.94414971766009 -3.1881207176600874 WSW 55.94403491263038 -3.188397881519841 0.0 166.25
55.94403491263038 -3.188397881519841 ENE 55.94414971766009 -3.1881207176600874 0.0 165.0
55.94414971766009 -3.1881207176600874 N 55.94444971766009 -3.1881207176600874 0.0 163.75
55.94444971766009 -3.1881207176600874 S 55.94414971766009 -3.1881207176600874 0.0 162.5
55.94414971766009 -3.1881207176600874 NNW 55.944426881519846 -3.188235522689797 0.0 161.25
55.944426881519846 -3.188235522689797 SSE 55.94414971766009 -3.1881207176600874 0.0 160.0
55.94414971766009 -3.1881207176600874 NW 55.944361849694445 -3.188332849694443 0.0 158.75
55.944361849694445 -3.188332849694443 SE 55.94414971766009 -3.1881207176600874 0.0 157.5
55.94414971766009 -3.1881207176600874 NW 55.944361849694445 -3.188332849694443 0.0 156.25
55.944361849694445 -3.188332849694443 ESE 55.944247044664735 -3.18805568583469 0.0 155.0
55.944247044664735 -3.18805568583469 WNW 55.944361849694445 -3.188332849694443 0.0 153.75
55.944361849694445 -3.188332849694443 ESE 55.944247044664735 -3.18805568583469 0.0 152.5
55.944247044664735 -3.18805568583469 WNW 55.944361849694445 -3.188332849694443 0.0 151.25
55.944361849694445 -3.188332849694443 SE 55.94414971766009 -3.1881207176600874 0.0 150.0
55.94414971766009 -3.1881207176600874 NW 55.944361849694445 -3.188332849694443 0.0 148.75
55.944361849694445 -3.188332849694443 SW 55.94414971766009 -3.188544981728799 0.0 147.5
55.94414971766009 -3.188544981728799 NE 55.944361849694445 -3.188332849694443 0.0 146.25
55.944361849694445 -3.188332849694443 NW 55.9445739817288 -3.188544981728799 0.0 145.0
55.9445739817288 -3.188544981728799 SE 55.944361849694445 -3.188332849694443 0.0 143.75
55.944361849694445 -3.188332849694443 ENE 55.944476654724156 -3.18805568583469 0.0 142.5
55.944476654724156 -3.18805568583469 WSW 55.944361849694445 -3.188332849694443 0.0 141.25
55.944361849694445 -3.188332849694443 ENE 55.944476654724156 -3.18805568583469 0.0 140.0
55.944476654724156 -3.18805568583469 WSW 55.944361849694445 -3.188332849694443 0.0 138.75
55.944361849694445 -3.188332849694443 ENE 55.944476654724156 -3.18805568583469 0.0 137.5
55.944476654724156 -3.18805568583469 WNW 55.944591459753866 -3.188332849694443 0.0 136.25
55.944591459753866 -3.188332849694443 ESE 55.944476654724156 -3.18805568583469 0.0 135.0
55.944476654724156 -3.18805568583469 WNW 55.944591459753866 -3.188332849694443 0.0 133.75
55.944591459753866 -3.188332849694443 E 55.944591459753866 -3.188032849694443 0.0 132.5
55.944591459753866 -3.188032849694443 WNW 55.944706264783576 -3.1883100135541964 0.0 131.25
55.944706264783576 -3.1883100135541964 SE 55.94449413274922 -3.1880978815198406 0.0 130.0
55.94449413274922 -3.1880978815198406 NW 55.944706264783576 -3.1883100135541964 0.0 128.75
55.944706264783576 -3.1883100135541964 SE 55.94449413274922 -3.1880978815198406 0.0 127.5
55.94449413274922 -3.1880978815198406 WNW 55.94460893777893 -3.188375045379594 0.0 126.25
55.94460893777893 -3.188375045379594 SE 55.944396805744574 -3.1881629133452383 105.86148071289062 239.4693832397461
55.944396805744574 -3.1881629133452383 NW 55.94460893777893 -3.188375045379594 105.86148071289062 238.2193832397461
55.94460893777893 -3.188375045379594 NNW 55.94488610163869 -3.1884898504093035 105.86148071289062 236.9693832397461
55.94488610163869 -3.1884898504093035 SSE 55.94460893777893 -3.188375045379594 105.86148071289062 235.7193832397461
55.94460893777893 -3.188375045379594 NNW 55.94488610163869 -3.1884898504093035 105.86148071289062 234.4693832397461
55.94488610163869 -3.1884898504093035 SSE 55.94460893777893 -3.188375045379594 105.86148071289062 233.2193832397461
55.94460893777893 -3.188375045379594 N 55.94490893777893 -3.188375045379594 105.86148071289062 231.9693832397461
55.94490893777893 -3.188375045379594 S 55.94460893777893 -3.188375045379594 105.86148071289062 230.7193832397461
55.94460893777893 -3.188375045379594 N 55.94490893777893 -3.188375045379594 105.86148071289062 229.4693832397461
55.94490893777893 -3.188375045379594 SSE 55.94463177391918 -3.1882602403498845 105.86148071289062 228.2193832397461
55.94463177391918 -3.1882602403498845 NNW 55.94490893777893 -3.188375045379594 105.86148071289062 226.9693832397461
55.94490893777893 -3.188375045379594 E 55.94490893777893 -3.188075045379594 105.86148071289062 225.7193832397461
55.94490893777893 -3.188075045379594 W 55.94490893777893 -3.188375045379594 105.86148071289062 224.4693832397461
55.94490893777893 -3.188375045379594 NE 55.94512106981329 -3.1881629133452383 105.86148071289062 223.2193832397461
55.94512106981329 -3.1881629133452383 SSW 55.94484390595353 -3.1882777183749478 105.86148071289062 221.9693832397461
55.94484390595353 -3.1882777183749478 NE 55.94505603798789 -3.188065586340592 105.86148071289062 220.7193832397461
55.94505603798789 -3.188065586340592 WSW 55.94494123295818 -3.1883427502003454 105.86148071289062 219.4693832397461
55.94494123295818 -3.1883427502003454 E 55.94494123295818 -3.188042750200345 105.86148071289062 218.2193832397461
55.94494123295818 -3.188042750200345 WSW 55.94482642792847 -3.1883199140600986 105.86148071289062 216.9693832397461
55.94482642792847 -3.1883199140600986 E 55.94482642792847 -3.1880199140600984 105.86148071289062 215.7193832397461
55.94482642792847 -3.1880199140600984 W 55.94482642792847 -3.1883199140600986 105.86148071289062 214.4693832397461
55.94482642792847 -3.1883199140600986 E 55.94482642792847 -3.1880199140600984 105.86148071289062 213.2193832397461
55.94482642792847 -3.1880199140600984 SSW 55.94454926406871 -3.188134719089808 105.86148071289062 211.9693832397461
55.94454926406871 -3.188134719089808 NNE 55.94482642792847 -3.1880199140600984 105.86148071289062 210.7193832397461
55.94482642792847 -3.1880199140600984 S 55.944526427928466 -3.1880199140600984 105.86148071289062 209.4693832397461
55.944526427928466 -3.1880199140600984 N 55.94482642792847 -3.1880199140600984 105.86148071289062 208.2193832397461
55.94482642792847 -3.1880199140600984 SSE 55.94454926406871 -3.187905109030389 105.86148071289062 206.9693832397461
55.94454926406871 -3.187905109030389 NNW 55.94482642792847 -3.1880199140600984 105.86148071289062 205.7193832397461
55.94482642792847 -3.1880199140600984 E 55.94482642792847 -3.1877199140600982 105.86148071289062 204.4693832397461
55.94482642792847 -3.1877199140600982 W 55.94482642792847 -3.1880199140600984 105.86148071289062 203.2193832397461
55.94482642792847 -3.1880199140600984 NNE 55.945103591788225 -3.187905109030389 105.86148071289062 201.9693832397461
55.945103591788225 -3.187905109030389 S 55.94480359178822 -3.187905109030389 105.86148071289062 200.7193832397461
55.94480359178822 -3.187905109030389 N 55.945103591788225 -3.187905109030389 105.86148071289062 199.4693832397461
55.945103591788225 -3.187905109030389 SSW 55.94482642792847 -3.1880199140600984 105.86148071289062 198.2193832397461
55.94482642792847 -3.1880199140600984 NNE 55.945103591788225 -3.187905109030389 105.86148071289062 196.9693832397461
55.945103591788225 -3.187905109030389 SW 55.94489145975387 -3.1881172410647447 105.86148071289062 195.7193832397461
55.94489145975387 -3.1881172410647447 ENE 55.94500626478358 -3.1878400772049913 105.86148071289062 194.4693832397461
55.94500626478358 -3.1878400772049913 WSW 55.94489145975387 -3.1881172410647447 105.86148071289062 193.2193832397461
55.94489145975387 -3.1881172410647447 ENE 55.94500626478358 -3.1878400772049913 105.86148071289062 191.9693832397461
55.94500626478358 -3.1878400772049913 WSW 55.94489145975387 -3.1881172410647447 105.86148071289062 190.7193832397461
55.94489145975387 -3.1881172410647447 NNE 55.945168623613625 -3.188002436035035 105.86148071289062 189.4693832397461
55.945168623613625 -3.188002436035035 SW 55.94495649157927 -3.188214568069391 105.86148071289062 188.2193832397461
55.94495649157927 -3.188214568069391 NE 55.945168623613625 -3.188002436035035 105.86148071289062 186.9693832397461
55.945168623613625 -3.188002436035035 SW 55.94495649157927 -3.188214568069391 105.86148071289062 185.7193832397461
55.94495649157927 -3.188214568069391 NE 55.945168623613625 -3.188002436035035 105.86148071289062 184.4693832397461
55.945168623613625 -3.188002436035035 SE 55.94495649157927 -3.1877903040006794 105.86148071289062 183.2193832397461
55.94495649157927 -3.1877903040006794 NW 55.945168623613625 -3.188002436035035 105.86148071289062 181.9693832397461
55.945168623613625 -3.188002436035035 ESE 55.945053818583915 -3.187725272175282 105.86148071289062 180.7193832397461
55.945053818583915 -3.187725272175282 NNW 55.94533098244367 -3.1878400772049913 133.99750328063965 263.74888610839844
55.94533098244367 -3.1878400772049913 SSE 55.945053818583915 -3.187725272175282 133.99750328063965 262.49888610839844
55.945053818583915 -3.187725272175282 NNW 55.94533098244367 -3.1878400772049913 133.99750328063965 261.24888610839844
55.94533098244367 -3.1878400772049913 SSE 55.945053818583915 -3.187725272175282 133.99750328063965 259.99888610839844
55.945053818583915 -3.187725272175282 NNW 55.94533098244367 -3.1878400772049913 133.99750328063965 258.74888610839844
55.94533098244367 -3.1878400772049913 SSE 55.945053818583915 -3.187725272175282 133.99750328063965 257.49888610839844
55.945053818583915 -3.187725272175282 N 55.94535381858392 -3.187725272175282 133.99750328063965 256.24888610839844
55.94535381858392 -3.187725272175282 SSE 55.94507665472416 -3.1876104671455723 133.99750328063965 254.99888610839844
55.94507665472416 -3.1876104671455723 NNW 55.94535381858392 -3.187725272175282 133.99750328063965 253.74888610839844
55.94535381858392 -3.187725272175282 ESE 55.94523901355421 -3.1874481083155284 133.99750328063965 252.49888610839844
55.94523901355421 -3.1874481083155284 WNW 55.94535381858392 -3.187725272175282 133.99750328063965 251.24888610839844
55.94535381858392 -3.187725272175282 ESE 55.94523901355421 -3.1874481083155284 133.99750328063965 249.99888610839844
55.94523901355421 -3.1874481083155284 WNW 55.94535381858392 -3.187725272175282 133.99750328063965 248.74888610839844
55.94535381858392 -3.187725272175282 E 55.94535381858392 -3.1874252721752816 133.99750328063965 247.49888610839844
55.94535381858392 -3.1874252721752816 W 55.94535381858392 -3.187725272175282 133.99750328063965 246.24888610839844
55.94535381858392 -3.187725272175282 E 55.94535381858392 -3.1874252721752816 133.99750328063965 244.99888610839844
55.94535381858392 -3.1874252721752816 WNW 55.94546862361363 -3.187702436035035 133.99750328063965 243.74888610839844
55.94546862361363 -3.187702436035035 ESE 55.94535381858392 -3.1874252721752816 133.99750328063965 242.49888610839844
55.94535381858392 -3.1874252721752816 WNW 55.94546862361363 -3.187702436035035 133.99750328063965 241.24888610839844
55.94546862361363 -3.187702436035035 E 55.94546862361363 -3.187402436035035 133.99750328063965 239.99888610839844
55.94546862361363 -3.187402436035035 W 55.94546862361363 -3.187702436035035 133.99750328063965 238.74888610839844
55.94546862361363 -3.187702436035035 NE 55.945680755647984 -3.1874903040006792 133.99750328063965 237.49888610839844
55.945680755647984 -3.1874903040006792 SW 55.94546862361363 -3.187702436035035 133.99750328063965 236.24888610839844
55.94546862361363 -3.187702436035035 N 55.94576862361363 -3.187702436035035 133.99750328063965 234.99888610839844
55.94576862361363 -3.187702436035035 S 55.94546862361363 -3.187702436035035 133.99750328063965 233.74888610839844
55.94546862361363 -3.187702436035035 N 55.94576862361363 -3.187702436035035 133.99750328063965 232.49888610839844
55.94576862361363 -3.187702436035035 S 55.94546862361363 -3.187702436035035 133.99750328063965 231.24888610839844
55.94546862361363 -3.187702436035035 N 55.94576862361363 -3.187702436035035 133.99750328063965 229.99888610839844
55.94576862361363 -3.187702436035035 NNE 55.94604578747339 -3.1875876310053255 133.99750328063965 228.74888610839844
55.94604578747339 -3.1875876310053255 SSW 55.94576862361363 -3.187702436035035 133.99750328063965 227.49888610839844
55.94576862361363 -3.187702436035035 N 55.946068623613634 -3.187702436035035 239.45336723327637 303.81974029541016
55.946068623613634 -3.187702436035035 S 55.94576862361363 -3.187702436035035 239.45336723327637 302.56974029541016
55.94576862361363 -3.187702436035035 S 55.94546862361363 -3.187702436035035 239.45336723327637 301.31974029541016
55.94546862361363 -3.187702436035035 N 55.94576862361363 -3.187702436035035 239.45336723327637 300.06974029541016
55.94576862361363 -3.187702436035035 E 55.94576862361363 -3.187402436035035 239.45336723327637 298.81974029541016
55.94576862361363 -3.187402436035035 W 55.94576862361363 -3.187702436035035 239.45336723327637 297.56974029541016
55.94576862361363 -3.187702436035035 WNW 55.94588342864334 -3.1879795998947884 239.45336723327637 296.31974029541016
55.94588342864334 -3.1879795998947884 ESE 55.94576862361363 -3.187702436035035 239.45336723327637 295.06974029541016
55.94576862361363 -3.187702436035035 W 55.94576862361363 -3.188002436035035 239.45336723327637 293.81974029541016
55.94576862361363 -3.188002436035035 ENE 55.94588342864334 -3.187725272175282 239.45336723327637 292.56974029541016
55.94588342864334 -3.187725272175282 WSW 55.94576862361363 -3.188002436035035 239.45336723327637 291.31974029541016
55.94576862361363 -3.188002436035035 ENE 55.94588342864334 -3.187725272175282 239.45336723327637 290.06974029541016
55.94588342864334 -3.187725272175282 S 55.94558342864334 -3.187725272175282 239.45336723327637 288.81974029541016
55.94558342864334 -3.187725272175282 N 55.94588342864334 -3.187725272175282 239.45336723327637 287.56974029541016
55.94588342864334 -3.187725272175282 NE 55.9460955606777 -3.187513140140926 239.45336723327637 286.31974029541016
55.9460955606777 -3.187513140140926 SW 55.94588342864334 -3.187725272175282 239.45336723327637 285.06974029541016
55.94588342864334 -3.187725272175282 W 55.94588342864334 -3.188025272175282 239.45336723327637 283.81974029541016
55.94588342864334 -3.188025272175282 E 55.94588342864334 -3.187725272175282 239.45336723327637 282.56974029541016
55.94588342864334 -3.187725272175282 ENE 55.94599823367305 -3.1874481083155284 239.45336723327637 281.31974029541016
55.94599823367305 -3.1874481083155284 WSW 55.94588342864334 -3.187725272175282 239.45336723327637 280.06974029541016
55.94588342864334 -3.187725272175282 NNW 55.9461605925031 -3.1878400772049913 239.45336723327637 278.81974029541016
55.9461605925031 -3.1878400772049913 SSE 55.94588342864334 -3.187725272175282 239.45336723327637 277.56974029541016
55.94588342864334 -3.187725272175282 WNW 55.94599823367305 -3.188002436035035 239.45336723327637 276.31974029541016
55.94599823367305 -3.188002436035035 ESE 55.94588342864334 -3.187725272175282 239.45336723327637 275.06974029541016
55.94588342864334 -3.187725272175282 W 55.94588342864334 -3.188025272175282 239.45336723327637 273.81974029541016
55.94588342864334 -3.188025272175282 E 55.94588342864334 -3.187725272175282 239.45336723327637 272.56974029541016
55.94588342864334 -3.187725272175282 WSW 55.94576862361363 -3.188002436035035 239.45336723327637 271.31974029541016
55.94576862361363 -3.188002436035035 E 55.94576862361363 -3.187702436035035 239.45336723327637 270.06974029541016
55.94576862361363 -3.187702436035035 W 55.94576862361363 -3.188002436035035 239.45336723327637 268.81974029541016
55.94576862361363 -3.188002436035035 SSW 55.945491459753875 -3.1881172410647447 239.45336723327637 267.56974029541016
55.945491459753875 -3.1881172410647447 NNE 55.94576862361363 -3.188002436035035 239.45336723327637 266.31974029541016
55.94576862361363 -3.188002436035035 SE 55.945556491579275 -3.1877903040006794 239.45336723327637 265.06974029541016
55.945556491579275 -3.1877903040006794 NW 55.94576862361363 -3.188002436035035 239.45336723327637 263.81974029541016
55.94576862361363 -3.188002436035035 SSW 55.945491459753875 -3.1881172410647447 239.45336723327637 262.56974029541016
55.945491459753875 -3.1881172410647447 NNE 55.94576862361363 -3.188002436035035 239.45336723327637 261.31974029541016
55.94576862361363 -3.188002436035035 SW 55.945556491579275 -3.188214568069391 239.45336723327637 260.06974029541016
55.945556491579275 -3.188214568069391 NE 55.94576862361363 -3.188002436035035 239.45336723327637 258.81974029541016
55.94576862361363 -3.188002436035035 SSW 55.945491459753875 -3.1881172410647447 239.45336723327637 257.56974029541016
55.945491459753875 -3.1881172410647447 NNE 55.94576862361363 -3.188002436035035 239.45336723327637 256.31974029541016
55.94576862361363 -3.188002436035035 SSE 55.945491459753875 -3.1878876310053257 239.45336723327637 255.06974029541016
55.945491459753875 -3.1878876310053257 NNW 55.94576862361363 -3.188002436035035 239.45336723327637 253.81974029541016
55.94576862361363 -3.188002436035035 SSE 55.945491459753875 -3.1878876310053257 239.45336723327637 252.56974029541016
55.945491459753875 -3.1878876310053257 NNW 55.94576862361363 -3.188002436035035 239.45336723327637 251.31974029541016
55.94576862361363 -3.188002436035035 SSE 55.945491459753875 -3.1878876310053257 239.45336723327637 250.06974029541016
55.945491459753875 -3.1878876310053257 NW 55.94570359178823 -3.1880997630396815 239.45336723327637 248.81974029541016
55.94570359178823 -3.1880997630396815 ESE 55.94558878675852 -3.187822599179928 239.45336723327637 247.56974029541016
55.94558878675852 -3.187822599179928 SW 55.945376654724164 -3.188034731214284 239.45336723327637 246.31974029541016
55.945376654724164 -3.188034731214284 NE 55.94558878675852 -3.187822599179928 239.45336723327637 245.06974029541016
55.94558878675852 -3.187822599179928 SSW 55.945311622898764 -3.1879374042096376 239.45336723327637 243.81974029541016
55.945311622898764 -3.1879374042096376 NNE 55.94558878675852 -3.187822599179928 239.45336723327637 242.56974029541016
55.94558878675852 -3.187822599179928 E 55.94558878675852 -3.187522599179928 354.4208812713623 349.8229064941406
55.94558878675852 -3.187522599179928 W 55.94558878675852 -3.187822599179928 354.4208812713623 348.5729064941406
55.94558878675852 -3.187822599179928 E 55.94558878675852 -3.187522599179928 354.4208812713623 347.3229064941406
55.94558878675852 -3.187522599179928 W 55.94558878675852 -3.187822599179928 354.4208812713623 346.0729064941406
55.94558878675852 -3.187822599179928 SE 55.945376654724164 -3.1876104671455723 354.4208812713623 344.8229064941406
55.945376654724164 -3.1876104671455723 NW 55.94558878675852 -3.187822599179928 354.4208812713623 343.5729064941406
55.94558878675852 -3.187822599179928 NW 55.94580091879288 -3.188034731214284 354.4208812713623 342.3229064941406
55.94580091879288 -3.188034731214284 SE 55.94558878675852 -3.187822599179928 354.4208812713623 341.0729064941406
55.94558878675852 -3.187822599179928 NW 55.94580091879288 -3.188034731214284 354.4208812713623 339.8229064941406
55.94580091879288 -3.188034731214284 NE 55.94601305082723 -3.187822599179928 354.4208812713623 338.5729064941406
55.94601305082723 -3.187822599179928 SW 55.94580091879288 -3.188034731214284 354.4208812713623 337.3229064941406
55.94580091879288 -3.188034731214284 WNW 55.94591572382259 -3.1883118950740372 354.4208812713623 336.0729064941406
55.94591572382259 -3.1883118950740372 ESE 55.94580091879288 -3.188034731214284 354.4208812713623 334.8229064941406
55.94580091879288 -3.188034731214284 W 55.94580091879288 -3.188334731214284 354.4208812713623 333.5729064941406
55.94580091879288 -3.188334731214284 ESE 55.945686113763166 -3.1880575673545306 354.4208812713623 332.3229064941406
55.945686113763166 -3.1880575673545306 WNW 55.94580091879288 -3.188334731214284 354.4208812713623 331.0729064941406
55.94580091879288 -3.188334731214284 E 55.94580091879288 -3.188034731214284 354.4208812713623 329.8229064941406
55.94580091879288 -3.188034731214284 WNW 55.94591572382259 -3.1883118950740372 354.4208812713623 328.5729064941406
55.94591572382259 -3.1883118950740372 E 55.94591572382259 -3.188011895074037 354.4208812713623 327.3229064941406
55.94591572382259 -3.188011895074037 W 55.94591572382259 -3.1883118950740372 354.4208812713623 326.0729064941406
55.94591572382259 -3.1883118950740372 S 55.945615723822584 -3.1883118950740372 354.4208812713623 324.8229064941406
55.945615723822584 -3.1883118950740372 N 55.94591572382259 -3.1883118950740372 354.4208812713623 323.5729064941406
55.94591572382259 -3.1883118950740372 SSW 55.94563855996283 -3.1884267001037467 354.4208812713623 322.3229064941406
