55.944425 -3.188396 NNE 55.94470216385976 -3.1882811949702905 0.0 248.75
55.94470216385976 -3.1882811949702905 S 55.944402163859756 -3.1882811949702905 0.0 247.5
55.944402163859756 -3.1882811949702905 WSW 55.944287358830046 -3.188558358830044 0.0 246.25
55.944287358830046 -3.188558358830044 ENE 55.944402163859756 -3.1882811949702905 0.0 245.0
55.944402163859756 -3.1882811949702905 SW 55.9441900318254 -3.1884933270046463 0.0 243.75
55.9441900318254 -3.1884933270046463 ENE 55.94430483685511 -3.188216163144893 0.0 242.5
55.94430483685511 -3.188216163144893 WSW 55.9441900318254 -3.1884933270046463 0.0 241.25
55.9441900318254 -3.1884933270046463 SSW 55.94391286796564 -3.188608132034356 0.0 240.0
55.94391286796564 -3.188608132034356 NNE 55.9441900318254 -3.1884933270046463 0.0 238.75
55.9441900318254 -3.1884933270046463 NNE 55.94446719568516 -3.1883785219749368 0.0 237.5
55.94446719568516 -3.1883785219749368 SSW 55.9441900318254 -3.1884933270046463 0.0 236.25
55.9441900318254 -3.1884933270046463 SE 55.943977899791044 -3.1882811949702905 0.0 235.0
55.943977899791044 -3.1882811949702905 NW 55.9441900318254 -3.1884933270046463 0.0 233.75
55.9441900318254 -3.1884933270046463 SSE 55.94391286796564 -3.1883785219749368 0.0 232.5
55.94391286796564 -3.1883785219749368 NNW 55.9441900318254 -3.1884933270046463 0.0 231.25
55.9441900318254 -3.1884933270046463 SSE 55.94391286796564 -3.1883785219749368 0.0 230.0
55.94391286796564 -3.1883785219749368 NNW 55.9441900318254 -3.1884933270046463 0.0 228.75
55.9441900318254 -3.1884933270046463 S 55.9438900318254 -3.1884933270046463 0.0 227.5
55.9438900318254 -3.1884933270046463 N 55.9441900318254 -3.1884933270046463 0.0 226.25
55.9441900318254 -3.1884933270046463 S 55.9438900318254 -3.1884933270046463 0.0 225.0
55.9438900318254 -3.1884933270046463 NNW 55.944167195685154 -3.188608132034356 0.0 223.75
55.944167195685154 -3.188608132034356 SSE 55.9438900318254 -3.1884933270046463 0.0 222.5
55.9438900318254 -3.1884933270046463 SW 55.94367789979104 -3.188705459039002 0.0 221.25
55.94367789979104 -3.188705459039002 NE 55.9438900318254 -3.1884933270046463 0.0 220.0
55.9438900318254 -3.1884933270046463 WNW 55.94400483685511 -3.1887704908643997 0.0 218.75
55.94400483685511 -3.1887704908643997 ESE 55.9438900318254 -3.1884933270046463 0.0 217.5
55.9438900318254 -3.1884933270046463 WNW 55.94400483685511 -3.1887704908643997 0.0 216.25
55.94400483685511 -3.1887704908643997 SSE 55.94372767299535 -3.18865568583469 0.0 215.0
55.94372767299535 -3.18865568583469 NNW 55.94400483685511 -3.1887704908643997 0.0 213.75
55.94400483685511 -3.1887704908643997 SSE 55.94372767299535 -3.18865568583469 0.0 212.5
55.94372767299535 -3.18865568583469 WNW 55.94384247802506 -3.1889328496944436 0.0 211.25
55.94384247802506 -3.1889328496944436 ESE 55.94372767299535 -3.18865568583469 0.0 210.0
55.94372767299535 -3.18865568583469 WNW 55.94384247802506 -3.1889328496944436 0.0 208.75
55.94384247802506 -3.1889328496944436 ESE 55.94372767299535 -3.18865568583469 0.0 207.5
55.94372767299535 -3.18865568583469 S 55.94342767299535 -3.18865568583469 0.0 206.25
55.94342767299535 -3.18865568583469 N 55.94372767299535 -3.18865568583469 0.0 205.0
55.94372767299535 -3.18865568583469 S 55.94342767299535 -3.18865568583469 0.0 203.75
55.94342767299535 -3.18865568583469 N 55.94372767299535 -3.18865568583469 0.0 202.5
55.94372767299535 -3.18865568583469 SSE 55.943450509135594 -3.1885408808049807 0.0 201.25
55.943450509135594 -3.1885408808049807 NNW 55.94372767299535 -3.18865568583469 0.0 200.0
55.94372767299535 -3.18865568583469 ESE 55.94361286796564 -3.1883785219749368 0.0 198.75
55.94361286796564 -3.1883785219749368 WNW 55.94372767299535 -3.18865568583469 0.0 197.5
55.94372767299535 -3.18865568583469 ESE 55.94361286796564 -3.1883785219749368 0.0 196.25
55.94361286796564 -3.1883785219749368 W 55.94361286796564 -3.188678521974937 0.0 195.0
55.94361286796564 -3.188678521974937 E 55.94361286796564 -3.1883785219749368 0.0 193.75
55.94361286796564 -3.1883785219749368 NW 55.943825 -3.1885906540092925 0.0 192.5
55.943825 -3.1885906540092925 SE 55.94361286796564 -3.1883785219749368 0.0 191.25
55.94361286796564 -3.1883785219749368 SW 55.943400735931284 -3.1885906540092925 0.0 190.0
55.943400735931284 -3.1885906540092925 NE 55.94361286796564 -3.1883785219749368 0.0 188.75
55.94361286796564 -3.1883785219749368 SW 55.943400735931284 -3.1885906540092925 0.0 187.5
55.943400735931284 -3.1885906540092925 ENE 55.943515540960995 -3.188313490149539 0.0 186.25
55.943515540960995 -3.188313490149539 WSW 55.943400735931284 -3.1885906540092925 0.0 185.0
55.943400735931284 -3.1885906540092925 E 55.943400735931284 -3.1882906540092923 0.0 183.75
55.943400735931284 -3.1882906540092923 W 55.943400735931284 -3.1885906540092925 0.0 182.5
55.943400735931284 -3.1885906540092925 SSE 55.94312357207153 -3.188475848979583 0.0 181.25
55.94312357207153 -3.188475848979583 NNW 55.943400735931284 -3.1885906540092925 0.0 180.0
55.943400735931284 -3.1885906540092925 SSW 55.94312357207153 -3.188705459039002 81.75481414794922 283.79652404785156
55.94312357207153 -3.188705459039002 NNE 55.943400735931284 -3.1885906540092925 81.75481414794922 282.54652404785156
55.943400735931284 -3.1885906540092925 E 55.943400735931284 -3.1882906540092923 81.75481414794922 281.29652404785156
55.943400735931284 -3.1882906540092923 W 55.943400735931284 -3.1885906540092925 81.75481414794922 280.04652404785156
55.943400735931284 -3.1885906540092925 ENE 55.943515540960995 -3.188313490149539 81.75481414794922 278.79652404785156
55.943515540960995 -3.188313490149539 WSW 55.943400735931284 -3.1885906540092925 81.75481414794922 277.54652404785156
55.943400735931284 -3.1885906540092925 W 55.943400735931284 -3.1888906540092927 81.75481414794922 276.29652404785156
55.943400735931284 -3.1888906540092927 E 55.943400735931284 -3.1885906540092925 81.75481414794922 275.04652404785156
55.943400735931284 -3.1885906540092925 W 55.943400735931284 -3.1888906540092927 81.75481414794922 273.79652404785156
55.943400735931284 -3.1888906540092927 E 55.943400735931284 -3.1885906540092925 81.75481414794922 272.54652404785156
55.943400735931284 -3.1885906540092925 W 55.943400735931284 -3.1888906540092927 81.75481414794922 271.29652404785156
55.943400735931284 -3.1888906540092927 SE 55.94318860389693 -3.188678521974937 81.75481414794922 270.04652404785156
55.94318860389693 -3.188678521974937 NW 55.943400735931284 -3.1888906540092927 81.75481414794922 268.79652404785156
55.943400735931284 -3.1888906540092927 NE 55.94361286796564 -3.188678521974937 81.75481414794922 267.54652404785156
55.94361286796564 -3.188678521974937 SW 55.943400735931284 -3.1888906540092927 81.75481414794922 266.29652404785156
55.943400735931284 -3.1888906540092927 SW 55.94318860389693 -3.1891027860436485 81.75481414794922 265.04652404785156
55.94318860389693 -3.1891027860436485 NE 55.943400735931284 -3.1888906540092927 81.75481414794922 263.79652404785156
55.943400735931284 -3.1888906540092927 NNW 55.94367789979104 -3.1890054590390022 81.75481414794922 262.54652404785156
55.94367789979104 -3.1890054590390022 SSE 55.943400735931284 -3.1888906540092927 81.75481414794922 261.29652404785156
55.943400735931284 -3.1888906540092927 W 55.943400735931284 -3.189190654009293 81.75481414794922 260.04652404785156
55.943400735931284 -3.189190654009293 E 55.943400735931284 -3.1888906540092927 81.75481414794922 258.79652404785156
55.943400735931284 -3.1888906540092927 NNW 55.94367789979104 -3.1890054590390022 81.75481414794922 257.54652404785156
55.94367789979104 -3.1890054590390022 SSE 55.943400735931284 -3.1888906540092927 81.75481414794922 256.29652404785156
55.943400735931284 -3.1888906540092927 NNW 55.94367789979104 -3.1890054590390022 81.75481414794922 255.04652404785156
55.94367789979104 -3.1890054590390022 SSE 55.943400735931284 -3.1888906540092927 81.75481414794922 253.79652404785156
55.943400735931284 -3.1888906540092927 NNE 55.94367789979104 -3.188775848979583 81.75481414794922 252.54652404785156
55.94367789979104 -3.188775848979583 SSW 55.943400735931284 -3.1888906540092927 81.75481414794922 251.29652404785156
55.943400735931284 -3.1888906540092927 NNE 55.94367789979104 -3.188775848979583 81.75481414794922 250.04652404785156
55.94367789979104 -3.188775848979583 SSW 55.943400735931284 -3.1888906540092927 81.75481414794922 248.79652404785156
55.943400735931284 -3.1888906540092927 NE 55.94361286796564 -3.188678521974937 81.75481414794922 247.54652404785156
55.94361286796564 -3.188678521974937 SW 55.943400735931284 -3.1888906540092927 81.75481414794922 246.29652404785156
55.943400735931284 -3.1888906540092927 NE 55.94361286796564 -3.188678521974937 81.75481414794922 245.04652404785156
55.94361286796564 -3.188678521974937 W 55.94361286796564 -3.188978521974937 81.75481414794922 243.79652404785156
55.94361286796564 -3.188978521974937 ESE 55.94349806293593 -3.1887013581151837 81.75481414794922 242.54652404785156
55.94349806293593 -3.1887013581151837 NNW 55.94377522679569 -3.1888161631448932 81.75481414794922 241.29652404785156
55.94377522679569 -3.1888161631448932 S 55.943475226795684 -3.1888161631448932 81.75481414794922 240.04652404785156
55.943475226795684 -3.1888161631448932 NNE 55.94375239065544 -3.1887013581151837 81.75481414794922 238.79652404785156
55.94375239065544 -3.1887013581151837 S 55.94345239065544 -3.1887013581151837 81.75481414794922 237.54652404785156
55.94345239065544 -3.1887013581151837 NNW 55.943729554515194 -3.1888161631448932 81.75481414794922 236.29652404785156
55.943729554515194 -3.1888161631448932 SW 55.94351742248084 -3.189028295179249 129.373291015625 247.80072498321533
55.94351742248084 -3.189028295179249 NE 55.943729554515194 -3.1888161631448932 129.373291015625 246.55072498321533
55.943729554515194 -3.1888161631448932 NW 55.94394168654955 -3.189028295179249 180.61297988891602 297.1624689102173
55.94394168654955 -3.189028295179249 SE 55.943729554515194 -3.1888161631448932 180.61297988891602 295.9124689102173
55.943729554515194 -3.1888161631448932 N 55.9440295545152 -3.1888161631448932 180.61297988891602 294.6624689102173
55.9440295545152 -3.1888161631448932 SSE 55.94375239065544 -3.1887013581151837 180.61297988891602 293.4124689102173
55.94375239065544 -3.1887013581151837 WNW 55.94386719568515 -3.188978521974937 280.1880226135254 312.65424633026123
55.94386719568515 -3.188978521974937 E 55.94386719568515 -3.188678521974937 280.1880226135254 311.40424633026123
55.94386719568515 -3.188678521974937 W 55.94386719568515 -3.188978521974937 280.1880226135254 310.15424633026123
55.94386719568515 -3.188978521974937 E 55.94386719568515 -3.188678521974937 280.1880226135254 308.90424633026123
55.94386719568515 -3.188678521974937 NNW 55.94414435954491 -3.1887933270046465 280.1880226135254 307.65424633026123
55.94414435954491 -3.1887933270046465 SSE 55.94386719568515 -3.188678521974937 280.1880226135254 306.40424633026123
55.94386719568515 -3.188678521974937 NNW 55.94414435954491 -3.1887933270046465 280.1880226135254 305.15424633026123
55.94414435954491 -3.1887933270046465 SE 55.94393222751055 -3.1885811949702907 280.1880226135254 303.90424633026123
55.94393222751055 -3.1885811949702907 NW 55.94414435954491 -3.1887933270046465 280.1880226135254 302.65424633026123
55.94414435954491 -3.1887933270046465 SE 55.94393222751055 -3.1885811949702907 280.1880226135254 301.40424633026123
55.94393222751055 -3.1885811949702907 NW 55.94414435954491 -3.1887933270046465 280.1880226135254 300.15424633026123
55.94414435954491 -3.1887933270046465 E 55.94414435954491 -3.1884933270046463 280.1880226135254 298.90424633026123
55.94414435954491 -3.1884933270046463 W 55.94414435954491 -3.1887933270046465 280.1880226135254 297.65424633026123
55.94414435954491 -3.1887933270046465 E 55.94414435954491 -3.1884933270046463 280.1880226135254 296.40424633026123
55.94414435954491 -3.1884933270046463 WNW 55.94425916457462 -3.1887704908643997 280.1880226135254 295.15424633026123
55.94425916457462 -3.1887704908643997 ESE 55.94414435954491 -3.1884933270046463 280.1880226135254 293.90424633026123
55.94414435954491 -3.1884933270046463 NW 55.94435649157926 -3.188705459039002 280.1880226135254 292.65424633026123
55.94435649157926 -3.188705459039002 SE 55.94414435954491 -3.1884933270046463 280.1880226135254 291.40424633026123
55.94414435954491 -3.1884933270046463 NW 55.94435649157926 -3.188705459039002 280.1880226135254 290.15424633026123
55.94435649157926 -3.188705459039002 ESE 55.94424168654955 -3.1884282951792486 280.1880226135254 288.90424633026123
55.94424168654955 -3.1884282951792486 NW 55.94445381858391 -3.1886404272136044 280.1880226135254 287.65424633026123
55.94445381858391 -3.1886404272136044 SE 55.94424168654955 -3.1884282951792486 280.1880226135254 286.40424633026123
55.94424168654955 -3.1884282951792486 N 55.944541686549556 -3.1884282951792486 280.1880226135254 285.15424633026123
55.944541686549556 -3.1884282951792486 SSE 55.9442645226898 -3.188313490149539 280.1880226135254 283.90424633026123
55.9442645226898 -3.188313490149539 W 55.9442645226898 -3.1886134901495393 280.1880226135254 282.65424633026123
55.9442645226898 -3.1886134901495393 E 55.9442645226898 -3.188313490149539 280.1880226135254 281.40424633026123
55.9442645226898 -3.188313490149539 NE 55.944476654724156 -3.1881013581151834 280.1880226135254 280.15424633026123
55.944476654724156 -3.1881013581151834 SW 55.9442645226898 -3.188313490149539 280.1880226135254 278.90424633026123
55.9442645226898 -3.188313490149539 ENE 55.94437932771951 -3.1880363262897857 280.1880226135254 277.65424633026123
55.94437932771951 -3.1880363262897857 WSW 55.9442645226898 -3.188313490149539 280.1880226135254 276.40424633026123
55.9442645226898 -3.188313490149539 SE 55.94405239065544 -3.1881013581151834 280.1880226135254 275.15424633026123
55.94405239065544 -3.1881013581151834 NNW 55.9443295545152 -3.188216163144893 280.1880226135254 273.90424633026123
55.9443295545152 -3.188216163144893 SSE 55.94405239065544 -3.1881013581151834 280.1880226135254 272.65424633026123
55.94405239065544 -3.1881013581151834 NNW 55.9443295545152 -3.188216163144893 280.1880226135254 271.40424633026123
55.9443295545152 -3.188216163144893 SSE 55.94405239065544 -3.1881013581151834 280.1880226135254 270.15424633026123
55.94405239065544 -3.1881013581151834 NW 55.9442645226898 -3.188313490149539 280.1880226135254 268.90424633026123
55.9442645226898 -3.188313490149539 SE 55.94405239065544 -3.1881013581151834 280.1880226135254 267.65424633026123
55.94405239065544 -3.1881013581151834 WNW 55.944167195685154 -3.1883785219749368 280.1880226135254 266.40424633026123
55.944167195685154 -3.1883785219749368 ESE 55.94405239065544 -3.1881013581151834 280.1880226135254 265.15424633026123
55.94405239065544 -3.1881013581151834 W 55.94405239065544 -3.1884013581151835 280.1880226135254 263.90424633026123
55.94405239065544 -3.1884013581151835 ENE 55.944167195685154 -3.18812419425543 280.1880226135254 262.65424633026123
55.944167195685154 -3.18812419425543 W 55.944167195685154 -3.1884241942554303 280.1880226135254 261.40424633026123
55.944167195685154 -3.1884241942554303 E 55.944167195685154 -3.18812419425543 280.1880226135254 260.15424633026123
55.944167195685154 -3.18812419425543 WNW 55.944282000714864 -3.1884013581151835 280.1880226135254 258.90424633026123
55.944282000714864 -3.1884013581151835 ESE 55.944167195685154 -3.18812419425543 280.1880226135254 257.65424633026123
55.944167195685154 -3.18812419425543 WSW 55.94405239065544 -3.1884013581151835 280.1880226135254 256.40424633026123
55.94405239065544 -3.1884013581151835 S 55.94375239065544 -3.1884013581151835 280.1880226135254 255.15424633026123
55.94375239065544 -3.1884013581151835 N 55.94405239065544 -3.1884013581151835 280.1880226135254 253.90424633026123
55.94405239065544 -3.1884013581151835 NNW 55.9443295545152 -3.188516163144893 309.0024070739746 256.47409749031067
55.9443295545152 -3.188516163144893 SSE 55.94405239065544 -3.1884013581151835 309.0024070739746 255.22409749031067
55.94405239065544 -3.1884013581151835 SSW 55.94377522679569 -3.188516163144893 309.0024070739746 253.97409749031067
55.94377522679569 -3.188516163144893 NNE 55.94405239065544 -3.1884013581151835 309.0024070739746 252.72409749031067
55.94405239065544 -3.1884013581151835 NE 55.9442645226898 -3.1881892260808278 309.0024070739746 251.47409749031067
55.9442645226898 -3.1881892260808278 SW 55.94405239065544 -3.1884013581151835 309.0024070739746 250.22409749031067
55.94405239065544 -3.1884013581151835 E 55.94405239065544 -3.1881013581151834 309.0024070739746 248.97409749031067
55.94405239065544 -3.1881013581151834 WSW 55.94393758562573 -3.1883785219749368 309.0024070739746 247.72409749031067
55.94393758562573 -3.1883785219749368 NE 55.94414971766009 -3.188166389940581 309.0024070739746 246.47409749031067
55.94414971766009 -3.188166389940581 SW 55.94393758562573 -3.1883785219749368 309.0024070739746 245.22409749031067
55.94393758562573 -3.1883785219749368 WNW 55.94405239065544 -3.18865568583469 309.0024070739746 243.97409749031067
55.94405239065544 -3.18865568583469 ESE 55.94393758562573 -3.1883785219749368 309.0024070739746 242.72409749031067
55.94393758562573 -3.1883785219749368 WSW 55.94382278059602 -3.18865568583469 309.0024070739746 241.47409749031067
55.94382278059602 -3.18865568583469 ENE 55.94393758562573 -3.1883785219749368 309.0024070739746 240.22409749031067
55.94393758562573 -3.1883785219749368 S 55.94363758562573 -3.1883785219749368 309.0024070739746 238.97409749031067
55.94363758562573 -3.1883785219749368 N 55.94393758562573 -3.1883785219749368 309.0024070739746 237.72409749031067
55.94393758562573 -3.1883785219749368 ESE 55.94382278059602 -3.1881013581151834 309.0024070739746 236.47409749031067
55.94382278059602 -3.1881013581151834 WNW 55.94393758562573 -3.1883785219749368 309.0024070739746 235.22409749031067
55.94393758562573 -3.1883785219749368 ESE 55.94382278059602 -3.1881013581151834 309.0024070739746 233.97409749031067
55.94382278059602 -3.1881013581151834 WNW 55.94393758562573 -3.1883785219749368 309.0024070739746 232.72409749031067
55.94393758562573 -3.1883785219749368 ESE 55.94382278059602 -3.1881013581151834 309.0024070739746 231.47409749031067
55.94382278059602 -3.1881013581151834 WSW 55.94370797556631 -3.1883785219749368 309.0024070739746 230.22409749031067
55.94370797556631 -3.1883785219749368 NE 55.94392010760067 -3.188166389940581 309.0024070739746 228.97409749031067
55.94392010760067 -3.188166389940581 SW 55.94370797556631 -3.1883785219749368 309.0024070739746 227.72409749031067
55.94370797556631 -3.1883785219749368 E 55.94370797556631 -3.1880785219749366 309.0024070739746 226.47409749031067
55.94370797556631 -3.1880785219749366 W 55.94370797556631 -3.1883785219749368 309.0024070739746 225.22409749031067
55.94370797556631 -3.1883785219749368 E 55.94370797556631 -3.1880785219749366 309.0024070739746 223.97409749031067
55.94370797556631 -3.1880785219749366 W 55.94370797556631 -3.1883785219749368 309.0024070739746 222.72409749031067
55.94370797556631 -3.1883785219749368 E 55.94370797556631 -3.1880785219749366 309.0024070739746 221.47409749031067
55.94370797556631 -3.1880785219749366 WSW 55.9435931705366 -3.18835568583469 309.0024070739746 220.22409749031067
55.9435931705366 -3.18835568583469 ENE 55.94370797556631 -3.1880785219749366 309.0024070739746 218.97409749031067
55.94370797556631 -3.1880785219749366 S 55.94340797556631 -3.1880785219749366 309.0024070739746 217.72409749031067
55.94340797556631 -3.1880785219749366 N 55.94370797556631 -3.1880785219749366 309.0024070739746 216.47409749031067
55.94370797556631 -3.1880785219749366 SE 55.943495843531956 -3.187866389940581 373.0208396911621 260.83909153938293
55.943495843531956 -3.187866389940581 NW 55.94370797556631 -3.1880785219749366 373.0208396911621 259.58909153938293
55.94370797556631 -3.1880785219749366 ESE 55.9435931705366 -3.187801358115183 373.0208396911621 258.33909153938293
55.9435931705366 -3.187801358115183 WNW 55.94370797556631 -3.1880785219749366 373.0208396911621 257.08909153938293
55.94370797556631 -3.1880785219749366 E 55.94370797556631 -3.1877785219749364 373.0208396911621 255.83909153938293
55.94370797556631 -3.1877785219749364 W 55.94370797556631 -3.1880785219749366 373.0208396911621 254.58909153938293
55.94370797556631 -3.1880785219749366 NNE 55.94398513942607 -3.187963716945227 373.0208396911621 253.33909153938293
55.94398513942607 -3.187963716945227 WSW 55.94387033439636 -3.1882408808049805 373.0208396911621 252.08909153938293
55.94387033439636 -3.1882408808049805 ENE 55.94398513942607 -3.187963716945227 373.0208396911621 250.83909153938293
55.94398513942607 -3.187963716945227 WSW 55.94387033439636 -3.1882408808049805 373.0208396911621 249.58909153938293
55.94387033439636 -3.1882408808049805 ENE 55.94398513942607 -3.187963716945227 373.0208396911621 248.33909153938293
55.94398513942607 -3.187963716945227 W 55.94398513942607 -3.1882637169452273 373.0208396911621 247.08909153938293
55.94398513942607 -3.1882637169452273 SSE 55.94370797556631 -3.1881489119155177 373.0208396911621 245.83909153938293
55.94370797556631 -3.1881489119155177 N 55.944007975566315 -3.1881489119155177 466.86523056030273 282.68978810310364
55.944007975566315 -3.1881489119155177 NNW 55.94428513942607 -3.1882637169452273 466.86523056030273 281.43978810310364
55.94428513942607 -3.1882637169452273 SSE 55.944007975566315 -3.1881489119155177 466.86523056030273 280.18978810310364
55.944007975566315 -3.1881489119155177 NE 55.94422010760067 -3.187936779881162 466.86523056030273 278.93978810310364
55.94422010760067 -3.187936779881162 SW 55.944007975566315 -3.1881489119155177 466.86523056030273 277.68978810310364
55.944007975566315 -3.1881489119155177 SSE 55.94373081170656 -3.1880341068858082 466.86523056030273 276.43978810310364
55.94373081170656 -3.1880341068858082 NNW 55.944007975566315 -3.1881489119155177 466.86523056030273 275.18978810310364
55.944007975566315 -3.1881489119155177 NE 55.94422010760067 -3.187936779881162 466.86523056030273 273.93978810310364
55.94422010760067 -3.187936779881162 SSW 55.943942943740915 -3.1880515849108715 466.86523056030273 272.68978810310364
55.943942943740915 -3.1880515849108715 NNE 55.94422010760067 -3.187936779881162 466.86523056030273 271.43978810310364
55.94422010760067 -3.187936779881162 SSW 55.943942943740915 -3.1880515849108715 466.86523056030273 270.18978810310364
55.943942943740915 -3.1880515849108715 NNE 55.94422010760067 -3.187936779881162 466.86523056030273 268.93978810310364
55.94422010760067 -3.187936779881162 WSW 55.94410530257096 -3.1882139437409154 466.86523056030273 267.68978810310364
55.94410530257096 -3.1882139437409154 NE 55.94431743460532 -3.1880018117065596 466.86523056030273 266.43978810310364
55.94431743460532 -3.1880018117065596 WSW 55.94420262957561 -3.188278975566313 466.86523056030273 265.18978810310364
55.94420262957561 -3.188278975566313 ENE 55.94431743460532 -3.1880018117065596 466.86523056030273 263.93978810310364
55.94431743460532 -3.1880018117065596 W 55.94431743460532 -3.18830181170656 466.86523056030273 262.68978810310364
55.94431743460532 -3.18830181170656 E 55.94431743460532 -3.1880018117065596 466.86523056030273 261.43978810310364
55.94431743460532 -3.1880018117065596 WNW 55.94443223963503 -3.188278975566313 478.9883985519409 352.10961079597473
55.94443223963503 -3.188278975566313 ESE 55.94431743460532 -3.1880018117065596 478.9883985519409 350.85961079597473
55.94431743460532 -3.1880018117065596 WNW 55.94443223963503 -3.188278975566313 478.9883985519409 349.60961079597473
55.94443223963503 -3.188278975566313 ESE 55.94431743460532 -3.1880018117065596 478.9883985519409 348.35961079597473
55.94431743460532 -3.1880018117065596 W 55.94431743460532 -3.18830181170656 478.9883985519409 347.10961079597473
55.94431743460532 -3.18830181170656 N 55.94461743460532 -3.18830181170656 478.9883985519409 345.85961079597473
55.94461743460532 -3.18830181170656 SSE 55.94434027074556 -3.1881870066768503 478.9883985519409 344.60961079597473
55.94434027074556 -3.1881870066768503 N 55.944640270745566 -3.1881870066768503 509.3598966598511 393.51218342781067
55.944640270745566 -3.1881870066768503 S 55.94434027074556 -3.1881870066768503 509.3598966598511 392.26218342781067
55.94434027074556 -3.1881870066768503 N 55.944640270745566 -3.1881870066768503 509.3598966598511 391.01218342781067
55.944640270745566 -3.1881870066768503 WNW 55.94475507577528 -3.1884641705366037 509.3598966598511 389.76218342781067
55.94475507577528 -3.1884641705366037 ESE 55.944640270745566 -3.1881870066768503 509.3598966598511 388.51218342781067
55.944640270745566 -3.1881870066768503 WSW 55.944525465715856 -3.1884641705366037 509.3598966598511 387.26218342781067
55.944525465715856 -3.1884641705366037 ENE 55.944640270745566 -3.1881870066768503 509.3598966598511 386.01218342781067
55.944640270745566 -3.1881870066768503 WNW 55.94475507577528 -3.1884641705366037 509.3598966598511 384.76218342781067
55.94475507577528 -3.1884641705366037 SE 55.94454294374092 -3.188252038502248 509.3598966598511 383.51218342781067
55.94454294374092 -3.188252038502248 NW 55.94475507577528 -3.1884641705366037 509.3598966598511 382.26218342781067
55.94475507577528 -3.1884641705366037 ESE 55.944640270745566 -3.1881870066768503 509.3598966598511 381.01218342781067
55.944640270745566 -3.1881870066768503 WNW 55.94475507577528 -3.1884641705366037 509.3598966598511 379.76218342781067
55.94475507577528 -3.1884641705366037 N 55.94505507577528 -3.1884641705366037 509.3598966598511 378.51218342781067
55.94505507577528 -3.1884641705366037 S 55.94475507577528 -3.1884641705366037 509.3598966598511 377.26218342781067
55.94475507577528 -3.1884641705366037 N 55.94505507577528 -3.1884641705366037 509.3598966598511 376.01218342781067
55.94505507577528 -3.1884641705366037 SE 55.94484294374092 -3.188252038502248 509.3598966598511 374.76218342781067
55.94484294374092 -3.188252038502248 W 55.94484294374092 -3.188552038502248 509.3598966598511 373.51218342781067
55.94484294374092 -3.188552038502248 ENE 55.94495774877063 -3.1882748746424947 625.2947721481323 397.32262349128723
55.94495774877063 -3.1882748746424947 SSW 55.94468058491088 -3.188389679672204 625.2947721481323 396.07262349128723
55.94468058491088 -3.188389679672204 NNE 55.94495774877063 -3.1882748746424947 625.2947721481323 394.82262349128723
55.94495774877063 -3.1882748746424947 N 55.945257748770636 -3.1882748746424947 625.2947721481323 393.57262349128723
55.945257748770636 -3.1882748746424947 S 55.94495774877063 -3.1882748746424947 625.2947721481323 392.32262349128723
55.94495774877063 -3.1882748746424947 SE 55.94474561673628 -3.188062742608139 625.2947721481323 391.07262349128723
55.94474561673628 -3.188062742608139 NW 55.94495774877063 -3.1882748746424947 625.2947721481323 389.82262349128723
55.94495774877063 -3.1882748746424947 ESE 55.94484294374092 -3.1879977107827413 625.2947721481323 388.57262349128723
55.94484294374092 -3.1879977107827413 WNW 55.94495774877063 -3.1882748746424947 625.2947721481323 387.32262349128723
55.94495774877063 -3.1882748746424947 SE 55.94474561673628 -3.188062742608139 625.2947721481323 386.07262349128723
55.94474561673628 -3.188062742608139 NW 55.94495774877063 -3.1882748746424947 625.2947721481323 384.82262349128723
55.94495774877063 -3.1882748746424947 SE 55.94474561673628 -3.188062742608139 625.2947721481323 383.57262349128723
55.94474561673628 -3.188062742608139 WNW 55.94486042176599 -3.1883399064678923 625.2947721481323 382.32262349128723
