55.944425 -3.188396 NNE 55.94470216385976 -3.1882811949702905 0.0 248.75
55.94470216385976 -3.1882811949702905 S 55.944402163859756 -3.1882811949702905 0.0 247.5
55.944402163859756 -3.1882811949702905 WSW 55.944287358830046 -3.188558358830044 0.0 246.25
55.944287358830046 -3.188558358830044 ENE 55.944402163859756 -3.1882811949702905 0.0 245.0
55.944402163859756 -3.1882811949702905 SW 55.9441900318254 -3.1884933270046463 0.0 243.75
55.9441900318254 -3.1884933270046463 ENE 55.94430483685511 -3.188216163144893 0.0 242.5
55.94430483685511 -3.188216163144893 WSW 55.9441900318254 -3.1884933270046463 0.0 241.25
55.9441900318254 -3.1884933270046463 NE 55.944402163859756 -3.1882811949702905 0.0 240.0
55.944402163859756 -3.1882811949702905 SW 55.9441900318254 -3.1884933270046463 0.0 238.75
55.9441900318254 -3.1884933270046463 NE 55.944402163859756 -3.1882811949702905 0.0 237.5
55.944402163859756 -3.1882811949702905 SW 55.9441900318254 -3.1884933270046463 0.0 236.25
55.9441900318254 -3.1884933270046463 SE 55.943977899791044 -3.1882811949702905 0.0 235.0
55.943977899791044 -3.1882811949702905 NW 55.9441900318254 -3.1884933270046463 0.0 233.75
55.9441900318254 -3.1884933270046463 SSE 55.94391286796564 -3.1883785219749368 0.0 232.5
55.94391286796564 -3.1883785219749368 NNW 55.9441900318254 -3.1884933270046463 0.0 231.25
55.9441900318254 -3.1884933270046463 SSE 55.94391286796564 -3.1883785219749368 0.0 230.0
55.94391286796564 -3.1883785219749368 NNW 55.9441900318254 -3.1884933270046463 0.0 228.75
55.9441900318254 -3.1884933270046463 S 55.9438900318254 -3.1884933270046463 0.0 227.5
55.9438900318254 -3.1884933270046463 N 55.9441900318254 -3.1884933270046463 0.0 226.25
55.9441900318254 -3.1884933270046463 S 55.9438900318254 -3.1884933270046463 0.0 225.0
55.9438900318254 -3.1884933270046463 NNW 55.944167195685154 -3.188608132034356 0.0 223.75
55.944167195685154 -3.188608132034356 SSE 55.9438900318254 -3.1884933270046463 0.0 222.5
55.9438900318254 -3.1884933270046463 NE 55.94410216385975 -3.1882811949702905 0.0 221.25
55.94410216385975 -3.1882811949702905 SW 55.9438900318254 -3.1884933270046463 0.0 220.0
55.9438900318254 -3.1884933270046463 WNW 55.94400483685511 -3.1887704908643997 0.0 218.75
55.94400483685511 -3.1887704908643997 ESE 55.9438900318254 -3.1884933270046463 0.0 217.5
55.9438900318254 -3.1884933270046463 WNW 55.94400483685511 -3.1887704908643997 0.0 216.25
55.94400483685511 -3.1887704908643997 SSE 55.94372767299535 -3.18865568583469 0.0 215.0
55.94372767299535 -3.18865568583469 NNW 55.94400483685511 -3.1887704908643997 0.0 213.75
55.94400483685511 -3.1887704908643997 SSE 55.94372767299535 -3.18865568583469 0.0 212.5
55.94372767299535 -3.18865568583469 WNW 55.94384247802506 -3.1889328496944436 0.0 211.25
55.94384247802506 -3.1889328496944436 ESE 55.94372767299535 -3.18865568583469 0.0 210.0
55.94372767299535 -3.18865568583469 WNW 55.94384247802506 -3.1889328496944436 0.0 208.75
55.94384247802506 -3.1889328496944436 ESE 55.94372767299535 -3.18865568583469 0.0 207.5
55.94372767299535 -3.18865568583469 ESE 55.94361286796564 -3.1883785219749368 0.0 206.25
55.94361286796564 -3.1883785219749368 WNW 55.94372767299535 -3.18865568583469 0.0 205.0
55.94372767299535 -3.18865568583469 S 55.94342767299535 -3.18865568583469 0.0 203.75
55.94342767299535 -3.18865568583469 N 55.94372767299535 -3.18865568583469 0.0 202.5
55.94372767299535 -3.18865568583469 SSE 55.943450509135594 -3.1885408808049807 0.0 201.25
55.943450509135594 -3.1885408808049807 NNW 55.94372767299535 -3.18865568583469 0.0 200.0
55.94372767299535 -3.18865568583469 ESE 55.94361286796564 -3.1883785219749368 0.0 198.75
55.94361286796564 -3.1883785219749368 WNW 55.94372767299535 -3.18865568583469 0.0 197.5
55.94372767299535 -3.18865568583469 ESE 55.94361286796564 -3.1883785219749368 0.0 196.25
55.94361286796564 -3.1883785219749368 W 55.94361286796564 -3.188678521974937 0.0 195.0
55.94361286796564 -3.188678521974937 E 55.94361286796564 -3.1883785219749368 0.0 193.75
55.94361286796564 -3.1883785219749368 NW 55.943825 -3.1885906540092925 0.0 192.5
55.943825 -3.1885906540092925 SE 55.94361286796564 -3.1883785219749368 0.0 191.25
55.94361286796564 -3.1883785219749368 SW 55.943400735931284 -3.1885906540092925 0.0 190.0
55.943400735931284 -3.1885906540092925 NE 55.94361286796564 -3.1883785219749368 0.0 188.75
55.94361286796564 -3.1883785219749368 SW 55.943400735931284 -3.1885906540092925 0.0 187.5
55.943400735931284 -3.1885906540092925 ENE 55.943515540960995 -3.188313490149539 0.0 186.25
55.943515540960995 -3.188313490149539 WSW 55.943400735931284 -3.1885906540092925 0.0 185.0
55.943400735931284 -3.1885906540092925 W 55.943400735931284 -3.1888906540092927 0.0 183.75
55.943400735931284 -3.1888906540092927 E 55.943400735931284 -3.1885906540092925 0.0 182.5
55.943400735931284 -3.1885906540092925 WSW 55.943285930901574 -3.188867817869046 0.0 181.25
55.943285930901574 -3.188867817869046 ENE 55.943400735931284 -3.1885906540092925 0.0 180.0
55.943400735931284 -3.1885906540092925 S 55.94310073593128 -3.1885906540092925 0.0 178.75
55.94310073593128 -3.1885906540092925 N 55.943400735931284 -3.1885906540092925 0.0 177.5
55.943400735931284 -3.1885906540092925 E 55.943400735931284 -3.1882906540092923 0.0 176.25
55.943400735931284 -3.1882906540092923 W 55.943400735931284 -3.1885906540092925 0.0 175.0
55.943400735931284 -3.1885906540092925 ESE 55.943285930901574 -3.188313490149539 0.0 173.75
55.943285930901574 -3.188313490149539 WNW 55.943400735931284 -3.1885906540092925 0.0 172.5
55.943400735931284 -3.1885906540092925 W 55.943400735931284 -3.1888906540092927 0.0 171.25
55.943400735931284 -3.1888906540092927 E 55.943400735931284 -3.1885906540092925 0.0 170.0
55.943400735931284 -3.1885906540092925 W 55.943400735931284 -3.1888906540092927 0.0 168.75
55.943400735931284 -3.1888906540092927 E 55.943400735931284 -3.1885906540092925 0.0 167.5
55.943400735931284 -3.1885906540092925 W 55.943400735931284 -3.1888906540092927 0.0 166.25
55.943400735931284 -3.1888906540092927 SE 55.94318860389693 -3.188678521974937 0.0 165.0
55.94318860389693 -3.188678521974937 NW 55.943400735931284 -3.1888906540092927 0.0 163.75
55.943400735931284 -3.1888906540092927 SW 55.94318860389693 -3.1891027860436485 0.0 162.5
55.94318860389693 -3.1891027860436485 NE 55.943400735931284 -3.1888906540092927 0.0 161.25
55.943400735931284 -3.1888906540092927 E 55.943400735931284 -3.1885906540092925 0.0 160.0
55.943400735931284 -3.1885906540092925 W 55.943400735931284 -3.1888906540092927 0.0 158.75
55.943400735931284 -3.1888906540092927 NNW 55.94367789979104 -3.1890054590390022 0.0 157.5
55.94367789979104 -3.1890054590390022 SSE 55.943400735931284 -3.1888906540092927 0.0 156.25
55.943400735931284 -3.1888906540092927 W 55.943400735931284 -3.189190654009293 0.0 155.0
55.943400735931284 -3.189190654009293 E 55.943400735931284 -3.1888906540092927 0.0 153.75
55.943400735931284 -3.1888906540092927 NNW 55.94367789979104 -3.1890054590390022 0.0 152.5
55.94367789979104 -3.1890054590390022 SSE 55.943400735931284 -3.1888906540092927 0.0 151.25
55.943400735931284 -3.1888906540092927 NNW 55.94367789979104 -3.1890054590390022 0.0 150.0
55.94367789979104 -3.1890054590390022 SSE 55.943400735931284 -3.1888906540092927 0.0 148.75
55.943400735931284 -3.1888906540092927 NNE 55.94367789979104 -3.188775848979583 0.0 147.5
55.94367789979104 -3.188775848979583 SSW 55.943400735931284 -3.1888906540092927 0.0 146.25
55.943400735931284 -3.1888906540092927 NNE 55.94367789979104 -3.188775848979583 0.0 145.0
55.94367789979104 -3.188775848979583 SSW 55.943400735931284 -3.1888906540092927 0.0 143.75
55.943400735931284 -3.1888906540092927 NE 55.94361286796564 -3.188678521974937 0.0 142.5
55.94361286796564 -3.188678521974937 SW 55.943400735931284 -3.1888906540092927 0.0 141.25
55.943400735931284 -3.1888906540092927 NE 55.94361286796564 -3.188678521974937 0.0 140.0
55.94361286796564 -3.188678521974937 W 55.94361286796564 -3.188978521974937 0.0 138.75
55.94361286796564 -3.188978521974937 ESE 55.94349806293593 -3.1887013581151837 0.0 137.5
55.94349806293593 -3.1887013581151837 NNW 55.94377522679569 -3.1888161631448932 0.0 136.25
55.94377522679569 -3.1888161631448932 S 55.943475226795684 -3.1888161631448932 0.0 135.0
55.943475226795684 -3.1888161631448932 NNE 55.94375239065544 -3.1887013581151837 0.0 133.75
55.94375239065544 -3.1887013581151837 S 55.94345239065544 -3.1887013581151837 0.0 132.5
55.94345239065544 -3.1887013581151837 NNW 55.943729554515194 -3.1888161631448932 0.0 131.25
55.943729554515194 -3.1888161631448932 NE 55.94394168654955 -3.1886040311105375 0.0 130.0
55.94394168654955 -3.1886040311105375 SW 55.943729554515194 -3.1888161631448932 0.0 128.75
55.943729554515194 -3.1888161631448932 W 55.943729554515194 -3.1891161631448934 0.0 127.5
55.943729554515194 -3.1891161631448934 ENE 55.943844359544904 -3.18883899928514 0.0 126.25
55.943844359544904 -3.18883899928514 SW 55.94363222751055 -3.189051131319496 0.0 125.0
55.94363222751055 -3.189051131319496 NE 55.943844359544904 -3.18883899928514 0.0 123.75
55.943844359544904 -3.18883899928514 SE 55.94363222751055 -3.1886268672507843 0.0 122.5
55.94363222751055 -3.1886268672507843 NW 55.943844359544904 -3.18883899928514 0.0 121.25
55.943844359544904 -3.18883899928514 ENE 55.943959164574615 -3.1885618354253866 0.0 120.0
55.943959164574615 -3.1885618354253866 WSW 55.943844359544904 -3.18883899928514 0.0 118.75
55.943844359544904 -3.18883899928514 NE 55.94405649157926 -3.1886268672507843 0.0 117.5
55.94405649157926 -3.1886268672507843 WSW 55.94394168654955 -3.1889040311105377 0.0 116.25
55.94394168654955 -3.1889040311105377 ENE 55.94405649157926 -3.1886268672507843 0.0 115.0
55.94405649157926 -3.1886268672507843 WSW 55.94394168654955 -3.1889040311105377 0.0 113.75
55.94394168654955 -3.1889040311105377 NE 55.94415381858391 -3.188691899076182 0.0 112.5
55.94415381858391 -3.188691899076182 S 55.943853818583904 -3.188691899076182 0.0 111.25
55.943853818583904 -3.188691899076182 N 55.94415381858391 -3.188691899076182 0.0 110.0
55.94415381858391 -3.188691899076182 SE 55.94394168654955 -3.188479767041826 0.0 108.75
55.94394168654955 -3.188479767041826 NW 55.94415381858391 -3.188691899076182 0.0 107.5
55.94415381858391 -3.188691899076182 ENE 55.94426862361362 -3.1884147352164285 0.0 106.25
55.94426862361362 -3.1884147352164285 WSW 55.94415381858391 -3.188691899076182 0.0 105.0
55.94415381858391 -3.188691899076182 ENE 55.94426862361362 -3.1884147352164285 0.0 103.75
55.94426862361362 -3.1884147352164285 WSW 55.94415381858391 -3.188691899076182 0.0 102.5
55.94415381858391 -3.188691899076182 NE 55.94436595061826 -3.188479767041826 0.0 101.25
55.94436595061826 -3.188479767041826 SW 55.94415381858391 -3.188691899076182 0.0 100.0
55.94415381858391 -3.188691899076182 NE 55.94436595061826 -3.188479767041826 0.0 98.75
55.94436595061826 -3.188479767041826 SW 55.94415381858391 -3.188691899076182 0.0 97.5
55.94415381858391 -3.188691899076182 NE 55.94436595061826 -3.188479767041826 0.0 96.25
55.94436595061826 -3.188479767041826 SSE 55.944088786758506 -3.1883649620121166 0.0 95.0
55.944088786758506 -3.1883649620121166 NNW 55.94436595061826 -3.188479767041826 0.0 93.75
55.94436595061826 -3.188479767041826 ESE 55.94425114558855 -3.1882026031820727 0.0 92.5
55.94425114558855 -3.1882026031820727 WNW 55.94436595061826 -3.188479767041826 0.0 91.25
55.94436595061826 -3.188479767041826 ESE 55.94425114558855 -3.1882026031820727 0.0 90.0
55.94425114558855 -3.1882026031820727 WNW 55.94436595061826 -3.188479767041826 0.0 88.75
55.94436595061826 -3.188479767041826 ESE 55.94425114558855 -3.1882026031820727 0.0 87.5
55.94425114558855 -3.1882026031820727 SW 55.944039013554196 -3.1884147352164285 0.0 86.25
55.944039013554196 -3.1884147352164285 NE 55.94425114558855 -3.1882026031820727 0.0 85.0
55.94425114558855 -3.1882026031820727 ENE 55.94436595061826 -3.1879254393223193 0.0 83.75
55.94436595061826 -3.1879254393223193 WSW 55.94425114558855 -3.1882026031820727 0.0 82.5
55.94425114558855 -3.1882026031820727 E 55.94425114558855 -3.1879026031820725 0.0 81.25
55.94425114558855 -3.1879026031820725 W 55.94425114558855 -3.1882026031820727 0.0 80.0
55.94425114558855 -3.1882026031820727 SE 55.944039013554196 -3.187990471147717 0.0 78.75
55.944039013554196 -3.187990471147717 NW 55.94425114558855 -3.1882026031820727 0.0 77.5
55.94425114558855 -3.1882026031820727 SE 55.944039013554196 -3.187990471147717 0.0 76.25
55.944039013554196 -3.187990471147717 NW 55.94425114558855 -3.1882026031820727 0.0 75.0
55.94425114558855 -3.1882026031820727 SSW 55.943973981728796 -3.1883174082117822 0.0 73.75
55.943973981728796 -3.1883174082117822 ENE 55.944088786758506 -3.188040244352029 0.0 72.5
55.944088786758506 -3.188040244352029 WSW 55.943973981728796 -3.1883174082117822 0.0 71.25
55.943973981728796 -3.1883174082117822 NNE 55.94425114558855 -3.1882026031820727 0.0 70.0
55.94425114558855 -3.1882026031820727 SW 55.944039013554196 -3.1884147352164285 0.0 68.75
55.944039013554196 -3.1884147352164285 NE 55.94425114558855 -3.1882026031820727 0.0 67.5
55.94425114558855 -3.1882026031820727 WSW 55.94413634055884 -3.188479767041826 0.0 66.25
55.94413634055884 -3.188479767041826 ENE 55.94425114558855 -3.1882026031820727 0.0 65.0
55.94425114558855 -3.1882026031820727 SW 55.944039013554196 -3.1884147352164285 0.0 63.75
55.944039013554196 -3.1884147352164285 NNE 55.94431617741395 -3.188299930186719 0.0 62.5
55.94431617741395 -3.188299930186719 SSW 55.944039013554196 -3.1884147352164285 0.0 61.25
55.944039013554196 -3.1884147352164285 N 55.9443390135542 -3.1884147352164285 0.0 60.0
55.9443390135542 -3.1884147352164285 S 55.944039013554196 -3.1884147352164285 0.0 58.75
55.944039013554196 -3.1884147352164285 E 55.944039013554196 -3.1881147352164283 0.0 57.5
55.944039013554196 -3.1881147352164283 W 55.944039013554196 -3.1884147352164285 0.0 56.25
55.944039013554196 -3.1884147352164285 E 55.944039013554196 -3.1881147352164283 0.0 55.0
55.944039013554196 -3.1881147352164283 WSW 55.943924208524486 -3.1883918990761817 0.0 53.75
55.943924208524486 -3.1883918990761817 NE 55.94413634055884 -3.188179767041826 0.0 52.5
55.94413634055884 -3.188179767041826 SW 55.943924208524486 -3.1883918990761817 0.0 51.25
55.943924208524486 -3.1883918990761817 SSW 55.94364704466473 -3.188506704105891 0.0 50.0
55.94364704466473 -3.188506704105891 NNE 55.943924208524486 -3.1883918990761817 0.0 48.75
55.943924208524486 -3.1883918990761817 S 55.94362420852448 -3.1883918990761817 0.0 47.5
55.94362420852448 -3.1883918990761817 N 55.943924208524486 -3.1883918990761817 0.0 46.25
55.943924208524486 -3.1883918990761817 S 55.94362420852448 -3.1883918990761817 0.0 45.0
55.94362420852448 -3.1883918990761817 N 55.943924208524486 -3.1883918990761817 0.0 43.75
55.943924208524486 -3.1883918990761817 ESE 55.943809403494775 -3.1881147352164283 0.0 42.5
55.943809403494775 -3.1881147352164283 WNW 55.943924208524486 -3.1883918990761817 0.0 41.25
55.943924208524486 -3.1883918990761817 ESE 55.943809403494775 -3.1881147352164283 0.0 40.0
55.943809403494775 -3.1881147352164283 WNW 55.943924208524486 -3.1883918990761817 0.0 38.75
55.943924208524486 -3.1883918990761817 ESE 55.943809403494775 -3.1881147352164283 0.0 37.5
55.943809403494775 -3.1881147352164283 W 55.943809403494775 -3.1884147352164285 0.0 36.25
55.943809403494775 -3.1884147352164285 E 55.943809403494775 -3.1881147352164283 0.0 35.0
55.943809403494775 -3.1881147352164283 WSW 55.943694598465065 -3.1883918990761817 0.0 33.75
55.943694598465065 -3.1883918990761817 E 55.943694598465065 -3.1880918990761815 0.0 32.5
55.943694598465065 -3.1880918990761815 W 55.943694598465065 -3.1883918990761817 0.0 31.25
55.943694598465065 -3.1883918990761817 E 55.943694598465065 -3.1880918990761815 0.0 30.0
55.943694598465065 -3.1880918990761815 W 55.943694598465065 -3.1883918990761817 0.0 28.75
55.943694598465065 -3.1883918990761817 E 55.943694598465065 -3.1880918990761815 0.0 27.5
55.943694598465065 -3.1880918990761815 WSW 55.943579793435354 -3.188369062935935 0.0 26.25
55.943579793435354 -3.188369062935935 ENE 55.943694598465065 -3.1880918990761815 0.0 25.0
55.943694598465065 -3.1880918990761815 SSE 55.94341743460531 -3.187977094046472 0.0 23.75
55.94341743460531 -3.187977094046472 NNW 55.943694598465065 -3.1880918990761815 0.0 22.5
55.943694598465065 -3.1880918990761815 ESE 55.943579793435354 -3.187814735216428 0.0 21.25
55.943579793435354 -3.187814735216428 WNW 55.943694598465065 -3.1880918990761815 0.0 20.0
55.943694598465065 -3.1880918990761815 ESE 55.943579793435354 -3.187814735216428 0.0 18.75
55.943579793435354 -3.187814735216428 WNW 55.943694598465065 -3.1880918990761815 0.0 17.5
55.943694598465065 -3.1880918990761815 E 55.943694598465065 -3.1877918990761813 0.0 16.25
55.943694598465065 -3.1877918990761813 W 55.943694598465065 -3.1880918990761815 0.0 15.0
55.943694598465065 -3.1880918990761815 NNE 55.94397176232482 -3.187977094046472 0.0 13.75
55.94397176232482 -3.187977094046472 WSW 55.94385695729511 -3.1882542579062254 0.0 12.5
55.94385695729511 -3.1882542579062254 ENE 55.94397176232482 -3.187977094046472 0.0 11.25
55.94397176232482 -3.187977094046472 WSW 55.94385695729511 -3.1882542579062254 0.0 10.0
55.94385695729511 -3.1882542579062254 ENE 55.94397176232482 -3.187977094046472 0.0 8.75
55.94397176232482 -3.187977094046472 W 55.94397176232482 -3.188277094046472 0.0 7.5
55.94397176232482 -3.188277094046472 E 55.94397176232482 -3.187977094046472 0.0 6.25
55.94397176232482 -3.187977094046472 WSW 55.94385695729511 -3.1882542579062254 0.0 5.0
55.94385695729511 -3.1882542579062254 NE 55.94406908932947 -3.1880421258718696 0.0 3.75
55.94406908932947 -3.1880421258718696 WSW 55.94395428429976 -3.188319289731623 0.0 2.5
55.94395428429976 -3.188319289731623 ENE 55.94406908932947 -3.1880421258718696 0.0 1.25
55.94406908932947 -3.1880421258718696 NNW 55.944346253189224 -3.188156930901579 0.0 0.0
