55.944425 -3.188396 NNE 55.94470216385976 -3.1882811949702905 0.0 248.75
55.94470216385976 -3.1882811949702905 S 55.944402163859756 -3.1882811949702905 0.0 247.5
55.944402163859756 -3.1882811949702905 WSW 55.944287358830046 -3.188558358830044 0.0 246.25
55.944287358830046 -3.188558358830044 ENE 55.944402163859756 -3.1882811949702905 0.0 245.0
55.944402163859756 -3.1882811949702905 SW 55.9441900318254 -3.1884933270046463 0.0 243.75
55.9441900318254 -3.1884933270046463 ENE 55.94430483685511 -3.188216163144893 0.0 242.5
55.94430483685511 -3.188216163144893 WSW 55.9441900318254 -3.1884933270046463 0.0 241.25
55.9441900318254 -3.1884933270046463 NE 55.944402163859756 -3.1882811949702905 0.0 240.0
55.944402163859756 -3.1882811949702905 SW 55.9441900318254 -3.1884933270046463 0.0 238.75
55.9441900318254 -3.1884933270046463 SSE 55.94391286796564 -3.1883785219749368 0.0 237.5
55.94391286796564 -3.1883785219749368 NNW 55.9441900318254 -3.1884933270046463 0.0 236.25
55.9441900318254 -3.1884933270046463 SE 55.943977899791044 -3.1882811949702905 0.0 235.0
55.943977899791044 -3.1882811949702905 NW 55.9441900318254 -3.1884933270046463 0.0 233.75
55.9441900318254 -3.1884933270046463 SSE 55.94391286796564 -3.1883785219749368 0.0 232.5
55.94391286796564 -3.1883785219749368 NNW 55.9441900318254 -3.1884933270046463 0.0 231.25
55.9441900318254 -3.1884933270046463 SSE 55.94391286796564 -3.1883785219749368 0.0 230.0
55.94391286796564 -3.1883785219749368 NNW 55.9441900318254 -3.1884933270046463 0.0 228.75
55.9441900318254 -3.1884933270046463 S 55.9438900318254 -3.1884933270046463 0.0 227.5
55.9438900318254 -3.1884933270046463 N 55.9441900318254 -3.1884933270046463 0.0 226.25
55.9441900318254 -3.1884933270046463 S 55.9438900318254 -3.1884933270046463 0.0 225.0
55.9438900318254 -3.1884933270046463 NNW 55.944167195685154 -3.188608132034356 0.0 223.75
55.944167195685154 -3.188608132034356 SSE 55.9438900318254 -3.1884933270046463 0.0 222.5
55.9438900318254 -3.1884933270046463 NNE 55.944167195685154 -3.1883785219749368 0.0 221.25
55.944167195685154 -3.1883785219749368 SSW 55.9438900318254 -3.1884933270046463 0.0 220.0
55.9438900318254 -3.1884933270046463 NE 55.94410216385975 -3.1882811949702905 0.0 218.75
55.94410216385975 -3.1882811949702905 SSW 55.943825 -3.188396 0.0 217.5
55.943825 -3.188396 WNW 55.94393980502971 -3.1886731638597534 0.0 216.25
55.94393980502971 -3.1886731638597534 ESE 55.943825 -3.188396 0.0 215.0
55.943825 -3.188396 NE 55.94403713203435 -3.1881838679656442 0.0 213.75
55.94403713203435 -3.1881838679656442 SW 55.943825 -3.188396 0.0 212.5
55.943825 -3.188396 NE 55.94403713203435 -3.1881838679656442 0.0 211.25
55.94403713203435 -3.1881838679656442 SW 55.943825 -3.188396 0.0 210.0
55.943825 -3.188396 E 55.943825 -3.188096 0.0 208.75
55.943825 -3.188096 WNW 55.94393980502971 -3.1883731638597532 0.0 207.5
55.94393980502971 -3.1883731638597532 ESE 55.943825 -3.188096 0.0 206.25
55.943825 -3.188096 W 55.943825 -3.188396 0.0 205.0
55.943825 -3.188396 SE 55.94361286796564 -3.1881838679656442 0.0 203.75
55.94361286796564 -3.1881838679656442 NNW 55.9438900318254 -3.1882986729953537 0.0 202.5
55.9438900318254 -3.1882986729953537 SSE 55.94361286796564 -3.1881838679656442 0.0 201.25
55.94361286796564 -3.1881838679656442 N 55.94391286796564 -3.1881838679656442 0.0 200.0
55.94391286796564 -3.1881838679656442 S 55.94361286796564 -3.1881838679656442 0.0 198.75
55.94361286796564 -3.1881838679656442 NNE 55.9438900318254 -3.1880690629359347 0.0 197.5
55.9438900318254 -3.1880690629359347 SSW 55.94361286796564 -3.1881838679656442 0.0 196.25
55.94361286796564 -3.1881838679656442 NNE 55.9438900318254 -3.1880690629359347 0.0 195.0
55.9438900318254 -3.1880690629359347 SSW 55.94361286796564 -3.1881838679656442 0.0 193.75
55.94361286796564 -3.1881838679656442 E 55.94361286796564 -3.187883867965644 0.0 192.5
55.94361286796564 -3.187883867965644 W 55.94361286796564 -3.1881838679656442 0.0 191.25
55.94361286796564 -3.1881838679656442 ENE 55.94372767299535 -3.187906704105891 0.0 190.0
55.94372767299535 -3.187906704105891 SW 55.943515540960995 -3.1881188361402466 0.0 188.75
55.943515540960995 -3.1881188361402466 NE 55.94372767299535 -3.187906704105891 0.0 187.5
55.94372767299535 -3.187906704105891 SSW 55.943450509135594 -3.1880215091356003 0.0 186.25
55.943450509135594 -3.1880215091356003 NNE 55.94372767299535 -3.187906704105891 0.0 185.0
55.94372767299535 -3.187906704105891 WSW 55.94361286796564 -3.1881838679656442 0.0 183.75
55.94361286796564 -3.1881838679656442 ENE 55.94372767299535 -3.187906704105891 0.0 182.5
55.94372767299535 -3.187906704105891 NNW 55.94400483685511 -3.1880215091356003 0.0 181.25
55.94400483685511 -3.1880215091356003 S 55.943704836855105 -3.1880215091356003 0.0 180.0
55.943704836855105 -3.1880215091356003 N 55.94400483685511 -3.1880215091356003 0.0 178.75
55.94400483685511 -3.1880215091356003 WSW 55.9438900318254 -3.1882986729953537 0.0 177.5
55.9438900318254 -3.1882986729953537 ENE 55.94400483685511 -3.1880215091356003 0.0 176.25
55.94400483685511 -3.1880215091356003 WSW 55.9438900318254 -3.1882986729953537 0.0 175.0
55.9438900318254 -3.1882986729953537 ENE 55.94400483685511 -3.1880215091356003 0.0 173.75
55.94400483685511 -3.1880215091356003 WSW 55.9438900318254 -3.1882986729953537 0.0 172.5
55.9438900318254 -3.1882986729953537 NE 55.94410216385975 -3.188086540960998 0.0 171.25
55.94410216385975 -3.188086540960998 SW 55.9438900318254 -3.1882986729953537 0.0 170.0
55.9438900318254 -3.1882986729953537 NE 55.94410216385975 -3.188086540960998 0.0 168.75
55.94410216385975 -3.188086540960998 SW 55.9438900318254 -3.1882986729953537 0.0 167.5
55.9438900318254 -3.1882986729953537 NE 55.94410216385975 -3.188086540960998 0.0 166.25
55.94410216385975 -3.188086540960998 W 55.94410216385975 -3.188386540960998 0.0 165.0
55.94410216385975 -3.188386540960998 E 55.94410216385975 -3.188086540960998 0.0 163.75
55.94410216385975 -3.188086540960998 WNW 55.944216968889464 -3.1883637048207514 0.0 162.5
55.944216968889464 -3.1883637048207514 ESE 55.94410216385975 -3.188086540960998 0.0 161.25
55.94410216385975 -3.188086540960998 NW 55.94431429589411 -3.1882986729953537 0.0 160.0
55.94431429589411 -3.1882986729953537 ESE 55.9441994908644 -3.1880215091356003 0.0 158.75
55.9441994908644 -3.1880215091356003 W 55.9441994908644 -3.1883215091356005 0.0 157.5
55.9441994908644 -3.1883215091356005 ENE 55.94431429589411 -3.188044345275847 0.0 156.25
55.94431429589411 -3.188044345275847 WSW 55.9441994908644 -3.1883215091356005 0.0 155.0
55.9441994908644 -3.1883215091356005 NE 55.944411622898755 -3.1881093771012448 0.0 153.75
55.944411622898755 -3.1881093771012448 SW 55.9441994908644 -3.1883215091356005 0.0 152.5
55.9441994908644 -3.1883215091356005 NNE 55.944476654724156 -3.188206704105891 0.0 151.25
55.944476654724156 -3.188206704105891 SSW 55.9441994908644 -3.1883215091356005 0.0 150.0
55.9441994908644 -3.1883215091356005 NNE 55.944476654724156 -3.188206704105891 0.0 148.75
55.944476654724156 -3.188206704105891 SSW 55.9441994908644 -3.1883215091356005 0.0 147.5
55.9441994908644 -3.1883215091356005 N 55.9444994908644 -3.1883215091356005 0.0 146.25
55.9444994908644 -3.1883215091356005 S 55.9441994908644 -3.1883215091356005 0.0 145.0
55.9441994908644 -3.1883215091356005 N 55.9444994908644 -3.1883215091356005 0.0 143.75
55.9444994908644 -3.1883215091356005 SSE 55.944222327004645 -3.188206704105891 0.0 142.5
55.944222327004645 -3.188206704105891 NNW 55.9444994908644 -3.1883215091356005 0.0 141.25
55.9444994908644 -3.1883215091356005 ESE 55.94438468583469 -3.188044345275847 0.0 140.0
55.94438468583469 -3.188044345275847 WNW 55.9444994908644 -3.1883215091356005 0.0 138.75
55.9444994908644 -3.1883215091356005 E 55.9444994908644 -3.1880215091356003 0.0 137.5
55.9444994908644 -3.1880215091356003 W 55.9444994908644 -3.1883215091356005 0.0 136.25
55.9444994908644 -3.1883215091356005 NE 55.94471162289876 -3.1881093771012448 0.0 135.0
55.94471162289876 -3.1881093771012448 SW 55.9444994908644 -3.1883215091356005 0.0 133.75
55.9444994908644 -3.1883215091356005 NE 55.94471162289876 -3.1881093771012448 0.0 132.5
55.94471162289876 -3.1881093771012448 WSW 55.94459681786905 -3.188386540960998 0.0 131.25
55.94459681786905 -3.188386540960998 ENE 55.94471162289876 -3.1881093771012448 0.0 130.0
55.94471162289876 -3.1881093771012448 WSW 55.94459681786905 -3.188386540960998 0.0 128.75
55.94459681786905 -3.188386540960998 ENE 55.94471162289876 -3.1881093771012448 0.0 127.5
55.94471162289876 -3.1881093771012448 WSW 55.94459681786905 -3.188386540960998 0.0 126.25
55.94459681786905 -3.188386540960998 N 55.94489681786905 -3.188386540960998 0.0 125.0
55.94489681786905 -3.188386540960998 SW 55.944684685834694 -3.188598672995354 0.0 123.75
55.944684685834694 -3.188598672995354 NE 55.94489681786905 -3.188386540960998 0.0 122.5
55.94489681786905 -3.188386540960998 E 55.94489681786905 -3.188086540960998 0.0 121.25
55.94489681786905 -3.188086540960998 W 55.94489681786905 -3.188386540960998 0.0 120.0
55.94489681786905 -3.188386540960998 S 55.94459681786905 -3.188386540960998 0.0 118.75
55.94459681786905 -3.188386540960998 N 55.94489681786905 -3.188386540960998 0.0 117.5
55.94489681786905 -3.188386540960998 SSE 55.944619654009294 -3.1882717359312887 0.0 116.25
55.944619654009294 -3.1882717359312887 N 55.9449196540093 -3.1882717359312887 0.0 115.0
55.9449196540093 -3.1882717359312887 ENE 55.94503445903901 -3.1879945720715352 0.0 113.75
55.94503445903901 -3.1879945720715352 WSW 55.9449196540093 -3.1882717359312887 0.0 112.5
55.9449196540093 -3.1882717359312887 WNW 55.94503445903901 -3.188548899791042 0.0 111.25
55.94503445903901 -3.188548899791042 ESE 55.9449196540093 -3.1882717359312887 0.0 110.0
55.9449196540093 -3.1882717359312887 E 55.9449196540093 -3.1879717359312885 0.0 108.75
55.9449196540093 -3.1879717359312885 W 55.9449196540093 -3.1882717359312887 0.0 107.5
55.9449196540093 -3.1882717359312887 SSW 55.94464249014954 -3.188386540960998 0.0 106.25
55.94464249014954 -3.188386540960998 NNE 55.9449196540093 -3.1882717359312887 0.0 105.0
55.9449196540093 -3.1882717359312887 E 55.9449196540093 -3.1879717359312885 0.0 103.75
55.9449196540093 -3.1879717359312885 WNW 55.94503445903901 -3.188248899791042 0.0 102.5
55.94503445903901 -3.188248899791042 SE 55.94482232700465 -3.188036767756686 0.0 101.25
55.94482232700465 -3.188036767756686 NNW 55.94509949086441 -3.1881515727863956 0.0 100.0
55.94509949086441 -3.1881515727863956 SE 55.94488735883005 -3.18793944075204 0.0 98.75
55.94488735883005 -3.18793944075204 NW 55.94509949086441 -3.1881515727863956 0.0 97.5
55.94509949086441 -3.1881515727863956 SSE 55.94482232700465 -3.188036767756686 0.0 96.25
55.94482232700465 -3.188036767756686 NNW 55.94509949086441 -3.1881515727863956 0.0 95.0
55.94509949086441 -3.1881515727863956 E 55.94509949086441 -3.1878515727863954 0.0 93.75
55.94509949086441 -3.1878515727863954 W 55.94509949086441 -3.1881515727863956 0.0 92.5
55.94509949086441 -3.1881515727863956 E 55.94509949086441 -3.1878515727863954 0.0 91.25
55.94509949086441 -3.1878515727863954 WSW 55.9449846858347 -3.188128736646149 0.0 90.0
55.9449846858347 -3.188128736646149 E 55.9449846858347 -3.1878287366461486 0.0 88.75
55.9449846858347 -3.1878287366461486 W 55.9449846858347 -3.188128736646149 0.0 87.5
55.9449846858347 -3.188128736646149 ESE 55.94486988080499 -3.1878515727863954 0.0 86.25
55.94486988080499 -3.1878515727863954 WNW 55.9449846858347 -3.188128736646149 0.0 85.0
55.9449846858347 -3.188128736646149 ESE 55.94486988080499 -3.1878515727863954 0.0 83.75
55.94486988080499 -3.1878515727863954 WSW 55.94475507577528 -3.188128736646149 0.0 82.5
55.94475507577528 -3.188128736646149 ENE 55.94486988080499 -3.1878515727863954 0.0 81.25
55.94486988080499 -3.1878515727863954 WSW 55.94475507577528 -3.188128736646149 0.0 80.0
55.94475507577528 -3.188128736646149 ENE 55.94486988080499 -3.1878515727863954 0.0 78.75
55.94486988080499 -3.1878515727863954 WSW 55.94475507577528 -3.188128736646149 0.0 77.5
55.94475507577528 -3.188128736646149 ENE 55.94486988080499 -3.1878515727863954 0.0 76.25
55.94486988080499 -3.1878515727863954 WSW 55.94475507577528 -3.188128736646149 0.0 75.0
55.94475507577528 -3.188128736646149 NNE 55.94503223963503 -3.1880139316164393 0.0 73.75
55.94503223963503 -3.1880139316164393 SSW 55.94475507577528 -3.188128736646149 0.0 72.5
55.94475507577528 -3.188128736646149 NNW 55.94503223963503 -3.1882435416758583 0.0 71.25
55.94503223963503 -3.1882435416758583 SSE 55.94475507577528 -3.188128736646149 0.0 70.0
55.94475507577528 -3.188128736646149 S 55.944455075775274 -3.188128736646149 0.0 68.75
55.944455075775274 -3.188128736646149 NNE 55.94473223963503 -3.1880139316164393 0.0 67.5
55.94473223963503 -3.1880139316164393 SSW 55.944455075775274 -3.188128736646149 0.0 66.25
55.944455075775274 -3.188128736646149 NNE 55.94473223963503 -3.1880139316164393 0.0 65.0
55.94473223963503 -3.1880139316164393 S 55.94443223963503 -3.1880139316164393 0.0 63.75
55.94443223963503 -3.1880139316164393 N 55.94473223963503 -3.1880139316164393 0.0 62.5
55.94473223963503 -3.1880139316164393 SE 55.944520107600674 -3.1878017995820835 0.0 61.25
55.944520107600674 -3.1878017995820835 NW 55.94473223963503 -3.1880139316164393 0.0 60.0
55.94473223963503 -3.1880139316164393 E 55.94473223963503 -3.187713931616439 0.0 58.75
55.94473223963503 -3.187713931616439 W 55.94473223963503 -3.1880139316164393 0.0 57.5
55.94473223963503 -3.1880139316164393 NNW 55.94500940349479 -3.188128736646149 0.0 56.25
55.94500940349479 -3.188128736646149 SSE 55.94473223963503 -3.1880139316164393 0.0 55.0
55.94473223963503 -3.1880139316164393 ESE 55.94461743460532 -3.187736767756686 0.0 53.75
55.94461743460532 -3.187736767756686 W 55.94461743460532 -3.188036767756686 0.0 52.5
55.94461743460532 -3.188036767756686 E 55.94461743460532 -3.187736767756686 0.0 51.25
55.94461743460532 -3.187736767756686 W 55.94461743460532 -3.188036767756686 0.0 50.0
55.94461743460532 -3.188036767756686 E 55.94461743460532 -3.187736767756686 0.0 48.75
55.94461743460532 -3.187736767756686 W 55.94461743460532 -3.188036767756686 0.0 47.5
55.94461743460532 -3.188036767756686 E 55.94461743460532 -3.187736767756686 0.0 46.25
55.94461743460532 -3.187736767756686 WSW 55.94450262957561 -3.1880139316164393 0.0 45.0
55.94450262957561 -3.1880139316164393 ENE 55.94461743460532 -3.187736767756686 0.0 43.75
55.94461743460532 -3.187736767756686 SW 55.944405302570964 -3.1879488997910417 0.0 42.5
55.944405302570964 -3.1879488997910417 NE 55.94461743460532 -3.187736767756686 0.0 41.25
55.94461743460532 -3.187736767756686 SW 55.944405302570964 -3.1879488997910417 0.0 40.0
55.944405302570964 -3.1879488997910417 NE 55.94461743460532 -3.187736767756686 0.0 38.75
55.94461743460532 -3.187736767756686 WSW 55.94450262957561 -3.1880139316164393 0.0 37.5
55.94450262957561 -3.1880139316164393 NNE 55.944779793435366 -3.18789912658673 0.0 36.25
55.944779793435366 -3.18789912658673 SSW 55.94450262957561 -3.1880139316164393 0.0 35.0
55.94450262957561 -3.1880139316164393 NW 55.944714761609966 -3.188226063650795 0.0 33.75
55.944714761609966 -3.188226063650795 SE 55.94450262957561 -3.1880139316164393 0.0 32.5
55.94450262957561 -3.1880139316164393 E 55.94450262957561 -3.187713931616439 0.0 31.25
55.94450262957561 -3.187713931616439 W 55.94450262957561 -3.1880139316164393 0.0 30.0
55.94450262957561 -3.1880139316164393 WSW 55.9443878245459 -3.1882910954761927 0.0 28.75
55.9443878245459 -3.1882910954761927 ENE 55.94450262957561 -3.1880139316164393 0.0 27.5
55.94450262957561 -3.1880139316164393 SW 55.94429049754125 -3.188226063650795 0.0 26.25
55.94429049754125 -3.188226063650795 NE 55.94450262957561 -3.1880139316164393 0.0 25.0
55.94450262957561 -3.1880139316164393 SSW 55.94422546571585 -3.188128736646149 0.0 23.75
55.94422546571585 -3.188128736646149 NNE 55.94450262957561 -3.1880139316164393 0.0 22.5
55.94450262957561 -3.1880139316164393 S 55.94420262957561 -3.1880139316164393 0.0 21.25
55.94420262957561 -3.1880139316164393 N 55.94450262957561 -3.1880139316164393 0.0 20.0
55.94450262957561 -3.1880139316164393 SE 55.94429049754125 -3.1878017995820835 0.0 18.75
55.94429049754125 -3.1878017995820835 WNW 55.944405302570964 -3.188078963441837 0.0 17.5
55.944405302570964 -3.188078963441837 SE 55.94419317053661 -3.187866831407481 0.0 16.25
55.94419317053661 -3.187866831407481 NW 55.944405302570964 -3.188078963441837 0.0 15.0
55.944405302570964 -3.188078963441837 ESE 55.94429049754125 -3.1878017995820835 0.0 13.75
55.94429049754125 -3.1878017995820835 WNW 55.944405302570964 -3.188078963441837 0.0 12.5
55.944405302570964 -3.188078963441837 ESE 55.94429049754125 -3.1878017995820835 0.0 11.25
55.94429049754125 -3.1878017995820835 NNW 55.94456766140101 -3.187916604611793 0.0 10.0
55.94456766140101 -3.187916604611793 SSE 55.94429049754125 -3.1878017995820835 0.0 8.75
55.94429049754125 -3.1878017995820835 NE 55.94450262957561 -3.1875896675477278 0.0 7.5
55.94450262957561 -3.1875896675477278 SW 55.94429049754125 -3.1878017995820835 0.0 6.25
55.94429049754125 -3.1878017995820835 NE 55.94450262957561 -3.1875896675477278 0.0 5.0
55.94450262957561 -3.1875896675477278 S 55.94420262957561 -3.1875896675477278 0.0 3.75
55.94420262957561 -3.1875896675477278 NNW 55.94447979343536 -3.1877044725774373 0.0 2.5
55.94447979343536 -3.1877044725774373 SSE 55.94420262957561 -3.1875896675477278 0.0 1.25
55.94420262957561 -3.1875896675477278 NNE 55.94447979343536 -3.1874748625180183 0.0 0.0
