55.944425 -3.188396 E 55.944425 -3.188096 0.0 248.75
55.944425 -3.188096 WNW 55.94453980502971 -3.1883731638597532 0.0 247.5
55.94453980502971 -3.1883731638597532 SE 55.94432767299536 -3.1881610318253975 0.0 246.25
55.94432767299536 -3.1881610318253975 NW 55.94453980502971 -3.1883731638597532 0.0 245.0
55.94453980502971 -3.1883731638597532 SSE 55.944262641169956 -3.1882583588300437 0.0 243.75
55.944262641169956 -3.1882583588300437 NNW 55.94453980502971 -3.1883731638597532 0.0 242.5
55.94453980502971 -3.1883731638597532 SSE 55.944262641169956 -3.1882583588300437 0.0 241.25
55.944262641169956 -3.1882583588300437 NNW 55.94453980502971 -3.1883731638597532 0.0 240.0
55.94453980502971 -3.1883731638597532 ESE 55.944425 -3.188096 0.0 238.75
55.944425 -3.188096 WNW 55.94453980502971 -3.1883731638597532 0.0 237.5
55.94453980502971 -3.1883731638597532 ESE 55.944425 -3.188096 0.0 236.25
55.944425 -3.188096 NW 55.94463713203436 -3.1883081320343556 0.0 235.0
55.94463713203436 -3.1883081320343556 E 55.94463713203436 -3.1880081320343554 0.0 233.75
55.94463713203436 -3.1880081320343554 W 55.94463713203436 -3.1883081320343556 0.0 232.5
55.94463713203436 -3.1883081320343556 WSW 55.94452232700465 -3.188585295894109 0.0 231.25
55.94452232700465 -3.188585295894109 ENE 55.94463713203436 -3.1883081320343556 0.0 230.0
55.94463713203436 -3.1883081320343556 E 55.94463713203436 -3.1880081320343554 0.0 228.75
55.94463713203436 -3.1880081320343554 W 55.94463713203436 -3.1883081320343556 0.0 227.5
55.94463713203436 -3.1883081320343556 NNW 55.944914295894115 -3.188422937064065 0.0 226.25
55.944914295894115 -3.188422937064065 S 55.94461429589411 -3.188422937064065 0.0 225.0
55.94461429589411 -3.188422937064065 N 55.944914295894115 -3.188422937064065 0.0 223.75
55.944914295894115 -3.188422937064065 S 55.94461429589411 -3.188422937064065 0.0 222.5
55.94461429589411 -3.188422937064065 N 55.944914295894115 -3.188422937064065 0.0 221.25
55.944914295894115 -3.188422937064065 SSE 55.94463713203436 -3.1883081320343556 0.0 220.0
55.94463713203436 -3.1883081320343556 N 55.94493713203436 -3.1883081320343556 0.0 218.75
55.94493713203436 -3.1883081320343556 SE 55.944725000000005 -3.188096 0.0 217.5
55.944725000000005 -3.188096 NW 55.94493713203436 -3.1883081320343556 0.0 216.25
55.94493713203436 -3.1883081320343556 SE 55.944725000000005 -3.188096 0.0 215.0
55.944725000000005 -3.188096 WNW 55.944839805029716 -3.1883731638597532 41.190460205078125 334.9419403076172
55.944839805029716 -3.1883731638597532 E 55.944839805029716 -3.188073163859753 41.190460205078125 333.6919403076172
55.944839805029716 -3.188073163859753 W 55.944839805029716 -3.1883731638597532 41.190460205078125 332.4419403076172
55.944839805029716 -3.1883731638597532 E 55.944839805029716 -3.188073163859753 41.190460205078125 331.1919403076172
55.944839805029716 -3.188073163859753 N 55.94513980502972 -3.188073163859753 41.190460205078125 329.9419403076172
55.94513980502972 -3.188073163859753 SSE 55.94486264116996 -3.1879583588300435 41.190460205078125 328.6919403076172
55.94486264116996 -3.1879583588300435 NW 55.94507477320432 -3.1881704908643993 41.190460205078125 327.4419403076172
55.94507477320432 -3.1881704908643993 SE 55.94486264116996 -3.1879583588300435 41.190460205078125 326.1919403076172
55.94486264116996 -3.1879583588300435 E 55.94486264116996 -3.1876583588300433 41.190460205078125 324.9419403076172
55.94486264116996 -3.1876583588300433 W 55.94486264116996 -3.1879583588300435 41.190460205078125 323.6919403076172
55.94486264116996 -3.1879583588300435 SSW 55.944585477310206 -3.188073163859753 41.190460205078125 322.4419403076172
55.944585477310206 -3.188073163859753 NNE 55.94486264116996 -3.1879583588300435 41.190460205078125 321.1919403076172
55.94486264116996 -3.1879583588300435 SSW 55.944585477310206 -3.188073163859753 41.190460205078125 319.9419403076172
55.944585477310206 -3.188073163859753 N 55.94488547731021 -3.188073163859753 41.190460205078125 318.6919403076172
55.94488547731021 -3.188073163859753 S 55.944585477310206 -3.188073163859753 41.190460205078125 317.4419403076172
55.944585477310206 -3.188073163859753 NNE 55.94486264116996 -3.1879583588300435 41.190460205078125 316.1919403076172
55.94486264116996 -3.1879583588300435 S 55.94456264116996 -3.1879583588300435 41.190460205078125 314.9419403076172
55.94456264116996 -3.1879583588300435 N 55.94486264116996 -3.1879583588300435 41.190460205078125 313.6919403076172
55.94486264116996 -3.1879583588300435 S 55.94456264116996 -3.1879583588300435 41.190460205078125 312.4419403076172
55.94456264116996 -3.1879583588300435 E 55.94456264116996 -3.1876583588300433 41.190460205078125 311.1919403076172
55.94456264116996 -3.1876583588300433 W 55.94456264116996 -3.1879583588300435 41.190460205078125 309.9419403076172
55.94456264116996 -3.1879583588300435 ENE 55.94467744619967 -3.18768119497029 41.190460205078125 308.6919403076172
55.94467744619967 -3.18768119497029 WSW 55.94456264116996 -3.1879583588300435 41.190460205078125 307.4419403076172
55.94456264116996 -3.1879583588300435 ENE 55.94467744619967 -3.18768119497029 41.190460205078125 306.1919403076172
55.94467744619967 -3.18768119497029 WSW 55.94456264116996 -3.1879583588300435 41.190460205078125 304.9419403076172
55.94456264116996 -3.1879583588300435 ESE 55.94444783614025 -3.18768119497029 41.190460205078125 303.6919403076172
55.94444783614025 -3.18768119497029 NW 55.944659968174605 -3.187893327004646 41.190460205078125 302.4419403076172
55.944659968174605 -3.187893327004646 SSE 55.94438280431485 -3.1877785219749364 41.190460205078125 301.1919403076172
55.94438280431485 -3.1877785219749364 N 55.94468280431485 -3.1877785219749364 41.190460205078125 299.9419403076172
55.94468280431485 -3.1877785219749364 S 55.94438280431485 -3.1877785219749364 41.190460205078125 298.6919403076172
55.94438280431485 -3.1877785219749364 N 55.94468280431485 -3.1877785219749364 41.190460205078125 297.4419403076172
55.94468280431485 -3.1877785219749364 SSE 55.944405640455095 -3.187663716945227 41.190460205078125 296.1919403076172
55.944405640455095 -3.187663716945227 N 55.9447056404551 -3.187663716945227 41.190460205078125 294.9419403076172
55.9447056404551 -3.187663716945227 S 55.944405640455095 -3.187663716945227 41.190460205078125 293.6919403076172
55.944405640455095 -3.187663716945227 SW 55.94419350842074 -3.1878758489795826 41.190460205078125 292.4419403076172
55.94419350842074 -3.1878758489795826 NE 55.944405640455095 -3.187663716945227 41.190460205078125 291.1919403076172
55.944405640455095 -3.187663716945227 S 55.94410564045509 -3.187663716945227 41.190460205078125 289.9419403076172
55.94410564045509 -3.187663716945227 N 55.944405640455095 -3.187663716945227 41.190460205078125 288.6919403076172
55.944405640455095 -3.187663716945227 SSE 55.94412847659534 -3.1875489119155174 41.190460205078125 287.4419403076172
55.94412847659534 -3.1875489119155174 SSE 55.94385131273558 -3.187434106885808 41.190460205078125 286.1919403076172
55.94385131273558 -3.187434106885808 NNW 55.94412847659534 -3.1875489119155174 41.190460205078125 284.9419403076172
55.94412847659534 -3.1875489119155174 E 55.94412847659534 -3.187248911915517 41.190460205078125 283.6919403076172
55.94412847659534 -3.187248911915517 WNW 55.94424328162505 -3.1875260757752706 41.190460205078125 282.4419403076172
55.94424328162505 -3.1875260757752706 ESE 55.94412847659534 -3.187248911915517 41.190460205078125 281.1919403076172
55.94412847659534 -3.187248911915517 WNW 55.94424328162505 -3.1875260757752706 41.190460205078125 279.9419403076172
55.94424328162505 -3.1875260757752706 NE 55.944455413659405 -3.187313943740915 41.190460205078125 278.6919403076172
55.944455413659405 -3.187313943740915 S 55.9441554136594 -3.187313943740915 41.190460205078125 277.4419403076172
55.9441554136594 -3.187313943740915 NNW 55.94443257751916 -3.1874287487706243 41.190460205078125 276.1919403076172
55.94443257751916 -3.1874287487706243 SSE 55.9441554136594 -3.187313943740915 41.190460205078125 274.9419403076172
55.9441554136594 -3.187313943740915 W 55.9441554136594 -3.187613943740915 41.190460205078125 273.6919403076172
55.9441554136594 -3.187613943740915 ESE 55.94404060862969 -3.1873367798811616 41.190460205078125 272.4419403076172
55.94404060862969 -3.1873367798811616 NW 55.94425274066405 -3.1875489119155174 41.190460205078125 271.1919403076172
55.94425274066405 -3.1875489119155174 SE 55.94404060862969 -3.1873367798811616 41.190460205078125 269.9419403076172
55.94404060862969 -3.1873367798811616 NNE 55.94431777248945 -3.187221974851452 41.190460205078125 268.6919403076172
55.94431777248945 -3.187221974851452 S 55.944017772489445 -3.187221974851452 41.190460205078125 267.4419403076172
55.944017772489445 -3.187221974851452 N 55.94431777248945 -3.187221974851452 41.190460205078125 266.1919403076172
55.94431777248945 -3.187221974851452 S 55.944017772489445 -3.187221974851452 41.190460205078125 264.9419403076172
55.944017772489445 -3.187221974851452 E 55.944017772489445 -3.186921974851452 41.190460205078125 263.6919403076172
55.944017772489445 -3.186921974851452 W 55.944017772489445 -3.187221974851452 41.190460205078125 262.4419403076172
55.944017772489445 -3.187221974851452 ENE 55.944132577519156 -3.1869448109916987 41.190460205078125 261.1919403076172
55.944132577519156 -3.1869448109916987 WSW 55.944017772489445 -3.187221974851452 41.190460205078125 259.9419403076172
55.944017772489445 -3.187221974851452 NNW 55.9442949363492 -3.1873367798811616 41.190460205078125 258.6919403076172
55.9442949363492 -3.1873367798811616 SSE 55.944017772489445 -3.187221974851452 41.190460205078125 257.4419403076172
55.944017772489445 -3.187221974851452 ESE 55.943902967459735 -3.1869448109916987 41.190460205078125 256.1919403076172
55.943902967459735 -3.1869448109916987 WNW 55.944017772489445 -3.187221974851452 41.190460205078125 254.9419403076172
55.944017772489445 -3.187221974851452 NNE 55.9442949363492 -3.1871071698217426 84.5128402709961 355.40796661376953
55.9442949363492 -3.1871071698217426 SSW 55.944017772489445 -3.187221974851452 84.5128402709961 354.15796661376953
55.944017772489445 -3.187221974851452 S 55.94371777248944 -3.187221974851452 85.87429964542389 433.5542221069336
55.94371777248944 -3.187221974851452 N 55.944017772489445 -3.187221974851452 85.87429964542389 432.3042221069336
55.944017772489445 -3.187221974851452 S 55.94371777248944 -3.187221974851452 85.87429964542389 431.0542221069336
55.94371777248944 -3.187221974851452 NNE 55.9439949363492 -3.1871071698217426 85.87429964542389 429.8042221069336
55.9439949363492 -3.1871071698217426 S 55.943694936349196 -3.1871071698217426 85.87429964542389 428.5542221069336
55.943694936349196 -3.1871071698217426 N 55.9439949363492 -3.1871071698217426 85.87429964542389 427.3042221069336
55.9439949363492 -3.1871071698217426 S 55.943694936349196 -3.1871071698217426 85.87429964542389 426.0542221069336
55.943694936349196 -3.1871071698217426 W 55.943694936349196 -3.1874071698217428 85.87429964542389 424.8042221069336
55.943694936349196 -3.1874071698217428 E 55.943694936349196 -3.1871071698217426 85.87429964542389 423.5542221069336
55.943694936349196 -3.1871071698217426 SW 55.94348280431484 -3.1873193018560984 85.87429964542389 422.3042221069336
55.94348280431484 -3.1873193018560984 NE 55.943694936349196 -3.1871071698217426 85.87429964542389 421.0542221069336
55.943694936349196 -3.1871071698217426 SW 55.94348280431484 -3.1873193018560984 85.87429964542389 419.8042221069336
55.94348280431484 -3.1873193018560984 NE 55.943694936349196 -3.1871071698217426 85.87429964542389 418.5542221069336
55.943694936349196 -3.1871071698217426 SW 55.94348280431484 -3.1873193018560984 85.87429964542389 417.3042221069336
55.94348280431484 -3.1873193018560984 N 55.94378280431484 -3.1873193018560984 85.87429964542389 416.0542221069336
55.94378280431484 -3.1873193018560984 S 55.94348280431484 -3.1873193018560984 85.87429964542389 414.8042221069336
55.94348280431484 -3.1873193018560984 NNW 55.9437599681746 -3.187434106885808 85.87429964542389 413.5542221069336
55.9437599681746 -3.187434106885808 S 55.943459968174594 -3.187434106885808 85.87429964542389 412.3042221069336
55.943459968174594 -3.187434106885808 N 55.9437599681746 -3.187434106885808 85.87429964542389 411.0542221069336
55.9437599681746 -3.187434106885808 S 55.943459968174594 -3.187434106885808 85.87429964542389 409.8042221069336
55.943459968174594 -3.187434106885808 N 55.9437599681746 -3.187434106885808 85.87429964542389 408.5542221069336
55.9437599681746 -3.187434106885808 S 55.943459968174594 -3.187434106885808 85.87429964542389 407.3042221069336
55.943459968174594 -3.187434106885808 NW 55.94367210020895 -3.1876462389201636 85.87429964542389 406.0542221069336
55.94367210020895 -3.1876462389201636 SE 55.943459968174594 -3.187434106885808 85.87429964542389 404.8042221069336
55.943459968174594 -3.187434106885808 NW 55.94367210020895 -3.1876462389201636 85.87429964542389 403.5542221069336
55.94367210020895 -3.1876462389201636 SE 55.943459968174594 -3.187434106885808 85.87429964542389 402.3042221069336
55.943459968174594 -3.187434106885808 SSW 55.94318280431484 -3.1875489119155174 85.87429964542389 401.0542221069336
55.94318280431484 -3.1875489119155174 NNE 55.943459968174594 -3.187434106885808 85.87429964542389 399.8042221069336
55.943459968174594 -3.187434106885808 SSW 55.94318280431484 -3.1875489119155174 85.87429964542389 398.5542221069336
55.94318280431484 -3.1875489119155174 N 55.94348280431484 -3.1875489119155174 85.87429964542389 397.3042221069336
55.94348280431484 -3.1875489119155174 SSW 55.94320564045508 -3.187663716945227 85.87429964542389 396.0542221069336
55.94320564045508 -3.187663716945227 NNE 55.94348280431484 -3.1875489119155174 85.87429964542389 394.8042221069336
55.94348280431484 -3.1875489119155174 S 55.94318280431484 -3.1875489119155174 85.87429964542389 393.5542221069336
55.94318280431484 -3.1875489119155174 NE 55.94339493634919 -3.1873367798811616 85.87429964542389 392.3042221069336
55.94339493634919 -3.1873367798811616 SW 55.94318280431484 -3.1875489119155174 85.87429964542389 391.0542221069336
55.94318280431484 -3.1875489119155174 S 55.942882804314834 -3.1875489119155174 85.87429964542389 389.8042221069336
55.942882804314834 -3.1875489119155174 N 55.94318280431484 -3.1875489119155174 85.87429964542389 388.5542221069336
55.94318280431484 -3.1875489119155174 NE 55.94339493634919 -3.1873367798811616 85.87429964542389 387.3042221069336
55.94339493634919 -3.1873367798811616 SW 55.94318280431484 -3.1875489119155174 85.87429964542389 386.0542221069336
55.94318280431484 -3.1875489119155174 S 55.942882804314834 -3.1875489119155174 85.87429964542389 384.8042221069336
55.942882804314834 -3.1875489119155174 N 55.94318280431484 -3.1875489119155174 85.87429964542389 383.5542221069336
55.94318280431484 -3.1875489119155174 S 55.942882804314834 -3.1875489119155174 85.87429964542389 382.3042221069336
55.942882804314834 -3.1875489119155174 NNE 55.94315996817459 -3.187434106885808 85.87429964542389 381.0542221069336
55.94315996817459 -3.187434106885808 SSW 55.942882804314834 -3.1875489119155174 85.87429964542389 379.8042221069336
55.942882804314834 -3.1875489119155174 NNE 55.94315996817459 -3.187434106885808 85.87429964542389 378.5542221069336
55.94315996817459 -3.187434106885808 SSW 55.942882804314834 -3.1875489119155174 85.87429964542389 377.3042221069336
55.942882804314834 -3.1875489119155174 NE 55.94309493634919 -3.1873367798811616 85.87429964542389 376.0542221069336
55.94309493634919 -3.1873367798811616 SSW 55.942817772489434 -3.187451584910871 85.87429964542389 374.8042221069336
55.942817772489434 -3.187451584910871 NNE 55.94309493634919 -3.1873367798811616 85.87429964542389 373.5542221069336
55.94309493634919 -3.1873367798811616 SSW 55.942817772489434 -3.187451584910871 85.87429964542389 372.3042221069336
55.942817772489434 -3.187451584910871 NNE 55.94309493634919 -3.1873367798811616 85.87429964542389 371.0542221069336
55.94309493634919 -3.1873367798811616 S 55.94279493634919 -3.1873367798811616 148.11770403385162 379.7356662750244
55.94279493634919 -3.1873367798811616 N 55.94309493634919 -3.1873367798811616 148.11770403385162 378.4856662750244
55.94309493634919 -3.1873367798811616 NE 55.94330706838355 -3.187124647846806 148.11770403385162 377.2356662750244
55.94330706838355 -3.187124647846806 SW 55.94309493634919 -3.1873367798811616 148.11770403385162 375.9856662750244
55.94309493634919 -3.1873367798811616 N 55.94339493634919 -3.1873367798811616 148.11770403385162 374.7356662750244
55.94339493634919 -3.1873367798811616 S 55.94309493634919 -3.1873367798811616 148.11770403385162 373.4856662750244
55.94309493634919 -3.1873367798811616 NNW 55.94337210020895 -3.187451584910871 148.11770403385162 372.2356662750244
55.94337210020895 -3.187451584910871 SSE 55.94309493634919 -3.1873367798811616 148.11770403385162 370.9856662750244
55.94309493634919 -3.1873367798811616 NNW 55.94337210020895 -3.187451584910871 148.11770403385162 369.7356662750244
55.94337210020895 -3.187451584910871 ESE 55.94325729517924 -3.1871744210511177 148.11770403385162 368.4856662750244
55.94325729517924 -3.1871744210511177 WNW 55.94337210020895 -3.187451584910871 148.11770403385162 367.2356662750244
55.94337210020895 -3.187451584910871 E 55.94337210020895 -3.187151584910871 148.11770403385162 365.9856662750244
55.94337210020895 -3.187151584910871 W 55.94337210020895 -3.187451584910871 148.11770403385162 364.7356662750244
55.94337210020895 -3.187451584910871 ESE 55.94325729517924 -3.1871744210511177 148.11770403385162 363.4856662750244
55.94325729517924 -3.1871744210511177 SW 55.94304516314488 -3.1873865530854735 228.95938646793365 368.92957496643066
55.94304516314488 -3.1873865530854735 NE 55.94325729517924 -3.1871744210511177 228.95938646793365 367.67957496643066
55.94325729517924 -3.1871744210511177 WNW 55.94337210020895 -3.187451584910871 228.95938646793365 366.42957496643066
55.94337210020895 -3.187451584910871 ESE 55.94325729517924 -3.1871744210511177 228.95938646793365 365.17957496643066
55.94325729517924 -3.1871744210511177 SE 55.94304516314488 -3.186962289016762 228.95938646793365 363.92957496643066
55.94304516314488 -3.186962289016762 NW 55.94325729517924 -3.1871744210511177 228.95938646793365 362.67957496643066
55.94325729517924 -3.1871744210511177 NNE 55.94353445903899 -3.187059616021408 228.95938646793365 361.42957496643066
55.94353445903899 -3.187059616021408 SSW 55.94325729517924 -3.1871744210511177 228.95938646793365 360.17957496643066
55.94325729517924 -3.1871744210511177 NNE 55.94353445903899 -3.187059616021408 228.95938646793365 358.92957496643066
55.94353445903899 -3.187059616021408 SSW 55.94325729517924 -3.1871744210511177 228.95938646793365 357.67957496643066
55.94325729517924 -3.1871744210511177 NNE 55.94353445903899 -3.187059616021408 228.95938646793365 356.42957496643066
55.94353445903899 -3.187059616021408 SW 55.94332232700464 -3.187271748055764 228.95938646793365 355.17957496643066
55.94332232700464 -3.187271748055764 NE 55.94353445903899 -3.187059616021408 228.95938646793365 353.92957496643066
55.94353445903899 -3.187059616021408 E 55.94353445903899 -3.186759616021408 228.95938646793365 352.67957496643066
55.94353445903899 -3.186759616021408 WSW 55.94341965400928 -3.1870367798811614 228.95938646793365 351.42957496643066
55.94341965400928 -3.1870367798811614 ENE 55.94353445903899 -3.186759616021408 228.95938646793365 350.17957496643066
55.94353445903899 -3.186759616021408 SW 55.94332232700464 -3.1869717480557638 228.95938646793365 348.92957496643066
55.94332232700464 -3.1869717480557638 ENE 55.94343713203435 -3.1866945841960104 228.95938646793365 347.67957496643066
55.94343713203435 -3.1866945841960104 WSW 55.94332232700464 -3.1869717480557638 228.95938646793365 346.42957496643066
55.94332232700464 -3.1869717480557638 ENE 55.94343713203435 -3.1866945841960104 228.95938646793365 345.17957496643066
55.94343713203435 -3.1866945841960104 WSW 55.94332232700464 -3.1869717480557638 228.95938646793365 343.92957496643066
55.94332232700464 -3.1869717480557638 ESE 55.94320752197493 -3.1866945841960104 228.95938646793365 342.67957496643066
55.94320752197493 -3.1866945841960104 W 55.94320752197493 -3.1869945841960106 228.95938646793365 341.42957496643066
55.94320752197493 -3.1869945841960106 ESE 55.943092716945216 -3.186717420336257 228.95938646793365 340.17957496643066
55.943092716945216 -3.186717420336257 WNW 55.94320752197493 -3.1869945841960106 228.95938646793365 338.92957496643066
55.94320752197493 -3.1869945841960106 SSW 55.94293035811517 -3.18710938922572 228.95938646793365 337.67957496643066
55.94293035811517 -3.18710938922572 NNE 55.94320752197493 -3.1869945841960106 228.95938646793365 336.42957496643066
55.94320752197493 -3.1869945841960106 NNW 55.94348468583468 -3.18710938922572 228.95938646793365 335.17957496643066
55.94348468583468 -3.18710938922572 SE 55.94327255380033 -3.1868972571913643 228.95938646793365 333.92957496643066
55.94327255380033 -3.1868972571913643 NW 55.94348468583468 -3.18710938922572 228.95938646793365 332.67957496643066
55.94348468583468 -3.18710938922572 E 55.94348468583468 -3.18680938922572 228.95938646793365 331.42957496643066
55.94348468583468 -3.18680938922572 SSE 55.94320752197493 -3.1866945841960104 228.95938646793365 330.17957496643066
55.94320752197493 -3.1866945841960104 NNW 55.94348468583468 -3.18680938922572 228.95938646793365 328.92957496643066
55.94348468583468 -3.18680938922572 SSE 55.94320752197493 -3.1866945841960104 228.95938646793365 327.67957496643066
55.94320752197493 -3.1866945841960104 WNW 55.94332232700464 -3.1869717480557638 228.95938646793365 326.42957496643066
55.94332232700464 -3.1869717480557638 SE 55.94311019497028 -3.186759616021408 228.95938646793365 325.17957496643066
55.94311019497028 -3.186759616021408 W 55.94311019497028 -3.187059616021408 228.95938646793365 323.92957496643066
55.94311019497028 -3.187059616021408 E 55.94311019497028 -3.186759616021408 228.95938646793365 322.67957496643066
55.94311019497028 -3.186759616021408 S 55.94281019497028 -3.186759616021408 228.95938646793365 321.42957496643066
55.94281019497028 -3.186759616021408 N 55.94311019497028 -3.186759616021408 228.95938646793365 320.17957496643066
55.94311019497028 -3.186759616021408 SSE 55.942833031110524 -3.1866448109916985 228.95938646793365 318.92957496643066
55.942833031110524 -3.1866448109916985 NNW 55.94311019497028 -3.186759616021408 228.95938646793365 317.67957496643066
55.94311019497028 -3.186759616021408 SSE 55.942833031110524 -3.1866448109916985 228.95938646793365 316.42957496643066
55.942833031110524 -3.1866448109916985 NNW 55.94311019497028 -3.186759616021408 228.95938646793365 315.17957496643066
55.94311019497028 -3.186759616021408 S 55.94281019497028 -3.186759616021408 228.95938646793365 313.92957496643066
55.94281019497028 -3.186759616021408 N 55.94311019497028 -3.186759616021408 228.95938646793365 312.67957496643066
55.94311019497028 -3.186759616021408 S 55.94281019497028 -3.186759616021408 228.95938646793365 311.42957496643066
55.94281019497028 -3.186759616021408 NW 55.943022327004634 -3.1869717480557638 228.95938646793365 310.17957496643066
55.943022327004634 -3.1869717480557638 SE 55.94281019497028 -3.186759616021408 228.95938646793365 308.92957496643066
55.94281019497028 -3.186759616021408 NW 55.943022327004634 -3.1869717480557638 228.95938646793365 307.67957496643066
55.943022327004634 -3.1869717480557638 SSE 55.94274516314488 -3.1868569430260543 228.95938646793365 306.42957496643066
55.94274516314488 -3.1868569430260543 NW 55.942957295179234 -3.18706907506041 228.95938646793365 305.17957496643066
55.942957295179234 -3.18706907506041 SSW 55.94268013131948 -3.1871838800901195 228.95938646793365 303.92957496643066
55.94268013131948 -3.1871838800901195 NNE 55.942957295179234 -3.18706907506041 228.95938646793365 302.67957496643066
55.942957295179234 -3.18706907506041 SSW 55.94268013131948 -3.1871838800901195 228.95938646793365 301.42957496643066
55.94268013131948 -3.1871838800901195 NNE 55.942957295179234 -3.18706907506041 228.95938646793365 300.17957496643066
55.942957295179234 -3.18706907506041 WNW 55.943072100208944 -3.1873462389201634 228.95938646793365 298.92957496643066
55.943072100208944 -3.1873462389201634 SE 55.94285996817459 -3.1871341068858077 228.95938646793365 297.67957496643066
55.94285996817459 -3.1871341068858077 WNW 55.9429747732043 -3.187411270745561 228.95938646793365 296.42957496643066
55.9429747732043 -3.187411270745561 SE 55.94276264116994 -3.1871991387112053 228.95938646793365 295.17957496643066
55.94276264116994 -3.1871991387112053 NW 55.9429747732043 -3.187411270745561 228.95938646793365 293.92957496643066
55.9429747732043 -3.187411270745561 SE 55.94276264116994 -3.1871991387112053 228.95938646793365 292.67957496643066
55.94276264116994 -3.1871991387112053 WSW 55.94264783614023 -3.1874763025709587 228.95938646793365 291.42957496643066
55.94264783614023 -3.1874763025709587 ENE 55.94276264116994 -3.1871991387112053 228.95938646793365 290.17957496643066
55.94276264116994 -3.1871991387112053 WSW 55.94264783614023 -3.1874763025709587 228.95938646793365 288.92957496643066
55.94264783614023 -3.1874763025709587 ENE 55.94276264116994 -3.1871991387112053 228.95938646793365 287.67957496643066
55.94276264116994 -3.1871991387112053 WSW 55.94264783614023 -3.1874763025709587 228.95938646793365 286.42957496643066
55.94264783614023 -3.1874763025709587 E 55.94264783614023 -3.1871763025709585 228.95938646793365 285.17957496643066
55.94264783614023 -3.1871763025709585 W 55.94264783614023 -3.1874763025709587 228.95938646793365 283.92957496643066
55.94264783614023 -3.1874763025709587 E 55.94264783614023 -3.1871763025709585 228.95938646793365 282.67957496643066
55.94264783614023 -3.1871763025709585 W 55.94264783614023 -3.1874763025709587 228.95938646793365 281.42957496643066
55.94264783614023 -3.1874763025709587 N 55.942947836140235 -3.1874763025709587 228.95938646793365 280.17957496643066
55.942947836140235 -3.1874763025709587 S 55.94264783614023 -3.1874763025709587 228.95938646793365 278.92957496643066
55.94264783614023 -3.1874763025709587 N 55.942947836140235 -3.1874763025709587 228.95938646793365 277.67957496643066
55.942947836140235 -3.1874763025709587 SSW 55.94267067228048 -3.187591107600668 228.95938646793365 276.42957496643066
55.94267067228048 -3.187591107600668 E 55.94267067228048 -3.187291107600668 228.95938646793365 275.17957496643066
55.94267067228048 -3.187291107600668 W 55.94267067228048 -3.187591107600668 228.95938646793365 273.92957496643066
55.94267067228048 -3.187591107600668 WNW 55.94278547731019 -3.1878682714604216 228.95938646793365 272.67957496643066
55.94278547731019 -3.1878682714604216 ESE 55.94267067228048 -3.187591107600668 228.95938646793365 271.42957496643066
55.94267067228048 -3.187591107600668 E 55.94267067228048 -3.187291107600668 228.95938646793365 270.17957496643066
55.94267067228048 -3.187291107600668 W 55.94267067228048 -3.187591107600668 228.95938646793365 268.92957496643066
55.94267067228048 -3.187591107600668 W 55.94267067228048 -3.1878911076006684 228.95938646793365 267.67957496643066
55.94267067228048 -3.1878911076006684 E 55.94267067228048 -3.187591107600668 228.95938646793365 266.42957496643066
55.94267067228048 -3.187591107600668 WNW 55.94278547731019 -3.1878682714604216 228.95938646793365 265.17957496643066
55.94278547731019 -3.1878682714604216 ESE 55.94267067228048 -3.187591107600668 228.95938646793365 263.92957496643066
55.94267067228048 -3.187591107600668 WNW 55.94278547731019 -3.1878682714604216 228.95938646793365 262.67957496643066
55.94278547731019 -3.1878682714604216 ESE 55.94267067228048 -3.187591107600668 228.95938646793365 261.42957496643066
55.94267067228048 -3.187591107600668 NNW 55.942947836140235 -3.1877059126303777 228.95938646793365 260.17957496643066
55.942947836140235 -3.1877059126303777 S 55.94264783614023 -3.1877059126303777 228.95938646793365 258.92957496643066
55.94264783614023 -3.1877059126303777 N 55.942947836140235 -3.1877059126303777 228.95938646793365 257.67957496643066
