55.944425 -3.188396 E 55.944425 -3.188096 0.0 248.75
55.944425 -3.188096 W 55.944425 -3.188396 0.0 247.5
55.944425 -3.188396 ESE 55.94431019497029 -3.1881188361402466 0.0 246.25
55.94431019497029 -3.1881188361402466 WNW 55.944425 -3.188396 0.0 245.0
55.944425 -3.188396 E 55.944425 -3.188096 0.0 243.75
55.944425 -3.188096 NW 55.94463713203436 -3.1883081320343556 0.0 242.5
55.94463713203436 -3.1883081320343556 SE 55.944425 -3.188096 0.0 241.25
55.944425 -3.188096 NNW 55.94470216385976 -3.1882108050297093 0.0 240.0
55.94470216385976 -3.1882108050297093 SSE 55.944425 -3.188096 0.0 238.75
55.944425 -3.188096 SW 55.944212867965646 -3.1883081320343556 0.0 237.5
55.944212867965646 -3.1883081320343556 ENE 55.94432767299536 -3.188030968174602 0.0 236.25
55.94432767299536 -3.188030968174602 SW 55.944115540961 -3.188243100208958 0.0 235.0
55.944115540961 -3.188243100208958 ESE 55.94400073593129 -3.1879659363492046 0.0 233.75
55.94400073593129 -3.1879659363492046 WNW 55.944115540961 -3.188243100208958 0.0 232.5
55.944115540961 -3.188243100208958 SE 55.943903408926644 -3.188030968174602 0.0 231.25
55.943903408926644 -3.188030968174602 NW 55.944115540961 -3.188243100208958 0.0 230.0
55.944115540961 -3.188243100208958 SSE 55.943838377101244 -3.1881282951792485 0.0 228.75
55.943838377101244 -3.1881282951792485 NNW 55.944115540961 -3.188243100208958 0.0 227.5
55.944115540961 -3.188243100208958 SSE 55.943838377101244 -3.1881282951792485 0.0 226.25
55.943838377101244 -3.1881282951792485 N 55.94413837710125 -3.1881282951792485 0.0 225.0
55.94413837710125 -3.1881282951792485 S 55.943838377101244 -3.1881282951792485 0.0 223.75
55.943838377101244 -3.1881282951792485 S 55.94353837710124 -3.1881282951792485 0.0 222.5
55.94353837710124 -3.1881282951792485 NW 55.9437505091356 -3.1883404272136042 0.0 221.25
55.9437505091356 -3.1883404272136042 SE 55.94353837710124 -3.1881282951792485 0.0 220.0
55.94353837710124 -3.1881282951792485 W 55.94353837710124 -3.1884282951792486 0.0 218.75
55.94353837710124 -3.1884282951792486 E 55.94353837710124 -3.1881282951792485 0.0 217.5
55.94353837710124 -3.1881282951792485 NW 55.9437505091356 -3.1883404272136042 0.0 216.25
55.9437505091356 -3.1883404272136042 SE 55.94353837710124 -3.1881282951792485 0.0 215.0
55.94353837710124 -3.1881282951792485 NNE 55.943815540961 -3.188013490149539 0.0 213.75
55.943815540961 -3.188013490149539 SSW 55.94353837710124 -3.1881282951792485 0.0 212.5
55.94353837710124 -3.1881282951792485 SSW 55.943261213241485 -3.188243100208958 0.0 211.25
55.943261213241485 -3.188243100208958 NE 55.94347334527584 -3.188030968174602 0.0 210.0
55.94347334527584 -3.188030968174602 N 55.943773345275844 -3.188030968174602 0.0 208.75
55.943773345275844 -3.188030968174602 S 55.94347334527584 -3.188030968174602 0.0 207.5
55.94347334527584 -3.188030968174602 S 55.94317334527584 -3.188030968174602 0.0 206.25
55.94317334527584 -3.188030968174602 NNE 55.943450509135594 -3.1879161631448927 0.0 205.0
55.943450509135594 -3.1879161631448927 SSW 55.94317334527584 -3.188030968174602 0.0 203.75
55.94317334527584 -3.188030968174602 NNE 55.943450509135594 -3.1879161631448927 0.0 202.5
55.943450509135594 -3.1879161631448927 S 55.94315050913559 -3.1879161631448927 0.0 201.25
55.94315050913559 -3.1879161631448927 NNE 55.94342767299535 -3.187801358115183 0.0 200.0
55.94342767299535 -3.187801358115183 SSW 55.94315050913559 -3.1879161631448927 0.0 198.75
55.94315050913559 -3.1879161631448927 NNE 55.94342767299535 -3.187801358115183 0.0 197.5
55.94342767299535 -3.187801358115183 SW 55.94321554096099 -3.188013490149539 0.0 196.25
55.94321554096099 -3.188013490149539 NE 55.94342767299535 -3.187801358115183 0.0 195.0
55.94342767299535 -3.187801358115183 ESE 55.94331286796564 -3.1875241942554298 0.0 193.75
55.94331286796564 -3.1875241942554298 W 55.94331286796564 -3.18782419425543 0.0 192.5
55.94331286796564 -3.18782419425543 E 55.94331286796564 -3.1875241942554298 0.0 191.25
55.94331286796564 -3.1875241942554298 SSE 55.94303570410588 -3.1874093892257203 0.0 190.0
55.94303570410588 -3.1874093892257203 N 55.943335704105884 -3.1874093892257203 0.0 188.75
55.943335704105884 -3.1874093892257203 S 55.94303570410588 -3.1874093892257203 0.0 187.5
55.94303570410588 -3.1874093892257203 N 55.943335704105884 -3.1874093892257203 0.0 186.25
55.943335704105884 -3.1874093892257203 WNW 55.943450509135594 -3.1876865530854737 0.0 185.0
55.943450509135594 -3.1876865530854737 ESE 55.943335704105884 -3.1874093892257203 0.0 183.75
55.943335704105884 -3.1874093892257203 ESE 55.943220899076174 -3.187132225365967 0.0 182.5
55.943220899076174 -3.187132225365967 WNW 55.943335704105884 -3.1874093892257203 0.0 181.25
55.943335704105884 -3.1874093892257203 NW 55.94354783614024 -3.187621521260076 0.0 180.0
55.94354783614024 -3.187621521260076 ESE 55.94343303111053 -3.1873443574003226 0.0 178.75
55.94343303111053 -3.1873443574003226 NW 55.943645163144886 -3.1875564894346784 4.744541645050049 228.65470123291016
55.943645163144886 -3.1875564894346784 SE 55.94343303111053 -3.1873443574003226 4.744541645050049 227.40470123291016
55.94343303111053 -3.1873443574003226 NNW 55.943710194970286 -3.187459162430032 4.744541645050049 226.15470123291016
55.943710194970286 -3.187459162430032 SSE 55.94343303111053 -3.1873443574003226 4.744541645050049 224.90470123291016
55.94343303111053 -3.1873443574003226 NNW 55.943710194970286 -3.187459162430032 4.744541645050049 223.65470123291016
55.943710194970286 -3.187459162430032 WSW 55.943595389940576 -3.1877363262897855 4.744541645050049 222.40470123291016
55.943595389940576 -3.1877363262897855 NNE 55.94387255380033 -3.187621521260076 4.744541645050049 221.15470123291016
55.94387255380033 -3.187621521260076 S 55.94357255380033 -3.187621521260076 4.744541645050049 219.90470123291016
55.94357255380033 -3.187621521260076 WNW 55.94368735883004 -3.1878986851198294 4.744541645050049 218.65470123291016
55.94368735883004 -3.1878986851198294 ESE 55.94357255380033 -3.187621521260076 4.744541645050049 217.40470123291016
55.94357255380033 -3.187621521260076 SE 55.94336042176597 -3.1874093892257203 4.744541645050049 216.15470123291016
55.94336042176597 -3.1874093892257203 WNW 55.943475226795684 -3.1876865530854737 4.744541645050049 214.90470123291016
55.943475226795684 -3.1876865530854737 NW 55.94368735883004 -3.1878986851198294 4.744541645050049 213.65470123291016
55.94368735883004 -3.1878986851198294 SSE 55.943410194970284 -3.18778388009012 4.744541645050049 212.40470123291016
55.943410194970284 -3.18778388009012 NNW 55.94368735883004 -3.1878986851198294 4.744541645050049 211.15470123291016
55.94368735883004 -3.1878986851198294 SE 55.943475226795684 -3.1876865530854737 4.744541645050049 209.90470123291016
55.943475226795684 -3.1876865530854737 NW 55.94368735883004 -3.1878986851198294 4.744541645050049 208.65470123291016
55.94368735883004 -3.1878986851198294 E 55.94368735883004 -3.1875986851198292 4.744541645050049 207.40470123291016
55.94368735883004 -3.1875986851198292 WNW 55.94380216385975 -3.1878758489795826 4.744541645050049 206.15470123291016
55.94380216385975 -3.1878758489795826 WNW 55.94391696888946 -3.188153012839336 6.135812520980835 286.0811462402344
55.94391696888946 -3.188153012839336 ENE 55.94403177391917 -3.1878758489795826 6.135812520980835 284.8311462402344
55.94403177391917 -3.1878758489795826 NE 55.94424390595353 -3.187663716945227 6.135812520980835 283.5811462402344
55.94424390595353 -3.187663716945227 SW 55.94403177391917 -3.1878758489795826 6.135812520980835 282.3311462402344
55.94403177391917 -3.1878758489795826 NNE 55.94430893777893 -3.187761043949873 6.135812520980835 281.0811462402344
55.94430893777893 -3.187761043949873 SSW 55.94403177391917 -3.1878758489795826 6.135812520980835 279.8311462402344
55.94403177391917 -3.1878758489795826 NE 55.94424390595353 -3.187663716945227 6.135812520980835 278.5811462402344
55.94424390595353 -3.187663716945227 S 55.943943905953525 -3.187663716945227 6.135812520980835 277.3311462402344
55.943943905953525 -3.187663716945227 NNE 55.94422106981328 -3.1875489119155174 6.135812520980835 276.0811462402344
55.94422106981328 -3.1875489119155174 WNW 55.94433587484299 -3.1878260757752708 6.135812520980835 274.8311462402344
55.94433587484299 -3.1878260757752708 E 55.94433587484299 -3.1875260757752706 6.135812520980835 273.5811462402344
55.94433587484299 -3.1875260757752706 W 55.94433587484299 -3.1878260757752708 6.135812520980835 272.3311462402344
55.94433587484299 -3.1878260757752708 E 55.94433587484299 -3.1875260757752706 6.135812520980835 271.0811462402344
55.94433587484299 -3.1875260757752706 W 55.94433587484299 -3.1878260757752708 6.135812520980835 269.8311462402344
55.94433587484299 -3.1878260757752708 N 55.944635874842994 -3.1878260757752708 127.37815260887146 350.59649658203125
55.944635874842994 -3.1878260757752708 S 55.94433587484299 -3.1878260757752708 127.37815260887146 349.34649658203125
55.94433587484299 -3.1878260757752708 S 55.94403587484299 -3.1878260757752708 127.37815260887146 348.09649658203125
55.94403587484299 -3.1878260757752708 ENE 55.9441506798727 -3.1875489119155174 127.37815260887146 346.84649658203125
55.9441506798727 -3.1875489119155174 SSW 55.94387351601294 -3.187663716945227 127.37815260887146 345.59649658203125
55.94387351601294 -3.187663716945227 NNE 55.9441506798727 -3.1875489119155174 127.37815260887146 344.34649658203125
55.9441506798727 -3.1875489119155174 NE 55.944362811907055 -3.1873367798811616 127.37815260887146 343.09649658203125
55.944362811907055 -3.1873367798811616 SW 55.9441506798727 -3.1875489119155174 127.37815260887146 341.84649658203125
55.9441506798727 -3.1875489119155174 E 55.9441506798727 -3.187248911915517 202.35928511619568 417.38248443603516
55.9441506798727 -3.187248911915517 NW 55.944362811907055 -3.187461043949873 202.35928511619568 416.13248443603516
55.944362811907055 -3.187461043949873 E 55.944362811907055 -3.1871610439498728 202.35928511619568 414.88248443603516
55.944362811907055 -3.1871610439498728 W 55.944362811907055 -3.187461043949873 202.35928511619568 413.63248443603516
55.944362811907055 -3.187461043949873 E 55.944362811907055 -3.1871610439498728 202.35928511619568 412.38248443603516
55.944362811907055 -3.1871610439498728 E 55.944362811907055 -3.1868610439498726 202.35928511619568 411.13248443603516
55.944362811907055 -3.1868610439498726 W 55.944362811907055 -3.1871610439498728 202.35928511619568 409.88248443603516
55.944362811907055 -3.1871610439498728 WNW 55.944477616936766 -3.187438207809626 202.35928511619568 408.63248443603516
55.944477616936766 -3.187438207809626 ESE 55.944362811907055 -3.1871610439498728 202.35928511619568 407.38248443603516
55.944362811907055 -3.1871610439498728 N 55.94466281190706 -3.1871610439498728 202.35928511619568 406.13248443603516
55.94466281190706 -3.1871610439498728 SSE 55.9443856480473 -3.1870462389201633 202.35928511619568 404.88248443603516
55.9443856480473 -3.1870462389201633 NNW 55.94466281190706 -3.1871610439498728 202.35928511619568 403.63248443603516
55.94466281190706 -3.1871610439498728 SSE 55.9443856480473 -3.1870462389201633 202.35928511619568 402.38248443603516
55.9443856480473 -3.1870462389201633 S 55.9440856480473 -3.1870462389201633 202.35928511619568 401.13248443603516
55.9440856480473 -3.1870462389201633 N 55.9443856480473 -3.1870462389201633 202.35928511619568 399.88248443603516
55.9443856480473 -3.1870462389201633 S 55.9440856480473 -3.1870462389201633 202.35928511619568 398.63248443603516
55.9440856480473 -3.1870462389201633 NNW 55.944362811907055 -3.1871610439498728 202.35928511619568 397.38248443603516
55.944362811907055 -3.1871610439498728 SSE 55.9440856480473 -3.1870462389201633 202.35928511619568 396.13248443603516
55.9440856480473 -3.1870462389201633 NW 55.944297780081655 -3.187258370954519 202.35928511619568 394.88248443603516
55.944297780081655 -3.187258370954519 SE 55.9440856480473 -3.1870462389201633 202.35928511619568 393.63248443603516
55.9440856480473 -3.1870462389201633 E 55.9440856480473 -3.186746238920163 202.35928511619568 392.38248443603516
55.9440856480473 -3.186746238920163 NNW 55.944362811907055 -3.1868610439498726 202.35928511619568 391.13248443603516
55.944362811907055 -3.1868610439498726 S 55.94406281190705 -3.1868610439498726 202.35928511619568 389.88248443603516
55.94406281190705 -3.1868610439498726 NNE 55.94433997576681 -3.186746238920163 247.60402083396912 395.90523862838745
55.94433997576681 -3.186746238920163 SSW 55.94406281190705 -3.1868610439498726 247.60402083396912 394.65523862838745
55.94406281190705 -3.1868610439498726 ENE 55.94417761693676 -3.186583880090119 247.60402083396912 393.40523862838745
55.94417761693676 -3.186583880090119 SW 55.94396548490241 -3.186796012124475 247.60402083396912 392.15523862838745
55.94396548490241 -3.186796012124475 ENE 55.94408028993212 -3.1865188482647215 247.60402083396912 390.90523862838745
55.94408028993212 -3.1865188482647215 WSW 55.94396548490241 -3.186796012124475 247.60402083396912 389.65523862838745
55.94396548490241 -3.186796012124475 SE 55.94375335286805 -3.186583880090119 356.6526277065277 465.6724810600281
55.94375335286805 -3.186583880090119 WNW 55.94386815789776 -3.1868610439498726 396.8337457180023 499.80898237228394
55.94386815789776 -3.1868610439498726 S 55.94356815789776 -3.1868610439498726 396.8337457180023 498.55898237228394
55.94356815789776 -3.1868610439498726 N 55.94386815789776 -3.1868610439498726 396.8337457180023 497.30898237228394
55.94386815789776 -3.1868610439498726 W 55.94386815789776 -3.1871610439498728 508.22652220726013 615.2569270133972
55.94386815789776 -3.1871610439498728 ENE 55.94398296292747 -3.1868838800901194 508.22652220726013 614.0069270133972
55.94398296292747 -3.1868838800901194 SSW 55.943705799067715 -3.186998685119829 588.6442849636078 650.4559893608093
55.943705799067715 -3.186998685119829 NE 55.94391793110207 -3.186786553085473 588.6442849636078 649.2059893608093
55.94391793110207 -3.186786553085473 SW 55.943705799067715 -3.186998685119829 588.6442849636078 647.9559893608093
55.943705799067715 -3.186998685119829 E 55.943705799067715 -3.1866986851198287 588.6442849636078 646.7059893608093
55.943705799067715 -3.1866986851198287 SSW 55.94342863520796 -3.186813490149538 588.6442849636078 645.4559893608093
55.94342863520796 -3.186813490149538 ENE 55.94354344023767 -3.186536326289785 588.6442849636078 644.2059893608093
55.94354344023767 -3.186536326289785 SW 55.94333130820331 -3.1867484583241406 688.4922311306 661.6068015098572
55.94333130820331 -3.1867484583241406 WSW 55.9432165031736 -3.187025622183894 688.4922311306 660.3568015098572
55.9432165031736 -3.187025622183894 ENE 55.94333130820331 -3.1867484583241406 688.4922311306 659.1068015098572
55.94333130820331 -3.1867484583241406 N 55.943631308203315 -3.1867484583241406 688.4922311306 657.8568015098572
55.943631308203315 -3.1867484583241406 S 55.94333130820331 -3.1867484583241406 688.4922311306 656.6068015098572
55.94333130820331 -3.1867484583241406 ENE 55.94344611323302 -3.186471294464387 688.4922311306 655.3568015098572
55.94344611323302 -3.186471294464387 WSW 55.94333130820331 -3.1867484583241406 688.4922311306 654.1068015098572
55.94333130820331 -3.1867484583241406 WNW 55.94344611323302 -3.187025622183894 688.4922311306 652.8568015098572
55.94344611323302 -3.187025622183894 E 55.94344611323302 -3.1867256221838938 688.4922311306 651.6068015098572
55.94344611323302 -3.1867256221838938 W 55.94344611323302 -3.187025622183894 688.4922311306 650.3568015098572
55.94344611323302 -3.187025622183894 N 55.943746113233026 -3.187025622183894 688.4922311306 649.1068015098572
55.943746113233026 -3.187025622183894 SSW 55.94346894937327 -3.1871404272136035 688.4922311306 647.8568015098572
55.94346894937327 -3.1871404272136035 SSW 55.94319178551351 -3.187255232243313 688.4922311306 646.6068015098572
55.94319178551351 -3.187255232243313 NE 55.94340391754787 -3.187043100208957 688.4922311306 645.3568015098572
55.94340391754787 -3.187043100208957 SW 55.94319178551351 -3.187255232243313 688.4922311306 644.1068015098572
55.94319178551351 -3.187255232243313 ENE 55.94330659054322 -3.1869780683835596 688.4922311306 642.8568015098572
55.94330659054322 -3.1869780683835596 WSW 55.94319178551351 -3.187255232243313 688.4922311306 641.6068015098572
55.94319178551351 -3.187255232243313 ENE 55.94330659054322 -3.1869780683835596 688.4922311306 640.3568015098572
55.94330659054322 -3.1869780683835596 WSW 55.94319178551351 -3.187255232243313 688.4922311306 639.1068015098572
55.94319178551351 -3.187255232243313 SW 55.942979653479156 -3.1874673642776687 688.4922311306 637.8568015098572
55.942979653479156 -3.1874673642776687 NE 55.94319178551351 -3.187255232243313 688.4922311306 636.6068015098572
55.94319178551351 -3.187255232243313 SW 55.942979653479156 -3.1874673642776687 688.4922311306 635.3568015098572
55.942979653479156 -3.1874673642776687 E 55.942979653479156 -3.1871673642776686 688.4922311306 634.1068015098572
55.942979653479156 -3.1871673642776686 ENE 55.94309445850887 -3.186890200417915 688.4922311306 632.8568015098572
55.94309445850887 -3.186890200417915 WSW 55.942979653479156 -3.1871673642776686 688.4922311306 631.6068015098572
55.942979653479156 -3.1871673642776686 WSW 55.942864848449446 -3.187444528137422 688.4922311306 630.3568015098572
55.942864848449446 -3.187444528137422 ENE 55.942979653479156 -3.1871673642776686 688.4922311306 629.1068015098572
55.942979653479156 -3.1871673642776686 SE 55.9427675214448 -3.186955232243313 707.047385931015 673.9920363426208
55.9427675214448 -3.186955232243313 N 55.9430675214448 -3.186955232243313 707.047385931015 672.7420363426208
55.9430675214448 -3.186955232243313 S 55.9427675214448 -3.186955232243313 707.047385931015 671.4920363426208
55.9427675214448 -3.186955232243313 N 55.9430675214448 -3.186955232243313 707.047385931015 670.2420363426208
55.9430675214448 -3.186955232243313 S 55.9427675214448 -3.186955232243313 707.047385931015 668.9920363426208
55.9427675214448 -3.186955232243313 WSW 55.94265271641509 -3.187232396103066 707.047385931015 667.7420363426208
55.94265271641509 -3.187232396103066 ENE 55.9427675214448 -3.186955232243313 707.047385931015 666.4920363426208
55.9427675214448 -3.186955232243313 NNE 55.94304468530456 -3.1868404272136033 707.047385931015 665.2420363426208
55.94304468530456 -3.1868404272136033 SSW 55.9427675214448 -3.186955232243313 707.047385931015 663.9920363426208
55.9427675214448 -3.186955232243313 WSW 55.94265271641509 -3.187232396103066 707.047385931015 662.7420363426208
55.94265271641509 -3.187232396103066 ENE 55.9427675214448 -3.186955232243313 707.047385931015 661.4920363426208
55.9427675214448 -3.186955232243313 WSW 55.94265271641509 -3.187232396103066 707.047385931015 660.2420363426208
55.94265271641509 -3.187232396103066 N 55.94295271641509 -3.187232396103066 707.047385931015 658.9920363426208
55.94295271641509 -3.187232396103066 S 55.94265271641509 -3.187232396103066 707.047385931015 657.7420363426208
55.94265271641509 -3.187232396103066 N 55.94295271641509 -3.187232396103066 707.047385931015 656.4920363426208
55.94295271641509 -3.187232396103066 S 55.94265271641509 -3.187232396103066 707.047385931015 655.2420363426208
55.94265271641509 -3.187232396103066 NW 55.942864848449446 -3.187444528137422 707.047385931015 653.9920363426208
55.942864848449446 -3.187444528137422 SE 55.94265271641509 -3.187232396103066 707.047385931015 652.7420363426208
55.94265271641509 -3.187232396103066 W 55.94265271641509 -3.1875323961030664 707.047385931015 651.4920363426208
55.94265271641509 -3.1875323961030664 E 55.94265271641509 -3.187232396103066 707.047385931015 650.2420363426208
55.94265271641509 -3.187232396103066 W 55.94265271641509 -3.1875323961030664 707.047385931015 648.9920363426208
55.94265271641509 -3.1875323961030664 N 55.94295271641509 -3.1875323961030664 707.047385931015 647.7420363426208
55.94295271641509 -3.1875323961030664 SSW 55.942675552555336 -3.187647201132776 707.047385931015 646.4920363426208
55.942675552555336 -3.187647201132776 N 55.94297555255534 -3.187647201132776 707.047385931015 645.2420363426208
55.94297555255534 -3.187647201132776 WSW 55.94286074752563 -3.1879243649925293 707.047385931015 643.9920363426208
55.94286074752563 -3.1879243649925293 ENE 55.94297555255534 -3.187647201132776 707.047385931015 642.7420363426208
55.94297555255534 -3.187647201132776 WNW 55.94309035758505 -3.1879243649925293 707.047385931015 641.4920363426208
55.94309035758505 -3.1879243649925293 ESE 55.94297555255534 -3.187647201132776 707.047385931015 640.2420363426208
55.94297555255534 -3.187647201132776 WNW 55.94309035758505 -3.1879243649925293 707.047385931015 638.9920363426208
55.94309035758505 -3.1879243649925293 NNE 55.943367521444806 -3.18780955996282 707.047385931015 637.7420363426208
55.943367521444806 -3.18780955996282 SE 55.94315538941045 -3.187597427928464 707.047385931015 636.4920363426208
55.94315538941045 -3.187597427928464 ESE 55.94304058438074 -3.1873202640687106 707.047385931015 635.2420363426208
55.94304058438074 -3.1873202640687106 W 55.94304058438074 -3.187620264068711 707.047385931015 633.9920363426208
55.94304058438074 -3.187620264068711 ESE 55.94292577935103 -3.1873431002089574 707.047385931015 632.7420363426208
55.94292577935103 -3.1873431002089574 WNW 55.94304058438074 -3.187620264068711 707.047385931015 631.4920363426208
55.94304058438074 -3.187620264068711 S 55.942740584380736 -3.187620264068711 707.047385931015 630.2420363426208
55.942740584380736 -3.187620264068711 NNW 55.94301774824049 -3.1877350690984203 707.047385931015 628.9920363426208
55.94301774824049 -3.1877350690984203 S 55.94271774824049 -3.1877350690984203 708.0149882435799 656.6113619804382
55.94271774824049 -3.1877350690984203 W 55.94271774824049 -3.1880350690984205 708.0149882435799 655.3613619804382
55.94271774824049 -3.1880350690984205 E 55.94271774824049 -3.1877350690984203 708.0149882435799 654.1113619804382
55.94271774824049 -3.1877350690984203 NW 55.942929880274846 -3.187947201132776 708.0149882435799 652.8613619804382
55.942929880274846 -3.187947201132776 SE 55.94271774824049 -3.1877350690984203 708.0149882435799 651.6113619804382
55.94271774824049 -3.1877350690984203 NW 55.942929880274846 -3.187947201132776 708.0149882435799 650.3613619804382
55.942929880274846 -3.187947201132776 SE 55.94271774824049 -3.1877350690984203 708.0149882435799 649.1113619804382
55.94271774824049 -3.1877350690984203 NW 55.942929880274846 -3.187947201132776 708.0149882435799 647.8613619804382
55.942929880274846 -3.187947201132776 WNW 55.94304468530456 -3.1882243649925295 708.0149882435799 646.6113619804382
55.94304468530456 -3.1882243649925295 ESE 55.942929880274846 -3.187947201132776 708.0149882435799 645.3613619804382
55.942929880274846 -3.187947201132776 NW 55.9431420123092 -3.188159333167132 708.0149882435799 644.1113619804382
55.9431420123092 -3.188159333167132 SE 55.942929880274846 -3.187947201132776 708.0149882435799 642.8613619804382
55.942929880274846 -3.187947201132776 NNW 55.9432070441346 -3.1880620061624856 708.0149882435799 641.6113619804382
55.9432070441346 -3.1880620061624856 SSE 55.942929880274846 -3.187947201132776 708.0149882435799 640.3613619804382
55.942929880274846 -3.187947201132776 NW 55.9431420123092 -3.188159333167132 708.0149882435799 639.1113619804382
55.9431420123092 -3.188159333167132 NNE 55.94341917616896 -3.1880445281374223 708.0149882435799 637.8613619804382
55.94341917616896 -3.1880445281374223 SSW 55.9431420123092 -3.188159333167132 708.0149882435799 636.6113619804382
55.9431420123092 -3.188159333167132 W 55.9431420123092 -3.188459333167132 708.0149882435799 635.3613619804382
55.9431420123092 -3.188459333167132 E 55.9431420123092 -3.188159333167132 708.0149882435799 634.1113619804382
55.9431420123092 -3.188159333167132 SSW 55.942864848449446 -3.1882741381968414 708.0149882435799 632.8613619804382
55.942864848449446 -3.1882741381968414 NNE 55.9431420123092 -3.188159333167132 708.0149882435799 631.6113619804382
55.9431420123092 -3.188159333167132 SSW 55.942864848449446 -3.1882741381968414 708.0149882435799 630.3613619804382
55.942864848449446 -3.1882741381968414 NNE 55.9431420123092 -3.188159333167132 708.0149882435799 629.1113619804382
55.9431420123092 -3.188159333167132 WSW 55.94302720727949 -3.1884364970268853 708.0149882435799 627.8613619804382
55.94302720727949 -3.1884364970268853 SSE 55.942750043419736 -3.1883216919971757 708.0149882435799 626.6113619804382
55.942750043419736 -3.1883216919971757 NNW 55.94302720727949 -3.1884364970268853 708.0149882435799 625.3613619804382
55.94302720727949 -3.1884364970268853 WSW 55.94291240224978 -3.1887136608866387 708.0149882435799 624.1113619804382
55.94291240224978 -3.1887136608866387 E 55.94291240224978 -3.1884136608866385 708.0149882435799 622.8613619804382
55.94291240224978 -3.1884136608866385 W 55.94291240224978 -3.1887136608866387 708.0149882435799 621.6113619804382
55.94291240224978 -3.1887136608866387 SSE 55.942635238390025 -3.188598855856929 708.0149882435799 620.3613619804382
55.942635238390025 -3.188598855856929 N 55.94293523839003 -3.188598855856929 708.0149882435799 619.1113619804382
55.94293523839003 -3.188598855856929 S 55.942635238390025 -3.188598855856929 708.0149882435799 617.8613619804382
55.942635238390025 -3.188598855856929 ENE 55.942750043419736 -3.1883216919971757 708.0149882435799 616.6113619804382
55.942750043419736 -3.1883216919971757 WSW 55.942635238390025 -3.188598855856929 708.0149882435799 615.3613619804382
55.942635238390025 -3.188598855856929 ENE 55.942750043419736 -3.1883216919971757 708.0149882435799 614.1113619804382
55.942750043419736 -3.1883216919971757 WSW 55.942635238390025 -3.188598855856929 708.0149882435799 612.8613619804382
55.942635238390025 -3.188598855856929 NE 55.94284737042438 -3.1883867238225734 708.0149882435799 611.6113619804382
55.94284737042438 -3.1883867238225734 ESE 55.94273256539467 -3.18810955996282 708.0149882435799 610.3613619804382
55.94273256539467 -3.18810955996282 WSW 55.94261776036496 -3.1883867238225734 708.0149882435799 609.1113619804382
55.94261776036496 -3.1883867238225734 ENE 55.94273256539467 -3.18810955996282 708.0149882435799 607.8613619804382
55.94273256539467 -3.18810955996282 WSW 55.94261776036496 -3.1883867238225734 708.0149882435799 606.6113619804382
55.94261776036496 -3.1883867238225734 E 55.94261776036496 -3.188086723822573 708.0149882435799 605.3613619804382
55.94261776036496 -3.188086723822573 NE 55.94282989239932 -3.1878745917882174 708.0149882435799 604.1113619804382
55.94282989239932 -3.1878745917882174 WSW 55.942715087369606 -3.188151755647971 708.0149882435799 602.8613619804382
55.942715087369606 -3.188151755647971 W 55.942715087369606 -3.188451755647971 708.0149882435799 601.6113619804382
55.942715087369606 -3.188451755647971 WNW 55.94282989239932 -3.1887289195077244 745.4946864247322 612.8931879997253
55.94282989239932 -3.1887289195077244 NNW 55.94310705625907 -3.188843724537434 745.4946864247322 611.6431879997253
