55.944425 -3.188396 W 55.944425 -3.188696 0.0 248.75
55.944425 -3.188696 W 55.944425 -3.1889960000000004 0.0 247.5
55.944425 -3.1889960000000004 WSW 55.94431019497029 -3.189273163859754 0.0 246.25
55.94431019497029 -3.189273163859754 W 55.94431019497029 -3.189573163859754 0.0 245.0
55.94431019497029 -3.189573163859754 WNW 55.944425 -3.1898503277195074 0.0 243.75
55.944425 -3.1898503277195074 WNW 55.94453980502971 -3.190127491579261 0.0 242.5
55.94453980502971 -3.190127491579261 WNW 55.94465461005942 -3.190404655439014 0.0 241.25
55.94465461005942 -3.190404655439014 W 55.94465461005942 -3.1907046554390144 0.0 240.0
55.94465461005942 -3.1907046554390144 WNW 55.944769415089134 -3.190981819298768 7.383267402648926 285.39941024780273
55.944769415089134 -3.190981819298768 WSW 55.94465461005942 -3.191258983158521 7.383267402648926 284.14941024780273
55.94465461005942 -3.191258983158521 WNW 55.944769415089134 -3.1915361470182746 7.383267402648926 282.89941024780273
55.944769415089134 -3.1915361470182746 W 55.944769415089134 -3.191836147018275 7.383267402648926 281.64941024780273
55.944769415089134 -3.191836147018275 WNW 55.944884220118844 -3.192113310878028 7.383267402648926 280.39941024780273
55.944884220118844 -3.192113310878028 WNW 55.944999025148554 -3.1923904747377816 48.99265003204346 361.88774490356445
55.944999025148554 -3.1923904747377816 N 55.94529902514856 -3.1923904747377816 48.99265003204346 360.63774490356445
55.94529902514856 -3.1923904747377816 ENE 55.94541383017827 -3.192113310878028 91.14707660675049 423.28283309936523
55.94541383017827 -3.192113310878028 W 55.94541383017827 -3.1924133108780284 91.14707660675049 422.03283309936523
55.94541383017827 -3.1924133108780284 NNE 55.945690994038024 -3.192298505848319 91.14707660675049 420.78283309936523
55.945690994038024 -3.192298505848319 N 55.94599099403803 -3.192298505848319 103.30736446380615 448.95067977905273
55.94599099403803 -3.192298505848319 NE 55.94620312607238 -3.192086373813963 103.30736446380615 447.70067977905273
55.94620312607238 -3.192086373813963 SW 55.94599099403803 -3.192298505848319 103.30736446380615 446.45067977905273
55.94599099403803 -3.192298505848319 ENE 55.94610579906774 -3.1920213419885655 103.30736446380615 445.20067977905273
55.94610579906774 -3.1920213419885655 SE 55.94589366703338 -3.1918092099542097 103.30736446380615 443.95067977905273
55.94589366703338 -3.1918092099542097 WSW 55.94577886200367 -3.192086373813963 103.30736446380615 442.70067977905273
55.94577886200367 -3.192086373813963 S 55.94547886200367 -3.192086373813963 103.30736446380615 441.45067977905273
55.94547886200367 -3.192086373813963 N 55.94577886200367 -3.192086373813963 103.30736446380615 440.20067977905273
55.94577886200367 -3.192086373813963 E 55.94577886200367 -3.191786373813963 103.30736446380615 438.95067977905273
55.94577886200367 -3.191786373813963 SW 55.945566729969315 -3.1919985058483187 103.30736446380615 437.70067977905273
55.945566729969315 -3.1919985058483187 ENE 55.945681534999025 -3.1917213419885653 103.30736446380615 436.45067977905273
55.945681534999025 -3.1917213419885653 S 55.94538153499902 -3.1917213419885653 103.30736446380615 435.20067977905273
55.94538153499902 -3.1917213419885653 ESE 55.94526672996931 -3.191444178128812 103.30736446380615 433.95067977905273
55.94526672996931 -3.191444178128812 NNE 55.94554389382907 -3.1913293730991024 175.72664546966553 538.5946235656738
55.94554389382907 -3.1913293730991024 NNE 55.945821057688825 -3.191214568069393 201.93190097808838 634.8509712219238
55.945821057688825 -3.191214568069393 ESE 55.945706252659114 -3.1909374042096394 204.5854468345642 685.4070091247559
55.945706252659114 -3.1909374042096394 N 55.94600625265912 -3.1909374042096394 204.5854468345642 684.1570091247559
55.94600625265912 -3.1909374042096394 ENE 55.94612105768883 -3.190660240349886 309.228467464447 695.9951372146606
55.94612105768883 -3.190660240349886 E 55.94612105768883 -3.190360240349886 329.80332708358765 744.5442018508911
55.94612105768883 -3.190360240349886 SSW 55.94584389382907 -3.1904750453795954 444.00831365585327 827.8999681472778
55.94584389382907 -3.1904750453795954 ENE 55.94595869885878 -3.190197881519842 482.832643032074 905.2893114089966
55.94595869885878 -3.190197881519842 SSE 55.945681534999025 -3.1900830764901325 482.832643032074 904.0393114089966
55.945681534999025 -3.1900830764901325 SE 55.94546940296467 -3.1898709444557767 491.4107813835144 998.0236558914185
55.94546940296467 -3.1898709444557767 SW 55.94525727093031 -3.1900830764901325 508.79298543930054 1102.722882270813
55.94525727093031 -3.1900830764901325 ESE 55.9451424659006 -3.189805912630379 612.1665816307068 1191.8364763259888
55.9451424659006 -3.189805912630379 SSW 55.944865302040846 -3.1899207176600886 652.2965598106384 1306.2926759719849
55.944865302040846 -3.1899207176600886 SSW 55.94458813818109 -3.190035522689798 652.2965598106384 1305.0426759719849
55.94458813818109 -3.190035522689798 SW 55.94437600614673 -3.190247654724154 652.2965598106384 1303.7926759719849
55.94437600614673 -3.190247654724154 NE 55.94458813818109 -3.190035522689798 652.2965598106384 1302.5426759719849
55.94458813818109 -3.190035522689798 E 55.94458813818109 -3.189735522689798 652.2965598106384 1301.2926759719849
55.94458813818109 -3.189735522689798 SE 55.94437600614673 -3.189523390655442 652.2965598106384 1300.0426759719849
55.94437600614673 -3.189523390655442 NNW 55.94465317000649 -3.1896381956851516 652.2965598106384 1298.7926759719849
55.94465317000649 -3.1896381956851516 NNE 55.944930333866246 -3.189523390655442 652.2965598106384 1297.5426759719849
55.944930333866246 -3.189523390655442 ESE 55.944815528836536 -3.1892462267956887 652.2965598106384 1296.2926759719849
55.944815528836536 -3.1892462267956887 E 55.944815528836536 -3.1889462267956885 652.2965598106384 1295.0426759719849
55.944815528836536 -3.1889462267956885 NW 55.94502766087089 -3.1891583588300443 652.2965598106384 1293.7926759719849
55.94502766087089 -3.1891583588300443 NNW 55.94530482473065 -3.189273163859754 727.5505576133728 1293.9640929698944
55.94530482473065 -3.189273163859754 E 55.94530482473065 -3.1889731638597536 727.5505576133728 1292.7140929698944
55.94530482473065 -3.1889731638597536 NNW 55.945581988590405 -3.189087968889463 727.5505576133728 1291.4640929698944
55.945581988590405 -3.189087968889463 E 55.945581988590405 -3.188787968889463 727.5505576133728 1290.2140929698944
55.945581988590405 -3.188787968889463 SE 55.94536985655605 -3.188575836855107 727.5505576133728 1288.9640929698944
55.94536985655605 -3.188575836855107 NNW 55.945647020415805 -3.1886906418848167 727.5505576133728 1287.7140929698944
55.945647020415805 -3.1886906418848167 SSW 55.94536985655605 -3.188805446914526 795.8353629112244 1405.6447570323944
55.94536985655605 -3.188805446914526 SSE 55.94509269269629 -3.1886906418848167 795.8353629112244 1404.3947570323944
55.94509269269629 -3.1886906418848167 N 55.945392692696295 -3.1886906418848167 795.8353629112244 1403.1447570323944
55.945392692696295 -3.1886906418848167 ESE 55.945277887666585 -3.1884134780250633 795.8353629112244 1401.8947570323944
55.945277887666585 -3.1884134780250633 NW 55.94549001970094 -3.188625610059419 844.6306433677673 1419.7861087322235
55.94549001970094 -3.188625610059419 N 55.945790019700944 -3.188625610059419 844.6306433677673 1418.5361087322235
55.945790019700944 -3.188625610059419 SE 55.94557788766659 -3.1884134780250633 844.6306433677673 1417.2861087322235
55.94557788766659 -3.1884134780250633 SW 55.94536575563223 -3.188625610059419 844.6306433677673 1416.0361087322235
55.94536575563223 -3.188625610059419 NNE 55.94564291949199 -3.1885108050297095 844.6306433677673 1414.7861087322235
55.94564291949199 -3.1885108050297095 ESE 55.94552811446228 -3.188233641169956 844.6306433677673 1413.5361087322235
55.94552811446228 -3.188233641169956 ENE 55.94564291949199 -3.1879564773102027 844.6306433677673 1412.2861087322235
55.94564291949199 -3.1879564773102027 W 55.94564291949199 -3.188256477310203 844.6306433677673 1411.0361087322235
55.94564291949199 -3.188256477310203 N 55.94594291949199 -3.188256477310203 890.2259154319763 1526.0106341838837
55.94594291949199 -3.188256477310203 W 55.94594291949199 -3.188556477310203 890.2259154319763 1524.7606341838837
55.94594291949199 -3.188556477310203 NNW 55.94622008335175 -3.1886712823399126 890.2259154319763 1523.5106341838837
55.94622008335175 -3.1886712823399126 ESE 55.94610527832204 -3.188394118480159 890.2259154319763 1522.2606341838837
55.94610527832204 -3.188394118480159 E 55.94610527832204 -3.188094118480159 1000.653069972992 1633.432699918747
55.94610527832204 -3.188094118480159 ENE 55.94622008335175 -3.1878169546204056 1000.653069972992 1632.182699918747
55.94622008335175 -3.1878169546204056 WSW 55.94610527832204 -3.188094118480159 1000.653069972992 1630.932699918747
55.94610527832204 -3.188094118480159 E 55.94610527832204 -3.187794118480159 1000.653069972992 1629.682699918747
55.94610527832204 -3.187794118480159 WSW 55.945990473292326 -3.188071282339912 1000.653069972992 1628.432699918747
55.945990473292326 -3.188071282339912 S 55.94569047329232 -3.188071282339912 1000.653069972992 1627.182699918747
55.94569047329232 -3.188071282339912 S 55.94539047329232 -3.188071282339912 1000.653069972992 1625.932699918747
55.94539047329232 -3.188071282339912 ESE 55.94527566826261 -3.187794118480159 1009.5412955284119 1634.456318616867
55.94527566826261 -3.187794118480159 W 55.94527566826261 -3.188094118480159 1009.5412955284119 1633.206318616867
55.94527566826261 -3.188094118480159 W 55.94527566826261 -3.188394118480159 1009.5412955284119 1631.956318616867
55.94527566826261 -3.188394118480159 SE 55.945063536228254 -3.1881819864458034 1009.5412955284119 1630.706318616867
55.945063536228254 -3.1881819864458034 WNW 55.945178341257964 -3.188459150305557 1009.5412955284119 1629.456318616867
55.945178341257964 -3.188459150305557 WNW 55.945293146287675 -3.1887363141653102 1009.5412955284119 1628.206318616867
55.945293146287675 -3.1887363141653102 SE 55.94508101425332 -3.1885241821309545 1009.5412955284119 1626.956318616867
55.94508101425332 -3.1885241821309545 S 55.944781014253316 -3.1885241821309545 1076.2590155601501 1659.0859344005585
55.944781014253316 -3.1885241821309545 S 55.94448101425331 -3.1885241821309545 1076.2590155601501 1657.8359344005585
55.94448101425331 -3.1885241821309545 S 55.94418101425331 -3.1885241821309545 1104.6970915794373 1729.3981750011444
55.94418101425331 -3.1885241821309545 NNW 55.94445817811307 -3.188638987160664 1104.6970915794373 1728.1481750011444
55.94445817811307 -3.188638987160664 E 55.94445817811307 -3.1883389871606638 1104.6970915794373 1726.8981750011444
55.94445817811307 -3.1883389871606638 WSW 55.944343373083356 -3.188616151020417 1104.6970915794373 1725.6481750011444
55.944343373083356 -3.188616151020417 NE 55.94455550511771 -3.1884040189860614 1104.6970915794373 1724.3981750011444
55.94455550511771 -3.1884040189860614 WSW 55.944440700088 -3.188681182845815 1104.6970915794373 1723.1481750011444
55.944440700088 -3.188681182845815 NNE 55.94471786394776 -3.1885663778161053 1104.6970915794373 1721.8981750011444
55.94471786394776 -3.1885663778161053 SW 55.9445057319134 -3.188778509850461 1104.6970915794373 1720.6481750011444
55.9445057319134 -3.188778509850461 SSE 55.944228568053646 -3.1886637048207516 1104.6970915794373 1719.3981750011444
55.944228568053646 -3.1886637048207516 NW 55.944440700088 -3.1888758368551073 1104.6970915794373 1718.1481750011444
55.944440700088 -3.1888758368551073 WNW 55.94455550511771 -3.1891530007148607 1104.6970915794373 1716.8981750011444
55.94455550511771 -3.1891530007148607 SSW 55.944278341257956 -3.1892678057445702 1104.6970915794373 1715.6481750011444
55.944278341257956 -3.1892678057445702 S 55.94397834125795 -3.1892678057445702 1104.6970915794373 1714.3981750011444
55.94397834125795 -3.1892678057445702 NNW 55.94425550511771 -3.1893826107742798 1104.6970915794373 1713.1481750011444
55.94425550511771 -3.1893826107742798 SSW 55.94397834125795 -3.1894974158039893 1104.6970915794373 1711.8981750011444
55.94397834125795 -3.1894974158039893 NW 55.94419047329231 -3.189709547838345 1104.6970915794373 1710.6481750011444
55.94419047329231 -3.189709547838345 NW 55.944402605326665 -3.189921679872701 1104.6970915794373 1709.3981750011444
55.944402605326665 -3.189921679872701 SSE 55.94412544146691 -3.1898068748429913 1104.6970915794373 1708.1481750011444
55.94412544146691 -3.1898068748429913 SSW 55.94384827760715 -3.189921679872701 1104.6970915794373 1706.8981750011444
55.94384827760715 -3.189921679872701 N 55.944148277607155 -3.189921679872701 1104.6970915794373 1705.6481750011444
55.944148277607155 -3.189921679872701 ESE 55.944033472577445 -3.1896445160129474 1104.6970915794373 1704.3981750011444
55.944033472577445 -3.1896445160129474 W 55.944033472577445 -3.1899445160129476 1104.6970915794373 1703.1481750011444
55.944033472577445 -3.1899445160129476 SSE 55.94375630871769 -3.189829710983238 1104.6970915794373 1701.8981750011444
55.94375630871769 -3.189829710983238 ENE 55.9438711137474 -3.1895525471234847 1104.6970915794373 1700.6481750011444
55.9438711137474 -3.1895525471234847 WSW 55.94375630871769 -3.189829710983238 1104.6970915794373 1699.3981750011444
55.94375630871769 -3.189829710983238 SW 55.94354417668333 -3.190041843017594 1104.6970915794373 1698.1481750011444
55.94354417668333 -3.190041843017594 SW 55.943332044648976 -3.1902539750519496 1104.6970915794373 1696.8981750011444
55.943332044648976 -3.1902539750519496 NW 55.94354417668333 -3.1904661070863054 1104.6970915794373 1695.6481750011444
55.94354417668333 -3.1904661070863054 E 55.94354417668333 -3.190166107086305 1104.6970915794373 1694.3981750011444
55.94354417668333 -3.190166107086305 N 55.943844176683335 -3.190166107086305 1104.6970915794373 1693.1481750011444
55.943844176683335 -3.190166107086305 NW 55.94405630871769 -3.190378239120661 1104.6970915794373 1691.8981750011444
55.94405630871769 -3.190378239120661 WNW 55.9441711137474 -3.1906554029804144 1191.76597738266 1717.769119977951
55.9441711137474 -3.1906554029804144 SW 55.943958981713045 -3.19086753501477 1191.76597738266 1716.519119977951
55.943958981713045 -3.19086753501477 NNW 55.9442361455728 -3.1909823400444797 1191.76597738266 1715.269119977951
55.9442361455728 -3.1909823400444797 S 55.9439361455728 -3.1909823400444797 1191.76597738266 1714.019119977951
55.9439361455728 -3.1909823400444797 WNW 55.94405095060251 -3.191259503904233 1191.76597738266 1712.769119977951
55.94405095060251 -3.191259503904233 E 55.94405095060251 -3.190959503904233 1191.76597738266 1711.519119977951
55.94405095060251 -3.190959503904233 NW 55.944263082636866 -3.1911716359385887 1191.76597738266 1710.269119977951
55.944263082636866 -3.1911716359385887 E 55.944263082636866 -3.1908716359385885 1191.76597738266 1709.019119977951
55.944263082636866 -3.1908716359385885 NE 55.94447521467122 -3.1906595039042327 1191.76597738266 1707.769119977951
55.94447521467122 -3.1906595039042327 SSW 55.944198050811465 -3.190774308933942 1191.76597738266 1706.519119977951
55.944198050811465 -3.190774308933942 ENE 55.944312855841176 -3.190497145074189 1191.76597738266 1705.269119977951
55.944312855841176 -3.190497145074189 S 55.94401285584117 -3.190497145074189 1191.76597738266 1704.019119977951
55.94401285584117 -3.190497145074189 NNW 55.94429001970093 -3.1906119501038983 1191.76597738266 1702.769119977951
55.94429001970093 -3.1906119501038983 NNW 55.944567183560686 -3.190726755133608 1191.76597738266 1701.519119977951
55.944567183560686 -3.190726755133608 SW 55.94435505152633 -3.1909388871679636 1191.76597738266 1700.269119977951
55.94435505152633 -3.1909388871679636 NNE 55.944632215386086 -3.190824082138254 1191.76597738266 1699.019119977951
55.944632215386086 -3.190824082138254 S 55.94433221538608 -3.190824082138254 1191.76597738266 1697.769119977951
55.94433221538608 -3.190824082138254 NNW 55.94460937924584 -3.1909388871679636 1191.76597738266 1696.519119977951
55.94460937924584 -3.1909388871679636 NNE 55.944886543105596 -3.190824082138254 1194.0380461215973 1702.4444477558136
55.944886543105596 -3.190824082138254 ENE 55.94500134813531 -3.1905469182785007 1194.0380461215973 1701.1944477558136
55.94500134813531 -3.1905469182785007 SW 55.94478921610095 -3.1907590503128564 1194.0380461215973 1699.9444477558136
55.94478921610095 -3.1907590503128564 ENE 55.94490402113066 -3.190481886453103 1287.787008523941 1750.0856792926788
55.94490402113066 -3.190481886453103 SE 55.944691889096305 -3.1902697544187473 1287.787008523941 1748.8356792926788
55.944691889096305 -3.1902697544187473 NNE 55.94496905295606 -3.1901549493890378 1300.3278276920319 1809.918156862259
55.94496905295606 -3.1901549493890378 NNW 55.94524621681582 -3.1902697544187473 1300.3278276920319 1808.668156862259
55.94524621681582 -3.1902697544187473 NNW 55.945523380675574 -3.190384559448457 1300.3278276920319 1807.418156862259
55.945523380675574 -3.190384559448457 S 55.94522338067557 -3.190384559448457 1300.3278276920319 1806.168156862259
55.94522338067557 -3.190384559448457 NNE 55.94550054453533 -3.1902697544187473 1300.3278276920319 1804.918156862259
55.94550054453533 -3.1902697544187473 NNW 55.945777708395084 -3.190384559448457 1300.3278276920319 1803.668156862259
55.945777708395084 -3.190384559448457 SSW 55.94550054453533 -3.1904993644781663 1300.3278276920319 1802.418156862259
55.94550054453533 -3.1904993644781663 NNW 55.945777708395084 -3.190614169507876 1300.3278276920319 1801.168156862259
55.945777708395084 -3.190614169507876 SSW 55.94550054453533 -3.1907289745375853 1302.1767798662186 1854.3879177570343
55.94550054453533 -3.1907289745375853 WNW 55.94561534956504 -3.1910061383973387 1390.991225361824 1897.6332867145538
55.94561534956504 -3.1910061383973387 SE 55.94540321753068 -3.190794006362983 1390.991225361824 1896.3832867145538
55.94540321753068 -3.190794006362983 S 55.94510321753068 -3.190794006362983 1449.8909331560135 1984.7062237262726
55.94510321753068 -3.190794006362983 WNW 55.94521802256039 -3.1910711702227363 1449.8909331560135 1983.4562237262726
55.94521802256039 -3.1910711702227363 NNE 55.945495186420146 -3.190956365193027 1555.62373650074 2065.1382534503937
55.945495186420146 -3.190956365193027 N 55.94579518642015 -3.190956365193027 1555.62373650074 2063.8882534503937
55.94579518642015 -3.190956365193027 SSW 55.94551802256039 -3.1910711702227363 1555.62373650074 2062.6382534503937
55.94551802256039 -3.1910711702227363 WSW 55.94540321753068 -3.1913483340824897 1555.62373650074 2061.3882534503937
55.94540321753068 -3.1913483340824897 SSW 55.945126053670926 -3.1914631391121993 1555.62373650074 2060.1382534503937
55.945126053670926 -3.1914631391121993 ENE 55.945240858700636 -3.191185975252446 1555.62373650074 2058.8882534503937
55.945240858700636 -3.191185975252446 ESE 55.945126053670926 -3.1909088113926924 1555.62373650074 2057.6382534503937
55.945126053670926 -3.1909088113926924 N 55.94542605367093 -3.1909088113926924 1555.62373650074 2056.3882534503937
55.94542605367093 -3.1909088113926924 SW 55.94521392163657 -3.191120943427048 1555.62373650074 2055.1382534503937
55.94521392163657 -3.191120943427048 ESE 55.94509911660686 -3.190843779567295 1555.62373650074 2053.8882534503937
55.94509911660686 -3.190843779567295 W 55.94509911660686 -3.191143779567295 1555.62373650074 2052.6382534503937
55.94509911660686 -3.191143779567295 NE 55.94531124864122 -3.1909316475329392 1555.62373650074 2051.3882534503937
55.94531124864122 -3.1909316475329392 SSW 55.94503408478146 -3.1910464525626487 1555.62373650074 2050.1382534503937
55.94503408478146 -3.1910464525626487 W 55.94503408478146 -3.191346452562649 1555.62373650074 2048.8882534503937
55.94503408478146 -3.191346452562649 WSW 55.94491927975175 -3.1916236164224023 1555.62373650074 2047.6382534503937
55.94491927975175 -3.1916236164224023 ESE 55.94480447472204 -3.191346452562649 1555.62373650074 2046.3882534503937
55.94480447472204 -3.191346452562649 WSW 55.94468966969233 -3.1916236164224023 1623.5931731462479 2062.2223637104034
55.94468966969233 -3.1916236164224023 W 55.94468966969233 -3.1919236164224025 1623.5931731462479 2060.9723637104034
55.94468966969233 -3.1919236164224025 SE 55.944477537657974 -3.1917114843880467 1623.5931731462479 2059.7223637104034
55.944477537657974 -3.1917114843880467 NE 55.94468966969233 -3.191499352353691 1623.5931731462479 2058.4723637104034
55.94468966969233 -3.191499352353691 NE 55.94490180172669 -3.191287220319335 1623.5931731462479 2057.2223637104034
55.94490180172669 -3.191287220319335 S 55.944601801726684 -3.191287220319335 1623.5931731462479 2055.9723637104034
55.944601801726684 -3.191287220319335 NE 55.94481393376104 -3.1910750882849794 1623.5931731462479 2054.7223637104034
55.94481393376104 -3.1910750882849794 SSW 55.94453676990128 -3.191189893314689 1623.5931731462479 2053.4723637104034
55.94453676990128 -3.191189893314689 W 55.94453676990128 -3.191489893314689 1623.5931731462479 2052.2223637104034
55.94453676990128 -3.191489893314689 NNW 55.94481393376104 -3.1916046983443986 1623.5931731462479 2050.9723637104034
55.94481393376104 -3.1916046983443986 S 55.94451393376104 -3.1916046983443986 1623.5931731462479 2049.7223637104034
55.94451393376104 -3.1916046983443986 W 55.94451393376104 -3.191904698344399 1623.5931731462479 2048.4723637104034
55.94451393376104 -3.191904698344399 SE 55.94430180172668 -3.191692566310043 1641.3809081315994 2048.0570400953293
55.94430180172668 -3.191692566310043 WNW 55.94441660675639 -3.1919697301697965 1641.3809081315994 2046.8070400953293
55.94441660675639 -3.1919697301697965 SW 55.944204474722035 -3.1921818622041522 1732.3935347795486 2093.051508784294
55.944204474722035 -3.1921818622041522 S 55.94390447472203 -3.1921818622041522 1732.3935347795486 2091.801508784294
55.94390447472203 -3.1921818622041522 NW 55.94411660675639 -3.192393994238508 1830.2332640886307 2115.295763850212
55.94411660675639 -3.192393994238508 S 55.943816606756386 -3.192393994238508 1933.889216542244 2159.3506306409836
55.943816606756386 -3.192393994238508 SE 55.94360447472203 -3.1921818622041522 1933.889216542244 2158.1006306409836
55.94360447472203 -3.1921818622041522 SSW 55.94332731086227 -3.1922966672338617 1933.889216542244 2156.8506306409836
55.94332731086227 -3.1922966672338617 S 55.94302731086227 -3.1922966672338617 1933.889216542244 2155.6006306409836
55.94302731086227 -3.1922966672338617 SSW 55.94275014700251 -3.1924114722635712 1933.889216542244 2154.3506306409836
55.94275014700251 -3.1924114722635712 ESE 55.9426353419728 -3.192134308403818 1933.889216542244 2153.1006306409836
55.9426353419728 -3.192134308403818 E 55.9426353419728 -3.1918343084038177 1933.889216542244 2151.8506306409836
55.9426353419728 -3.1918343084038177 NE 55.94284747400716 -3.191622176369462 1933.889216542244 2150.6006306409836
55.94284747400716 -3.191622176369462 NW 55.943059606041516 -3.1918343084038177 1933.889216542244 2149.3506306409836
55.943059606041516 -3.1918343084038177 NE 55.94327173807587 -3.191622176369462 1933.889216542244 2148.1006306409836
55.94327173807587 -3.191622176369462 NW 55.94348387011023 -3.1918343084038177 1933.889216542244 2146.8506306409836
55.94348387011023 -3.1918343084038177 NW 55.943696002144584 -3.1920464404381734 1983.81807243824 2268.430228114128
55.943696002144584 -3.1920464404381734 ENE 55.943810807174295 -3.19176927657842 2006.4337111711502 2328.0607327222824
55.943810807174295 -3.19176927657842 N 55.9441108071743 -3.19176927657842 2006.4337111711502 2326.8107327222824
55.9441108071743 -3.19176927657842 E 55.9441108071743 -3.19146927657842 2006.4337111711502 2325.5607327222824
55.9441108071743 -3.19146927657842 SW 55.94389867513994 -3.1916814086127756 2006.4337111711502 2324.3107327222824
55.94389867513994 -3.1916814086127756 SSE 55.943621511280185 -3.191566603583066 2006.4337111711502 2323.0607327222824
55.943621511280185 -3.191566603583066 NNE 55.94389867513994 -3.1914517985533566 2006.4337111711502 2321.8107327222824
55.94389867513994 -3.1914517985533566 SSE 55.943621511280185 -3.191336993523647 2006.4337111711502 2320.5607327222824
55.943621511280185 -3.191336993523647 NW 55.94383364331454 -3.191549125558003 2006.4337111711502 2319.3107327222824
55.94383364331454 -3.191549125558003 ENE 55.94394844834425 -3.1912719616982494 2128.4665328264236 2338.18082511425
55.94394844834425 -3.1912719616982494 SSE 55.943671284484495 -3.19115715666854 2128.4665328264236 2336.93082511425
55.943671284484495 -3.19115715666854 W 55.943671284484495 -3.19145715666854 2128.4665328264236 2335.68082511425
55.943671284484495 -3.19145715666854 ESE 55.943556479454784 -3.1911799928087867 2128.4665328264236 2334.43082511425
55.943556479454784 -3.1911799928087867 W 55.943556479454784 -3.191479992808787 2128.4665328264236 2333.18082511425
55.943556479454784 -3.191479992808787 ESE 55.943441674425074 -3.1912028289490335 2128.4665328264236 2331.93082511425
55.943441674425074 -3.1912028289490335 SE 55.94322954239072 -3.1909906969146777 2128.4665328264236 2330.68082511425
55.94322954239072 -3.1909906969146777 NW 55.943441674425074 -3.1912028289490335 2128.4665328264236 2329.43082511425
55.943441674425074 -3.1912028289490335 SSE 55.94316451056532 -3.191088023919324 2128.4665328264236 2328.18082511425
55.94316451056532 -3.191088023919324 WSW 55.94304970553561 -3.1913651877790774 2128.4665328264236 2326.93082511425
55.94304970553561 -3.1913651877790774 S 55.942749705535604 -3.1913651877790774 2149.8055621385574 2366.361340403557
55.942749705535604 -3.1913651877790774 ESE 55.942634900505894 -3.191088023919324 2149.8055621385574 2365.111340403557
55.942634900505894 -3.191088023919324 WNW 55.942749705535604 -3.1913651877790774 2149.8055621385574 2363.861340403557
55.942749705535604 -3.1913651877790774 E 55.942749705535604 -3.191065187779077 2149.8055621385574 2362.611340403557
55.942749705535604 -3.191065187779077 WNW 55.942864510565315 -3.1913423516388306 2149.8055621385574 2361.361340403557
55.942864510565315 -3.1913423516388306 E 55.942864510565315 -3.1910423516388304 2149.8055621385574 2360.111340403557
55.942864510565315 -3.1910423516388304 NE 55.94307664259967 -3.1908302196044747 2149.8055621385574 2358.861340403557
55.94307664259967 -3.1908302196044747 NNW 55.94335380645943 -3.190945024634184 2149.8055621385574 2357.611340403557
55.94335380645943 -3.190945024634184 SE 55.94314167442507 -3.1907328925998284 2149.8055621385574 2356.361340403557
55.94314167442507 -3.1907328925998284 NE 55.94335380645943 -3.1905207605654726 2149.8055621385574 2355.111340403557
55.94335380645943 -3.1905207605654726 ESE 55.94323900142972 -3.190243596705719 2149.8055621385574 2353.861340403557
55.94323900142972 -3.190243596705719 SSW 55.94296183756996 -3.1903584017354287 2149.8055621385574 2352.611340403557
55.94296183756996 -3.1903584017354287 ESE 55.94284703254025 -3.1900812378756753 2149.8055621385574 2351.361340403557
55.94284703254025 -3.1900812378756753 N 55.94314703254025 -3.1900812378756753 2196.287316441536 2358.8320664167404
55.94314703254025 -3.1900812378756753 SSE 55.942869868680496 -3.189966432845966 2196.287316441536 2357.5820664167404
55.942869868680496 -3.189966432845966 SW 55.94265773664614 -3.1901785648803216 2196.287316441536 2356.3320664167404
55.94265773664614 -3.1901785648803216 E 55.94265773664614 -3.1898785648803214 2196.287316441536 2355.0820664167404
55.94265773664614 -3.1898785648803214 NNW 55.9429349005059 -3.189993369910031 2196.287316441536 2353.8320664167404
55.9429349005059 -3.189993369910031 SE 55.94272276847154 -3.189781237875675 2196.287316441536 2352.5820664167404
55.94272276847154 -3.189781237875675 NW 55.9429349005059 -3.189993369910031 2196.287316441536 2351.3320664167404
55.9429349005059 -3.189993369910031 S 55.942634900505894 -3.189993369910031 2196.287316441536 2350.0820664167404
55.942634900505894 -3.189993369910031 E 55.942634900505894 -3.1896933699100307 2196.287316441536 2348.8320664167404
55.942634900505894 -3.1896933699100307 E 55.942634900505894 -3.1893933699100305 2196.287316441536 2347.5820664167404
55.942634900505894 -3.1893933699100305 E 55.942634900505894 -3.1890933699100303 2196.287316441536 2346.3320664167404
55.942634900505894 -3.1890933699100303 E 55.942634900505894 -3.18879336991003 2196.287316441536 2345.0820664167404
55.942634900505894 -3.18879336991003 ENE 55.942749705535604 -3.1885162060502767 2280.9986964464188 2413.5538605451584
55.942749705535604 -3.1885162060502767 NNE 55.94302686939536 -3.1884014010205672 2280.9986964464188 2412.3038605451584
55.94302686939536 -3.1884014010205672 SW 55.942814737361005 -3.188613533054923 2280.9986964464188 2411.0538605451584
