55.944425 -3.188396 S 55.944125 -3.188396 0.0 248.75
55.944125 -3.188396 N 55.944425 -3.188396 0.0 247.5
55.944425 -3.188396 ESE 55.94431019497029 -3.1881188361402466 0.0 246.25
55.94431019497029 -3.1881188361402466 W 55.94431019497029 -3.188418836140247 0.0 245.0
55.94431019497029 -3.188418836140247 E 55.94431019497029 -3.1881188361402466 0.0 243.75
55.94431019497029 -3.1881188361402466 W 55.94431019497029 -3.188418836140247 0.0 242.5
55.94431019497029 -3.188418836140247 E 55.94431019497029 -3.1881188361402466 0.0 241.25
55.94431019497029 -3.1881188361402466 SSE 55.944033031110536 -3.188004031110537 0.0 240.0
55.944033031110536 -3.188004031110537 NNW 55.94431019497029 -3.1881188361402466 0.0 238.75
55.94431019497029 -3.1881188361402466 S 55.94401019497029 -3.1881188361402466 0.0 237.5
55.94401019497029 -3.1881188361402466 W 55.94401019497029 -3.188418836140247 0.0 236.25
55.94401019497029 -3.188418836140247 E 55.94401019497029 -3.1881188361402466 0.0 235.0
55.94401019497029 -3.1881188361402466 W 55.94401019497029 -3.188418836140247 0.0 233.75
55.94401019497029 -3.188418836140247 E 55.94401019497029 -3.1881188361402466 0.0 232.5
55.94401019497029 -3.1881188361402466 SW 55.94379806293593 -3.1883309681746024 0.0 231.25
55.94379806293593 -3.1883309681746024 ENE 55.94391286796564 -3.188053804314849 0.0 230.0
55.94391286796564 -3.188053804314849 SSW 55.94363570410589 -3.1881686093445585 0.0 228.75
55.94363570410589 -3.1881686093445585 NNE 55.94391286796564 -3.188053804314849 0.0 227.5
55.94391286796564 -3.188053804314849 SSW 55.94363570410589 -3.1881686093445585 0.0 226.25
55.94363570410589 -3.1881686093445585 NNW 55.94391286796564 -3.188283414374268 0.0 225.0
55.94391286796564 -3.188283414374268 S 55.94361286796564 -3.188283414374268 0.0 223.75
55.94361286796564 -3.188283414374268 N 55.94391286796564 -3.188283414374268 0.0 222.5
55.94391286796564 -3.188283414374268 W 55.94391286796564 -3.188583414374268 0.0 221.25
55.94391286796564 -3.188583414374268 E 55.94391286796564 -3.188283414374268 0.0 220.0
55.94391286796564 -3.188283414374268 W 55.94391286796564 -3.188583414374268 0.0 218.75
55.94391286796564 -3.188583414374268 SSE 55.94363570410589 -3.1884686093445587 0.0 217.5
55.94363570410589 -3.1884686093445587 NNW 55.94391286796564 -3.188583414374268 0.0 216.25
55.94391286796564 -3.188583414374268 NE 55.944125 -3.1883712823399124 0.0 215.0
55.944125 -3.1883712823399124 SW 55.94391286796564 -3.188583414374268 0.0 213.75
55.94391286796564 -3.188583414374268 NE 55.944125 -3.1883712823399124 0.0 212.5
55.944125 -3.1883712823399124 W 55.944125 -3.1886712823399126 0.0 211.25
55.944125 -3.1886712823399126 ENE 55.94423980502971 -3.188394118480159 0.0 210.0
55.94423980502971 -3.188394118480159 WSW 55.944125 -3.1886712823399126 0.0 208.75
55.944125 -3.1886712823399126 NE 55.944337132034356 -3.188459150305557 0.0 207.5
55.944337132034356 -3.188459150305557 SSW 55.9440599681746 -3.1885739553352663 0.0 206.25
55.9440599681746 -3.1885739553352663 NNE 55.944337132034356 -3.188459150305557 0.0 205.0
55.944337132034356 -3.188459150305557 NE 55.94454926406871 -3.188247018271201 0.0 203.75
55.94454926406871 -3.188247018271201 SW 55.944337132034356 -3.188459150305557 0.0 202.5
55.944337132034356 -3.188459150305557 S 55.94403713203435 -3.188459150305557 0.0 201.25
55.94403713203435 -3.188459150305557 NE 55.94424926406871 -3.188247018271201 0.0 200.0
55.94424926406871 -3.188247018271201 SSW 55.94397210020895 -3.1883618233009106 0.0 198.75
55.94397210020895 -3.1883618233009106 ENE 55.94408690523866 -3.188084659441157 0.0 197.5
55.94408690523866 -3.188084659441157 SSE 55.94380974137891 -3.1879698544114476 0.0 196.25
55.94380974137891 -3.1879698544114476 NNE 55.94408690523866 -3.187855049381738 0.0 195.0
55.94408690523866 -3.187855049381738 WNW 55.94420171026837 -3.1881322132414915 0.0 193.75
55.94420171026837 -3.1881322132414915 ESE 55.94408690523866 -3.187855049381738 0.0 192.5
55.94408690523866 -3.187855049381738 SW 55.94387477320431 -3.188067181416094 0.0 191.25
55.94387477320431 -3.188067181416094 NE 55.94408690523866 -3.187855049381738 0.0 190.0
55.94408690523866 -3.187855049381738 SE 55.94387477320431 -3.1876429173473824 0.0 188.75
55.94387477320431 -3.1876429173473824 NW 55.94408690523866 -3.187855049381738 0.0 187.5
55.94408690523866 -3.187855049381738 NE 55.94429903727302 -3.1876429173473824 0.0 186.25
55.94429903727302 -3.1876429173473824 SW 55.94408690523866 -3.187855049381738 0.0 185.0
55.94408690523866 -3.187855049381738 ENE 55.94420171026837 -3.1875778855219847 0.0 183.75
55.94420171026837 -3.1875778855219847 SW 55.94398957823402 -3.1877900175563405 0.0 182.5
55.94398957823402 -3.1877900175563405 NNE 55.944266742093774 -3.187675212526631 0.0 181.25
55.944266742093774 -3.187675212526631 ESE 55.94415193706406 -3.1873980486668776 0.0 180.0
55.94415193706406 -3.1873980486668776 NW 55.94436406909842 -3.1876101807012334 0.0 178.75
55.94436406909842 -3.1876101807012334 SE 55.94415193706406 -3.1873980486668776 0.0 177.5
55.94415193706406 -3.1873980486668776 WSW 55.94403713203435 -3.187675212526631 0.0 176.25
55.94403713203435 -3.187675212526631 SW 55.943825 -3.1878873445609868 0.0 175.0
55.943825 -3.1878873445609868 NE 55.94403713203435 -3.187675212526631 0.0 173.75
55.94403713203435 -3.187675212526631 S 55.94373713203435 -3.187675212526631 0.0 172.5
55.94373713203435 -3.187675212526631 SE 55.943524999999994 -3.1874630804922752 0.0 171.25
55.943524999999994 -3.1874630804922752 WNW 55.943639805029704 -3.1877402443520286 0.0 170.0
55.943639805029704 -3.1877402443520286 ESE 55.943524999999994 -3.1874630804922752 0.0 168.75
55.943524999999994 -3.1874630804922752 W 55.943524999999994 -3.1877630804922754 85.43490600585938 240.602783203125
55.943524999999994 -3.1877630804922754 NNE 55.94380216385975 -3.187648275462566 85.43490600585938 239.352783203125
55.94380216385975 -3.187648275462566 SSW 55.943524999999994 -3.1877630804922754 85.43490600585938 238.102783203125
55.943524999999994 -3.1877630804922754 WNW 55.943639805029704 -3.188040244352029 85.43490600585938 236.852783203125
55.943639805029704 -3.188040244352029 ESE 55.943524999999994 -3.1877630804922754 85.43490600585938 235.602783203125
55.943524999999994 -3.1877630804922754 NW 55.94373713203435 -3.187975212526631 85.43490600585938 234.352783203125
55.94373713203435 -3.187975212526631 SE 55.943524999999994 -3.1877630804922754 85.43490600585938 233.102783203125
55.943524999999994 -3.1877630804922754 N 55.943825 -3.1877630804922754 85.43490600585938 231.852783203125
55.943825 -3.1877630804922754 SSW 55.94354783614024 -3.187877885521985 197.7243881225586 257.0289669036865
55.94354783614024 -3.187877885521985 WSW 55.94343303111053 -3.1881550493817383 197.7243881225586 255.77896690368652
55.94343303111053 -3.1881550493817383 NNE 55.943710194970286 -3.188040244352029 197.7243881225586 254.52896690368652
55.943710194970286 -3.188040244352029 SSW 55.94343303111053 -3.1881550493817383 197.7243881225586 253.27896690368652
55.94343303111053 -3.1881550493817383 NNE 55.943710194970286 -3.188040244352029 197.7243881225586 252.02896690368652
55.943710194970286 -3.188040244352029 SW 55.94349806293593 -3.1882523763863846 197.7243881225586 250.77896690368652
55.94349806293593 -3.1882523763863846 WNW 55.94361286796564 -3.188529540246138 197.7243881225586 249.52896690368652
55.94361286796564 -3.188529540246138 ESE 55.94349806293593 -3.1882523763863846 197.7243881225586 248.27896690368652
55.94349806293593 -3.1882523763863846 SW 55.943285930901574 -3.1884645084207404 197.7243881225586 247.02896690368652
55.943285930901574 -3.1884645084207404 NNE 55.94356309476133 -3.188349703391031 197.7243881225586 245.77896690368652
55.94356309476133 -3.188349703391031 SSW 55.943285930901574 -3.1884645084207404 197.7243881225586 244.52896690368652
55.943285930901574 -3.1884645084207404 NW 55.94349806293593 -3.188676640455096 197.7243881225586 243.27896690368652
55.94349806293593 -3.188676640455096 SSE 55.943220899076174 -3.1885618354253866 197.7243881225586 242.02896690368652
55.943220899076174 -3.1885618354253866 NW 55.94343303111053 -3.1887739674597424 197.7243881225586 240.77896690368652
55.94343303111053 -3.1887739674597424 WSW 55.94331822608082 -3.189051131319496 197.7243881225586 239.52896690368652
55.94331822608082 -3.189051131319496 ENE 55.94343303111053 -3.1887739674597424 197.7243881225586 238.27896690368652
55.94343303111053 -3.1887739674597424 W 55.94343303111053 -3.1890739674597426 197.7243881225586 237.02896690368652
55.94343303111053 -3.1890739674597426 S 55.94313303111053 -3.1890739674597426 197.7243881225586 235.77896690368652
55.94313303111053 -3.1890739674597426 NNW 55.943410194970284 -3.189188772489452 197.7243881225586 234.52896690368652
55.943410194970284 -3.189188772489452 S 55.94311019497028 -3.189188772489452 197.7243881225586 233.27896690368652
55.94311019497028 -3.189188772489452 N 55.943410194970284 -3.189188772489452 197.7243881225586 232.02896690368652
55.943410194970284 -3.189188772489452 S 55.94311019497028 -3.189188772489452 197.7243881225586 230.77896690368652
55.94311019497028 -3.189188772489452 NW 55.94332232700464 -3.189400904523808 197.7243881225586 229.52896690368652
55.94332232700464 -3.189400904523808 SE 55.94311019497028 -3.189188772489452 197.7243881225586 228.27896690368652
55.94311019497028 -3.189188772489452 SSE 55.942833031110524 -3.1890739674597426 233.04375839233398 302.84459495544434
55.942833031110524 -3.1890739674597426 NNE 55.94311019497028 -3.188959162430033 233.04375839233398 301.59459495544434
55.94311019497028 -3.188959162430033 S 55.94281019497028 -3.188959162430033 290.3966751098633 393.27844047546387
55.94281019497028 -3.188959162430033 N 55.94311019497028 -3.188959162430033 290.3966751098633 392.02844047546387
55.94311019497028 -3.188959162430033 WNW 55.94322499999999 -3.1892363262897865 290.3966751098633 390.77844047546387
55.94322499999999 -3.1892363262897865 ESE 55.94311019497028 -3.188959162430033 290.3966751098633 389.52844047546387
55.94311019497028 -3.188959162430033 E 55.94311019497028 -3.188659162430033 290.3966751098633 388.27844047546387
55.94311019497028 -3.188659162430033 SE 55.942898062935924 -3.188447030395677 290.3966751098633 387.02844047546387
55.942898062935924 -3.188447030395677 NW 55.94311019497028 -3.188659162430033 290.3966751098633 385.77844047546387
55.94311019497028 -3.188659162430033 ESE 55.94299538994057 -3.1883819985702795 379.3851089477539 453.5403347015381
55.94299538994057 -3.1883819985702795 WNW 55.94311019497028 -3.188659162430033 379.3851089477539 452.2903347015381
55.94311019497028 -3.188659162430033 WSW 55.94299538994057 -3.1889363262897863 379.3851089477539 451.0403347015381
55.94299538994057 -3.1889363262897863 E 55.94299538994057 -3.188636326289786 379.3851089477539 449.7903347015381
55.94299538994057 -3.188636326289786 S 55.94269538994057 -3.188636326289786 379.3851089477539 448.5403347015381
55.94269538994057 -3.188636326289786 NNE 55.942972553800324 -3.1885215212600766 456.86768341064453 503.54762077331543
55.942972553800324 -3.1885215212600766 SE 55.94276042176597 -3.188309389225721 478.9104595184326 518.1935558319092
55.94276042176597 -3.188309389225721 NW 55.942972553800324 -3.1885215212600766 478.9104595184326 516.9435558319092
55.942972553800324 -3.1885215212600766 NNE 55.94324971766008 -3.188406716230367 478.9104595184326 515.6935558319092
55.94324971766008 -3.188406716230367 SSW 55.942972553800324 -3.1885215212600766 478.9104595184326 514.4435558319092
55.942972553800324 -3.1885215212600766 NNW 55.94324971766008 -3.188636326289786 478.9104595184326 513.1935558319092
55.94324971766008 -3.188636326289786 SSW 55.942972553800324 -3.1887511313194956 478.9104595184326 511.9435558319092
55.942972553800324 -3.1887511313194956 NNE 55.94324971766008 -3.188636326289786 478.9104595184326 510.6935558319092
55.94324971766008 -3.188636326289786 NNE 55.94352688151984 -3.1885215212600766 478.9104595184326 509.4435558319092
55.94352688151984 -3.1885215212600766 S 55.943226881519834 -3.1885215212600766 478.9104595184326 508.1935558319092
55.943226881519834 -3.1885215212600766 N 55.94352688151984 -3.1885215212600766 478.9104595184326 506.9435558319092
55.94352688151984 -3.1885215212600766 N 55.94382688151984 -3.1885215212600766 478.9104595184326 505.6935558319092
55.94382688151984 -3.1885215212600766 SSW 55.94354971766008 -3.188636326289786 478.9104595184326 504.4435558319092
55.94354971766008 -3.188636326289786 NW 55.94376184969444 -3.188848458324142 478.9104595184326 503.1935558319092
55.94376184969444 -3.188848458324142 ESE 55.94364704466473 -3.1885712944643885 478.9104595184326 501.9435558319092
55.94364704466473 -3.1885712944643885 WNW 55.94376184969444 -3.188848458324142 478.9104595184326 500.6935558319092
55.94376184969444 -3.188848458324142 ENE 55.94387665472415 -3.1885712944643885 503.2609329223633 537.4830074310303
55.94387665472415 -3.1885712944643885 WSW 55.94376184969444 -3.188848458324142 503.2609329223633 536.2330074310303
55.94376184969444 -3.188848458324142 ENE 55.94387665472415 -3.1885712944643885 503.2609329223633 534.9830074310303
55.94387665472415 -3.1885712944643885 WSW 55.94376184969444 -3.188848458324142 503.2609329223633 533.7330074310303
55.94376184969444 -3.188848458324142 NNE 55.944039013554196 -3.1887336532944324 503.2609329223633 532.4830074310303
55.944039013554196 -3.1887336532944324 SE 55.94382688151984 -3.1885215212600766 503.2609329223633 531.2330074310303
55.94382688151984 -3.1885215212600766 W 55.94382688151984 -3.188821521260077 503.2609329223633 529.9830074310303
55.94382688151984 -3.188821521260077 E 55.94382688151984 -3.1885215212600766 503.2609329223633 528.7330074310303
55.94382688151984 -3.1885215212600766 NW 55.944039013554196 -3.1887336532944324 503.2609329223633 527.4830074310303
55.944039013554196 -3.1887336532944324 NW 55.94425114558855 -3.188945785328788 503.2609329223633 526.2330074310303
55.94425114558855 -3.188945785328788 E 55.94425114558855 -3.188645785328788 503.2609329223633 524.9830074310303
55.94425114558855 -3.188645785328788 WNW 55.94436595061826 -3.1889229491885414 503.2609329223633 523.7330074310303
55.94436595061826 -3.1889229491885414 WNW 55.94448075564797 -3.1892001130482948 503.2609329223633 522.4830074310303
55.94448075564797 -3.1892001130482948 ESE 55.94436595061826 -3.1889229491885414 503.2609329223633 521.2330074310303
55.94436595061826 -3.1889229491885414 NE 55.94457808265262 -3.1887108171541856 503.2609329223633 519.9830074310303
55.94457808265262 -3.1887108171541856 SW 55.94436595061826 -3.1889229491885414 503.2609329223633 518.7330074310303
55.94436595061826 -3.1889229491885414 NW 55.94457808265262 -3.189135081222897 503.2609329223633 517.4830074310303
55.94457808265262 -3.189135081222897 SE 55.94436595061826 -3.1889229491885414 503.2609329223633 516.2330074310303
55.94436595061826 -3.1889229491885414 WNW 55.94448075564797 -3.1892001130482948 503.2609329223633 514.9830074310303
55.94448075564797 -3.1892001130482948 N 55.944780755647976 -3.1892001130482948 503.2609329223633 513.7330074310303
55.944780755647976 -3.1892001130482948 SSE 55.94450359178822 -3.1890853080185853 503.2609329223633 512.4830074310303
55.94450359178822 -3.1890853080185853 NNW 55.944780755647976 -3.1892001130482948 503.2609329223633 511.2330074310303
55.944780755647976 -3.1892001130482948 ENE 55.944895560677686 -3.1889229491885414 503.2609329223633 509.9830074310303
55.944895560677686 -3.1889229491885414 W 55.944895560677686 -3.1892229491885415 503.2609329223633 508.7330074310303
55.944895560677686 -3.1892229491885415 SW 55.94468342864333 -3.1894350812228973 503.2609329223633 507.4830074310303
55.94468342864333 -3.1894350812228973 NE 55.944895560677686 -3.1892229491885415 503.2609329223633 506.2330074310303
55.944895560677686 -3.1892229491885415 ESE 55.944780755647976 -3.188945785328788 547.3778953552246 559.4161548614502
55.944780755647976 -3.188945785328788 WNW 55.944895560677686 -3.1892229491885415 547.3778953552246 558.1661548614502
55.944895560677686 -3.1892229491885415 SW 55.94468342864333 -3.1894350812228973 547.3778953552246 556.9161548614502
55.94468342864333 -3.1894350812228973 NNE 55.94496059250309 -3.189320276193188 547.3778953552246 555.6661548614502
55.94496059250309 -3.189320276193188 SW 55.94474846046873 -3.1895324082275436 646.9977149963379 614.3132495880127
55.94474846046873 -3.1895324082275436 NE 55.94496059250309 -3.189320276193188 646.9977149963379 613.0632495880127
55.94496059250309 -3.189320276193188 W 55.94496059250309 -3.189620276193188 646.9977149963379 611.8132495880127
55.94496059250309 -3.189620276193188 E 55.94496059250309 -3.189320276193188 646.9977149963379 610.5632495880127
55.94496059250309 -3.189320276193188 NW 55.94517272453744 -3.1895324082275436 646.9977149963379 609.3132495880127
55.94517272453744 -3.1895324082275436 SSE 55.944895560677686 -3.189417603197834 646.9977149963379 608.0632495880127
55.944895560677686 -3.189417603197834 NNW 55.94517272453744 -3.1895324082275436 646.9977149963379 606.8132495880127
55.94517272453744 -3.1895324082275436 W 55.94517272453744 -3.1898324082275438 646.9977149963379 605.5632495880127
55.94517272453744 -3.1898324082275438 E 55.94517272453744 -3.1895324082275436 646.9977149963379 604.3132495880127
55.94517272453744 -3.1895324082275436 NW 55.9453848565718 -3.1897445402618994 646.9977149963379 603.0632495880127
55.9453848565718 -3.1897445402618994 E 55.9453848565718 -3.189444540261899 646.9977149963379 601.8132495880127
55.9453848565718 -3.189444540261899 SW 55.94517272453744 -3.189656672296255 646.9977149963379 600.5632495880127
55.94517272453744 -3.189656672296255 ENE 55.94528752956715 -3.1893795084365015 646.9977149963379 599.3132495880127
55.94528752956715 -3.1893795084365015 WSW 55.94517272453744 -3.189656672296255 646.9977149963379 598.0632495880127
55.94517272453744 -3.189656672296255 ENE 55.94528752956715 -3.1893795084365015 646.9977149963379 596.8132495880127
55.94528752956715 -3.1893795084365015 WSW 55.94517272453744 -3.189656672296255 646.9977149963379 595.5632495880127
55.94517272453744 -3.189656672296255 ENE 55.94528752956715 -3.1893795084365015 646.9977149963379 594.3132495880127
55.94528752956715 -3.1893795084365015 N 55.945587529567156 -3.1893795084365015 646.9977149963379 593.0632495880127
55.945587529567156 -3.1893795084365015 SSW 55.9453103657074 -3.189494313466211 646.9977149963379 591.8132495880127
55.9453103657074 -3.189494313466211 NW 55.945522497741756 -3.189706445500567 646.9977149963379 590.5632495880127
55.945522497741756 -3.189706445500567 E 55.945522497741756 -3.1894064455005666 646.9977149963379 589.3132495880127
55.945522497741756 -3.1894064455005666 W 55.945522497741756 -3.189706445500567 646.9977149963379 588.0632495880127
55.945522497741756 -3.189706445500567 NNE 55.94579966160151 -3.1895916404708573 646.9977149963379 586.8132495880127
55.94579966160151 -3.1895916404708573 SSW 55.945522497741756 -3.189706445500567 646.9977149963379 585.5632495880127
55.945522497741756 -3.189706445500567 NNE 55.94579966160151 -3.1895916404708573 646.9977149963379 584.3132495880127
55.94579966160151 -3.1895916404708573 NNW 55.94607682546127 -3.189706445500567 646.9977149963379 583.0632495880127
55.94607682546127 -3.189706445500567 SSW 55.94579966160151 -3.1898212505302763 646.9977149963379 581.8132495880127
55.94579966160151 -3.1898212505302763 NNW 55.94607682546127 -3.189936055559986 646.9977149963379 580.5632495880127
55.94607682546127 -3.189936055559986 S 55.945776825461266 -3.189936055559986 677.7626876831055 616.5653781890869
55.945776825461266 -3.189936055559986 N 55.94607682546127 -3.189936055559986 677.7626876831055 615.3153781890869
55.94607682546127 -3.189936055559986 ESE 55.94596202043156 -3.1896588917002324 677.7626876831055 614.0653781890869
55.94596202043156 -3.1896588917002324 WNW 55.94607682546127 -3.189936055559986 677.7626876831055 612.8153781890869
55.94607682546127 -3.189936055559986 WNW 55.94619163049098 -3.1902132194197392 677.7626876831055 611.5653781890869
55.94619163049098 -3.1902132194197392 ESE 55.94607682546127 -3.189936055559986 677.7626876831055 610.3153781890869
55.94607682546127 -3.189936055559986 WNW 55.94619163049098 -3.1902132194197392 677.7626876831055 609.0653781890869
55.94619163049098 -3.1902132194197392 ESE 55.94607682546127 -3.189936055559986 677.7626876831055 607.8153781890869
55.94607682546127 -3.189936055559986 WNW 55.94619163049098 -3.1902132194197392 677.7626876831055 606.5653781890869
55.94619163049098 -3.1902132194197392 SE 55.94597949845662 -3.1900010873853835 677.7626876831055 605.3153781890869
55.94597949845662 -3.1900010873853835 WNW 55.94609430348633 -3.190278251245137 677.7626876831055 604.0653781890869
55.94609430348633 -3.190278251245137 SSW 55.94581713962658 -3.1903930562748464 728.3000183105469 631.2624607086182
55.94581713962658 -3.1903930562748464 NE 55.94602927166093 -3.1901809242404906 728.3000183105469 630.0124607086182
55.94602927166093 -3.1901809242404906 SW 55.94581713962658 -3.1903930562748464 728.3000183105469 628.7624607086182
55.94581713962658 -3.1903930562748464 WSW 55.94570233459687 -3.1906702201345998 728.3000183105469 627.5124607086182
55.94570233459687 -3.1906702201345998 ENE 55.94581713962658 -3.1903930562748464 728.3000183105469 626.2624607086182
55.94581713962658 -3.1903930562748464 WNW 55.94593194465629 -3.1906702201345998 728.3000183105469 625.0124607086182
55.94593194465629 -3.1906702201345998 E 55.94593194465629 -3.1903702201345996 728.3000183105469 623.7624607086182
55.94593194465629 -3.1903702201345996 NW 55.94614407669064 -3.1905823521689554 728.3000183105469 622.5124607086182
55.94614407669064 -3.1905823521689554 SE 55.94593194465629 -3.1903702201345996 728.3000183105469 621.2624607086182
55.94593194465629 -3.1903702201345996 NW 55.94614407669064 -3.1905823521689554 728.3000183105469 620.0124607086182
55.94614407669064 -3.1905823521689554 W 55.94614407669064 -3.1908823521689555 728.3000183105469 618.7624607086182
55.94614407669064 -3.1908823521689555 E 55.94614407669064 -3.1905823521689554 728.3000183105469 617.5124607086182
55.94614407669064 -3.1905823521689554 WSW 55.94602927166093 -3.1908595160287088 728.3000183105469 616.2624607086182
55.94602927166093 -3.1908595160287088 SSE 55.94575210780118 -3.1907447109989993 728.3000183105469 615.0124607086182
55.94575210780118 -3.1907447109989993 NW 55.94596423983553 -3.190956843033355 728.3000183105469 613.7624607086182
55.94596423983553 -3.190956843033355 SE 55.94575210780118 -3.1907447109989993 728.3000183105469 612.5124607086182
55.94575210780118 -3.1907447109989993 WNW 55.94586691283089 -3.1910218748587527 728.3000183105469 611.2624607086182
55.94586691283089 -3.1910218748587527 SE 55.94565478079653 -3.190809742824397 728.3000183105469 610.0124607086182
55.94565478079653 -3.190809742824397 NNW 55.94593194465629 -3.1909245478541064 728.3000183105469 608.7624607086182
55.94593194465629 -3.1909245478541064 S 55.945631944656284 -3.1909245478541064 728.3000183105469 607.5124607086182
55.945631944656284 -3.1909245478541064 NW 55.94584407669064 -3.191136679888462 728.3000183105469 606.2624607086182
55.94584407669064 -3.191136679888462 SSE 55.945566912830884 -3.1910218748587527 755.0730934143066 633.6443290710449
55.945566912830884 -3.1910218748587527 WSW 55.945452107801174 -3.191299038718506 755.0730934143066 632.3943290710449
55.945452107801174 -3.191299038718506 ENE 55.945566912830884 -3.1910218748587527 755.0730934143066 631.1443290710449
55.945566912830884 -3.1910218748587527 S 55.94526691283088 -3.1910218748587527 755.0730934143066 629.8943290710449
55.94526691283088 -3.1910218748587527 N 55.945566912830884 -3.1910218748587527 755.0730934143066 628.6443290710449
55.945566912830884 -3.1910218748587527 SE 55.94535478079653 -3.190809742824397 755.0730934143066 627.3943290710449
55.94535478079653 -3.190809742824397 NNW 55.945631944656284 -3.1909245478541064 755.0730934143066 626.1443290710449
55.945631944656284 -3.1909245478541064 SSE 55.94535478079653 -3.190809742824397 755.0730934143066 624.8943290710449
55.94535478079653 -3.190809742824397 N 55.94565478079653 -3.190809742824397 755.0730934143066 623.6443290710449
55.94565478079653 -3.190809742824397 SSE 55.945377616936774 -3.1906949377946874 755.0730934143066 622.3943290710449
55.945377616936774 -3.1906949377946874 N 55.94567761693678 -3.1906949377946874 755.0730934143066 621.1443290710449
55.94567761693678 -3.1906949377946874 WNW 55.94579242196649 -3.190972101654441 755.0730934143066 619.8943290710449
55.94579242196649 -3.190972101654441 ESE 55.94567761693678 -3.1906949377946874 755.0730934143066 618.6443290710449
55.94567761693678 -3.1906949377946874 NNW 55.945954780796534 -3.190809742824397 755.0730934143066 617.3943290710449
55.945954780796534 -3.190809742824397 ESE 55.94583997576682 -3.1905325789646435 755.0730934143066 616.1443290710449
55.94583997576682 -3.1905325789646435 WNW 55.945954780796534 -3.190809742824397 755.0730934143066 614.8943290710449
55.945954780796534 -3.190809742824397 ESE 55.94583997576682 -3.1905325789646435 755.0730934143066 613.6443290710449
55.94583997576682 -3.1905325789646435 SSE 55.94556281190707 -3.190417773934934 755.0730934143066 612.3943290710449
55.94556281190707 -3.190417773934934 SW 55.94535067987271 -3.1906299059692897 755.0730934143066 611.1443290710449
55.94535067987271 -3.1906299059692897 NE 55.94556281190707 -3.190417773934934 755.0730934143066 609.8943290710449
55.94556281190707 -3.190417773934934 SSW 55.94528564804731 -3.1905325789646435 755.0730934143066 608.6443290710449
55.94528564804731 -3.1905325789646435 ENE 55.94540045307702 -3.19025541510489 842.3120155334473 732.1255989074707
55.94540045307702 -3.19025541510489 SW 55.945188321042664 -3.190467547139246 897.5611038208008 795.0400581359863
55.945188321042664 -3.190467547139246 ENE 55.945303126072375 -3.1901903832794924 1005.5982055664062 847.9068794250488
55.945303126072375 -3.1901903832794924 SSW 55.94502596221262 -3.190305188309202 1016.909833908081 915.5735282897949
55.94502596221262 -3.190305188309202 NNE 55.945303126072375 -3.1901903832794924 1016.909833908081 914.3235282897949
55.945303126072375 -3.1901903832794924 SSW 55.94502596221262 -3.190305188309202 1016.909833908081 913.0735282897949
55.94502596221262 -3.190305188309202 NNE 55.945303126072375 -3.1901903832794924 1016.909833908081 911.8235282897949
55.945303126072375 -3.1901903832794924 S 55.94500312607237 -3.1901903832794924 1016.909833908081 910.5735282897949
55.94500312607237 -3.1901903832794924 NNW 55.94528028993213 -3.190305188309202 1016.909833908081 909.3235282897949
55.94528028993213 -3.190305188309202 SSE 55.94500312607237 -3.1901903832794924 1016.909833908081 908.0735282897949
55.94500312607237 -3.1901903832794924 S 55.94470312607237 -3.1901903832794924 1084.399549484253 1024.2170372009277
55.94470312607237 -3.1901903832794924 N 55.94500312607237 -3.1901903832794924 1084.399549484253 1022.9670372009277
