55.944425 -3.188396 NNE 55.94470216385976 -3.1882811949702905 0.0 248.75
55.94470216385976 -3.1882811949702905 S 55.944402163859756 -3.1882811949702905 0.0 247.5
55.944402163859756 -3.1882811949702905 WSW 55.944287358830046 -3.188558358830044 0.0 246.25
55.944287358830046 -3.188558358830044 ENE 55.944402163859756 -3.1882811949702905 0.0 245.0
55.944402163859756 -3.1882811949702905 SW 55.9441900318254 -3.1884933270046463 0.0 243.75
55.9441900318254 -3.1884933270046463 ENE 55.94430483685511 -3.188216163144893 0.0 242.5
55.94430483685511 -3.188216163144893 WSW 55.9441900318254 -3.1884933270046463 0.0 241.25
55.9441900318254 -3.1884933270046463 N 55.9444900318254 -3.1884933270046463 0.0 240.0
55.9444900318254 -3.1884933270046463 S 55.9441900318254 -3.1884933270046463 0.0 238.75
55.9441900318254 -3.1884933270046463 E 55.9441900318254 -3.188193327004646 0.0 237.5
55.9441900318254 -3.188193327004646 W 55.9441900318254 -3.1884933270046463 0.0 236.25
55.9441900318254 -3.1884933270046463 SE 55.943977899791044 -3.1882811949702905 0.0 235.0
55.943977899791044 -3.1882811949702905 NW 55.9441900318254 -3.1884933270046463 0.0 233.75
55.9441900318254 -3.1884933270046463 SSE 55.94391286796564 -3.1883785219749368 0.0 232.5
55.94391286796564 -3.1883785219749368 NNW 55.9441900318254 -3.1884933270046463 0.0 231.25
55.9441900318254 -3.1884933270046463 SSE 55.94391286796564 -3.1883785219749368 0.0 230.0
55.94391286796564 -3.1883785219749368 NNW 55.9441900318254 -3.1884933270046463 0.0 228.75
55.9441900318254 -3.1884933270046463 S 55.9438900318254 -3.1884933270046463 0.0 227.5
55.9438900318254 -3.1884933270046463 N 55.9441900318254 -3.1884933270046463 0.0 226.25
55.9441900318254 -3.1884933270046463 S 55.9438900318254 -3.1884933270046463 0.0 225.0
55.9438900318254 -3.1884933270046463 NNW 55.944167195685154 -3.188608132034356 0.0 223.75
55.944167195685154 -3.188608132034356 SSE 55.9438900318254 -3.1884933270046463 0.0 222.5
55.9438900318254 -3.1884933270046463 NE 55.94410216385975 -3.1882811949702905 0.0 221.25
55.94410216385975 -3.1882811949702905 SW 55.9438900318254 -3.1884933270046463 0.0 220.0
55.9438900318254 -3.1884933270046463 E 55.9438900318254 -3.188193327004646 0.0 218.75
55.9438900318254 -3.188193327004646 W 55.9438900318254 -3.1884933270046463 0.0 217.5
55.9438900318254 -3.1884933270046463 E 55.9438900318254 -3.188193327004646 0.0 216.25
55.9438900318254 -3.188193327004646 W 55.9438900318254 -3.1884933270046463 0.0 215.0
55.9438900318254 -3.1884933270046463 E 55.9438900318254 -3.188193327004646 0.0 213.75
55.9438900318254 -3.188193327004646 WSW 55.94377522679569 -3.1884704908643995 0.0 212.5
55.94377522679569 -3.1884704908643995 ENE 55.9438900318254 -3.188193327004646 0.0 211.25
55.9438900318254 -3.188193327004646 WNW 55.94400483685511 -3.1884704908643995 0.0 210.0
55.94400483685511 -3.1884704908643995 ESE 55.9438900318254 -3.188193327004646 0.0 208.75
55.9438900318254 -3.188193327004646 SSW 55.94361286796564 -3.1883081320343556 0.0 207.5
55.94361286796564 -3.1883081320343556 NNE 55.9438900318254 -3.188193327004646 0.0 206.25
55.9438900318254 -3.188193327004646 SSW 55.94361286796564 -3.1883081320343556 0.0 205.0
55.94361286796564 -3.1883081320343556 NE 55.943825 -3.188096 0.0 203.75
55.943825 -3.188096 SW 55.94361286796564 -3.1883081320343556 0.0 202.5
55.94361286796564 -3.1883081320343556 NE 55.943825 -3.188096 0.0 201.25
55.943825 -3.188096 SW 55.94361286796564 -3.1883081320343556 0.0 200.0
55.94361286796564 -3.1883081320343556 ENE 55.94372767299535 -3.188030968174602 0.0 198.75
55.94372767299535 -3.188030968174602 WSW 55.94361286796564 -3.1883081320343556 0.0 197.5
55.94361286796564 -3.1883081320343556 E 55.94361286796564 -3.1880081320343554 0.0 196.25
55.94361286796564 -3.1880081320343554 W 55.94361286796564 -3.1883081320343556 0.0 195.0
55.94361286796564 -3.1883081320343556 E 55.94361286796564 -3.1880081320343554 0.0 193.75
55.94361286796564 -3.1880081320343554 NW 55.943825 -3.188220264068711 0.0 192.5
55.943825 -3.188220264068711 SE 55.94361286796564 -3.1880081320343554 0.0 191.25
55.94361286796564 -3.1880081320343554 S 55.94331286796564 -3.1880081320343554 0.0 190.0
55.94331286796564 -3.1880081320343554 N 55.94361286796564 -3.1880081320343554 0.0 188.75
55.94361286796564 -3.1880081320343554 NE 55.943825 -3.1877959999999996 0.0 187.5
55.943825 -3.1877959999999996 SW 55.94361286796564 -3.1880081320343554 0.0 186.25
55.94361286796564 -3.1880081320343554 NNE 55.9438900318254 -3.187893327004646 0.0 185.0
55.9438900318254 -3.187893327004646 SW 55.94367789979104 -3.1881054590390017 0.0 183.75
55.94367789979104 -3.1881054590390017 NNE 55.9439550636508 -3.187990654009292 0.0 182.5
55.9439550636508 -3.187990654009292 SW 55.94374293161644 -3.188202786043648 0.0 181.25
55.94374293161644 -3.188202786043648 NE 55.9439550636508 -3.187990654009292 0.0 180.0
55.9439550636508 -3.187990654009292 WSW 55.94384025862109 -3.1882678178690456 0.0 178.75
55.94384025862109 -3.1882678178690456 ENE 55.9439550636508 -3.187990654009292 0.0 177.5
55.9439550636508 -3.187990654009292 W 55.9439550636508 -3.1882906540092923 0.0 176.25
55.9439550636508 -3.1882906540092923 E 55.9439550636508 -3.187990654009292 0.0 175.0
55.9439550636508 -3.187990654009292 WSW 55.94384025862109 -3.1882678178690456 0.0 173.75
55.94384025862109 -3.1882678178690456 NE 55.94405239065544 -3.18805568583469 0.0 172.5
55.94405239065544 -3.18805568583469 WSW 55.94393758562573 -3.188332849694443 0.0 171.25
55.94393758562573 -3.188332849694443 ENE 55.94405239065544 -3.18805568583469 0.0 170.0
55.94405239065544 -3.18805568583469 WSW 55.94393758562573 -3.188332849694443 0.0 168.75
55.94393758562573 -3.188332849694443 NE 55.94414971766009 -3.1881207176600874 0.0 167.5
55.94414971766009 -3.1881207176600874 WSW 55.94403491263038 -3.188397881519841 0.0 166.25
55.94403491263038 -3.188397881519841 ENE 55.94414971766009 -3.1881207176600874 0.0 165.0
55.94414971766009 -3.1881207176600874 N 55.94444971766009 -3.1881207176600874 0.0 163.75
55.94444971766009 -3.1881207176600874 S 55.94414971766009 -3.1881207176600874 0.0 162.5
55.94414971766009 -3.1881207176600874 NNW 55.944426881519846 -3.188235522689797 0.0 161.25
55.944426881519846 -3.188235522689797 SSE 55.94414971766009 -3.1881207176600874 0.0 160.0
55.94414971766009 -3.1881207176600874 NW 55.944361849694445 -3.188332849694443 0.0 158.75
55.944361849694445 -3.188332849694443 SE 55.94414971766009 -3.1881207176600874 0.0 157.5
55.94414971766009 -3.1881207176600874 NW 55.944361849694445 -3.188332849694443 0.0 156.25
55.944361849694445 -3.188332849694443 ESE 55.944247044664735 -3.18805568583469 0.0 155.0
55.944247044664735 -3.18805568583469 WNW 55.944361849694445 -3.188332849694443 0.0 153.75
55.944361849694445 -3.188332849694443 SE 55.94414971766009 -3.1881207176600874 0.0 152.5
55.94414971766009 -3.1881207176600874 NW 55.944361849694445 -3.188332849694443 0.0 151.25
55.944361849694445 -3.188332849694443 SW 55.94414971766009 -3.188544981728799 0.0 150.0
55.94414971766009 -3.188544981728799 NE 55.944361849694445 -3.188332849694443 0.0 148.75
55.944361849694445 -3.188332849694443 SW 55.94414971766009 -3.188544981728799 0.0 147.5
55.94414971766009 -3.188544981728799 NE 55.944361849694445 -3.188332849694443 0.0 146.25
55.944361849694445 -3.188332849694443 SE 55.94414971766009 -3.1881207176600874 0.0 145.0
55.94414971766009 -3.1881207176600874 NW 55.944361849694445 -3.188332849694443 0.0 143.75
55.944361849694445 -3.188332849694443 ENE 55.944476654724156 -3.18805568583469 0.0 142.5
55.944476654724156 -3.18805568583469 WSW 55.944361849694445 -3.188332849694443 0.0 141.25
55.944361849694445 -3.188332849694443 ENE 55.944476654724156 -3.18805568583469 0.0 140.0
55.944476654724156 -3.18805568583469 WSW 55.944361849694445 -3.188332849694443 0.0 138.75
55.944361849694445 -3.188332849694443 ENE 55.944476654724156 -3.18805568583469 0.0 137.5
55.944476654724156 -3.18805568583469 WNW 55.944591459753866 -3.188332849694443 0.0 136.25
55.944591459753866 -3.188332849694443 ESE 55.944476654724156 -3.18805568583469 0.0 135.0
55.944476654724156 -3.18805568583469 WNW 55.944591459753866 -3.188332849694443 0.0 133.75
55.944591459753866 -3.188332849694443 E 55.944591459753866 -3.188032849694443 0.0 132.5
55.944591459753866 -3.188032849694443 W 55.944591459753866 -3.188332849694443 0.0 131.25
55.944591459753866 -3.188332849694443 N 55.94489145975387 -3.188332849694443 0.0 130.0
55.94489145975387 -3.188332849694443 SSE 55.94461429589411 -3.1882180446647337 0.0 128.75
55.94461429589411 -3.1882180446647337 W 55.94461429589411 -3.188518044664734 0.0 127.5
55.94461429589411 -3.188518044664734 ENE 55.94472910092382 -3.1882408808049805 0.0 126.25
55.94472910092382 -3.1882408808049805 W 55.94472910092382 -3.1885408808049807 0.0 125.0
55.94472910092382 -3.1885408808049807 ENE 55.94484390595353 -3.1882637169452273 0.0 123.75
55.94484390595353 -3.1882637169452273 W 55.94484390595353 -3.1885637169452274 0.0 122.5
55.94484390595353 -3.1885637169452274 E 55.94484390595353 -3.1882637169452273 0.0 121.25
55.94484390595353 -3.1882637169452273 W 55.94484390595353 -3.1885637169452274 0.0 120.0
55.94484390595353 -3.1885637169452274 E 55.94484390595353 -3.1882637169452273 0.0 118.75
55.94484390595353 -3.1882637169452273 W 55.94484390595353 -3.1885637169452274 0.0 117.5
55.94484390595353 -3.1885637169452274 ENE 55.944958710983244 -3.188286553085474 0.0 116.25
55.944958710983244 -3.188286553085474 S 55.94465871098324 -3.188286553085474 0.0 115.0
55.94465871098324 -3.188286553085474 N 55.944958710983244 -3.188286553085474 0.0 113.75
55.944958710983244 -3.188286553085474 WSW 55.94484390595353 -3.1885637169452274 0.0 112.5
55.94484390595353 -3.1885637169452274 ENE 55.944958710983244 -3.188286553085474 0.0 111.25
55.944958710983244 -3.188286553085474 SE 55.94474657894889 -3.1880744210511183 0.0 110.0
55.94474657894889 -3.1880744210511183 NW 55.944958710983244 -3.188286553085474 0.0 108.75
55.944958710983244 -3.188286553085474 ESE 55.94484390595353 -3.1880093892257206 0.0 107.5
55.94484390595353 -3.1880093892257206 WNW 55.944958710983244 -3.188286553085474 0.0 106.25
55.944958710983244 -3.188286553085474 ESE 55.94484390595353 -3.1880093892257206 0.0 105.0
55.94484390595353 -3.1880093892257206 W 55.94484390595353 -3.188309389225721 0.0 103.75
55.94484390595353 -3.188309389225721 E 55.94484390595353 -3.1880093892257206 0.0 102.5
55.94484390595353 -3.1880093892257206 W 55.94484390595353 -3.188309389225721 0.0 101.25
55.94484390595353 -3.188309389225721 NE 55.94505603798789 -3.188097257191365 0.0 100.0
55.94505603798789 -3.188097257191365 SW 55.94484390595353 -3.188309389225721 0.0 98.75
55.94484390595353 -3.188309389225721 NW 55.94505603798789 -3.1885215212600766 0.0 97.5
55.94505603798789 -3.1885215212600766 SE 55.94484390595353 -3.188309389225721 0.0 96.25
55.94484390595353 -3.188309389225721 NNW 55.94512106981329 -3.1884241942554303 0.0 95.0
55.94512106981329 -3.1884241942554303 SSE 55.94484390595353 -3.188309389225721 0.0 93.75
55.94484390595353 -3.188309389225721 NW 55.94505603798789 -3.1885215212600766 0.0 92.5
55.94505603798789 -3.1885215212600766 SE 55.94484390595353 -3.188309389225721 0.0 91.25
55.94484390595353 -3.188309389225721 NW 55.94505603798789 -3.1885215212600766 0.0 90.0
55.94505603798789 -3.1885215212600766 E 55.94505603798789 -3.1882215212600764 0.0 88.75
55.94505603798789 -3.1882215212600764 W 55.94505603798789 -3.1885215212600766 0.0 87.5
55.94505603798789 -3.1885215212600766 E 55.94505603798789 -3.1882215212600764 0.0 86.25
55.94505603798789 -3.1882215212600764 WSW 55.94494123295818 -3.18849868511983 0.0 85.0
55.94494123295818 -3.18849868511983 ENE 55.94505603798789 -3.1882215212600764 0.0 83.75
55.94505603798789 -3.1882215212600764 E 55.94505603798789 -3.187921521260076 0.0 82.5
55.94505603798789 -3.187921521260076 W 55.94505603798789 -3.1882215212600764 0.0 81.25
55.94505603798789 -3.1882215212600764 WSW 55.94494123295818 -3.18849868511983 0.0 80.0
55.94494123295818 -3.18849868511983 ENE 55.94505603798789 -3.1882215212600764 0.0 78.75
55.94505603798789 -3.1882215212600764 W 55.94505603798789 -3.1885215212600766 0.0 77.5
55.94505603798789 -3.1885215212600766 ENE 55.9451708430176 -3.188244357400323 0.0 76.25
55.9451708430176 -3.188244357400323 ENE 55.94528564804731 -3.18796719354057 0.0 75.0
55.94528564804731 -3.18796719354057 WSW 55.9451708430176 -3.188244357400323 0.0 73.75
55.9451708430176 -3.188244357400323 ESE 55.94505603798789 -3.18796719354057 0.0 72.5
55.94505603798789 -3.18796719354057 WNW 55.9451708430176 -3.188244357400323 0.0 71.25
55.9451708430176 -3.188244357400323 WSW 55.94505603798789 -3.1885215212600766 0.0 70.0
55.94505603798789 -3.1885215212600766 ENE 55.9451708430176 -3.188244357400323 0.0 68.75
55.9451708430176 -3.188244357400323 ENE 55.94528564804731 -3.18796719354057 0.0 67.5
55.94528564804731 -3.18796719354057 WSW 55.9451708430176 -3.188244357400323 0.0 66.25
55.9451708430176 -3.188244357400323 E 55.9451708430176 -3.187944357400323 0.0 65.0
55.9451708430176 -3.187944357400323 WNW 55.94528564804731 -3.1882215212600764 0.0 63.75
55.94528564804731 -3.1882215212600764 ESE 55.9451708430176 -3.187944357400323 0.0 62.5
55.9451708430176 -3.187944357400323 WNW 55.94528564804731 -3.1882215212600764 0.0 61.25
55.94528564804731 -3.1882215212600764 ESE 55.9451708430176 -3.187944357400323 0.0 60.0
55.9451708430176 -3.187944357400323 WNW 55.94528564804731 -3.1882215212600764 0.0 58.75
55.94528564804731 -3.1882215212600764 ESE 55.9451708430176 -3.187944357400323 0.0 57.5
55.9451708430176 -3.187944357400323 WSW 55.94505603798789 -3.1882215212600764 0.0 56.25
55.94505603798789 -3.1882215212600764 ENE 55.9451708430176 -3.187944357400323 0.0 55.0
55.9451708430176 -3.187944357400323 WSW 55.94505603798789 -3.1882215212600764 0.0 53.75
55.94505603798789 -3.1882215212600764 ESE 55.94494123295818 -3.187944357400323 0.0 52.5
55.94494123295818 -3.187944357400323 NW 55.945153364992535 -3.1881564894346788 0.0 51.25
55.945153364992535 -3.1881564894346788 SE 55.94494123295818 -3.187944357400323 0.0 50.0
55.94494123295818 -3.187944357400323 SSE 55.94466406909842 -3.1878295523706135 0.0 48.75
55.94466406909842 -3.1878295523706135 NNW 55.94494123295818 -3.187944357400323 0.0 47.5
55.94494123295818 -3.187944357400323 ESE 55.94482642792847 -3.1876671935405696 97.69781494140625 151.48748016357422
55.94482642792847 -3.1876671935405696 WNW 55.94494123295818 -3.187944357400323 97.69781494140625 150.23748016357422
55.94494123295818 -3.187944357400323 ESE 55.94482642792847 -3.1876671935405696 97.69781494140625 148.98748016357422
55.94482642792847 -3.1876671935405696 WNW 55.94494123295818 -3.187944357400323 97.69781494140625 147.73748016357422
55.94494123295818 -3.187944357400323 S 55.944641232958176 -3.187944357400323 97.69781494140625 146.48748016357422
55.944641232958176 -3.187944357400323 N 55.94494123295818 -3.187944357400323 97.69781494140625 145.23748016357422
55.94494123295818 -3.187944357400323 S 55.944641232958176 -3.187944357400323 97.69781494140625 143.98748016357422
55.944641232958176 -3.187944357400323 NNW 55.94491839681793 -3.1880591624300325 97.69781494140625 142.73748016357422
55.94491839681793 -3.1880591624300325 SSE 55.944641232958176 -3.187944357400323 97.69781494140625 141.48748016357422
55.944641232958176 -3.187944357400323 NNW 55.94491839681793 -3.1880591624300325 97.69781494140625 140.23748016357422
55.94491839681793 -3.1880591624300325 SSE 55.944641232958176 -3.187944357400323 97.69781494140625 138.98748016357422
55.944641232958176 -3.187944357400323 NNW 55.94491839681793 -3.1880591624300325 97.69781494140625 137.73748016357422
55.94491839681793 -3.1880591624300325 SSE 55.944641232958176 -3.187944357400323 97.69781494140625 136.48748016357422
55.944641232958176 -3.187944357400323 NNW 55.94491839681793 -3.1880591624300325 97.69781494140625 135.23748016357422
55.94491839681793 -3.1880591624300325 SSE 55.944641232958176 -3.187944357400323 97.69781494140625 133.98748016357422
55.944641232958176 -3.187944357400323 N 55.94494123295818 -3.187944357400323 97.69781494140625 132.73748016357422
55.94494123295818 -3.187944357400323 S 55.944641232958176 -3.187944357400323 97.69781494140625 131.48748016357422
55.944641232958176 -3.187944357400323 SSW 55.94436406909842 -3.1880591624300325 97.69781494140625 130.23748016357422
55.94436406909842 -3.1880591624300325 NNE 55.944641232958176 -3.187944357400323 97.69781494140625 128.98748016357422
55.944641232958176 -3.187944357400323 N 55.94494123295818 -3.187944357400323 97.69781494140625 127.73748016357422
55.94494123295818 -3.187944357400323 SSE 55.94466406909842 -3.1878295523706135 97.69781494140625 126.48748016357422
55.94466406909842 -3.1878295523706135 W 55.94466406909842 -3.1881295523706137 97.69781494140625 125.23748016357422
55.94466406909842 -3.1881295523706137 E 55.94466406909842 -3.1878295523706135 97.69781494140625 123.98748016357422
55.94466406909842 -3.1878295523706135 W 55.94466406909842 -3.1881295523706137 97.69781494140625 122.73748016357422
55.94466406909842 -3.1881295523706137 E 55.94466406909842 -3.1878295523706135 97.69781494140625 121.48748016357422
55.94466406909842 -3.1878295523706135 SW 55.944451937064066 -3.1880416844049693 97.69781494140625 120.23748016357422
55.944451937064066 -3.1880416844049693 NE 55.94466406909842 -3.1878295523706135 97.69781494140625 118.98748016357422
55.94466406909842 -3.1878295523706135 S 55.94436406909842 -3.1878295523706135 97.69781494140625 117.73748016357422
55.94436406909842 -3.1878295523706135 N 55.94466406909842 -3.1878295523706135 97.69781494140625 116.48748016357422
55.94466406909842 -3.1878295523706135 S 55.94436406909842 -3.1878295523706135 97.69781494140625 115.23748016357422
55.94436406909842 -3.1878295523706135 N 55.94466406909842 -3.1878295523706135 97.69781494140625 113.98748016357422
55.94466406909842 -3.1878295523706135 S 55.94436406909842 -3.1878295523706135 97.69781494140625 112.73748016357422
55.94436406909842 -3.1878295523706135 N 55.94466406909842 -3.1878295523706135 97.69781494140625 111.48748016357422
55.94466406909842 -3.1878295523706135 SSW 55.944386905238666 -3.187944357400323 97.69781494140625 110.23748016357422
55.944386905238666 -3.187944357400323 N 55.94468690523867 -3.187944357400323 97.69781494140625 108.98748016357422
55.94468690523867 -3.187944357400323 SSW 55.94440974137891 -3.1880591624300325 97.69781494140625 107.73748016357422
55.94440974137891 -3.1880591624300325 NNE 55.94468690523867 -3.187944357400323 97.69781494140625 106.48748016357422
55.94468690523867 -3.187944357400323 WSW 55.94457210020896 -3.1882215212600764 97.69781494140625 105.23748016357422
55.94457210020896 -3.1882215212600764 E 55.94457210020896 -3.187921521260076 97.69781494140625 103.98748016357422
55.94457210020896 -3.187921521260076 WSW 55.94445729517925 -3.1881986851198296 97.69781494140625 102.73748016357422
55.94445729517925 -3.1881986851198296 ENE 55.94457210020896 -3.187921521260076 97.69781494140625 101.48748016357422
55.94457210020896 -3.187921521260076 SW 55.9443599681746 -3.188133653294432 97.69781494140625 100.23748016357422
55.9443599681746 -3.188133653294432 NE 55.94457210020896 -3.187921521260076 97.69781494140625 98.98748016357422
55.94457210020896 -3.187921521260076 SW 55.9443599681746 -3.188133653294432 97.69781494140625 97.73748016357422
55.9443599681746 -3.188133653294432 NE 55.94457210020896 -3.187921521260076 97.69781494140625 96.48748016357422
55.94457210020896 -3.187921521260076 SW 55.9443599681746 -3.188133653294432 97.69781494140625 95.23748016357422
55.9443599681746 -3.188133653294432 NE 55.94457210020896 -3.187921521260076 97.69781494140625 93.98748016357422
55.94457210020896 -3.187921521260076 SW 55.9443599681746 -3.188133653294432 97.69781494140625 92.73748016357422
55.9443599681746 -3.188133653294432 E 55.9443599681746 -3.187833653294432 97.69781494140625 91.48748016357422
55.9443599681746 -3.187833653294432 W 55.9443599681746 -3.188133653294432 97.69781494140625 90.23748016357422
55.9443599681746 -3.188133653294432 E 55.9443599681746 -3.187833653294432 97.69781494140625 88.98748016357422
55.9443599681746 -3.187833653294432 W 55.9443599681746 -3.188133653294432 97.69781494140625 87.73748016357422
55.9443599681746 -3.188133653294432 E 55.9443599681746 -3.187833653294432 97.69781494140625 86.48748016357422
55.9443599681746 -3.187833653294432 NNE 55.94463713203436 -3.1877188482647223 159.3606948852539 85.7913408279419
55.94463713203436 -3.1877188482647223 SSW 55.9443599681746 -3.187833653294432 159.3606948852539 84.5413408279419
55.9443599681746 -3.187833653294432 SSE 55.944082804314846 -3.1877188482647223 159.3606948852539 83.2913408279419
55.944082804314846 -3.1877188482647223 NNW 55.9443599681746 -3.187833653294432 159.3606948852539 82.0413408279419
55.9443599681746 -3.187833653294432 ESE 55.94424516314489 -3.1875564894346784 159.3606948852539 80.7913408279419
55.94424516314489 -3.1875564894346784 WNW 55.9443599681746 -3.187833653294432 159.3606948852539 79.5413408279419
55.9443599681746 -3.187833653294432 ESE 55.94424516314489 -3.1875564894346784 159.3606948852539 78.2913408279419
55.94424516314489 -3.1875564894346784 WNW 55.9443599681746 -3.187833653294432 159.3606948852539 77.0413408279419
55.9443599681746 -3.187833653294432 ESE 55.94424516314489 -3.1875564894346784 159.3606948852539 75.7913408279419
55.94424516314489 -3.1875564894346784 SW 55.944033031110536 -3.187768621469034 189.20008659362793 154.11183643341064
55.944033031110536 -3.187768621469034 NE 55.94424516314489 -3.1875564894346784 189.20008659362793 152.86183643341064
55.94424516314489 -3.1875564894346784 NE 55.94445729517925 -3.1873443574003226 189.20008659362793 151.61183643341064
55.94445729517925 -3.1873443574003226 SW 55.94424516314489 -3.1875564894346784 189.20008659362793 150.36183643341064
55.94424516314489 -3.1875564894346784 NE 55.94445729517925 -3.1873443574003226 189.20008659362793 149.11183643341064
55.94445729517925 -3.1873443574003226 WSW 55.94434249014954 -3.187621521260076 189.20008659362793 147.86183643341064
55.94434249014954 -3.187621521260076 ENE 55.94445729517925 -3.1873443574003226 189.20008659362793 146.61183643341064
55.94445729517925 -3.1873443574003226 W 55.94445729517925 -3.187644357400323 189.20008659362793 145.36183643341064
55.94445729517925 -3.187644357400323 E 55.94445729517925 -3.1873443574003226 189.20008659362793 144.11183643341064
55.94445729517925 -3.1873443574003226 NNW 55.944734459039005 -3.187459162430032 189.20008659362793 142.86183643341064
55.944734459039005 -3.187459162430032 SSE 55.94445729517925 -3.1873443574003226 189.20008659362793 141.61183643341064
55.94445729517925 -3.1873443574003226 N 55.94475729517925 -3.1873443574003226 189.20008659362793 140.36183643341064
55.94475729517925 -3.1873443574003226 SSW 55.944480131319494 -3.187459162430032 189.20008659362793 139.11183643341064
55.944480131319494 -3.187459162430032 NNE 55.94475729517925 -3.1873443574003226 189.20008659362793 137.86183643341064
55.94475729517925 -3.1873443574003226 SSW 55.944480131319494 -3.187459162430032 189.20008659362793 136.61183643341064
55.944480131319494 -3.187459162430032 NNE 55.94475729517925 -3.1873443574003226 189.20008659362793 135.36183643341064
55.94475729517925 -3.1873443574003226 SSW 55.944480131319494 -3.187459162430032 189.20008659362793 134.11183643341064
55.944480131319494 -3.187459162430032 NNW 55.94475729517925 -3.1875739674597416 189.20008659362793 132.86183643341064
55.94475729517925 -3.1875739674597416 SSE 55.944480131319494 -3.187459162430032 189.20008659362793 131.61183643341064
55.944480131319494 -3.187459162430032 NNW 55.94475729517925 -3.1875739674597416 189.20008659362793 130.36183643341064
55.94475729517925 -3.1875739674597416 SSE 55.944480131319494 -3.187459162430032 189.20008659362793 129.11183643341064
55.944480131319494 -3.187459162430032 NW 55.94469226335385 -3.187671294464388 189.20008659362793 127.86183643341064
55.94469226335385 -3.187671294464388 S 55.94439226335385 -3.187671294464388 189.20008659362793 126.61183643341064
55.94439226335385 -3.187671294464388 N 55.94469226335385 -3.187671294464388 189.20008659362793 125.36183643341064
55.94469226335385 -3.187671294464388 WSW 55.94457745832414 -3.1879484583241413 189.20008659362793 124.11183643341064
55.94457745832414 -3.1879484583241413 ENE 55.94469226335385 -3.187671294464388 189.20008659362793 122.86183643341064
