55.944425 -3.188396 N 55.944725000000005 -3.188396 0.0 248.75
55.944725000000005 -3.188396 S 55.944425 -3.188396 0.0 247.5
55.944425 -3.188396 ESE 55.94431019497029 -3.1881188361402466 0.0 246.25
55.94431019497029 -3.1881188361402466 WNW 55.944425 -3.188396 0.0 245.0
55.944425 -3.188396 E 55.944425 -3.188096 0.0 243.75
55.944425 -3.188096 W 55.944425 -3.188396 0.0 242.5
55.944425 -3.188396 E 55.944425 -3.188096 0.0 241.25
55.944425 -3.188096 NW 55.94463713203436 -3.1883081320343556 0.0 240.0
55.94463713203436 -3.1883081320343556 E 55.94463713203436 -3.1880081320343554 0.0 238.75
55.94463713203436 -3.1880081320343554 W 55.94463713203436 -3.1883081320343556 0.0 237.5
55.94463713203436 -3.1883081320343556 NNW 55.944914295894115 -3.188422937064065 0.0 236.25
55.944914295894115 -3.188422937064065 SSE 55.94463713203436 -3.1883081320343556 0.0 235.0
55.94463713203436 -3.1883081320343556 WNW 55.94475193706407 -3.188585295894109 0.0 233.75
55.94475193706407 -3.188585295894109 NE 55.944964069098425 -3.1883731638597532 0.0 232.5
55.944964069098425 -3.1883731638597532 SW 55.94475193706407 -3.188585295894109 0.0 231.25
55.94475193706407 -3.188585295894109 NE 55.944964069098425 -3.1883731638597532 0.0 230.0
55.944964069098425 -3.1883731638597532 WSW 55.944849264068715 -3.1886503277195066 0.0 228.75
55.944849264068715 -3.1886503277195066 NE 55.94506139610307 -3.188438195685151 0.0 227.5
55.94506139610307 -3.188438195685151 S 55.94476139610307 -3.188438195685151 0.0 226.25
55.94476139610307 -3.188438195685151 N 55.94506139610307 -3.188438195685151 0.0 225.0
55.94506139610307 -3.188438195685151 ENE 55.94517620113278 -3.1881610318253975 0.0 223.75
55.94517620113278 -3.1881610318253975 WSW 55.94506139610307 -3.188438195685151 0.0 222.5
55.94506139610307 -3.188438195685151 ENE 55.94517620113278 -3.1881610318253975 0.0 221.25
55.94517620113278 -3.1881610318253975 NW 55.94538833316714 -3.1883731638597532 0.0 220.0
55.94538833316714 -3.1883731638597532 SE 55.94517620113278 -3.1881610318253975 0.0 218.75
55.94517620113278 -3.1881610318253975 NW 55.94538833316714 -3.1883731638597532 0.0 217.5
55.94538833316714 -3.1883731638597532 SSE 55.94511116930738 -3.1882583588300437 0.0 216.25
55.94511116930738 -3.1882583588300437 NNW 55.94538833316714 -3.1883731638597532 0.0 215.0
55.94538833316714 -3.1883731638597532 N 55.94568833316714 -3.1883731638597532 0.0 213.75
55.94568833316714 -3.1883731638597532 SSW 55.945411169307384 -3.1884879688894627 0.0 212.5
55.945411169307384 -3.1884879688894627 NNE 55.94568833316714 -3.1883731638597532 0.0 211.25
55.94568833316714 -3.1883731638597532 SSW 55.945411169307384 -3.1884879688894627 0.0 210.0
55.945411169307384 -3.1884879688894627 NNE 55.94568833316714 -3.1883731638597532 0.0 208.75
55.94568833316714 -3.1883731638597532 SSW 55.945411169307384 -3.1884879688894627 0.0 207.5
55.945411169307384 -3.1884879688894627 NNE 55.94568833316714 -3.1883731638597532 0.0 206.25
55.94568833316714 -3.1883731638597532 SSE 55.945411169307384 -3.1882583588300437 0.0 205.0
55.945411169307384 -3.1882583588300437 NNW 55.94568833316714 -3.1883731638597532 0.0 203.75
55.94568833316714 -3.1883731638597532 SE 55.945476201132784 -3.1881610318253975 0.0 202.5
55.945476201132784 -3.1881610318253975 NW 55.94568833316714 -3.1883731638597532 0.0 201.25
55.94568833316714 -3.1883731638597532 SE 55.945476201132784 -3.1881610318253975 0.0 200.0
55.945476201132784 -3.1881610318253975 N 55.94577620113279 -3.1881610318253975 0.0 198.75
55.94577620113279 -3.1881610318253975 SSE 55.94549903727303 -3.188046226795688 0.0 197.5
55.94549903727303 -3.188046226795688 N 55.945799037273034 -3.188046226795688 0.0 196.25
55.945799037273034 -3.188046226795688 WSW 55.94568423224332 -3.1883233906554413 0.0 195.0
55.94568423224332 -3.1883233906554413 ENE 55.945799037273034 -3.188046226795688 0.0 193.75
55.945799037273034 -3.188046226795688 WSW 55.94568423224332 -3.1883233906554413 0.0 192.5
55.94568423224332 -3.1883233906554413 WNW 55.945799037273034 -3.1886005545151948 0.0 191.25
55.945799037273034 -3.1886005545151948 ESE 55.94568423224332 -3.1883233906554413 0.0 190.0
55.94568423224332 -3.1883233906554413 NNW 55.94596139610308 -3.188438195685151 0.0 188.75
55.94596139610308 -3.188438195685151 SSE 55.94568423224332 -3.1883233906554413 0.0 187.5
55.94568423224332 -3.1883233906554413 N 55.945984232243326 -3.1883233906554413 0.0 186.25
55.945984232243326 -3.1883233906554413 SE 55.94577210020897 -3.1881112586210856 0.0 185.0
55.94577210020897 -3.1881112586210856 NNW 55.946049264068726 -3.188226063650795 0.0 183.75
55.946049264068726 -3.188226063650795 SW 55.94583713203437 -3.188438195685151 0.0 182.5
55.94583713203437 -3.188438195685151 NE 55.946049264068726 -3.188226063650795 0.0 181.25
55.946049264068726 -3.188226063650795 SSW 55.94577210020897 -3.1883408686805046 0.0 180.0
55.94577210020897 -3.1883408686805046 NNE 55.946049264068726 -3.188226063650795 0.0 178.75
55.946049264068726 -3.188226063650795 E 55.946049264068726 -3.187926063650795 0.0 177.5
55.946049264068726 -3.187926063650795 WNW 55.94616406909844 -3.1882032275105483 0.0 176.25
55.94616406909844 -3.1882032275105483 WSW 55.946049264068726 -3.1884803913703017 0.0 175.0
55.946049264068726 -3.1884803913703017 ENE 55.94616406909844 -3.1882032275105483 0.0 173.75
55.94616406909844 -3.1882032275105483 SW 55.94595193706408 -3.188415359544904 0.0 172.5
55.94595193706408 -3.188415359544904 NNE 55.94622910092384 -3.1883005545151946 0.0 171.25
55.94622910092384 -3.1883005545151946 SSW 55.94595193706408 -3.188415359544904 0.0 170.0
55.94595193706408 -3.188415359544904 NNE 55.94622910092384 -3.1883005545151946 0.0 168.75
55.94622910092384 -3.1883005545151946 WSW 55.94611429589413 -3.188577718374948 0.0 167.5
55.94611429589413 -3.188577718374948 ENE 55.94622910092384 -3.1883005545151946 0.0 166.25
55.94622910092384 -3.1883005545151946 W 55.94622910092384 -3.1886005545151948 0.0 165.0
55.94622910092384 -3.1886005545151948 SE 55.94601696888948 -3.188388422480839 0.0 163.75
55.94601696888948 -3.188388422480839 W 55.94601696888948 -3.188688422480839 0.0 162.5
55.94601696888948 -3.188688422480839 E 55.94601696888948 -3.188388422480839 0.0 161.25
55.94601696888948 -3.188388422480839 SSW 55.945739805029724 -3.1885032275105485 0.0 160.0
55.945739805029724 -3.1885032275105485 NNW 55.94601696888948 -3.188618032540258 0.0 158.75
55.94601696888948 -3.188618032540258 SSE 55.945739805029724 -3.1885032275105485 0.0 157.5
55.945739805029724 -3.1885032275105485 NNW 55.94601696888948 -3.188618032540258 0.0 156.25
55.94601696888948 -3.188618032540258 SSE 55.945739805029724 -3.1885032275105485 0.0 155.0
55.945739805029724 -3.1885032275105485 NNW 55.94601696888948 -3.188618032540258 0.0 153.75
55.94601696888948 -3.188618032540258 WSW 55.94590216385977 -3.1888951964000114 0.0 152.5
55.94590216385977 -3.1888951964000114 NE 55.94611429589413 -3.1886830643656556 49.034263610839844 247.8577651977539
55.94611429589413 -3.1886830643656556 E 55.94611429589413 -3.1883830643656554 49.034263610839844 246.6077651977539
55.94611429589413 -3.1883830643656554 W 55.94611429589413 -3.1886830643656556 49.034263610839844 245.3577651977539
55.94611429589413 -3.1886830643656556 ENE 55.94622910092384 -3.1884059005059022 49.034263610839844 244.1077651977539
55.94622910092384 -3.1884059005059022 W 55.94622910092384 -3.1887059005059024 49.034263610839844 242.8577651977539
55.94622910092384 -3.1887059005059024 SSW 55.94595193706408 -3.188820705535612 154.3791275024414 257.49010372161865
55.94595193706408 -3.188820705535612 NNE 55.94622910092384 -3.1887059005059024 154.3791275024414 256.24010372161865
55.94622910092384 -3.1887059005059024 SSW 55.94595193706408 -3.188820705535612 154.3791275024414 254.99010372161865
55.94595193706408 -3.188820705535612 ESE 55.94583713203437 -3.1885435416758585 154.3791275024414 253.74010372161865
55.94583713203437 -3.1885435416758585 WNW 55.94595193706408 -3.188820705535612 154.3791275024414 252.49010372161865
55.94595193706408 -3.188820705535612 SSW 55.945674773204324 -3.1889355105653214 154.3791275024414 251.24010372161865
55.945674773204324 -3.1889355105653214 NW 55.94588690523868 -3.189147642599677 154.3791275024414 249.99010372161865
55.94588690523868 -3.189147642599677 ESE 55.94577210020897 -3.188870478739924 154.3791275024414 248.74010372161865
55.94577210020897 -3.188870478739924 NNW 55.946049264068726 -3.1889852837696333 161.621808052063 251.72379732131958
55.946049264068726 -3.1889852837696333 SW 55.94583713203437 -3.189197415803989 161.621808052063 250.47379732131958
55.94583713203437 -3.189197415803989 NNE 55.94611429589413 -3.1890826107742796 161.621808052063 249.22379732131958
55.94611429589413 -3.1890826107742796 SSW 55.94583713203437 -3.189197415803989 161.621808052063 247.97379732131958
55.94583713203437 -3.189197415803989 WSW 55.94572232700466 -3.1894745796637425 161.621808052063 246.72379732131958
55.94572232700466 -3.1894745796637425 NE 55.945934459039016 -3.1892624476293867 161.621808052063 245.47379732131958
55.945934459039016 -3.1892624476293867 NW 55.94614659107337 -3.1894745796637425 161.621808052063 244.22379732131958
55.94614659107337 -3.1894745796637425 SSE 55.945869427213616 -3.189359774634033 161.621808052063 242.97379732131958
55.945869427213616 -3.189359774634033 NNW 55.94614659107337 -3.1894745796637425 161.621808052063 241.72379732131958
55.94614659107337 -3.1894745796637425 SE 55.945934459039016 -3.1892624476293867 161.621808052063 240.47379732131958
55.945934459039016 -3.1892624476293867 SW 55.94572232700466 -3.1894745796637425 161.621808052063 239.22379732131958
55.94572232700466 -3.1894745796637425 NNE 55.945999490864416 -3.189359774634033 161.621808052063 237.97379732131958
55.945999490864416 -3.189359774634033 SSW 55.94572232700466 -3.1894745796637425 161.621808052063 236.72379732131958
55.94572232700466 -3.1894745796637425 WSW 55.94560752197495 -3.189751743523496 161.621808052063 235.47379732131958
55.94560752197495 -3.189751743523496 ENE 55.94572232700466 -3.1894745796637425 161.621808052063 234.22379732131958
55.94572232700466 -3.1894745796637425 WSW 55.94560752197495 -3.189751743523496 161.621808052063 232.97379732131958
55.94560752197495 -3.189751743523496 SE 55.94539538994059 -3.18953961148914 161.621808052063 231.72379732131958
55.94539538994059 -3.18953961148914 NW 55.94560752197495 -3.189751743523496 161.621808052063 230.47379732131958
55.94560752197495 -3.189751743523496 WNW 55.94572232700466 -3.1900289073832493 161.621808052063 229.22379732131958
55.94572232700466 -3.1900289073832493 ESE 55.94560752197495 -3.189751743523496 161.621808052063 227.97379732131958
55.94560752197495 -3.189751743523496 NNW 55.945884685834706 -3.1898665485532054 161.621808052063 226.72379732131958
55.945884685834706 -3.1898665485532054 SW 55.94567255380035 -3.190078680587561 161.621808052063 225.47379732131958
55.94567255380035 -3.190078680587561 NE 55.945884685834706 -3.1898665485532054 161.621808052063 224.22379732131958
55.945884685834706 -3.1898665485532054 SW 55.94567255380035 -3.190078680587561 161.621808052063 222.97379732131958
55.94567255380035 -3.190078680587561 NNE 55.945949717660106 -3.1899638755578517 161.621808052063 221.72379732131958
55.945949717660106 -3.1899638755578517 NNE 55.94622688151986 -3.189849070528142 246.019268989563 245.22999620437622
55.94622688151986 -3.189849070528142 SSW 55.945949717660106 -3.1899638755578517 246.019268989563 243.97999620437622
55.945949717660106 -3.1899638755578517 NNW 55.94622688151986 -3.190078680587561 246.019268989563 242.72999620437622
55.94622688151986 -3.190078680587561 SSE 55.945949717660106 -3.1899638755578517 246.019268989563 241.47999620437622
55.945949717660106 -3.1899638755578517 NNW 55.94622688151986 -3.190078680587561 246.019268989563 240.22999620437622
55.94622688151986 -3.190078680587561 SSE 55.945949717660106 -3.1899638755578517 246.019268989563 238.97999620437622
55.945949717660106 -3.1899638755578517 NNW 55.94622688151986 -3.190078680587561 246.019268989563 237.72999620437622
55.94622688151986 -3.190078680587561 E 55.94622688151986 -3.189778680587561 246.019268989563 236.47999620437622
55.94622688151986 -3.189778680587561 SSE 55.945949717660106 -3.1896638755578515 246.019268989563 235.22999620437622
55.945949717660106 -3.1896638755578515 NNW 55.94622688151986 -3.189778680587561 246.019268989563 233.97999620437622
55.94622688151986 -3.189778680587561 SSE 55.945949717660106 -3.1896638755578515 246.019268989563 232.72999620437622
55.945949717660106 -3.1896638755578515 NNW 55.94622688151986 -3.189778680587561 246.019268989563 231.47999620437622
55.94622688151986 -3.189778680587561 S 55.94592688151986 -3.189778680587561 246.019268989563 230.22999620437622
55.94592688151986 -3.189778680587561 N 55.94622688151986 -3.189778680587561 246.019268989563 228.97999620437622
55.94622688151986 -3.189778680587561 S 55.94592688151986 -3.189778680587561 246.019268989563 227.72999620437622
55.94592688151986 -3.189778680587561 SSW 55.9456497176601 -3.1898934856172705 246.019268989563 226.47999620437622
55.9456497176601 -3.1898934856172705 NNE 55.94592688151986 -3.189778680587561 246.019268989563 225.22999620437622
55.94592688151986 -3.189778680587561 E 55.94592688151986 -3.189478680587561 246.019268989563 223.97999620437622
55.94592688151986 -3.189478680587561 SW 55.945714749485504 -3.1896908126219166 246.019268989563 222.72999620437622
55.945714749485504 -3.1896908126219166 SE 55.94550261745115 -3.189478680587561 246.019268989563 221.47999620437622
55.94550261745115 -3.189478680587561 WNW 55.94561742248086 -3.189755844447314 246.019268989563 220.22999620437622
55.94561742248086 -3.189755844447314 ESE 55.94550261745115 -3.189478680587561 246.019268989563 218.97999620437622
55.94550261745115 -3.189478680587561 SW 55.94529048541679 -3.1896908126219166 246.019268989563 217.72999620437622
55.94529048541679 -3.1896908126219166 NE 55.94550261745115 -3.189478680587561 246.019268989563 216.47999620437622
55.94550261745115 -3.189478680587561 WSW 55.94538781242144 -3.189755844447314 246.019268989563 215.22999620437622
55.94538781242144 -3.189755844447314 SE 55.94517568038708 -3.1895437124129584 246.019268989563 213.97999620437622
55.94517568038708 -3.1895437124129584 NNW 55.94545284424684 -3.189658517442668 246.019268989563 212.72999620437622
55.94545284424684 -3.189658517442668 SSE 55.94517568038708 -3.1895437124129584 246.019268989563 211.47999620437622
55.94517568038708 -3.1895437124129584 NE 55.94538781242144 -3.1893315803786026 246.019268989563 210.22999620437622
55.94538781242144 -3.1893315803786026 SW 55.94517568038708 -3.1895437124129584 246.019268989563 208.97999620437622
55.94517568038708 -3.1895437124129584 NE 55.94538781242144 -3.1893315803786026 246.019268989563 207.72999620437622
55.94538781242144 -3.1893315803786026 S 55.945087812421434 -3.1893315803786026 246.019268989563 206.47999620437622
55.945087812421434 -3.1893315803786026 N 55.94538781242144 -3.1893315803786026 246.019268989563 205.22999620437622
55.94538781242144 -3.1893315803786026 SW 55.94517568038708 -3.1895437124129584 246.019268989563 203.97999620437622
55.94517568038708 -3.1895437124129584 NE 55.94538781242144 -3.1893315803786026 246.019268989563 202.72999620437622
55.94538781242144 -3.1893315803786026 WNW 55.94550261745115 -3.189608744238356 246.019268989563 201.47999620437622
55.94550261745115 -3.189608744238356 SSE 55.94522545359139 -3.1894939392086465 246.019268989563 200.22999620437622
55.94522545359139 -3.1894939392086465 ESE 55.94511064856168 -3.189216775348893 246.019268989563 198.97999620437622
55.94511064856168 -3.189216775348893 W 55.94511064856168 -3.1895167753488933 246.019268989563 197.72999620437622
55.94511064856168 -3.1895167753488933 SSE 55.944833484701924 -3.189401970319184 246.019268989563 196.47999620437622
55.944833484701924 -3.189401970319184 N 55.94513348470193 -3.189401970319184 246.019268989563 195.22999620437622
55.94513348470193 -3.189401970319184 SSW 55.94485632084217 -3.1895167753488933 246.019268989563 193.97999620437622
55.94485632084217 -3.1895167753488933 NNE 55.94513348470193 -3.189401970319184 246.019268989563 192.72999620437622
55.94513348470193 -3.189401970319184 SSW 55.94485632084217 -3.1895167753488933 246.019268989563 191.47999620437622
55.94485632084217 -3.1895167753488933 N 55.94515632084217 -3.1895167753488933 246.019268989563 190.22999620437622
55.94515632084217 -3.1895167753488933 SW 55.94494418880782 -3.189728907383249 285.595814704895 261.63757371902466
55.94494418880782 -3.189728907383249 SE 55.94473205677346 -3.1895167753488933 342.31926822662354 313.70155000686646
55.94473205677346 -3.1895167753488933 NW 55.94494418880782 -3.189728907383249 342.31926822662354 312.45155000686646
55.94494418880782 -3.189728907383249 S 55.944644188807814 -3.189728907383249 342.31926822662354 311.20155000686646
55.944644188807814 -3.189728907383249 NNE 55.94492135266757 -3.1896141023535396 342.31926822662354 309.95155000686646
55.94492135266757 -3.1896141023535396 S 55.94462135266757 -3.1896141023535396 342.31926822662354 308.70155000686646
55.94462135266757 -3.1896141023535396 NE 55.944833484701924 -3.189401970319184 342.31926822662354 307.45155000686646
55.944833484701924 -3.189401970319184 SW 55.94462135266757 -3.1896141023535396 342.31926822662354 306.20155000686646
55.94462135266757 -3.1896141023535396 E 55.94462135266757 -3.1893141023535394 346.07242488861084 337.3478436470032
55.94462135266757 -3.1893141023535394 SSW 55.94434418880781 -3.189428907383249 460.1302251815796 418.6162152290344
55.94434418880781 -3.189428907383249 NNW 55.94462135266757 -3.1895437124129584 460.1302251815796 417.3662152290344
55.94462135266757 -3.1895437124129584 SSE 55.94434418880781 -3.189428907383249 460.1302251815796 416.1162152290344
55.94434418880781 -3.189428907383249 NW 55.94455632084217 -3.1896410394176047 460.1302251815796 414.8662152290344
55.94455632084217 -3.1896410394176047 SE 55.94434418880781 -3.189428907383249 460.1302251815796 413.6162152290344
55.94434418880781 -3.189428907383249 NNW 55.94462135266757 -3.1895437124129584 460.1302251815796 412.3662152290344
55.94462135266757 -3.1895437124129584 WSW 55.94450654763786 -3.189820876272712 460.1302251815796 411.1162152290344
55.94450654763786 -3.189820876272712 NE 55.944718679672214 -3.189608744238356 460.1302251815796 409.8662152290344
55.944718679672214 -3.189608744238356 SW 55.94450654763786 -3.189820876272712 460.1302251815796 408.6162152290344
55.94450654763786 -3.189820876272712 NNE 55.944783711497614 -3.1897060712430023 460.1302251815796 407.3662152290344
55.944783711497614 -3.1897060712430023 SSW 55.94450654763786 -3.189820876272712 460.1302251815796 406.1162152290344
55.94450654763786 -3.189820876272712 N 55.94480654763786 -3.189820876272712 460.1302251815796 404.8662152290344
55.94480654763786 -3.189820876272712 NNW 55.94508371149762 -3.1899356813024213 460.1302251815796 403.6162152290344
55.94508371149762 -3.1899356813024213 SSE 55.94480654763786 -3.189820876272712 460.1302251815796 402.3662152290344
55.94480654763786 -3.189820876272712 NNW 55.94508371149762 -3.1899356813024213 460.1302251815796 401.1162152290344
55.94508371149762 -3.1899356813024213 SE 55.94487157946326 -3.1897235492680656 460.1302251815796 399.8662152290344
55.94487157946326 -3.1897235492680656 WNW 55.94498638449297 -3.190000713127819 460.1302251815796 398.6162152290344
55.94498638449297 -3.190000713127819 NNW 55.94526354835273 -3.1901155181575285 460.1302251815796 397.3662152290344
55.94526354835273 -3.1901155181575285 SSE 55.94498638449297 -3.190000713127819 460.1302251815796 396.1162152290344
55.94498638449297 -3.190000713127819 SSE 55.944709220633214 -3.1898859080981095 460.1302251815796 394.8662152290344
55.944709220633214 -3.1898859080981095 N 55.94500922063322 -3.1898859080981095 460.1302251815796 393.6162152290344
55.94500922063322 -3.1898859080981095 N 55.94530922063322 -3.1898859080981095 460.1302251815796 392.3662152290344
55.94530922063322 -3.1898859080981095 SSE 55.945032056773464 -3.1897711030684 460.1302251815796 391.1162152290344
55.945032056773464 -3.1897711030684 NNW 55.94530922063322 -3.1898859080981095 460.1302251815796 389.8662152290344
55.94530922063322 -3.1898859080981095 SSE 55.945032056773464 -3.1897711030684 460.1302251815796 388.6162152290344
55.945032056773464 -3.1897711030684 NNW 55.94530922063322 -3.1898859080981095 460.1302251815796 387.3662152290344
55.94530922063322 -3.1898859080981095 SSW 55.945032056773464 -3.190000713127819 460.1302251815796 386.1162152290344
55.945032056773464 -3.190000713127819 NNE 55.94530922063322 -3.1898859080981095 460.1302251815796 384.8662152290344
55.94530922063322 -3.1898859080981095 NNE 55.94558638449298 -3.1897711030684 460.1302251815796 383.6162152290344
55.94558638449298 -3.1897711030684 SSW 55.94530922063322 -3.1898859080981095 460.1302251815796 382.3662152290344
55.94530922063322 -3.1898859080981095 NNE 55.94558638449298 -3.1897711030684 460.1302251815796 381.1162152290344
55.94558638449298 -3.1897711030684 SSW 55.94530922063322 -3.1898859080981095 460.1302251815796 379.8662152290344
55.94530922063322 -3.1898859080981095 W 55.94530922063322 -3.1901859080981096 460.1302251815796 378.6162152290344
55.94530922063322 -3.1901859080981096 E 55.94530922063322 -3.1898859080981095 460.1302251815796 377.3662152290344
55.94530922063322 -3.1898859080981095 WSW 55.94519441560351 -3.190163071957863 460.1302251815796 376.1162152290344
55.94519441560351 -3.190163071957863 WNW 55.94530922063322 -3.1904402358176163 460.1302251815796 374.8662152290344
55.94530922063322 -3.1904402358176163 ESE 55.94519441560351 -3.190163071957863 460.1302251815796 373.6162152290344
55.94519441560351 -3.190163071957863 ENE 55.94530922063322 -3.1898859080981095 460.1302251815796 372.3662152290344
55.94530922063322 -3.1898859080981095 WSW 55.94519441560351 -3.190163071957863 460.1302251815796 371.1162152290344
55.94519441560351 -3.190163071957863 SSW 55.94491725174375 -3.1902778769875724 512.1145467758179 424.4891972541809
55.94491725174375 -3.1902778769875724 NNE 55.94519441560351 -3.190163071957863 512.1145467758179 423.2391972541809
55.94519441560351 -3.190163071957863 NW 55.945406547637866 -3.1903752039922186 585.9774084091187 450.3704285621643
55.945406547637866 -3.1903752039922186 SE 55.94519441560351 -3.190163071957863 585.9774084091187 449.1204285621643
55.94519441560351 -3.190163071957863 W 55.94519441560351 -3.190463071957863 585.9774084091187 447.8704285621643
55.94519441560351 -3.190463071957863 E 55.94519441560351 -3.190163071957863 585.9774084091187 446.6204285621643
55.94519441560351 -3.190163071957863 WNW 55.94530922063322 -3.1904402358176163 585.9774084091187 445.3704285621643
55.94530922063322 -3.1904402358176163 ESE 55.94519441560351 -3.190163071957863 585.9774084091187 444.1204285621643
55.94519441560351 -3.190163071957863 WNW 55.94530922063322 -3.1904402358176163 585.9774084091187 442.8704285621643
55.94530922063322 -3.1904402358176163 N 55.94560922063322 -3.1904402358176163 585.9774084091187 441.6204285621643
55.94560922063322 -3.1904402358176163 SE 55.94539708859887 -3.1902281037832605 585.9774084091187 440.3704285621643
55.94539708859887 -3.1902281037832605 WNW 55.94551189362858 -3.190505267643014 585.9774084091187 439.1204285621643
55.94551189362858 -3.190505267643014 ESE 55.94539708859887 -3.1902281037832605 585.9774084091187 437.8704285621643
55.94539708859887 -3.1902281037832605 NW 55.94560922063322 -3.1904402358176163 585.9774084091187 436.6204285621643
55.94560922063322 -3.1904402358176163 SE 55.94539708859887 -3.1902281037832605 585.9774084091187 435.3704285621643
55.94539708859887 -3.1902281037832605 NW 55.94560922063322 -3.1904402358176163 585.9774084091187 434.1204285621643
55.94560922063322 -3.1904402358176163 SSW 55.945332056773466 -3.1905550408473258 585.9774084091187 432.8704285621643
55.945332056773466 -3.1905550408473258 NNE 55.94560922063322 -3.1904402358176163 585.9774084091187 431.6204285621643
55.94560922063322 -3.1904402358176163 WSW 55.94549441560351 -3.1907173996773697 585.9774084091187 430.3704285621643
55.94549441560351 -3.1907173996773697 ESE 55.9453796105738 -3.1904402358176163 585.9774084091187 429.1204285621643
55.9453796105738 -3.1904402358176163 W 55.9453796105738 -3.1907402358176165 615.1872396469116 435.01296520233154
55.9453796105738 -3.1907402358176165 ESE 55.94526480554409 -3.190463071957863 697.2419347763062 524.9246549606323
55.94526480554409 -3.190463071957863 WNW 55.9453796105738 -3.1907402358176165 697.2419347763062 523.6746549606323
55.9453796105738 -3.1907402358176165 NNW 55.94565677443356 -3.190855040847326 697.2419347763062 522.4246549606323
55.94565677443356 -3.190855040847326 SSE 55.9453796105738 -3.1907402358176165 697.2419347763062 521.1746549606323
55.9453796105738 -3.1907402358176165 NNW 55.94565677443356 -3.190855040847326 697.2419347763062 519.9246549606323
55.94565677443356 -3.190855040847326 SE 55.9454446423992 -3.19064290881297 697.2419347763062 518.6746549606323
55.9454446423992 -3.19064290881297 NNW 55.94572180625896 -3.1907577138426797 697.2419347763062 517.4246549606323
55.94572180625896 -3.1907577138426797 SSW 55.9454446423992 -3.190872518872389 697.2419347763062 516.1746549606323
55.9454446423992 -3.190872518872389 NNE 55.94572180625896 -3.1907577138426797 697.2419347763062 514.9246549606323
55.94572180625896 -3.1907577138426797 NNE 55.945998970118715 -3.19064290881297 717.0024785995483 562.9009504318237
55.945998970118715 -3.19064290881297 SW 55.94578683808436 -3.190855040847326 785.101996421814 607.5043706893921
55.94578683808436 -3.190855040847326 NE 55.945998970118715 -3.19064290881297 785.101996421814 606.2543706893921
55.945998970118715 -3.19064290881297 SSE 55.94572180625896 -3.1905281037832607 785.101996421814 605.0043706893921
55.94572180625896 -3.1905281037832607 N 55.94602180625896 -3.1905281037832607 785.101996421814 603.7543706893921
55.94602180625896 -3.1905281037832607 W 55.94602180625896 -3.190828103783261 785.101996421814 602.5043706893921
55.94602180625896 -3.190828103783261 E 55.94602180625896 -3.1905281037832607 785.101996421814 601.2543706893921
55.94602180625896 -3.1905281037832607 ESE 55.94590700122925 -3.1902509399235073 785.101996421814 600.0043706893921
55.94590700122925 -3.1902509399235073 NNW 55.94618416508901 -3.190365744953217 827.0176572799683 697.3455953598022
55.94618416508901 -3.190365744953217 SSW 55.94590700122925 -3.1904805499829263 827.0176572799683 696.0955953598022
55.94590700122925 -3.1904805499829263 NNE 55.94618416508901 -3.190365744953217 827.0176572799683 694.8455953598022
