55.944425 -3.188396 WNW 55.94453980502971 -3.1886731638597534 0.0 248.75
55.94453980502971 -3.1886731638597534 ESE 55.944425 -3.188396 0.0 247.5
55.944425 -3.188396 ESE 55.94431019497029 -3.1881188361402466 0.0 246.25
55.94431019497029 -3.1881188361402466 WNW 55.944425 -3.188396 0.0 245.0
55.944425 -3.188396 E 55.944425 -3.188096 0.0 243.75
55.944425 -3.188096 W 55.944425 -3.188396 0.0 242.5
55.944425 -3.188396 E 55.944425 -3.188096 0.0 241.25
55.944425 -3.188096 NW 55.94463713203436 -3.1883081320343556 0.0 240.0
55.94463713203436 -3.1883081320343556 E 55.94463713203436 -3.1880081320343554 0.0 238.75
55.94463713203436 -3.1880081320343554 W 55.94463713203436 -3.1883081320343556 0.0 237.5
55.94463713203436 -3.1883081320343556 SSW 55.9443599681746 -3.188422937064065 0.0 236.25
55.9443599681746 -3.188422937064065 NNE 55.94463713203436 -3.1883081320343556 0.0 235.0
55.94463713203436 -3.1883081320343556 W 55.94463713203436 -3.188608132034356 0.0 233.75
55.94463713203436 -3.188608132034356 E 55.94463713203436 -3.1883081320343556 0.0 232.5
55.94463713203436 -3.1883081320343556 NNW 55.944914295894115 -3.188422937064065 0.0 231.25
55.944914295894115 -3.188422937064065 S 55.94461429589411 -3.188422937064065 0.0 230.0
55.94461429589411 -3.188422937064065 NNW 55.94489145975387 -3.1885377420937746 0.0 228.75
55.94489145975387 -3.1885377420937746 S 55.944591459753866 -3.1885377420937746 0.0 227.5
55.944591459753866 -3.1885377420937746 N 55.94489145975387 -3.1885377420937746 0.0 226.25
55.94489145975387 -3.1885377420937746 SSW 55.94461429589411 -3.188652547123484 0.0 225.0
55.94461429589411 -3.188652547123484 SSE 55.944337132034356 -3.1885377420937746 0.0 223.75
55.944337132034356 -3.1885377420937746 NNW 55.94461429589411 -3.188652547123484 0.0 222.5
55.94461429589411 -3.188652547123484 WNW 55.94472910092382 -3.1889297109832375 0.0 221.25
55.94472910092382 -3.1889297109832375 ESE 55.94461429589411 -3.188652547123484 0.0 220.0
55.94461429589411 -3.188652547123484 E 55.94461429589411 -3.188352547123484 0.0 218.75
55.94461429589411 -3.188352547123484 WSW 55.9444994908644 -3.1886297109832373 0.15928421914577484 313.3332290649414
55.9444994908644 -3.1886297109832373 ENE 55.94461429589411 -3.188352547123484 0.15928421914577484 312.0832290649414
55.94461429589411 -3.188352547123484 WSW 55.9444994908644 -3.1886297109832373 0.15928421914577484 310.8332290649414
55.9444994908644 -3.1886297109832373 SSE 55.944222327004645 -3.188514905953528 0.15928421914577484 309.5832290649414
55.944222327004645 -3.188514905953528 NNW 55.9444994908644 -3.1886297109832373 0.15928421914577484 308.3332290649414
55.9444994908644 -3.1886297109832373 NE 55.94471162289876 -3.1884175789488816 0.15928421914577484 307.0832290649414
55.94471162289876 -3.1884175789488816 SW 55.9444994908644 -3.1886297109832373 0.15928421914577484 305.8332290649414
55.9444994908644 -3.1886297109832373 S 55.9441994908644 -3.1886297109832373 0.15928421914577484 304.5832290649414
55.9441994908644 -3.1886297109832373 N 55.9444994908644 -3.1886297109832373 0.15928421914577484 303.3332290649414
55.9444994908644 -3.1886297109832373 SSW 55.944222327004645 -3.188744516012947 0.15928421914577484 302.0832290649414
55.944222327004645 -3.188744516012947 NNE 55.9444994908644 -3.1886297109832373 0.15928421914577484 300.8332290649414
55.9444994908644 -3.1886297109832373 WSW 55.94438468583469 -3.1889068748429907 0.15928421914577484 299.5832290649414
55.94438468583469 -3.1889068748429907 ENE 55.9444994908644 -3.1886297109832373 0.15928421914577484 298.3332290649414
55.9444994908644 -3.1886297109832373 W 55.9444994908644 -3.1889297109832375 0.15928421914577484 297.0832290649414
55.9444994908644 -3.1889297109832375 E 55.9444994908644 -3.1886297109832373 0.15928421914577484 295.8332290649414
55.9444994908644 -3.1886297109832373 NW 55.94471162289876 -3.188841843017593 0.15928421914577484 294.5832290649414
55.94471162289876 -3.188841843017593 SE 55.9444994908644 -3.1886297109832373 0.15928421914577484 293.3332290649414
55.9444994908644 -3.1886297109832373 NW 55.94471162289876 -3.188841843017593 0.15928421914577484 292.0832290649414
55.94471162289876 -3.188841843017593 S 55.944411622898755 -3.188841843017593 0.15928421914577484 290.8332290649414
55.944411622898755 -3.188841843017593 N 55.94471162289876 -3.188841843017593 0.15928421914577484 289.5832290649414
55.94471162289876 -3.188841843017593 N 55.94501162289876 -3.188841843017593 0.15928421914577484 288.3332290649414
55.94501162289876 -3.188841843017593 S 55.94471162289876 -3.188841843017593 0.15928421914577484 287.0832290649414
55.94471162289876 -3.188841843017593 NNW 55.944988786758515 -3.1889566480473026 0.15928421914577484 285.8332290649414
55.944988786758515 -3.1889566480473026 SE 55.94477665472416 -3.188744516012947 0.15928421914577484 284.5832290649414
55.94477665472416 -3.188744516012947 NW 55.944988786758515 -3.1889566480473026 0.15928421914577484 283.3332290649414
55.944988786758515 -3.1889566480473026 SE 55.94477665472416 -3.188744516012947 0.15928421914577484 282.0832290649414
55.94477665472416 -3.188744516012947 NW 55.944988786758515 -3.1889566480473026 0.15928421914577484 280.8332290649414
55.944988786758515 -3.1889566480473026 SE 55.94477665472416 -3.188744516012947 0.15928421914577484 279.5832290649414
55.94477665472416 -3.188744516012947 N 55.94507665472416 -3.188744516012947 0.15928421914577484 278.3332290649414
55.94507665472416 -3.188744516012947 S 55.94477665472416 -3.188744516012947 0.15928421914577484 277.0832290649414
55.94477665472416 -3.188744516012947 SE 55.9445645226898 -3.188532383978591 0.15928421914577484 275.8332290649414
55.9445645226898 -3.188532383978591 NW 55.94477665472416 -3.188744516012947 0.15928421914577484 274.5832290649414
55.94477665472416 -3.188744516012947 WSW 55.94466184969445 -3.1890216798727002 0.15928421914577484 273.3332290649414
55.94466184969445 -3.1890216798727002 ESE 55.94454704466474 -3.188744516012947 0.15928421914577484 272.0832290649414
55.94454704466474 -3.188744516012947 WSW 55.94443223963503 -3.1890216798727002 0.15928421914577484 270.8332290649414
55.94443223963503 -3.1890216798727002 ENE 55.94454704466474 -3.188744516012947 0.15928421914577484 269.5832290649414
55.94454704466474 -3.188744516012947 WSW 55.94443223963503 -3.1890216798727002 0.15928421914577484 268.3332290649414
55.94443223963503 -3.1890216798727002 SE 55.94422010760067 -3.1888095478383445 0.15928421914577484 267.0832290649414
55.94422010760067 -3.1888095478383445 NNW 55.94449727146043 -3.188924352868054 0.15928421914577484 265.8332290649414
55.94449727146043 -3.188924352868054 S 55.944197271460425 -3.188924352868054 0.15928421914577484 264.5832290649414
55.944197271460425 -3.188924352868054 NE 55.94440940349478 -3.188712220833698 0.15928421914577484 263.3332290649414
55.94440940349478 -3.188712220833698 W 55.94440940349478 -3.1890122208336984 0.15928421914577484 262.0832290649414
55.94440940349478 -3.1890122208336984 SW 55.944197271460425 -3.189224352868054 121.6150032132864 289.9627876281738
55.944197271460425 -3.189224352868054 NE 55.94440940349478 -3.1890122208336984 121.6150032132864 288.7127876281738
55.94440940349478 -3.1890122208336984 SSE 55.944132239635024 -3.188897415803989 121.6150032132864 287.4627876281738
55.944132239635024 -3.188897415803989 NNW 55.94440940349478 -3.1890122208336984 121.6150032132864 286.2127876281738
55.94440940349478 -3.1890122208336984 S 55.94410940349478 -3.1890122208336984 121.6150032132864 284.9627876281738
55.94410940349478 -3.1890122208336984 WNW 55.94422420852449 -3.189289384693452 121.6150032132864 283.7127876281738
55.94422420852449 -3.189289384693452 SE 55.94401207649013 -3.189077252659096 121.6150032132864 282.4627876281738
55.94401207649013 -3.189077252659096 NW 55.94422420852449 -3.189289384693452 121.6150032132864 281.2127876281738
55.94422420852449 -3.189289384693452 SSW 55.94394704466473 -3.1894041897231613 121.6150032132864 279.9627876281738
55.94394704466473 -3.1894041897231613 N 55.944247044664735 -3.1894041897231613 121.6150032132864 278.7127876281738
55.944247044664735 -3.1894041897231613 S 55.94394704466473 -3.1894041897231613 121.6150032132864 277.4627876281738
55.94394704466473 -3.1894041897231613 N 55.944247044664735 -3.1894041897231613 121.6150032132864 276.2127876281738
55.944247044664735 -3.1894041897231613 S 55.94394704466473 -3.1894041897231613 121.6150032132864 274.9627876281738
55.94394704466473 -3.1894041897231613 NNE 55.94422420852449 -3.189289384693452 121.6150032132864 273.7127876281738
55.94422420852449 -3.189289384693452 SSE 55.94394704466473 -3.1891745796637423 121.6150032132864 272.4627876281738
55.94394704466473 -3.1891745796637423 NNW 55.94422420852449 -3.189289384693452 121.6150032132864 271.2127876281738
55.94422420852449 -3.189289384693452 SSE 55.94394704466473 -3.1891745796637423 121.6150032132864 269.9627876281738
55.94394704466473 -3.1891745796637423 NNE 55.94422420852449 -3.189059774634033 121.6150032132864 268.7127876281738
55.94422420852449 -3.189059774634033 SSW 55.94394704466473 -3.1891745796637423 121.6150032132864 267.4627876281738
55.94394704466473 -3.1891745796637423 NE 55.94415917669909 -3.1889624476293865 121.6150032132864 266.2127876281738
55.94415917669909 -3.1889624476293865 SSW 55.94388201283933 -3.189077252659096 121.6150032132864 264.9627876281738
55.94388201283933 -3.189077252659096 NNE 55.94415917669909 -3.1889624476293865 121.6150032132864 263.7127876281738
55.94415917669909 -3.1889624476293865 SE 55.94394704466473 -3.1887503155950307 121.6150032132864 262.4627876281738
55.94394704466473 -3.1887503155950307 NNW 55.94422420852449 -3.1888651206247403 121.6150032132864 261.2127876281738
55.94422420852449 -3.1888651206247403 SSE 55.94394704466473 -3.1887503155950307 121.6150032132864 259.9627876281738
55.94394704466473 -3.1887503155950307 NNW 55.94422420852449 -3.1888651206247403 121.6150032132864 258.7127876281738
55.94422420852449 -3.1888651206247403 SSE 55.94394704466473 -3.1887503155950307 121.6150032132864 257.4627876281738
55.94394704466473 -3.1887503155950307 SSE 55.943669880804975 -3.1886355105653212 121.6150032132864 256.2127876281738
55.943669880804975 -3.1886355105653212 NNW 55.94394704466473 -3.1887503155950307 121.6150032132864 254.96278762817383
55.94394704466473 -3.1887503155950307 S 55.94364704466473 -3.1887503155950307 121.6150032132864 253.71278762817383
55.94364704466473 -3.1887503155950307 NNE 55.943924208524486 -3.1886355105653212 121.6150032132864 252.46278762817383
55.943924208524486 -3.1886355105653212 SSW 55.94364704466473 -3.1887503155950307 121.6150032132864 251.21278762817383
55.94364704466473 -3.1887503155950307 NNE 55.943924208524486 -3.1886355105653212 121.6150032132864 249.96278762817383
55.943924208524486 -3.1886355105653212 SSW 55.94364704466473 -3.1887503155950307 121.6150032132864 248.71278762817383
55.94364704466473 -3.1887503155950307 ENE 55.94376184969444 -3.1884731517352773 121.6150032132864 247.46278762817383
55.94376184969444 -3.1884731517352773 SW 55.94354971766008 -3.188685283769633 121.6150032132864 246.21278762817383
55.94354971766008 -3.188685283769633 ENE 55.943664522689794 -3.1884081199098797 121.6150032132864 244.96278762817383
55.943664522689794 -3.1884081199098797 WSW 55.94354971766008 -3.188685283769633 121.6150032132864 243.71278762817383
55.94354971766008 -3.188685283769633 ENE 55.943664522689794 -3.1884081199098797 121.6150032132864 242.46278762817383
55.943664522689794 -3.1884081199098797 SSW 55.94338735883004 -3.188522924939589 121.6150032132864 241.21278762817383
55.94338735883004 -3.188522924939589 N 55.94368735883004 -3.188522924939589 121.6150032132864 239.96278762817383
55.94368735883004 -3.188522924939589 S 55.94338735883004 -3.188522924939589 121.6150032132864 238.71278762817383
55.94338735883004 -3.188522924939589 WNW 55.94350216385975 -3.1888000887993426 121.6150032132864 237.46278762817383
55.94350216385975 -3.1888000887993426 ESE 55.94338735883004 -3.188522924939589 121.6150032132864 236.21278762817383
55.94338735883004 -3.188522924939589 WSW 55.94327255380033 -3.1888000887993426 121.6150032132864 234.96278762817383
55.94327255380033 -3.1888000887993426 NE 55.94348468583468 -3.188587956764987 121.6150032132864 233.71278762817383
55.94348468583468 -3.188587956764987 SW 55.94327255380033 -3.1888000887993426 121.6150032132864 232.46278762817383
55.94327255380033 -3.1888000887993426 NNE 55.94354971766008 -3.188685283769633 121.6150032132864 231.21278762817383
55.94354971766008 -3.188685283769633 SSW 55.94327255380033 -3.1888000887993426 121.6150032132864 229.96278762817383
55.94327255380033 -3.1888000887993426 N 55.94357255380033 -3.1888000887993426 121.6150032132864 228.71278762817383
55.94357255380033 -3.1888000887993426 S 55.94327255380033 -3.1888000887993426 121.6150032132864 227.46278762817383
55.94327255380033 -3.1888000887993426 N 55.94357255380033 -3.1888000887993426 121.6150032132864 226.21278762817383
55.94357255380033 -3.1888000887993426 N 55.94387255380033 -3.1888000887993426 121.6150032132864 224.96278762817383
55.94387255380033 -3.1888000887993426 SSE 55.943595389940576 -3.188685283769633 121.6150032132864 223.71278762817383
55.943595389940576 -3.188685283769633 NE 55.94380752197493 -3.1884731517352773 121.6150032132864 222.46278762817383
55.94380752197493 -3.1884731517352773 SW 55.943595389940576 -3.188685283769633 121.6150032132864 221.21278762817383
55.943595389940576 -3.188685283769633 NNW 55.94387255380033 -3.1888000887993426 121.6150032132864 219.96278762817383
55.94387255380033 -3.1888000887993426 NE 55.94408468583469 -3.188587956764987 121.6150032132864 218.71278762817383
55.94408468583469 -3.188587956764987 SW 55.94387255380033 -3.1888000887993426 121.6150032132864 217.46278762817383
55.94387255380033 -3.1888000887993426 W 55.94387255380033 -3.189100088799343 121.6150032132864 216.21278762817383
55.94387255380033 -3.189100088799343 E 55.94387255380033 -3.1888000887993426 121.6150032132864 214.96278762817383
55.94387255380033 -3.1888000887993426 W 55.94387255380033 -3.189100088799343 121.6150032132864 213.71278762817383
55.94387255380033 -3.189100088799343 NW 55.94408468583469 -3.1893122208336986 121.6150032132864 212.46278762817383
55.94408468583469 -3.1893122208336986 SE 55.94387255380033 -3.189100088799343 121.6150032132864 211.21278762817383
55.94387255380033 -3.189100088799343 SSW 55.943595389940576 -3.1892148938290523 121.6150032132864 209.96278762817383
55.943595389940576 -3.1892148938290523 NNE 55.94387255380033 -3.189100088799343 121.6150032132864 208.71278762817383
55.94387255380033 -3.189100088799343 N 55.944172553800335 -3.189100088799343 121.6150032132864 207.46278762817383
55.944172553800335 -3.189100088799343 SSW 55.94389538994058 -3.1892148938290523 121.6150032132864 206.21278762817383
55.94389538994058 -3.1892148938290523 SSE 55.94361822608082 -3.189100088799343 121.8793044835329 295.3615074157715
55.94361822608082 -3.189100088799343 NW 55.94383035811518 -3.1893122208336986 121.8793044835329 294.1115074157715
55.94383035811518 -3.1893122208336986 SE 55.94361822608082 -3.189100088799343 121.8793044835329 292.8615074157715
55.94361822608082 -3.189100088799343 WNW 55.94373303111053 -3.189377252659096 121.8793044835329 291.6115074157715
55.94373303111053 -3.189377252659096 E 55.94373303111053 -3.189077252659096 121.8793044835329 290.3615074157715
55.94373303111053 -3.189077252659096 W 55.94373303111053 -3.189377252659096 121.8793044835329 289.1115074157715
55.94373303111053 -3.189377252659096 SSW 55.943455867250776 -3.1894920576888057 176.35800321400166 316.2940368652344
55.943455867250776 -3.1894920576888057 NNE 55.94373303111053 -3.189377252659096 176.35800321400166 315.0440368652344
55.94373303111053 -3.189377252659096 N 55.944033031110536 -3.189377252659096 176.35800321400166 313.7940368652344
55.944033031110536 -3.189377252659096 S 55.94373303111053 -3.189377252659096 176.35800321400166 312.5440368652344
55.94373303111053 -3.189377252659096 N 55.944033031110536 -3.189377252659096 176.35800321400166 311.2940368652344
55.944033031110536 -3.189377252659096 S 55.94373303111053 -3.189377252659096 176.35800321400166 310.0440368652344
55.94373303111053 -3.189377252659096 N 55.944033031110536 -3.189377252659096 176.35800321400166 308.7940368652344
55.944033031110536 -3.189377252659096 SW 55.94382089907618 -3.189589384693452 176.35800321400166 307.5440368652344
55.94382089907618 -3.189589384693452 N 55.94412089907618 -3.189589384693452 176.35800321400166 306.2940368652344
55.94412089907618 -3.189589384693452 S 55.94382089907618 -3.189589384693452 176.35800321400166 305.0440368652344
55.94382089907618 -3.189589384693452 NNW 55.944098062935936 -3.1897041897231615 176.35800321400166 303.7940368652344
55.944098062935936 -3.1897041897231615 SSE 55.94382089907618 -3.189589384693452 176.35800321400166 302.5440368652344
55.94382089907618 -3.189589384693452 NW 55.944033031110536 -3.1898015167278078 269.3831649571657 365.7159118652344
55.944033031110536 -3.1898015167278078 SE 55.94382089907618 -3.189589384693452 269.3831649571657 364.4659118652344
55.94382089907618 -3.189589384693452 SW 55.94360876704182 -3.1898015167278078 269.3831649571657 363.2159118652344
55.94360876704182 -3.1898015167278078 NE 55.94382089907618 -3.189589384693452 269.3831649571657 361.9659118652344
55.94382089907618 -3.189589384693452 W 55.94382089907618 -3.189889384693452 269.3831649571657 360.7159118652344
55.94382089907618 -3.189889384693452 ESE 55.94370609404647 -3.1896122208336988 269.3831649571657 359.4659118652344
55.94370609404647 -3.1896122208336988 NW 55.943918226080825 -3.1898243528680545 269.3831649571657 358.2159118652344
55.943918226080825 -3.1898243528680545 SE 55.94370609404647 -3.1896122208336988 269.3831649571657 356.9659118652344
55.94370609404647 -3.1896122208336988 NW 55.943918226080825 -3.1898243528680545 269.3831649571657 355.7159118652344
55.943918226080825 -3.1898243528680545 SSW 55.94364106222107 -3.189939157897764 269.3831649571657 354.4659118652344
55.94364106222107 -3.189939157897764 N 55.94394106222107 -3.189939157897764 269.3831649571657 353.2159118652344
55.94394106222107 -3.189939157897764 E 55.94394106222107 -3.189639157897764 269.3831649571657 351.9659118652344
55.94394106222107 -3.189639157897764 WNW 55.94405586725078 -3.1899163217575173 269.3831649571657 350.7159118652344
55.94405586725078 -3.1899163217575173 ESE 55.94394106222107 -3.189639157897764 269.3831649571657 349.4659118652344
55.94394106222107 -3.189639157897764 WNW 55.94405586725078 -3.1899163217575173 269.3831649571657 348.2159118652344
55.94405586725078 -3.1899163217575173 NNE 55.94433303111054 -3.1898015167278078 368.2135101109743 367.7378444671631
55.94433303111054 -3.1898015167278078 SSW 55.94405586725078 -3.1899163217575173 368.2135101109743 366.4878444671631
55.94405586725078 -3.1899163217575173 NNW 55.94433303111054 -3.190031126787227 368.2135101109743 365.2378444671631
55.94433303111054 -3.190031126787227 SSE 55.94405586725078 -3.1899163217575173 368.2135101109743 363.9878444671631
55.94405586725078 -3.1899163217575173 NNE 55.94433303111054 -3.1898015167278078 368.2135101109743 362.7378444671631
55.94433303111054 -3.1898015167278078 SW 55.94412089907618 -3.1900136487621635 368.2135101109743 361.4878444671631
55.94412089907618 -3.1900136487621635 SSE 55.943843735216426 -3.189898843732454 368.2135101109743 360.2378444671631
55.943843735216426 -3.189898843732454 NNW 55.94412089907618 -3.1900136487621635 368.2135101109743 358.9878444671631
55.94412089907618 -3.1900136487621635 SSW 55.943843735216426 -3.190128453791873 368.2135101109743 357.7378444671631
55.943843735216426 -3.190128453791873 NNE 55.94412089907618 -3.1900136487621635 368.2135101109743 356.4878444671631
55.94412089907618 -3.1900136487621635 WSW 55.94400609404647 -3.190290812621917 368.2135101109743 355.2378444671631
55.94400609404647 -3.190290812621917 E 55.94400609404647 -3.1899908126219167 368.2135101109743 353.9878444671631
55.94400609404647 -3.1899908126219167 SW 55.943793962012116 -3.1902029446562725 368.2135101109743 352.7378444671631
55.943793962012116 -3.1902029446562725 NE 55.94400609404647 -3.1899908126219167 368.2135101109743 351.4878444671631
55.94400609404647 -3.1899908126219167 WSW 55.94389128901676 -3.19026797648167 368.2135101109743 350.2378444671631
55.94389128901676 -3.19026797648167 ENE 55.94400609404647 -3.1899908126219167 368.2135101109743 348.9878444671631
55.94400609404647 -3.1899908126219167 S 55.94370609404647 -3.1899908126219167 368.2135101109743 347.7378444671631
55.94370609404647 -3.1899908126219167 NNW 55.943983257906226 -3.1901056176516263 368.2135101109743 346.4878444671631
55.943983257906226 -3.1901056176516263 SSW 55.94370609404647 -3.1902204226813358 368.2135101109743 345.2378444671631
55.94370609404647 -3.1902204226813358 ESE 55.94359128901676 -3.1899432588215824 368.2135101109743 343.9878444671631
55.94359128901676 -3.1899432588215824 WNW 55.94370609404647 -3.1902204226813358 368.2135101109743 342.7378444671631
55.94370609404647 -3.1902204226813358 NNE 55.943983257906226 -3.1901056176516263 368.2135101109743 341.4878444671631
55.943983257906226 -3.1901056176516263 WSW 55.943868452876515 -3.1903827815113797 368.2135101109743 340.2378444671631
55.943868452876515 -3.1903827815113797 E 55.943868452876515 -3.1900827815113795 368.2135101109743 338.9878444671631
55.943868452876515 -3.1900827815113795 W 55.943868452876515 -3.1903827815113797 368.2135101109743 337.7378444671631
55.943868452876515 -3.1903827815113797 NE 55.94408058491087 -3.190170649477024 368.2135101109743 336.4878444671631
55.94408058491087 -3.190170649477024 SW 55.943868452876515 -3.1903827815113797 368.2135101109743 335.2378444671631
55.943868452876515 -3.1903827815113797 ENE 55.943983257906226 -3.1901056176516263 368.2135101109743 333.9878444671631
55.943983257906226 -3.1901056176516263 WSW 55.943868452876515 -3.1903827815113797 368.2135101109743 332.7378444671631
55.943868452876515 -3.1903827815113797 NNE 55.94414561673627 -3.19026797648167 368.2135101109743 331.4878444671631
55.94414561673627 -3.19026797648167 SSW 55.943868452876515 -3.1903827815113797 368.2135101109743 330.2378444671631
55.943868452876515 -3.1903827815113797 NW 55.94408058491087 -3.1905949135457354 368.2135101109743 328.9878444671631
55.94408058491087 -3.1905949135457354 SE 55.943868452876515 -3.1903827815113797 368.2135101109743 327.7378444671631
55.943868452876515 -3.1903827815113797 E 55.943868452876515 -3.1900827815113795 368.2135101109743 326.4878444671631
55.943868452876515 -3.1900827815113795 W 55.943868452876515 -3.1903827815113797 368.2135101109743 325.2378444671631
55.943868452876515 -3.1903827815113797 SE 55.94365632084216 -3.190170649477024 376.5056691914797 332.71868801116943
55.94365632084216 -3.190170649477024 NW 55.943868452876515 -3.1903827815113797 376.5056691914797 331.46868801116943
55.943868452876515 -3.1903827815113797 SW 55.94365632084216 -3.1905949135457354 376.5056691914797 330.21868801116943
55.94365632084216 -3.1905949135457354 NE 55.943868452876515 -3.1903827815113797 376.5056691914797 328.96868801116943
55.943868452876515 -3.1903827815113797 SW 55.94365632084216 -3.1905949135457354 376.5056691914797 327.71868801116943
55.94365632084216 -3.1905949135457354 NNE 55.943933484701915 -3.190480108516026 376.5056691914797 326.46868801116943
55.943933484701915 -3.190480108516026 WNW 55.944048289731626 -3.1907572723757793 376.5056691914797 325.21868801116943
55.944048289731626 -3.1907572723757793 ESE 55.943933484701915 -3.190480108516026 376.5056691914797 323.96868801116943
55.943933484701915 -3.190480108516026 NE 55.94414561673627 -3.19026797648167 376.5056691914797 322.71868801116943
55.94414561673627 -3.19026797648167 SW 55.943933484701915 -3.190480108516026 376.5056691914797 321.46868801116943
55.943933484701915 -3.190480108516026 NNE 55.94421064856167 -3.1903653034863164 376.5056691914797 320.21868801116943
55.94421064856167 -3.1903653034863164 WSW 55.94409584353196 -3.19064246734607 376.5056691914797 318.96868801116943
55.94409584353196 -3.19064246734607 NNW 55.94437300739172 -3.1907572723757793 432.8785482198 324.05079889297485
55.94437300739172 -3.1907572723757793 SSE 55.94409584353196 -3.19064246734607 432.8785482198 322.80079889297485
55.94409584353196 -3.19064246734607 SE 55.943883711497605 -3.190430335311714 535.4810033589602 361.27277994155884
55.943883711497605 -3.190430335311714 NW 55.94409584353196 -3.19064246734607 535.4810033589602 360.02277994155884
55.94409584353196 -3.19064246734607 N 55.944395843531964 -3.19064246734607 535.4810033589602 358.77277994155884
55.944395843531964 -3.19064246734607 S 55.94409584353196 -3.19064246734607 535.4810033589602 357.52277994155884
55.94409584353196 -3.19064246734607 N 55.944395843531964 -3.19064246734607 535.4810033589602 356.27277994155884
55.944395843531964 -3.19064246734607 S 55.94409584353196 -3.19064246734607 535.4810033589602 355.02277994155884
55.94409584353196 -3.19064246734607 NNE 55.94437300739172 -3.1905276623163603 535.4810033589602 353.77277994155884
55.94437300739172 -3.1905276623163603 SW 55.94416087535736 -3.190739794350716 535.4810033589602 352.52277994155884
55.94416087535736 -3.190739794350716 N 55.944460875357365 -3.190739794350716 535.4810033589602 351.27277994155884
55.944460875357365 -3.190739794350716 SE 55.94424874332301 -3.1905276623163603 535.4810033589602 350.02277994155884
55.94424874332301 -3.1905276623163603 NW 55.944460875357365 -3.190739794350716 535.4810033589602 348.77277994155884
55.944460875357365 -3.190739794350716 SSE 55.94418371149761 -3.1906249893210066 539.9324298650026 434.6228470802307
55.94418371149761 -3.1906249893210066 NNW 55.944460875357365 -3.190739794350716 539.9324298650026 433.3728470802307
55.944460875357365 -3.190739794350716 SSW 55.94418371149761 -3.1908545993804256 539.9324298650026 432.1228470802307
55.94418371149761 -3.1908545993804256 NNE 55.944460875357365 -3.190739794350716 539.9324298650026 430.8728470802307
55.944460875357365 -3.190739794350716 SW 55.94424874332301 -3.190951926385072 539.9324298650026 429.6228470802307
55.94424874332301 -3.190951926385072 NE 55.944460875357365 -3.190739794350716 539.9324298650026 428.3728470802307
55.944460875357365 -3.190739794350716 SW 55.94424874332301 -3.190951926385072 539.9324298650026 427.1228470802307
55.94424874332301 -3.190951926385072 ENE 55.94436354835272 -3.1906747625253185 539.9324298650026 425.8728470802307
55.94436354835272 -3.1906747625253185 WSW 55.94424874332301 -3.190951926385072 539.9324298650026 424.6228470802307
55.94424874332301 -3.190951926385072 N 55.94454874332301 -3.190951926385072 539.9324298650026 423.3728470802307
55.94454874332301 -3.190951926385072 S 55.94424874332301 -3.190951926385072 539.9324298650026 422.1228470802307
55.94424874332301 -3.190951926385072 NW 55.944460875357365 -3.1911640584194276 539.9324298650026 420.8728470802307
55.944460875357365 -3.1911640584194276 ESE 55.944346070327654 -3.1908868945596742 539.9324298650026 419.6228470802307
55.944346070327654 -3.1908868945596742 WNW 55.944460875357365 -3.1911640584194276 539.9324298650026 418.3728470802307
55.944460875357365 -3.1911640584194276 ESE 55.944346070327654 -3.1908868945596742 539.9324298650026 417.1228470802307
55.944346070327654 -3.1908868945596742 N 55.94464607032766 -3.1908868945596742 539.9324298650026 415.8728470802307
55.94464607032766 -3.1908868945596742 WSW 55.94453126529795 -3.1911640584194276 539.9324298650026 414.6228470802307
55.94453126529795 -3.1911640584194276 ENE 55.94464607032766 -3.1908868945596742 539.9324298650026 413.3728470802307
55.94464607032766 -3.1908868945596742 SW 55.9444339382933 -3.19109902659403 539.9324298650026 412.1228470802307
55.9444339382933 -3.19109902659403 NNE 55.94471110215306 -3.1909842215643205 539.9324298650026 410.8728470802307
55.94471110215306 -3.1909842215643205 SW 55.9444989701187 -3.1911963535986763 539.9324298650026 409.6228470802307
55.9444989701187 -3.1911963535986763 NNE 55.94477613397846 -3.1910815485689668 609.1274905949831 460.07385873794556
