55.944425 -3.188396 NW 55.94463713203436 -3.188608132034356 0.0 248.75
55.94463713203436 -3.188608132034356 ESE 55.94452232700465 -3.1883309681746024 0.0 247.5
55.94452232700465 -3.1883309681746024 SSE 55.94424516314489 -3.188216163144893 0.0 246.25
55.94424516314489 -3.188216163144893 NNW 55.94452232700465 -3.1883309681746024 0.0 245.0
55.94452232700465 -3.1883309681746024 SE 55.94431019497029 -3.1881188361402466 0.0 243.75
55.94431019497029 -3.1881188361402466 NW 55.94452232700465 -3.1883309681746024 0.0 242.5
55.94452232700465 -3.1883309681746024 E 55.94452232700465 -3.188030968174602 0.0 241.25
55.94452232700465 -3.188030968174602 WNW 55.94463713203436 -3.1883081320343556 0.0 240.0
55.94463713203436 -3.1883081320343556 ENE 55.94475193706407 -3.188030968174602 0.0 238.75
55.94475193706407 -3.188030968174602 WSW 55.94463713203436 -3.1883081320343556 0.0 237.5
55.94463713203436 -3.1883081320343556 W 55.94463713203436 -3.188608132034356 0.0 236.25
55.94463713203436 -3.188608132034356 E 55.94463713203436 -3.1883081320343556 0.0 235.0
55.94463713203436 -3.1883081320343556 NNW 55.944914295894115 -3.188422937064065 0.0 233.75
55.944914295894115 -3.188422937064065 S 55.94461429589411 -3.188422937064065 0.0 232.5
55.94461429589411 -3.188422937064065 NNW 55.94489145975387 -3.1885377420937746 0.0 231.25
55.94489145975387 -3.1885377420937746 S 55.944591459753866 -3.1885377420937746 0.0 230.0
55.944591459753866 -3.1885377420937746 NNW 55.94486862361362 -3.188652547123484 0.0 228.75
55.94486862361362 -3.188652547123484 S 55.94456862361362 -3.188652547123484 0.0 227.5
55.94456862361362 -3.188652547123484 N 55.94486862361362 -3.188652547123484 0.0 226.25
55.94486862361362 -3.188652547123484 S 55.94456862361362 -3.188652547123484 0.0 225.0
55.94456862361362 -3.188652547123484 ENE 55.94468342864333 -3.1883753832637307 0.0 223.75
55.94468342864333 -3.1883753832637307 WSW 55.94456862361362 -3.188652547123484 0.0 222.5
55.94456862361362 -3.188652547123484 ESE 55.94445381858391 -3.1883753832637307 0.0 221.25
55.94445381858391 -3.1883753832637307 WNW 55.94456862361362 -3.188652547123484 0.0 220.0
55.94456862361362 -3.188652547123484 SSE 55.94429145975386 -3.1885377420937746 0.0 218.75
55.94429145975386 -3.1885377420937746 NNW 55.94456862361362 -3.188652547123484 0.0 217.5
55.94456862361362 -3.188652547123484 S 55.94426862361362 -3.188652547123484 0.0 216.25
55.94426862361362 -3.188652547123484 N 55.94456862361362 -3.188652547123484 0.0 215.0
55.94456862361362 -3.188652547123484 S 55.94426862361362 -3.188652547123484 0.0 213.75
55.94426862361362 -3.188652547123484 NNW 55.94454578747337 -3.1887673521531936 0.0 212.5
55.94454578747337 -3.1887673521531936 SE 55.94433365543902 -3.188555220118838 0.0 211.25
55.94433365543902 -3.188555220118838 WNW 55.94444846046873 -3.1888323839785913 0.0 210.0
55.94444846046873 -3.1888323839785913 ENE 55.94456326549844 -3.188555220118838 0.0 208.75
55.94456326549844 -3.188555220118838 WSW 55.94444846046873 -3.1888323839785913 0.0 207.5
55.94444846046873 -3.1888323839785913 ENE 55.94456326549844 -3.188555220118838 0.0 206.25
55.94456326549844 -3.188555220118838 W 55.94456326549844 -3.188855220118838 0.0 205.0
55.94456326549844 -3.188855220118838 E 55.94456326549844 -3.188555220118838 0.0 203.75
55.94456326549844 -3.188555220118838 W 55.94456326549844 -3.188855220118838 0.0 202.5
55.94456326549844 -3.188855220118838 SSW 55.94428610163868 -3.1889700251485475 0.0 201.25
55.94428610163868 -3.1889700251485475 NNE 55.94456326549844 -3.188855220118838 0.0 200.0
55.94456326549844 -3.188855220118838 SSW 55.94428610163868 -3.1889700251485475 0.0 198.75
55.94428610163868 -3.1889700251485475 NE 55.94449823367304 -3.1887578931141918 0.0 197.5
55.94449823367304 -3.1887578931141918 SW 55.94428610163868 -3.1889700251485475 0.0 196.25
55.94428610163868 -3.1889700251485475 ENE 55.94440090666839 -3.188692861288794 0.0 195.0
55.94440090666839 -3.188692861288794 W 55.94440090666839 -3.1889928612887943 0.0 193.75
55.94440090666839 -3.1889928612887943 W 55.94440090666839 -3.1892928612887945 0.0 192.5
55.94440090666839 -3.1892928612887945 E 55.94440090666839 -3.1889928612887943 0.0 191.25
55.94440090666839 -3.1889928612887943 S 55.94410090666839 -3.1889928612887943 0.0 190.0
55.94410090666839 -3.1889928612887943 N 55.94440090666839 -3.1889928612887943 0.0 188.75
55.94440090666839 -3.1889928612887943 SSW 55.944123742808635 -3.189107666318504 0.0 187.5
55.944123742808635 -3.189107666318504 ENE 55.944238547838346 -3.1888305024587504 0.0 186.25
55.944238547838346 -3.1888305024587504 SW 55.94402641580399 -3.189042634493106 0.0 185.0
55.94402641580399 -3.189042634493106 NE 55.944238547838346 -3.1888305024587504 0.0 183.75
55.944238547838346 -3.1888305024587504 SW 55.94402641580399 -3.189042634493106 0.0 182.5
55.94402641580399 -3.189042634493106 SSW 55.94374925194423 -3.1891574395228157 0.0 181.25
55.94374925194423 -3.1891574395228157 NNE 55.94402641580399 -3.189042634493106 0.0 180.0
55.94402641580399 -3.189042634493106 W 55.94402641580399 -3.1893426344931064 0.0 178.75
55.94402641580399 -3.1893426344931064 ENE 55.9441412208337 -3.189065470633353 0.0 177.5
55.9441412208337 -3.189065470633353 WNW 55.94425602586341 -3.1893426344931064 0.0 176.25
55.94425602586341 -3.1893426344931064 ESE 55.9441412208337 -3.189065470633353 0.0 175.0
55.9441412208337 -3.189065470633353 WNW 55.94425602586341 -3.1893426344931064 0.0 173.75
55.94425602586341 -3.1893426344931064 SSE 55.943978862003654 -3.189227829463397 0.0 172.5
55.943978862003654 -3.189227829463397 NNW 55.94425602586341 -3.1893426344931064 0.0 171.25
55.94425602586341 -3.1893426344931064 WSW 55.9441412208337 -3.18961979835286 0.0 170.0
55.9441412208337 -3.18961979835286 ESE 55.94402641580399 -3.1893426344931064 0.0 168.75
55.94402641580399 -3.1893426344931064 N 55.94432641580399 -3.1893426344931064 0.0 167.5
55.94432641580399 -3.1893426344931064 SSE 55.944049251944236 -3.189227829463397 0.0 166.25
55.944049251944236 -3.189227829463397 WSW 55.943934446914525 -3.1895049933231503 0.0 165.0
55.943934446914525 -3.1895049933231503 ENE 55.944049251944236 -3.189227829463397 0.0 163.75
55.944049251944236 -3.189227829463397 S 55.94374925194423 -3.189227829463397 0.0 162.5
55.94374925194423 -3.189227829463397 N 55.944049251944236 -3.189227829463397 0.0 161.25
55.944049251944236 -3.189227829463397 ESE 55.943934446914525 -3.1889506656036435 0.0 160.0
55.943934446914525 -3.1889506656036435 W 55.943934446914525 -3.1892506656036437 0.0 158.75
55.943934446914525 -3.1892506656036437 ESE 55.943819641884815 -3.1889735017438903 0.0 157.5
55.943819641884815 -3.1889735017438903 WNW 55.943934446914525 -3.1892506656036437 0.0 156.25
55.943934446914525 -3.1892506656036437 E 55.943934446914525 -3.1889506656036435 0.0 155.0
55.943934446914525 -3.1889506656036435 SW 55.94372231488017 -3.1891627976379993 87.69159698486328 162.50648021697998
55.94372231488017 -3.1891627976379993 NE 55.943934446914525 -3.1889506656036435 87.69159698486328 161.25648021697998
55.943934446914525 -3.1889506656036435 SSW 55.94365728305477 -3.189065470633353 87.69159698486328 160.00648021697998
55.94365728305477 -3.189065470633353 NNE 55.943934446914525 -3.1889506656036435 87.69159698486328 158.75648021697998
55.943934446914525 -3.1889506656036435 W 55.943934446914525 -3.1892506656036437 87.69159698486328 157.50648021697998
55.943934446914525 -3.1892506656036437 E 55.943934446914525 -3.1889506656036435 87.69159698486328 156.25648021697998
55.943934446914525 -3.1889506656036435 N 55.94423444691453 -3.1889506656036435 87.69159698486328 155.00648021697998
55.94423444691453 -3.1889506656036435 SE 55.94402231488017 -3.1887385335692877 87.69159698486328 153.75648021697998
55.94402231488017 -3.1887385335692877 NW 55.94423444691453 -3.1889506656036435 87.69159698486328 152.50648021697998
55.94423444691453 -3.1889506656036435 SE 55.94402231488017 -3.1887385335692877 87.69159698486328 151.25648021697998
55.94402231488017 -3.1887385335692877 NW 55.94423444691453 -3.1889506656036435 87.69159698486328 150.00648021697998
55.94423444691453 -3.1889506656036435 SE 55.94402231488017 -3.1887385335692877 87.69159698486328 148.75648021697998
55.94402231488017 -3.1887385335692877 S 55.94372231488017 -3.1887385335692877 87.69159698486328 147.50648021697998
55.94372231488017 -3.1887385335692877 N 55.94402231488017 -3.1887385335692877 87.69159698486328 146.25648021697998
55.94402231488017 -3.1887385335692877 SSW 55.943745151020416 -3.1888533385989972 87.69159698486328 145.00648021697998
55.943745151020416 -3.1888533385989972 ENE 55.943859956050126 -3.188576174739244 87.69159698486328 143.75648021697998
55.943859956050126 -3.188576174739244 WSW 55.943745151020416 -3.1888533385989972 87.69159698486328 142.50648021697998
55.943745151020416 -3.1888533385989972 E 55.943745151020416 -3.188553338598997 87.69159698486328 141.25648021697998
55.943745151020416 -3.188553338598997 W 55.943745151020416 -3.1888533385989972 87.69159698486328 140.00648021697998
55.943745151020416 -3.1888533385989972 E 55.943745151020416 -3.188553338598997 87.69159698486328 138.75648021697998
55.943745151020416 -3.188553338598997 W 55.943745151020416 -3.1888533385989972 87.69159698486328 137.50648021697998
55.943745151020416 -3.1888533385989972 ESE 55.943630345990705 -3.188576174739244 87.69159698486328 136.25648021697998
55.943630345990705 -3.188576174739244 N 55.94393034599071 -3.188576174739244 189.3596954345703 149.05830764770508
55.94393034599071 -3.188576174739244 S 55.943630345990705 -3.188576174739244 189.3596954345703 147.80830764770508
55.943630345990705 -3.188576174739244 SE 55.94341821395635 -3.188364042704888 189.3596954345703 146.55830764770508
55.94341821395635 -3.188364042704888 NW 55.943630345990705 -3.188576174739244 189.3596954345703 145.30830764770508
55.943630345990705 -3.188576174739244 ENE 55.943745151020416 -3.1882990108794904 189.3596954345703 144.05830764770508
55.943745151020416 -3.1882990108794904 SW 55.94353301898606 -3.188511142913846 189.3596954345703 142.80830764770508
55.94353301898606 -3.188511142913846 ESE 55.94341821395635 -3.188233979054093 189.3596954345703 141.55830764770508
55.94341821395635 -3.188233979054093 WNW 55.94353301898606 -3.188511142913846 189.3596954345703 140.30830764770508
55.94353301898606 -3.188511142913846 N 55.94383301898606 -3.188511142913846 189.3596954345703 139.05830764770508
55.94383301898606 -3.188511142913846 S 55.94353301898606 -3.188511142913846 189.3596954345703 137.80830764770508
55.94353301898606 -3.188511142913846 SSW 55.9432558551263 -3.1886259479435557 189.3596954345703 136.55830764770508
55.9432558551263 -3.1886259479435557 NNE 55.94353301898606 -3.188511142913846 189.3596954345703 135.30830764770508
55.94353301898606 -3.188511142913846 SSW 55.9432558551263 -3.1886259479435557 189.3596954345703 134.05830764770508
55.9432558551263 -3.1886259479435557 N 55.943555855126306 -3.1886259479435557 189.3596954345703 132.80830764770508
55.943555855126306 -3.1886259479435557 S 55.9432558551263 -3.1886259479435557 189.3596954345703 131.55830764770508
55.9432558551263 -3.1886259479435557 NNW 55.94353301898606 -3.188740752973265 189.3596954345703 130.30830764770508
55.94353301898606 -3.188740752973265 SSW 55.9432558551263 -3.1888555580029747 189.3596954345703 129.05830764770508
55.9432558551263 -3.1888555580029747 NNE 55.94353301898606 -3.188740752973265 189.3596954345703 127.80830764770508
55.94353301898606 -3.188740752973265 W 55.94353301898606 -3.1890407529732654 189.3596954345703 126.55830764770508
55.94353301898606 -3.1890407529732654 E 55.94353301898606 -3.188740752973265 189.3596954345703 125.30830764770508
55.94353301898606 -3.188740752973265 NNW 55.943810182845816 -3.1888555580029747 189.3596954345703 124.05830764770508
55.943810182845816 -3.1888555580029747 SSE 55.94353301898606 -3.188740752973265 189.3596954345703 122.80830764770508
55.94353301898606 -3.188740752973265 N 55.94383301898606 -3.188740752973265 189.3596954345703 121.55830764770508
55.94383301898606 -3.188740752973265 WSW 55.94371821395635 -3.1890179168330186 189.3596954345703 120.30830764770508
55.94371821395635 -3.1890179168330186 ENE 55.94383301898606 -3.188740752973265 189.3596954345703 119.05830764770508
55.94383301898606 -3.188740752973265 S 55.94353301898606 -3.188740752973265 189.3596954345703 117.80830764770508
55.94353301898606 -3.188740752973265 N 55.94383301898606 -3.188740752973265 189.3596954345703 116.55830764770508
55.94383301898606 -3.188740752973265 E 55.94383301898606 -3.188440752973265 189.3596954345703 115.30830764770508
55.94383301898606 -3.188440752973265 WNW 55.94394782401577 -3.1887179168330184 189.3596954345703 114.05830764770508
55.94394782401577 -3.1887179168330184 E 55.94394782401577 -3.1884179168330182 189.3596954345703 112.80830764770508
55.94394782401577 -3.1884179168330182 WSW 55.94383301898606 -3.1886950806927716 189.3596954345703 111.55830764770508
55.94383301898606 -3.1886950806927716 ENE 55.94394782401577 -3.1884179168330182 189.3596954345703 110.30830764770508
55.94394782401577 -3.1884179168330182 WNW 55.94406262904548 -3.1886950806927716 189.3596954345703 109.05830764770508
55.94406262904548 -3.1886950806927716 ESE 55.94394782401577 -3.1884179168330182 189.3596954345703 107.80830764770508
55.94394782401577 -3.1884179168330182 NW 55.94415995605013 -3.188630048867374 189.3596954345703 106.55830764770508
55.94415995605013 -3.188630048867374 SE 55.94394782401577 -3.1884179168330182 189.3596954345703 105.30830764770508
55.94394782401577 -3.1884179168330182 NW 55.94415995605013 -3.188630048867374 189.3596954345703 104.05830764770508
55.94415995605013 -3.188630048867374 SE 55.94394782401577 -3.1884179168330182 189.3596954345703 102.80830764770508
55.94394782401577 -3.1884179168330182 NW 55.94415995605013 -3.188630048867374 189.3596954345703 101.55830764770508
55.94415995605013 -3.188630048867374 NNW 55.944437119909885 -3.1887448538970835 189.3596954345703 100.30830764770508
55.944437119909885 -3.1887448538970835 SSE 55.94415995605013 -3.188630048867374 189.3596954345703 99.05830764770508
55.94415995605013 -3.188630048867374 SSE 55.94388279219037 -3.1885152438376645 189.3596954345703 97.80830764770508
55.94388279219037 -3.1885152438376645 NNW 55.94415995605013 -3.188630048867374 189.3596954345703 96.55830764770508
55.94415995605013 -3.188630048867374 NNE 55.944437119909885 -3.1885152438376645 189.3596954345703 95.30830764770508
55.944437119909885 -3.1885152438376645 SSW 55.94415995605013 -3.188630048867374 189.3596954345703 94.05830764770508
55.94415995605013 -3.188630048867374 WNW 55.94427476107984 -3.1889072127271274 189.3596954345703 92.80830764770508
55.94427476107984 -3.1889072127271274 ESE 55.94415995605013 -3.188630048867374 189.3596954345703 91.55830764770508
55.94415995605013 -3.188630048867374 E 55.94415995605013 -3.188330048867374 189.3596954345703 90.30830764770508
55.94415995605013 -3.188330048867374 NW 55.944372088084485 -3.1885421809017296 189.3596954345703 89.05830764770508
55.944372088084485 -3.1885421809017296 ESE 55.944257283054775 -3.188265017041976 189.3596954345703 87.80830764770508
55.944257283054775 -3.188265017041976 NW 55.94446941508913 -3.188477149076332 189.3596954345703 86.55830764770508
55.94446941508913 -3.188477149076332 ESE 55.94435461005942 -3.1881999852165785 189.3596954345703 85.30830764770508
55.94435461005942 -3.1881999852165785 WNW 55.94446941508913 -3.188477149076332 189.3596954345703 84.05830764770508
55.94446941508913 -3.188477149076332 SE 55.944257283054775 -3.188265017041976 189.3596954345703 82.80830764770508
55.944257283054775 -3.188265017041976 NW 55.94446941508913 -3.188477149076332 189.3596954345703 81.55830764770508
55.94446941508913 -3.188477149076332 SE 55.944257283054775 -3.188265017041976 189.3596954345703 80.30830764770508
55.944257283054775 -3.188265017041976 ENE 55.944372088084485 -3.1879878531822228 189.3596954345703 79.05830764770508
55.944372088084485 -3.1879878531822228 W 55.944372088084485 -3.188287853182223 189.3596954345703 77.80830764770508
55.944372088084485 -3.188287853182223 E 55.944372088084485 -3.1879878531822228 189.3596954345703 76.55830764770508
55.944372088084485 -3.1879878531822228 W 55.944372088084485 -3.188287853182223 189.3596954345703 75.30830764770508
55.944372088084485 -3.188287853182223 E 55.944372088084485 -3.1879878531822228 189.3596954345703 74.05830764770508
55.944372088084485 -3.1879878531822228 WNW 55.944486893114195 -3.188265017041976 189.3596954345703 72.80830764770508
55.944486893114195 -3.188265017041976 ESE 55.944372088084485 -3.1879878531822228 189.3596954345703 71.55830764770508
55.944372088084485 -3.1879878531822228 WNW 55.944486893114195 -3.188265017041976 189.3596954345703 70.30830764770508
55.944486893114195 -3.188265017041976 ESE 55.944372088084485 -3.1879878531822228 189.3596954345703 69.05830764770508
55.944372088084485 -3.1879878531822228 WNW 55.944486893114195 -3.188265017041976 189.3596954345703 67.80830764770508
55.944486893114195 -3.188265017041976 ENE 55.944601698143906 -3.1879878531822228 189.3596954345703 66.55830764770508
55.944601698143906 -3.1879878531822228 ENE 55.944716503173616 -3.1877106893224694 281.7540588378906 125.8970947265625
55.944716503173616 -3.1877106893224694 WSW 55.944601698143906 -3.1879878531822228 281.7540588378906 124.6470947265625
55.944601698143906 -3.1879878531822228 ENE 55.944716503173616 -3.1877106893224694 281.7540588378906 123.3970947265625
55.944716503173616 -3.1877106893224694 WSW 55.944601698143906 -3.1879878531822228 281.7540588378906 122.1470947265625
55.944601698143906 -3.1879878531822228 N 55.94490169814391 -3.1879878531822228 281.7540588378906 120.8970947265625
55.94490169814391 -3.1879878531822228 SSE 55.94462453428415 -3.1878730481525133 281.7540588378906 119.6470947265625
55.94462453428415 -3.1878730481525133 NW 55.94483666631851 -3.188085180186869 281.7540588378906 118.3970947265625
55.94483666631851 -3.188085180186869 SE 55.94462453428415 -3.1878730481525133 281.7540588378906 117.1470947265625
55.94462453428415 -3.1878730481525133 NNW 55.94490169814391 -3.1879878531822228 281.7540588378906 115.8970947265625
55.94490169814391 -3.1879878531822228 SSE 55.94462453428415 -3.1878730481525133 281.7540588378906 114.6470947265625
55.94462453428415 -3.1878730481525133 NW 55.94483666631851 -3.188085180186869 281.7540588378906 113.3970947265625
55.94483666631851 -3.188085180186869 SE 55.94462453428415 -3.1878730481525133 281.7540588378906 112.1470947265625
55.94462453428415 -3.1878730481525133 SW 55.944412402249796 -3.188085180186869 281.7540588378906 110.8970947265625
55.944412402249796 -3.188085180186869 NE 55.94462453428415 -3.1878730481525133 281.7540588378906 109.6470947265625
55.94462453428415 -3.1878730481525133 SSE 55.944347370424396 -3.1877582431228038 281.7540588378906 108.3970947265625
55.944347370424396 -3.1877582431228038 NNW 55.94462453428415 -3.1878730481525133 281.7540588378906 107.1470947265625
55.94462453428415 -3.1878730481525133 SE 55.944412402249796 -3.1876609161181575 281.7540588378906 105.8970947265625
55.944412402249796 -3.1876609161181575 WNW 55.944527207279506 -3.187938079977911 281.7540588378906 104.6470947265625
55.944527207279506 -3.187938079977911 NNE 55.94480437113926 -3.1878232749482014 281.7540588378906 103.3970947265625
55.94480437113926 -3.1878232749482014 SSW 55.944527207279506 -3.187938079977911 281.7540588378906 102.1470947265625
55.944527207279506 -3.187938079977911 ESE 55.944412402249796 -3.1876609161181575 281.7540588378906 100.8970947265625
55.944412402249796 -3.1876609161181575 NW 55.94462453428415 -3.1878730481525133 281.7540588378906 99.6470947265625
55.94462453428415 -3.1878730481525133 ESE 55.94450972925444 -3.18759588429276 281.7540588378906 98.3970947265625
55.94450972925444 -3.18759588429276 SW 55.944297597220086 -3.1878080163271156 281.7540588378906 97.1470947265625
55.944297597220086 -3.1878080163271156 ENE 55.944412402249796 -3.1875308524673622 281.7540588378906 95.8970947265625
55.944412402249796 -3.1875308524673622 SSW 55.94413523839004 -3.1876456574970717 281.7540588378906 94.6470947265625
55.94413523839004 -3.1876456574970717 NW 55.944347370424396 -3.1878577895314275 281.7540588378906 93.3970947265625
55.944347370424396 -3.1878577895314275 SE 55.94413523839004 -3.1876456574970717 281.7540588378906 92.1470947265625
55.94413523839004 -3.1876456574970717 NNE 55.944412402249796 -3.1875308524673622 281.7540588378906 90.8970947265625
55.944412402249796 -3.1875308524673622 SSW 55.94413523839004 -3.1876456574970717 281.7540588378906 89.6470947265625
55.94413523839004 -3.1876456574970717 E 55.94413523839004 -3.1873456574970715 281.7540588378906 88.3970947265625
55.94413523839004 -3.1873456574970715 WNW 55.94425004341975 -3.187622821356825 281.7540588378906 87.1470947265625
55.94425004341975 -3.187622821356825 E 55.94425004341975 -3.1873228213568248 281.7540588378906 85.8970947265625
55.94425004341975 -3.1873228213568248 W 55.94425004341975 -3.187622821356825 281.7540588378906 84.6470947265625
55.94425004341975 -3.187622821356825 ESE 55.94413523839004 -3.1873456574970715 281.7540588378906 83.3970947265625
55.94413523839004 -3.1873456574970715 N 55.94443523839004 -3.1873456574970715 281.7540588378906 82.1470947265625
55.94443523839004 -3.1873456574970715 S 55.94413523839004 -3.1873456574970715 281.7540588378906 80.8970947265625
55.94413523839004 -3.1873456574970715 N 55.94443523839004 -3.1873456574970715 281.7540588378906 79.6470947265625
55.94443523839004 -3.1873456574970715 SSE 55.944158074530286 -3.187230852467362 281.7540588378906 78.3970947265625
55.944158074530286 -3.187230852467362 NNW 55.94443523839004 -3.1873456574970715 281.7540588378906 77.1470947265625
55.94443523839004 -3.1873456574970715 SE 55.944223106355686 -3.1871335254627158 281.7540588378906 75.8970947265625
55.944223106355686 -3.1871335254627158 NW 55.94443523839004 -3.1873456574970715 281.7540588378906 74.6470947265625
55.94443523839004 -3.1873456574970715 ESE 55.94432043336033 -3.187068493637318 281.7540588378906 73.3970947265625
55.94432043336033 -3.187068493637318 NW 55.94453256539469 -3.187280625671674 281.7540588378906 72.1470947265625
55.94453256539469 -3.187280625671674 ESE 55.94441776036498 -3.1870034618119205 281.7540588378906 70.8970947265625
55.94441776036498 -3.1870034618119205 WSW 55.94430295533527 -3.187280625671674 281.7540588378906 69.6470947265625
55.94430295533527 -3.187280625671674 E 55.94430295533527 -3.1869806256716737 281.7540588378906 68.3970947265625
55.94430295533527 -3.1869806256716737 W 55.94430295533527 -3.187280625671674 281.7540588378906 67.1470947265625
55.94430295533527 -3.187280625671674 E 55.94430295533527 -3.1869806256716737 281.7540588378906 65.8970947265625
55.94430295533527 -3.1869806256716737 W 55.94430295533527 -3.187280625671674 281.7540588378906 64.6470947265625
55.94430295533527 -3.187280625671674 E 55.94430295533527 -3.1869806256716737 281.7540588378906 63.3970947265625
55.94430295533527 -3.1869806256716737 NW 55.94451508736962 -3.1871927577060295 281.7540588378906 62.1470947265625
55.94451508736962 -3.1871927577060295 ESE 55.94440028233991 -3.186915593846276 281.7540588378906 60.8970947265625
55.94440028233991 -3.186915593846276 NE 55.94461241437427 -3.1867034618119203 391.5861053466797 133.68196868896484
55.94461241437427 -3.1867034618119203 SW 55.94440028233991 -3.186915593846276 391.5861053466797 132.43196868896484
55.94440028233991 -3.186915593846276 N 55.944700282339916 -3.186915593846276 391.5861053466797 131.18196868896484
55.944700282339916 -3.186915593846276 S 55.94440028233991 -3.186915593846276 391.5861053466797 129.93196868896484
55.94440028233991 -3.186915593846276 N 55.944700282339916 -3.186915593846276 391.5861053466797 128.68196868896484
55.944700282339916 -3.186915593846276 S 55.94440028233991 -3.186915593846276 391.5861053466797 127.43196868896484
55.94440028233991 -3.186915593846276 NNW 55.94467744619967 -3.1870303988759856 391.5861053466797 126.18196868896484
55.94467744619967 -3.1870303988759856 SSE 55.94440028233991 -3.186915593846276 391.5861053466797 124.93196868896484
55.94440028233991 -3.186915593846276 NNW 55.94467744619967 -3.1870303988759856 391.5861053466797 123.68196868896484
55.94467744619967 -3.1870303988759856 SSW 55.94440028233991 -3.187145203905695 466.13194274902344 194.80236053466797
55.94440028233991 -3.187145203905695 NNE 55.94467744619967 -3.1870303988759856 466.13194274902344 193.55236053466797
55.94467744619967 -3.1870303988759856 SSE 55.94440028233991 -3.186915593846276 466.13194274902344 192.30236053466797
55.94440028233991 -3.186915593846276 NNW 55.94467744619967 -3.1870303988759856 466.13194274902344 191.05236053466797
55.94467744619967 -3.1870303988759856 E 55.94467744619967 -3.1867303988759854 466.13194274902344 189.80236053466797
55.94467744619967 -3.1867303988759854 NW 55.944889578234026 -3.186942530910341 466.13194274902344 188.55236053466797
55.944889578234026 -3.186942530910341 SE 55.94467744619967 -3.1867303988759854 466.13194274902344 187.30236053466797
55.94467744619967 -3.1867303988759854 NW 55.944889578234026 -3.186942530910341 466.13194274902344 186.05236053466797
55.944889578234026 -3.186942530910341 SE 55.94467744619967 -3.1867303988759854 466.13194274902344 184.80236053466797
55.94467744619967 -3.1867303988759854 S 55.94437744619967 -3.1867303988759854 466.13194274902344 183.55236053466797
55.94437744619967 -3.1867303988759854 N 55.94467744619967 -3.1867303988759854 466.13194274902344 182.30236053466797
55.94467744619967 -3.1867303988759854 S 55.94437744619967 -3.1867303988759854 466.13194274902344 181.05236053466797
55.94437744619967 -3.1867303988759854 N 55.94467744619967 -3.1867303988759854 466.13194274902344 179.80236053466797
55.94467744619967 -3.1867303988759854 S 55.94437744619967 -3.1867303988759854 466.13194274902344 178.55236053466797
55.94437744619967 -3.1867303988759854 ESE 55.944262641169956 -3.186453235016232 466.13194274902344 177.30236053466797
55.944262641169956 -3.186453235016232 WNW 55.94437744619967 -3.1867303988759854 466.13194274902344 176.05236053466797
55.94437744619967 -3.1867303988759854 W 55.94437744619967 -3.1870303988759856 466.13194274902344 174.80236053466797
55.94437744619967 -3.1870303988759856 E 55.94437744619967 -3.1867303988759854 466.13194274902344 173.55236053466797
55.94437744619967 -3.1867303988759854 W 55.94437744619967 -3.1870303988759856 466.13194274902344 172.30236053466797
55.94437744619967 -3.1870303988759856 SE 55.94416531416531 -3.18681826684163 466.13194274902344 171.05236053466797
55.94416531416531 -3.18681826684163 E 55.94416531416531 -3.1865182668416296 466.13194274902344 169.80236053466797
55.94416531416531 -3.1865182668416296 W 55.94416531416531 -3.18681826684163 466.13194274902344 168.55236053466797
55.94416531416531 -3.18681826684163 WNW 55.94428011919502 -3.1870954307013832 466.13194274902344 167.30236053466797
