55.944425 -3.188396 WNW 55.94453980502971 -3.1886731638597534 51.165836334228516 343.5978088378906
55.94453980502971 -3.1886731638597534 ESE 55.944425 -3.188396 51.165836334228516 342.3478088378906
55.944425 -3.188396 ESE 55.94431019497029 -3.1881188361402466 51.165836334228516 341.0978088378906
55.94431019497029 -3.1881188361402466 W 55.94431019497029 -3.188418836140247 175.8401222229004 421.0762252807617
55.94431019497029 -3.188418836140247 E 55.94431019497029 -3.1881188361402466 175.8401222229004 419.8262252807617
55.94431019497029 -3.1881188361402466 W 55.94431019497029 -3.188418836140247 175.8401222229004 418.5762252807617
55.94431019497029 -3.188418836140247 E 55.94431019497029 -3.1881188361402466 175.8401222229004 417.3262252807617
55.94431019497029 -3.1881188361402466 SSE 55.944033031110536 -3.188004031110537 175.8401222229004 416.0762252807617
55.944033031110536 -3.188004031110537 NNW 55.94431019497029 -3.1881188361402466 175.8401222229004 414.8262252807617
55.94431019497029 -3.1881188361402466 S 55.94401019497029 -3.1881188361402466 175.8401222229004 413.5762252807617
55.94401019497029 -3.1881188361402466 NE 55.944222327004645 -3.187906704105891 175.8401222229004 412.3262252807617
55.944222327004645 -3.187906704105891 SW 55.94401019497029 -3.1881188361402466 175.8401222229004 411.0762252807617
55.94401019497029 -3.1881188361402466 SE 55.94379806293593 -3.187906704105891 175.8401222229004 409.8262252807617
55.94379806293593 -3.187906704105891 NW 55.94401019497029 -3.1881188361402466 175.8401222229004 408.5762252807617
55.94401019497029 -3.1881188361402466 NNW 55.944287358830046 -3.188233641169956 175.8401222229004 407.3262252807617
55.944287358830046 -3.188233641169956 SW 55.94407522679569 -3.188445773204312 175.8401222229004 406.0762252807617
55.94407522679569 -3.188445773204312 ENE 55.9441900318254 -3.1881686093445585 175.8401222229004 404.8262252807617
55.9441900318254 -3.1881686093445585 WSW 55.94407522679569 -3.188445773204312 175.8401222229004 403.5762252807617
55.94407522679569 -3.188445773204312 WNW 55.9441900318254 -3.1887229370640653 175.8401222229004 402.3262252807617
55.9441900318254 -3.1887229370640653 E 55.9441900318254 -3.188422937064065 175.8401222229004 401.0762252807617
55.9441900318254 -3.188422937064065 W 55.9441900318254 -3.1887229370640653 175.8401222229004 399.8262252807617
55.9441900318254 -3.1887229370640653 E 55.9441900318254 -3.188422937064065 175.8401222229004 398.5762252807617
55.9441900318254 -3.188422937064065 NNW 55.94446719568516 -3.1885377420937746 175.8401222229004 397.3262252807617
55.94446719568516 -3.1885377420937746 SSE 55.9441900318254 -3.188422937064065 175.8401222229004 396.0762252807617
55.9441900318254 -3.188422937064065 NW 55.944402163859756 -3.188635069098421 180.59727478027344 488.62049102783203
55.944402163859756 -3.188635069098421 W 55.944402163859756 -3.188935069098421 201.20084381103516 542.9375076293945
55.944402163859756 -3.188935069098421 E 55.944402163859756 -3.188635069098421 201.20084381103516 541.6875076293945
55.944402163859756 -3.188635069098421 SW 55.9441900318254 -3.1888472011327766 201.20084381103516 540.4375076293945
55.9441900318254 -3.1888472011327766 NE 55.944402163859756 -3.188635069098421 201.20084381103516 539.1875076293945
55.944402163859756 -3.188635069098421 NW 55.94461429589411 -3.1888472011327766 252.71077728271484 657.4127349853516
55.94461429589411 -3.1888472011327766 SE 55.944402163859756 -3.188635069098421 252.71077728271484 656.1627349853516
55.944402163859756 -3.188635069098421 NW 55.94461429589411 -3.1888472011327766 252.71077728271484 654.9127349853516
55.94461429589411 -3.1888472011327766 ESE 55.9444994908644 -3.1885700372730232 252.71077728271484 653.6627349853516
55.9444994908644 -3.1885700372730232 NE 55.94471162289876 -3.1883579052386675 252.71077728271484 652.4127349853516
55.94471162289876 -3.1883579052386675 SW 55.9444994908644 -3.1885700372730232 252.71077728271484 651.1627349853516
55.9444994908644 -3.1885700372730232 NE 55.94471162289876 -3.1883579052386675 252.71077728271484 649.9127349853516
55.94471162289876 -3.1883579052386675 WSW 55.94459681786905 -3.188635069098421 252.71077728271484 648.6627349853516
55.94459681786905 -3.188635069098421 NNE 55.944873981728804 -3.1885202640687114 278.3611660003662 714.4507141113281
55.944873981728804 -3.1885202640687114 S 55.9445739817288 -3.1885202640687114 278.3611660003662 713.2007141113281
55.9445739817288 -3.1885202640687114 NNE 55.94485114558856 -3.188405459039002 278.3611660003662 711.9507141113281
55.94485114558856 -3.188405459039002 SSE 55.9445739817288 -3.1882906540092923 340.5810031890869 711.5324645638466
55.9445739817288 -3.1882906540092923 ESE 55.94445917669909 -3.188013490149539 340.5810031890869 710.2824645638466
55.94445917669909 -3.188013490149539 WNW 55.9445739817288 -3.1882906540092923 340.5810031890869 709.0324645638466
55.9445739817288 -3.1882906540092923 ESE 55.94445917669909 -3.188013490149539 340.5810031890869 707.7824645638466
55.94445917669909 -3.188013490149539 ENE 55.9445739817288 -3.1877363262897855 340.5810031890869 706.5324645638466
55.9445739817288 -3.1877363262897855 WSW 55.94445917669909 -3.188013490149539 340.5810031890869 705.2824645638466
55.94445917669909 -3.188013490149539 ENE 55.9445739817288 -3.1877363262897855 340.5810031890869 704.0324645638466
55.9445739817288 -3.1877363262897855 S 55.9442739817288 -3.1877363262897855 340.5810031890869 702.7824645638466
55.9442739817288 -3.1877363262897855 NNW 55.944551145588555 -3.187851131319495 340.5810031890869 701.5324645638466
55.944551145588555 -3.187851131319495 S 55.94425114558855 -3.187851131319495 340.5810031890869 700.2824645638466
55.94425114558855 -3.187851131319495 SSE 55.943973981728796 -3.1877363262897855 340.5810031890869 699.0324645638466
55.943973981728796 -3.1877363262897855 NNW 55.94425114558855 -3.187851131319495 340.5810031890869 697.7824645638466
55.94425114558855 -3.187851131319495 SE 55.944039013554196 -3.1876389992851393 340.5810031890869 696.5324645638466
55.944039013554196 -3.1876389992851393 NW 55.94425114558855 -3.187851131319495 340.5810031890869 695.2824645638466
55.94425114558855 -3.187851131319495 S 55.94395114558855 -3.187851131319495 340.5810031890869 694.0324645638466
55.94395114558855 -3.187851131319495 N 55.94425114558855 -3.187851131319495 340.5810031890869 692.7824645638466
55.94425114558855 -3.187851131319495 S 55.94395114558855 -3.187851131319495 340.5810031890869 691.5324645638466
55.94395114558855 -3.187851131319495 WSW 55.94383634055884 -3.1881282951792485 430.99038887023926 718.5514808297157
55.94383634055884 -3.1881282951792485 ENE 55.94395114558855 -3.187851131319495 430.99038887023926 717.3014808297157
55.94395114558855 -3.187851131319495 WSW 55.94383634055884 -3.1881282951792485 430.99038887023926 716.0514808297157
55.94383634055884 -3.1881282951792485 NNW 55.944113504418596 -3.188243100208958 430.99038887023926 714.8014808297157
55.944113504418596 -3.188243100208958 SSE 55.94383634055884 -3.1881282951792485 430.99038887023926 713.5514808297157
55.94383634055884 -3.1881282951792485 WNW 55.94395114558855 -3.188405459039002 430.99038887023926 712.3014808297157
55.94395114558855 -3.188405459039002 ESE 55.94383634055884 -3.1881282951792485 430.99038887023926 711.0514808297157
55.94383634055884 -3.1881282951792485 SSW 55.94355917669908 -3.188243100208958 430.99038887023926 709.8014808297157
55.94355917669908 -3.188243100208958 NNE 55.94383634055884 -3.1881282951792485 430.99038887023926 708.5514808297157
55.94383634055884 -3.1881282951792485 S 55.943536340558836 -3.1881282951792485 490.1813564300537 787.6092811226845
55.943536340558836 -3.1881282951792485 NW 55.94374847259319 -3.1883404272136042 586.8214092254639 863.2657065987587
55.94374847259319 -3.1883404272136042 SSE 55.943471308733436 -3.1882256221838947 607.9493083953857 970.6723609566689
55.943471308733436 -3.1882256221838947 NNW 55.94374847259319 -3.1883404272136042 607.9493083953857 969.4223609566689
55.94374847259319 -3.1883404272136042 S 55.94344847259319 -3.1883404272136042 607.9493083953857 968.1723609566689
55.94344847259319 -3.1883404272136042 SW 55.94323634055883 -3.18855255924796 607.9493083953857 966.9223609566689
55.94323634055883 -3.18855255924796 NE 55.94344847259319 -3.1883404272136042 607.9493083953857 965.6723609566689
55.94344847259319 -3.1883404272136042 ENE 55.9435632776229 -3.188063263353851 607.9493083953857 964.4223609566689
55.9435632776229 -3.188063263353851 WSW 55.94344847259319 -3.1883404272136042 607.9493083953857 963.1723609566689
55.94344847259319 -3.1883404272136042 SW 55.94323634055883 -3.18855255924796 607.9493083953857 961.9223609566689
55.94323634055883 -3.18855255924796 N 55.943536340558836 -3.18855255924796 607.9493083953857 960.6723609566689
55.943536340558836 -3.18855255924796 S 55.94323634055883 -3.18855255924796 607.9493083953857 959.4223609566689
55.94323634055883 -3.18855255924796 NW 55.94344847259319 -3.1887646912823158 607.9493083953857 958.1723609566689
55.94344847259319 -3.1887646912823158 NNE 55.943725636452946 -3.1886498862526063 640.9071521759033 963.5799890160561
55.943725636452946 -3.1886498862526063 S 55.94342563645294 -3.1886498862526063 640.9071521759033 962.3299890160561
55.94342563645294 -3.1886498862526063 NNW 55.9437028003127 -3.1887646912823158 640.9071521759033 961.0799890160561
55.9437028003127 -3.1887646912823158 NE 55.943914932347056 -3.18855255924796 640.9071521759033 959.8299890160561
55.943914932347056 -3.18855255924796 SW 55.9437028003127 -3.1887646912823158 640.9071521759033 958.5799890160561
55.9437028003127 -3.1887646912823158 N 55.9440028003127 -3.1887646912823158 640.9071521759033 957.3299890160561
55.9440028003127 -3.1887646912823158 SSE 55.943725636452946 -3.1886498862526063 640.9071521759033 956.0799890160561
55.943725636452946 -3.1886498862526063 NNW 55.9440028003127 -3.1887646912823158 640.9071521759033 954.8299890160561
55.9440028003127 -3.1887646912823158 ESE 55.94388799528299 -3.1884875274225624 640.9071521759033 953.5799890160561
55.94388799528299 -3.1884875274225624 WSW 55.94377319025328 -3.1887646912823158 640.9071521759033 952.3299890160561
55.94377319025328 -3.1887646912823158 ENE 55.94388799528299 -3.1884875274225624 640.9071521759033 951.0799890160561
55.94388799528299 -3.1884875274225624 NNW 55.94416515914275 -3.188602332452272 640.9071521759033 949.8299890160561
55.94416515914275 -3.188602332452272 SE 55.94395302710839 -3.188390200417916 640.9071521759033 948.5799890160561
55.94395302710839 -3.188390200417916 SSW 55.943675863248636 -3.1885050054476256 640.9071521759033 947.3299890160561
55.943675863248636 -3.1885050054476256 NE 55.94388799528299 -3.18829287341327 640.9071521759033 946.0799890160561
55.94388799528299 -3.18829287341327 SW 55.943675863248636 -3.1885050054476256 640.9071521759033 944.8299890160561
55.943675863248636 -3.1885050054476256 S 55.94337586324863 -3.1885050054476256 640.9071521759033 943.5799890160561
55.94337586324863 -3.1885050054476256 N 55.943675863248636 -3.1885050054476256 640.9071521759033 942.3299890160561
55.943675863248636 -3.1885050054476256 SSE 55.94339869938888 -3.188390200417916 640.9071521759033 941.0799890160561
55.94339869938888 -3.188390200417916 ESE 55.94328389435917 -3.1881130365581627 733.1852283477783 991.2008195519447
55.94328389435917 -3.1881130365581627 W 55.94328389435917 -3.188413036558163 733.1852283477783 989.9508195519447
55.94328389435917 -3.188413036558163 ESE 55.94316908932946 -3.1881358726984095 733.1852283477783 988.7008195519447
55.94316908932946 -3.1881358726984095 WNW 55.94328389435917 -3.188413036558163 733.1852283477783 987.4508195519447
55.94328389435917 -3.188413036558163 ESE 55.94316908932946 -3.1881358726984095 733.1852283477783 986.2008195519447
55.94316908932946 -3.1881358726984095 SSW 55.9428919254697 -3.188250677728119 733.1852283477783 984.9508195519447
55.9428919254697 -3.188250677728119 NE 55.94310405750406 -3.188038545693763 733.1852283477783 983.7008195519447
55.94310405750406 -3.188038545693763 NE 55.943316189538415 -3.1878264136594074 733.1852283477783 982.4508195519447
55.943316189538415 -3.1878264136594074 WSW 55.943201384508704 -3.188103577519161 733.1852283477783 981.2008195519447
55.943201384508704 -3.188103577519161 NE 55.94341351654306 -3.187891445484805 733.1852283477783 979.9508195519447
55.94341351654306 -3.187891445484805 SW 55.943201384508704 -3.188103577519161 733.1852283477783 978.7008195519447
55.943201384508704 -3.188103577519161 ENE 55.943316189538415 -3.1878264136594074 733.1852283477783 977.4508195519447
55.943316189538415 -3.1878264136594074 W 55.943316189538415 -3.1881264136594076 733.1852283477783 976.2008195519447
55.943316189538415 -3.1881264136594076 E 55.943316189538415 -3.1878264136594074 733.1852283477783 974.9508195519447
55.943316189538415 -3.1878264136594074 NE 55.94352832157277 -3.1876142816250517 733.1852283477783 973.7008195519447
55.94352832157277 -3.1876142816250517 SW 55.943316189538415 -3.1878264136594074 733.1852283477783 972.4508195519447
55.943316189538415 -3.1878264136594074 E 55.943316189538415 -3.1875264136594073 733.1852283477783 971.2008195519447
55.943316189538415 -3.1875264136594073 SE 55.94310405750406 -3.1873142816250515 733.1852283477783 969.9508195519447
55.94310405750406 -3.1873142816250515 NW 55.943316189538415 -3.1875264136594073 733.1852283477783 968.7008195519447
55.943316189538415 -3.1875264136594073 NE 55.94352832157277 -3.1873142816250515 733.1852283477783 967.4508195519447
55.94352832157277 -3.1873142816250515 SSW 55.943251157713014 -3.187429086654761 776.1994915008545 985.9877782464027
55.943251157713014 -3.187429086654761 NNE 55.94352832157277 -3.1873142816250515 776.1994915008545 984.7377782464027
55.94352832157277 -3.1873142816250515 SSE 55.943251157713014 -3.187199476595342 813.2828464508057 1014.9241033196449
55.943251157713014 -3.187199476595342 N 55.94355115771302 -3.187199476595342 813.2828464508057 1013.6741033196449
55.94355115771302 -3.187199476595342 SSE 55.94327399385326 -3.1870846715656325 813.2828464508057 1012.4241033196449
55.94327399385326 -3.1870846715656325 NW 55.94348612588762 -3.1872968035999882 813.2828464508057 1011.1741033196449
55.94348612588762 -3.1872968035999882 SE 55.94327399385326 -3.1870846715656325 813.2828464508057 1009.9241033196449
55.94327399385326 -3.1870846715656325 SSW 55.942996829993504 -3.187199476595342 887.3225955963135 1023.8765349984169
55.942996829993504 -3.187199476595342 ENE 55.943111635023214 -3.1869223127355886 887.3225955963135 1022.6265349984169
55.943111635023214 -3.1869223127355886 E 55.943111635023214 -3.1866223127355884 969.2292652130127 1077.930635035038
55.943111635023214 -3.1866223127355884 WSW 55.942996829993504 -3.186899476595342 969.2292652130127 1076.680635035038
55.942996829993504 -3.186899476595342 ESE 55.942882024963794 -3.1866223127355884 969.2292652130127 1075.430635035038
55.942882024963794 -3.1866223127355884 WNW 55.942996829993504 -3.186899476595342 969.2292652130127 1074.180635035038
55.942996829993504 -3.186899476595342 ESE 55.942882024963794 -3.1866223127355884 969.2292652130127 1072.930635035038
55.942882024963794 -3.1866223127355884 E 55.942882024963794 -3.186322312735588 969.2292652130127 1071.680635035038
55.942882024963794 -3.186322312735588 N 55.9431820249638 -3.186322312735588 969.2292652130127 1070.430635035038
55.9431820249638 -3.186322312735588 S 55.942882024963794 -3.186322312735588 969.2292652130127 1069.180635035038
55.942882024963794 -3.186322312735588 NNE 55.94315918882355 -3.1862075077058787 969.2292652130127 1067.930635035038
55.94315918882355 -3.1862075077058787 WSW 55.94304438379384 -3.186484671565632 969.2292652130127 1066.680635035038
55.94304438379384 -3.186484671565632 E 55.94304438379384 -3.186184671565632 969.2292652130127 1065.430635035038
55.94304438379384 -3.186184671565632 S 55.94274438379384 -3.186184671565632 969.2292652130127 1064.180635035038
55.94274438379384 -3.186184671565632 N 55.94304438379384 -3.186184671565632 969.2292652130127 1062.930635035038
55.94304438379384 -3.186184671565632 SSE 55.94276721993408 -3.1860698665359224 969.2292652130127 1061.680635035038
55.94276721993408 -3.1860698665359224 NNW 55.94304438379384 -3.186184671565632 969.2292652130127 1060.430635035038
55.94304438379384 -3.186184671565632 SE 55.942832251759484 -3.185972539531276 983.7867069244385 1182.0289931893349
55.942832251759484 -3.185972539531276 NW 55.94304438379384 -3.186184671565632 983.7867069244385 1180.7789931893349
55.94304438379384 -3.186184671565632 SE 55.942832251759484 -3.185972539531276 983.7867069244385 1179.5289931893349
55.942832251759484 -3.185972539531276 NE 55.94304438379384 -3.1857604074969204 983.7867069244385 1178.2789931893349
55.94304438379384 -3.1857604074969204 NE 55.943256515828196 -3.1855482754625646 983.7867069244385 1177.0289931893349
55.943256515828196 -3.1855482754625646 SW 55.94304438379384 -3.1857604074969204 983.7867069244385 1175.7789931893349
55.94304438379384 -3.1857604074969204 NNW 55.943321547653596 -3.18587521252663 1067.407548904419 1271.0182281136513
55.943321547653596 -3.18587521252663 ESE 55.943206742623886 -3.1855980486668765 1067.407548904419 1269.7682281136513
55.943206742623886 -3.1855980486668765 NE 55.94341887465824 -3.1853859166325207 1067.407548904419 1268.5182281136513
55.94341887465824 -3.1853859166325207 SW 55.943206742623886 -3.1855980486668765 1067.407548904419 1267.2682281136513
55.943206742623886 -3.1855980486668765 NNW 55.94348390648364 -3.185712853696586 1067.407548904419 1266.0182281136513
55.94348390648364 -3.185712853696586 SE 55.943271774449286 -3.18550072166223 1067.407548904419 1264.7682281136513
55.943271774449286 -3.18550072166223 NE 55.94348390648364 -3.1852885896278744 1067.407548904419 1263.5182281136513
55.94348390648364 -3.1852885896278744 SW 55.943271774449286 -3.18550072166223 1067.407548904419 1262.2682281136513
55.943271774449286 -3.18550072166223 ESE 55.943156969419576 -3.185223557802477 1067.407548904419 1261.0182281136513
55.943156969419576 -3.185223557802477 WSW 55.943042164389865 -3.18550072166223 1067.407548904419 1259.7682281136513
55.943042164389865 -3.18550072166223 E 55.943042164389865 -3.18520072166223 1067.407548904419 1258.5182281136513
55.943042164389865 -3.18520072166223 SW 55.94283003235551 -3.1854128536965858 1067.407548904419 1257.2682281136513
55.94283003235551 -3.1854128536965858 ENE 55.94294483738522 -3.1851356898368324 1067.407548904419 1256.0182281136513
55.94294483738522 -3.1851356898368324 ENE 55.94305964241493 -3.184858525977079 1067.407548904419 1254.7682281136513
55.94305964241493 -3.184858525977079 SW 55.942847510380574 -3.1850706580114347 1067.407548904419 1253.5182281136513
55.942847510380574 -3.1850706580114347 ENE 55.942962315410284 -3.1847934941516813 1067.407548904419 1252.2682281136513
55.942962315410284 -3.1847934941516813 SSW 55.94268515155053 -3.184908299181391 1150.7295932769775 1329.3678146004677
55.94268515155053 -3.184908299181391 NNE 55.942962315410284 -3.1847934941516813 1150.7295932769775 1328.1178146004677
55.942962315410284 -3.1847934941516813 ENE 55.943077120439995 -3.184516330291928 1150.7295932769775 1326.8678146004677
55.943077120439995 -3.184516330291928 WSW 55.942962315410284 -3.1847934941516813 1150.7295932769775 1325.6178146004677
55.942962315410284 -3.1847934941516813 ENE 55.943077120439995 -3.184516330291928 1150.7295932769775 1324.3678146004677
55.943077120439995 -3.184516330291928 WSW 55.942962315410284 -3.1847934941516813 1150.7295932769775 1323.1178146004677
55.942962315410284 -3.1847934941516813 ENE 55.943077120439995 -3.184516330291928 1150.7295932769775 1321.8678146004677
55.943077120439995 -3.184516330291928 SSE 55.94279995658024 -3.1844015252622184 1150.7295932769775 1320.6178146004677
55.94279995658024 -3.1844015252622184 N 55.94309995658024 -3.1844015252622184 1150.7295932769775 1319.3678146004677
55.94309995658024 -3.1844015252622184 S 55.94279995658024 -3.1844015252622184 1150.7295932769775 1318.1178146004677
55.94279995658024 -3.1844015252622184 N 55.94309995658024 -3.1844015252622184 1150.7295932769775 1316.8678146004677
55.94309995658024 -3.1844015252622184 S 55.94279995658024 -3.1844015252622184 1150.7295932769775 1315.6178146004677
55.94279995658024 -3.1844015252622184 N 55.94309995658024 -3.1844015252622184 1150.7295932769775 1314.3678146004677
55.94309995658024 -3.1844015252622184 S 55.94279995658024 -3.1844015252622184 1150.7295932769775 1313.1178146004677
55.94279995658024 -3.1844015252622184 N 55.94309995658024 -3.1844015252622184 1150.7295932769775 1311.8678146004677
55.94309995658024 -3.1844015252622184 S 55.94279995658024 -3.1844015252622184 1150.7295932769775 1310.6178146004677
55.94279995658024 -3.1844015252622184 NW 55.943012088614594 -3.184613657296574 1150.7295932769775 1309.3678146004677
55.943012088614594 -3.184613657296574 SE 55.94279995658024 -3.1844015252622184 1150.7295932769775 1308.1178146004677
55.94279995658024 -3.1844015252622184 WNW 55.94291476160995 -3.184678689121972 1188.870325088501 1406.523263514042
55.94291476160995 -3.184678689121972 SSW 55.94263759775019 -3.1847934941516813 1188.870325088501 1405.273263514042
55.94263759775019 -3.1847934941516813 N 55.942937597750195 -3.1847934941516813 1188.870325088501 1404.023263514042
55.942937597750195 -3.1847934941516813 S 55.94263759775019 -3.1847934941516813 1188.870325088501 1402.773263514042
55.94263759775019 -3.1847934941516813 NW 55.94284972978455 -3.185005626186037 1296.7446460723877 1450.4116988778114
55.94284972978455 -3.185005626186037 ESE 55.94273492475484 -3.1847284623262837 1296.7446460723877 1449.1616988778114
55.94273492475484 -3.1847284623262837 N 55.94303492475484 -3.1847284623262837 1296.7446460723877 1447.9116988778114
55.94303492475484 -3.1847284623262837 N 55.94333492475484 -3.1847284623262837 1296.7446460723877 1446.6616988778114
55.94333492475484 -3.1847284623262837 SW 55.94312279272049 -3.1849405943606395 1296.7446460723877 1445.4116988778114
55.94312279272049 -3.1849405943606395 NE 55.94333492475484 -3.1847284623262837 1296.7446460723877 1444.1616988778114
55.94333492475484 -3.1847284623262837 W 55.94333492475484 -3.185028462326284 1385.1351642608643 1533.7373443245888
55.94333492475484 -3.185028462326284 E 55.94333492475484 -3.1847284623262837 1385.1351642608643 1532.4873443245888
55.94333492475484 -3.1847284623262837 N 55.943634924754846 -3.1847284623262837 1385.1351642608643 1531.2373443245888
55.943634924754846 -3.1847284623262837 S 55.94333492475484 -3.1847284623262837 1385.1351642608643 1529.9873443245888
55.94333492475484 -3.1847284623262837 N 55.943634924754846 -3.1847284623262837 1385.1351642608643 1528.7373443245888
55.943634924754846 -3.1847284623262837 E 55.943634924754846 -3.1844284623262835 1503.0055408477783 1604.6097655892372
55.943634924754846 -3.1844284623262835 N 55.94393492475485 -3.1844284623262835 1503.0055408477783 1603.3597655892372
55.94393492475485 -3.1844284623262835 S 55.943634924754846 -3.1844284623262835 1503.0055408477783 1602.1097655892372
55.943634924754846 -3.1844284623262835 N 55.94393492475485 -3.1844284623262835 1503.0055408477783 1600.8597655892372
55.94393492475485 -3.1844284623262835 N 55.94423492475485 -3.1844284623262835 1503.0055408477783 1599.6097655892372
55.94423492475485 -3.1844284623262835 S 55.94393492475485 -3.1844284623262835 1503.0055408477783 1598.3597655892372
55.94393492475485 -3.1844284623262835 N 55.94423492475485 -3.1844284623262835 1503.0055408477783 1597.1097655892372
55.94423492475485 -3.1844284623262835 WSW 55.94412011972514 -3.184705626186037 1503.0055408477783 1595.8597655892372
55.94412011972514 -3.184705626186037 ENE 55.94423492475485 -3.1844284623262835 1503.0055408477783 1594.6097655892372
55.94423492475485 -3.1844284623262835 WSW 55.94412011972514 -3.184705626186037 1503.0055408477783 1593.3597655892372
55.94412011972514 -3.184705626186037 ESE 55.94400531469543 -3.1844284623262835 1540.4432048797607 1648.4420028328896
55.94400531469543 -3.1844284623262835 WNW 55.94412011972514 -3.184705626186037 1540.4432048797607 1647.1920028328896
55.94412011972514 -3.184705626186037 ESE 55.94400531469543 -3.1844284623262835 1540.4432048797607 1645.9420028328896
55.94400531469543 -3.1844284623262835 SW 55.943793182661075 -3.1846405943606393 1540.4432048797607 1644.6920028328896
55.943793182661075 -3.1846405943606393 NNE 55.94407034652083 -3.18452578933093 1651.979871749878 1649.4979229569435
55.94407034652083 -3.18452578933093 SW 55.943858214486475 -3.1847379213652856 1651.979871749878 1648.2479229569435
55.943858214486475 -3.1847379213652856 WSW 55.943743409456765 -3.185015085225039 1651.979871749878 1646.9979229569435
55.943743409456765 -3.185015085225039 E 55.943743409456765 -3.1847150852250388 1651.979871749878 1645.7479229569435
55.943743409456765 -3.1847150852250388 W 55.943743409456765 -3.185015085225039 1651.979871749878 1644.4979229569435
55.943743409456765 -3.185015085225039 WNW 55.943858214486475 -3.1852922490847924 1685.3837413787842 1708.4021053910255
55.943858214486475 -3.1852922490847924 SE 55.94364608245212 -3.1850801170504366 1685.3837413787842 1707.1521053910255
55.94364608245212 -3.1850801170504366 SW 55.94343395041776 -3.1852922490847924 1685.3837413787842 1705.9021053910255
55.94343395041776 -3.1852922490847924 NE 55.94364608245212 -3.1850801170504366 1685.3837413787842 1704.6521053910255
55.94364608245212 -3.1850801170504366 WSW 55.94353127742241 -3.18535728091019 1685.3837413787842 1703.4021053910255
55.94353127742241 -3.18535728091019 ENE 55.94364608245212 -3.1850801170504366 1685.3837413787842 1702.1521053910255
55.94364608245212 -3.1850801170504366 WSW 55.94353127742241 -3.18535728091019 1685.3837413787842 1700.9021053910255
55.94353127742241 -3.18535728091019 ESE 55.9434164723927 -3.1850801170504366 1685.3837413787842 1699.6521053910255
55.9434164723927 -3.1850801170504366 WSW 55.94330166736299 -3.18535728091019 1702.059476852417 1749.1677036881447
55.94330166736299 -3.18535728091019 ENE 55.9434164723927 -3.1850801170504366 1702.059476852417 1747.9177036881447
55.9434164723927 -3.1850801170504366 SW 55.94320434035834 -3.1852922490847924 1702.059476852417 1746.6677036881447
55.94320434035834 -3.1852922490847924 NE 55.9434164723927 -3.1850801170504366 1702.059476852417 1745.4177036881447
55.9434164723927 -3.1850801170504366 W 55.9434164723927 -3.1853801170504368 1702.059476852417 1744.1677036881447
55.9434164723927 -3.1853801170504368 E 55.9434164723927 -3.1850801170504366 1702.059476852417 1742.9177036881447
55.9434164723927 -3.1850801170504366 SSE 55.94313930853294 -3.184965312020727 1702.059476852417 1741.6677036881447
55.94313930853294 -3.184965312020727 NNW 55.9434164723927 -3.1850801170504366 1702.059476852417 1740.4177036881447
55.9434164723927 -3.1850801170504366 SSE 55.94313930853294 -3.184965312020727 1702.059476852417 1739.1677036881447
55.94313930853294 -3.184965312020727 NNW 55.9434164723927 -3.1850801170504366 1702.059476852417 1737.9177036881447
55.9434164723927 -3.1850801170504366 SSE 55.94313930853294 -3.184965312020727 1702.059476852417 1736.6677036881447
55.94313930853294 -3.184965312020727 NE 55.9433514405673 -3.1847531799863713 1702.059476852417 1735.4177036881447
55.9433514405673 -3.1847531799863713 WSW 55.94323663553759 -3.1850303438461247 1702.059476852417 1734.1677036881447
55.94323663553759 -3.1850303438461247 SSW 55.94295947167783 -3.185145148875834 1702.059476852417 1732.9177036881447
55.94295947167783 -3.185145148875834 N 55.943259471677834 -3.185145148875834 1702.059476852417 1731.6677036881447
55.943259471677834 -3.185145148875834 NW 55.94347160371219 -3.18535728091019 1702.059476852417 1730.4177036881447
55.94347160371219 -3.18535728091019 NW 55.943683735746546 -3.1855694129445458 1702.059476852417 1729.1677036881447
55.943683735746546 -3.1855694129445458 S 55.94338373574654 -3.1855694129445458 1702.059476852417 1727.9177036881447
55.94338373574654 -3.1855694129445458 NNW 55.9436608996063 -3.1856842179742553 1770.0491313934326 1754.5882130265236
55.9436608996063 -3.1856842179742553 S 55.9433608996063 -3.1856842179742553 1770.0491313934326 1753.3382130265236
55.9433608996063 -3.1856842179742553 SSW 55.94308373574654 -3.185799023003965 1886.9778881072998 1771.1684113144875
55.94308373574654 -3.185799023003965 N 55.94338373574654 -3.185799023003965 1886.9778881072998 1769.9184113144875
55.94338373574654 -3.185799023003965 N 55.943683735746546 -3.185799023003965 1923.9394550323486 1827.5170136094093
55.943683735746546 -3.185799023003965 S 55.94338373574654 -3.185799023003965 1923.9394550323486 1826.2670136094093
55.94338373574654 -3.185799023003965 N 55.943683735746546 -3.185799023003965 1923.9394550323486 1825.0170136094093
55.943683735746546 -3.185799023003965 W 55.943683735746546 -3.186099023003965 2000.529779434204 1846.5450592637062
