55.944425 -3.188396 WNW 55.94453980502971 -3.1886731638597534 0.0 248.75
55.94453980502971 -3.1886731638597534 E 55.94453980502971 -3.1883731638597532 0.0 247.5
55.94453980502971 -3.1883731638597532 SE 55.94432767299536 -3.1881610318253975 0.0 246.25
55.94432767299536 -3.1881610318253975 NW 55.94453980502971 -3.1883731638597532 0.0 245.0
55.94453980502971 -3.1883731638597532 SSE 55.944262641169956 -3.1882583588300437 0.0 243.75
55.944262641169956 -3.1882583588300437 NNW 55.94453980502971 -3.1883731638597532 0.0 242.5
55.94453980502971 -3.1883731638597532 SSE 55.944262641169956 -3.1882583588300437 0.0 241.25
55.944262641169956 -3.1882583588300437 NNW 55.94453980502971 -3.1883731638597532 0.0 240.0
55.94453980502971 -3.1883731638597532 ESE 55.944425 -3.188096 0.0 238.75
55.944425 -3.188096 NW 55.94463713203436 -3.1883081320343556 0.0 237.5
55.94463713203436 -3.1883081320343556 E 55.94463713203436 -3.1880081320343554 0.0 236.25
55.94463713203436 -3.1880081320343554 W 55.94463713203436 -3.1883081320343556 0.0 235.0
55.94463713203436 -3.1883081320343556 ESE 55.94452232700465 -3.188030968174602 0.0 233.75
55.94452232700465 -3.188030968174602 WNW 55.94463713203436 -3.1883081320343556 0.0 232.5
55.94463713203436 -3.1883081320343556 NW 55.944849264068715 -3.1885202640687114 0.0 231.25
55.944849264068715 -3.1885202640687114 SE 55.94463713203436 -3.1883081320343556 0.0 230.0
55.94463713203436 -3.1883081320343556 NNW 55.944914295894115 -3.188422937064065 0.0 228.75
55.944914295894115 -3.188422937064065 S 55.94461429589411 -3.188422937064065 0.0 227.5
55.94461429589411 -3.188422937064065 SE 55.944402163859756 -3.1882108050297093 0.0 226.25
55.944402163859756 -3.1882108050297093 NW 55.94461429589411 -3.188422937064065 0.0 225.0
55.94461429589411 -3.188422937064065 SE 55.944402163859756 -3.1882108050297093 0.0 223.75
55.944402163859756 -3.1882108050297093 WNW 55.94451696888947 -3.1884879688894627 0.0 222.5
55.94451696888947 -3.1884879688894627 SSE 55.94423980502971 -3.1883731638597532 0.0 221.25
55.94423980502971 -3.1883731638597532 NNW 55.94451696888947 -3.1884879688894627 0.0 220.0
55.94451696888947 -3.1884879688894627 W 55.94451696888947 -3.188787968889463 0.0 218.75
55.94451696888947 -3.188787968889463 E 55.94451696888947 -3.1884879688894627 0.0 217.5
55.94451696888947 -3.1884879688894627 WSW 55.944402163859756 -3.188765132749216 0.0 216.25
55.944402163859756 -3.188765132749216 NE 55.94461429589411 -3.1885530007148604 0.0 215.0
55.94461429589411 -3.1885530007148604 W 55.94461429589411 -3.1888530007148606 0.0 213.75
55.94461429589411 -3.1888530007148606 E 55.94461429589411 -3.1885530007148604 0.0 212.5
55.94461429589411 -3.1885530007148604 WNW 55.94472910092382 -3.1888301645746138 0.0 211.25
55.94472910092382 -3.1888301645746138 E 55.94472910092382 -3.1885301645746136 0.0 210.0
55.94472910092382 -3.1885301645746136 W 55.94472910092382 -3.1888301645746138 0.0 208.75
55.94472910092382 -3.1888301645746138 ENE 55.94484390595353 -3.1885530007148604 0.0 207.5
55.94484390595353 -3.1885530007148604 W 55.94484390595353 -3.1888530007148606 0.0 206.25
55.94484390595353 -3.1888530007148606 E 55.94484390595353 -3.1885530007148604 0.0 205.0
55.94484390595353 -3.1885530007148604 W 55.94484390595353 -3.1888530007148606 0.0 203.75
55.94484390595353 -3.1888530007148606 ENE 55.944958710983244 -3.188575836855107 0.0 202.5
55.944958710983244 -3.188575836855107 WSW 55.94484390595353 -3.1888530007148606 0.0 201.25
55.94484390595353 -3.1888530007148606 SE 55.94463177391918 -3.188640868680505 0.0 200.0
55.94463177391918 -3.188640868680505 NW 55.94484390595353 -3.1888530007148606 0.0 198.75
55.94484390595353 -3.1888530007148606 S 55.94454390595353 -3.1888530007148606 0.0 197.5
55.94454390595353 -3.1888530007148606 N 55.94484390595353 -3.1888530007148606 0.0 196.25
55.94484390595353 -3.1888530007148606 W 55.94484390595353 -3.1891530007148607 0.0 195.0
55.94484390595353 -3.1891530007148607 E 55.94484390595353 -3.1888530007148606 0.0 193.75
55.94484390595353 -3.1888530007148606 W 55.94484390595353 -3.1891530007148607 0.0 192.5
55.94484390595353 -3.1891530007148607 E 55.94484390595353 -3.1888530007148606 0.0 191.25
55.94484390595353 -3.1888530007148606 W 55.94484390595353 -3.1891530007148607 0.0 190.0
55.94484390595353 -3.1891530007148607 ENE 55.944958710983244 -3.1888758368551073 0.0 188.75
55.944958710983244 -3.1888758368551073 SE 55.94474657894889 -3.1886637048207516 0.0 187.5
55.94474657894889 -3.1886637048207516 NW 55.944958710983244 -3.1888758368551073 0.0 186.25
55.944958710983244 -3.1888758368551073 N 55.945258710983246 -3.1888758368551073 0.0 185.0
55.945258710983246 -3.1888758368551073 S 55.944958710983244 -3.1888758368551073 0.0 183.75
55.944958710983244 -3.1888758368551073 NNE 55.945235874843 -3.188761031825398 0.0 182.5
55.945235874843 -3.188761031825398 S 55.944935874843 -3.188761031825398 0.0 181.25
55.944935874843 -3.188761031825398 N 55.945235874843 -3.188761031825398 0.0 180.0
55.945235874843 -3.188761031825398 WSW 55.94512106981329 -3.1890381956851512 0.0 178.75
55.94512106981329 -3.1890381956851512 ENE 55.945235874843 -3.188761031825398 0.0 177.5
55.945235874843 -3.188761031825398 ENE 55.94535067987271 -3.1884838679656444 0.0 176.25
55.94535067987271 -3.1884838679656444 WSW 55.945235874843 -3.188761031825398 0.0 175.0
55.945235874843 -3.188761031825398 ESE 55.94512106981329 -3.1884838679656444 0.0 173.75
55.94512106981329 -3.1884838679656444 NW 55.945333201847646 -3.188696 0.0 172.5
55.945333201847646 -3.188696 SE 55.94512106981329 -3.1884838679656444 0.0 171.25
55.94512106981329 -3.1884838679656444 NNE 55.945398233673046 -3.188369062935935 0.0 170.0
55.945398233673046 -3.188369062935935 S 55.94509823367304 -3.188369062935935 0.0 168.75
55.94509823367304 -3.188369062935935 ESE 55.94498342864333 -3.1880918990761815 0.0 167.5
55.94498342864333 -3.1880918990761815 WNW 55.94509823367304 -3.188369062935935 0.0 166.25
55.94509823367304 -3.188369062935935 SSE 55.94482106981329 -3.1882542579062254 61.88890838623047 268.9002456665039
55.94482106981329 -3.1882542579062254 N 55.94512106981329 -3.1882542579062254 61.88890838623047 267.6502456665039
55.94512106981329 -3.1882542579062254 ESE 55.94500626478358 -3.187977094046472 61.88890838623047 266.4002456665039
55.94500626478358 -3.187977094046472 WNW 55.94512106981329 -3.1882542579062254 61.88890838623047 265.1502456665039
55.94512106981329 -3.1882542579062254 N 55.94542106981329 -3.1882542579062254 61.88890838623047 263.9002456665039
55.94542106981329 -3.1882542579062254 S 55.94512106981329 -3.1882542579062254 61.88890838623047 262.6502456665039
55.94512106981329 -3.1882542579062254 NNE 55.945398233673046 -3.188139452876516 61.88890838623047 261.4002456665039
55.945398233673046 -3.188139452876516 SSW 55.94512106981329 -3.1882542579062254 61.88890838623047 260.1502456665039
55.94512106981329 -3.1882542579062254 N 55.94542106981329 -3.1882542579062254 61.88890838623047 258.9002456665039
55.94542106981329 -3.1882542579062254 S 55.94512106981329 -3.1882542579062254 61.88890838623047 257.6502456665039
55.94512106981329 -3.1882542579062254 NNW 55.945398233673046 -3.188369062935935 61.88890838623047 256.4002456665039
55.945398233673046 -3.188369062935935 E 55.945398233673046 -3.1880690629359347 61.88890838623047 255.1502456665039
55.945398233673046 -3.1880690629359347 W 55.945398233673046 -3.188369062935935 61.88890838623047 253.9002456665039
55.945398233673046 -3.188369062935935 ENE 55.94551303870276 -3.1880918990761815 61.88890838623047 252.6502456665039
55.94551303870276 -3.1880918990761815 W 55.94551303870276 -3.1883918990761817 61.88890838623047 251.4002456665039
55.94551303870276 -3.1883918990761817 E 55.94551303870276 -3.1880918990761815 61.88890838623047 250.1502456665039
55.94551303870276 -3.1880918990761815 W 55.94551303870276 -3.1883918990761817 61.88890838623047 248.9002456665039
55.94551303870276 -3.1883918990761817 NW 55.94572517073711 -3.1886040311105375 61.88890838623047 247.6502456665039
55.94572517073711 -3.1886040311105375 SE 55.94551303870276 -3.1883918990761817 61.88890838623047 246.4002456665039
55.94551303870276 -3.1883918990761817 WSW 55.945398233673046 -3.188669062935935 61.88890838623047 245.1502456665039
55.945398233673046 -3.188669062935935 E 55.945398233673046 -3.188369062935935 61.88890838623047 243.9002456665039
55.945398233673046 -3.188369062935935 ESE 55.945283428643336 -3.1880918990761815 61.88890838623047 242.6502456665039
55.945283428643336 -3.1880918990761815 WNW 55.945398233673046 -3.188369062935935 61.88890838623047 241.4002456665039
55.945398233673046 -3.188369062935935 WNW 55.94551303870276 -3.1886462267956883 61.88890838623047 240.1502456665039
55.94551303870276 -3.1886462267956883 ESE 55.945398233673046 -3.188369062935935 61.88890838623047 238.9002456665039
55.945398233673046 -3.188369062935935 NW 55.9456103657074 -3.1885811949702907 61.88890838623047 237.6502456665039
55.9456103657074 -3.1885811949702907 ESE 55.94549556067769 -3.1883040311105373 61.88890838623047 236.4002456665039
55.94549556067769 -3.1883040311105373 WNW 55.9456103657074 -3.1885811949702907 61.88890838623047 235.1502456665039
55.9456103657074 -3.1885811949702907 E 55.9456103657074 -3.1882811949702905 61.88890838623047 233.9002456665039
55.9456103657074 -3.1882811949702905 W 55.9456103657074 -3.1885811949702907 61.88890838623047 232.6502456665039
55.9456103657074 -3.1885811949702907 W 55.9456103657074 -3.188881194970291 61.88890838623047 231.4002456665039
55.9456103657074 -3.188881194970291 E 55.9456103657074 -3.1885811949702907 61.88890838623047 230.1502456665039
55.9456103657074 -3.1885811949702907 E 55.9456103657074 -3.1882811949702905 61.88890838623047 228.9002456665039
55.9456103657074 -3.1882811949702905 W 55.9456103657074 -3.1885811949702907 61.88890838623047 227.6502456665039
55.9456103657074 -3.1885811949702907 W 55.9456103657074 -3.188881194970291 61.88890838623047 226.4002456665039
55.9456103657074 -3.188881194970291 E 55.9456103657074 -3.1885811949702907 61.88890838623047 225.1502456665039
55.9456103657074 -3.1885811949702907 W 55.9456103657074 -3.188881194970291 61.88890838623047 223.9002456665039
55.9456103657074 -3.188881194970291 E 55.9456103657074 -3.1885811949702907 61.88890838623047 222.6502456665039
55.9456103657074 -3.1885811949702907 W 55.9456103657074 -3.188881194970291 61.88890838623047 221.4002456665039
55.9456103657074 -3.188881194970291 ENE 55.94572517073711 -3.1886040311105375 61.88890838623047 220.1502456665039
55.94572517073711 -3.1886040311105375 WSW 55.9456103657074 -3.188881194970291 61.88890838623047 218.9002456665039
55.9456103657074 -3.188881194970291 NNE 55.94588752956716 -3.1887663899405814 61.88890838623047 217.6502456665039
55.94588752956716 -3.1887663899405814 S 55.945587529567156 -3.1887663899405814 61.88890838623047 216.4002456665039
55.945587529567156 -3.1887663899405814 NNE 55.94586469342691 -3.188651584910872 61.88890838623047 215.1502456665039
55.94586469342691 -3.188651584910872 WNW 55.94597949845662 -3.1889287487706253 61.88890838623047 213.9002456665039
55.94597949845662 -3.1889287487706253 ESE 55.94586469342691 -3.188651584910872 61.88890838623047 212.6502456665039
55.94586469342691 -3.188651584910872 NW 55.94607682546127 -3.1888637169452276 73.26727676391602 249.01346969604492
55.94607682546127 -3.1888637169452276 SE 55.94586469342691 -3.188651584910872 73.26727676391602 247.76346969604492
55.94586469342691 -3.188651584910872 ENE 55.94597949845662 -3.1883744210511185 73.26727676391602 246.51346969604492
55.94597949845662 -3.1883744210511185 WSW 55.94586469342691 -3.188651584910872 73.26727676391602 245.26346969604492
55.94586469342691 -3.188651584910872 E 55.94586469342691 -3.1883515849108717 73.26727676391602 244.01346969604492
55.94586469342691 -3.1883515849108717 SW 55.945652561392556 -3.1885637169452274 73.26727676391602 242.76346969604492
55.945652561392556 -3.1885637169452274 NNE 55.94592972525231 -3.188448911915518 73.26727676391602 241.51346969604492
55.94592972525231 -3.188448911915518 WSW 55.9458149202226 -3.1887260757752713 73.26727676391602 240.26346969604492
55.9458149202226 -3.1887260757752713 ENE 55.94592972525231 -3.188448911915518 73.26727676391602 239.01346969604492
55.94592972525231 -3.188448911915518 ENE 55.94604453028202 -3.1881717480557645 73.26727676391602 237.76346969604492
55.94604453028202 -3.1881717480557645 WSW 55.94592972525231 -3.188448911915518 73.26727676391602 236.51346969604492
55.94592972525231 -3.188448911915518 NNW 55.94620688911207 -3.1885637169452274 165.6151008605957 300.14870834350586
55.94620688911207 -3.1885637169452274 SE 55.94599475707771 -3.1883515849108717 165.6151008605957 298.89870834350586
55.94599475707771 -3.1883515849108717 NW 55.94620688911207 -3.1885637169452274 165.6151008605957 297.64870834350586
55.94620688911207 -3.1885637169452274 ESE 55.94609208408236 -3.188286553085474 165.6151008605957 296.39870834350586
55.94609208408236 -3.188286553085474 W 55.94609208408236 -3.1885865530854742 165.6151008605957 295.14870834350586
55.94609208408236 -3.1885865530854742 E 55.94609208408236 -3.188286553085474 165.6151008605957 293.89870834350586
55.94609208408236 -3.188286553085474 SSW 55.9458149202226 -3.1884013581151835 165.6151008605957 292.64870834350586
55.9458149202226 -3.1884013581151835 NNE 55.94609208408236 -3.188286553085474 165.6151008605957 291.39870834350586
55.94609208408236 -3.188286553085474 WNW 55.94620688911207 -3.1885637169452274 165.6151008605957 290.14870834350586
55.94620688911207 -3.1885637169452274 E 55.94620688911207 -3.1882637169452273 165.6151008605957 288.89870834350586
55.94620688911207 -3.1882637169452273 ESE 55.94609208408236 -3.187986553085474 165.6151008605957 287.64870834350586
55.94609208408236 -3.187986553085474 WNW 55.94620688911207 -3.1882637169452273 165.6151008605957 286.39870834350586
55.94620688911207 -3.1882637169452273 ESE 55.94609208408236 -3.187986553085474 165.6151008605957 285.14870834350586
55.94609208408236 -3.187986553085474 W 55.94609208408236 -3.188286553085474 165.6151008605957 283.89870834350586
55.94609208408236 -3.188286553085474 ESE 55.94597727905265 -3.1880093892257206 165.6151008605957 282.64870834350586
55.94597727905265 -3.1880093892257206 WNW 55.94609208408236 -3.188286553085474 165.6151008605957 281.39870834350586
55.94609208408236 -3.188286553085474 SE 55.945879952048 -3.1880744210511183 165.6151008605957 280.14870834350586
55.945879952048 -3.1880744210511183 NNW 55.94615711590776 -3.1881892260808278 165.6151008605957 278.89870834350586
55.94615711590776 -3.1881892260808278 S 55.94585711590776 -3.1881892260808278 165.6151008605957 277.64870834350586
55.94585711590776 -3.1881892260808278 NNW 55.94613427976751 -3.1883040311105373 165.6151008605957 276.39870834350586
55.94613427976751 -3.1883040311105373 S 55.94583427976751 -3.1883040311105373 165.6151008605957 275.14870834350586
55.94583427976751 -3.1883040311105373 NNE 55.94611144362727 -3.1881892260808278 165.6151008605957 273.89870834350586
55.94611144362727 -3.1881892260808278 SW 55.94589931159291 -3.1884013581151835 165.6151008605957 272.64870834350586
55.94589931159291 -3.1884013581151835 NNE 55.94617647545267 -3.188286553085474 165.6151008605957 271.39870834350586
55.94617647545267 -3.188286553085474 S 55.945876475452664 -3.188286553085474 165.6151008605957 270.14870834350586
55.945876475452664 -3.188286553085474 ESE 55.945761670422954 -3.1880093892257206 165.6151008605957 268.89870834350586
55.945761670422954 -3.1880093892257206 WNW 55.945876475452664 -3.188286553085474 165.6151008605957 267.64870834350586
55.945876475452664 -3.188286553085474 SW 55.94566434341831 -3.18849868511983 165.6151008605957 266.39870834350586
55.94566434341831 -3.18849868511983 NE 55.945876475452664 -3.188286553085474 165.6151008605957 265.14870834350586
55.945876475452664 -3.188286553085474 SW 55.94566434341831 -3.18849868511983 165.6151008605957 263.89870834350586
55.94566434341831 -3.18849868511983 NE 55.945876475452664 -3.188286553085474 165.6151008605957 262.64870834350586
55.945876475452664 -3.188286553085474 SW 55.94566434341831 -3.18849868511983 165.6151008605957 261.39870834350586
55.94566434341831 -3.18849868511983 E 55.94566434341831 -3.1881986851198296 165.6151008605957 260.14870834350586
55.94566434341831 -3.1881986851198296 WNW 55.94577914844802 -3.188475848979583 165.6151008605957 258.89870834350586
55.94577914844802 -3.188475848979583 ESE 55.94566434341831 -3.1881986851198296 165.6151008605957 257.64870834350586
55.94566434341831 -3.1881986851198296 WNW 55.94577914844802 -3.188475848979583 165.6151008605957 256.39870834350586
55.94577914844802 -3.188475848979583 ESE 55.94566434341831 -3.1881986851198296 165.6151008605957 255.14870834350586
55.94566434341831 -3.1881986851198296 N 55.94596434341831 -3.1881986851198296 165.6151008605957 253.89870834350586
55.94596434341831 -3.1881986851198296 SE 55.945752211383954 -3.187986553085474 165.6151008605957 252.64870834350586
55.945752211383954 -3.187986553085474 WNW 55.945867016413665 -3.1882637169452273 165.6151008605957 251.39870834350586
55.945867016413665 -3.1882637169452273 ESE 55.945752211383954 -3.187986553085474 165.6151008605957 250.14870834350586
55.945752211383954 -3.187986553085474 WNW 55.945867016413665 -3.1882637169452273 165.6151008605957 248.89870834350586
55.945867016413665 -3.1882637169452273 E 55.945867016413665 -3.187963716945227 165.6151008605957 247.64870834350586
55.945867016413665 -3.187963716945227 S 55.94556701641366 -3.187963716945227 165.6151008605957 246.39870834350586
55.94556701641366 -3.187963716945227 N 55.945867016413665 -3.187963716945227 165.6151008605957 245.14870834350586
55.945867016413665 -3.187963716945227 S 55.94556701641366 -3.187963716945227 165.6151008605957 243.89870834350586
55.94556701641366 -3.187963716945227 N 55.945867016413665 -3.187963716945227 165.6151008605957 242.64870834350586
55.945867016413665 -3.187963716945227 SSW 55.94558985255391 -3.1880785219749366 165.6151008605957 241.39870834350586
55.94558985255391 -3.1880785219749366 NE 55.945801984588265 -3.187866389940581 165.6151008605957 240.14870834350586
55.945801984588265 -3.187866389940581 SW 55.94558985255391 -3.1880785219749366 165.6151008605957 238.89870834350586
55.94558985255391 -3.1880785219749366 N 55.94588985255391 -3.1880785219749366 165.6151008605957 237.64870834350586
55.94588985255391 -3.1880785219749366 S 55.94558985255391 -3.1880785219749366 165.6151008605957 236.39870834350586
55.94558985255391 -3.1880785219749366 W 55.94558985255391 -3.1883785219749368 165.6151008605957 235.14870834350586
55.94558985255391 -3.1883785219749368 E 55.94558985255391 -3.1880785219749366 165.6151008605957 233.89870834350586
55.94558985255391 -3.1880785219749366 W 55.94558985255391 -3.1883785219749368 165.6151008605957 232.64870834350586
55.94558985255391 -3.1883785219749368 E 55.94558985255391 -3.1880785219749366 165.6151008605957 231.39870834350586
55.94558985255391 -3.1880785219749366 W 55.94558985255391 -3.1883785219749368 165.6151008605957 230.14870834350586
55.94558985255391 -3.1883785219749368 ENE 55.94570465758362 -3.1881013581151834 165.6151008605957 228.89870834350586
55.94570465758362 -3.1881013581151834 WSW 55.94558985255391 -3.1883785219749368 165.6151008605957 227.64870834350586
55.94558985255391 -3.1883785219749368 ENE 55.94570465758362 -3.1881013581151834 165.6151008605957 226.39870834350586
55.94570465758362 -3.1881013581151834 WSW 55.94558985255391 -3.1883785219749368 165.6151008605957 225.14870834350586
55.94558985255391 -3.1883785219749368 ESE 55.9454750475242 -3.1881013581151834 165.6151008605957 223.89870834350586
55.9454750475242 -3.1881013581151834 WNW 55.94558985255391 -3.1883785219749368 165.6151008605957 222.64870834350586
55.94558985255391 -3.1883785219749368 NW 55.945801984588265 -3.1885906540092925 165.6151008605957 221.39870834350586
55.945801984588265 -3.1885906540092925 S 55.94550198458826 -3.1885906540092925 165.6151008605957 220.14870834350586
55.94550198458826 -3.1885906540092925 E 55.94550198458826 -3.1882906540092923 165.6151008605957 218.89870834350586
55.94550198458826 -3.1882906540092923 W 55.94550198458826 -3.1885906540092925 165.6151008605957 217.64870834350586
55.94550198458826 -3.1885906540092925 NNE 55.94577914844802 -3.188475848979583 165.6151008605957 216.39870834350586
55.94577914844802 -3.188475848979583 SSW 55.94550198458826 -3.1885906540092925 165.6151008605957 215.14870834350586
55.94550198458826 -3.1885906540092925 WSW 55.94538717955855 -3.188867817869046 165.6151008605957 213.89870834350586
55.94538717955855 -3.188867817869046 NE 55.94559931159291 -3.18865568583469 165.6151008605957 212.64870834350586
55.94559931159291 -3.18865568583469 SW 55.94538717955855 -3.188867817869046 165.6151008605957 211.39870834350586
55.94538717955855 -3.188867817869046 NNE 55.94566434341831 -3.1887530128393364 165.6151008605957 210.14870834350586
55.94566434341831 -3.1887530128393364 SSW 55.94538717955855 -3.188867817869046 165.6151008605957 208.89870834350586
55.94538717955855 -3.188867817869046 NE 55.94559931159291 -3.18865568583469 165.6151008605957 207.64870834350586
55.94559931159291 -3.18865568583469 SW 55.94538717955855 -3.188867817869046 165.6151008605957 206.39870834350586
55.94538717955855 -3.188867817869046 NNW 55.94566434341831 -3.1889826228987554 165.6151008605957 205.14870834350586
55.94566434341831 -3.1889826228987554 SE 55.94545221138395 -3.1887704908643997 165.6151008605957 203.89870834350586
55.94545221138395 -3.1887704908643997 NW 55.94566434341831 -3.1889826228987554 165.6151008605957 202.64870834350586
55.94566434341831 -3.1889826228987554 ESE 55.9455495383886 -3.188705459039002 165.6151008605957 201.39870834350586
55.9455495383886 -3.188705459039002 WNW 55.94566434341831 -3.1889826228987554 165.6151008605957 200.14870834350586
55.94566434341831 -3.1889826228987554 E 55.94566434341831 -3.1886826228987553 165.6151008605957 198.89870834350586
55.94566434341831 -3.1886826228987553 W 55.94566434341831 -3.1889826228987554 165.6151008605957 197.64870834350586
55.94566434341831 -3.1889826228987554 ESE 55.9455495383886 -3.188705459039002 165.6151008605957 196.39870834350586
55.9455495383886 -3.188705459039002 W 55.9455495383886 -3.1890054590390022 165.6151008605957 195.14870834350586
55.9455495383886 -3.1890054590390022 SE 55.94533740635424 -3.1887933270046465 165.6151008605957 193.89870834350586
55.94533740635424 -3.1887933270046465 W 55.94533740635424 -3.1890933270046466 165.6151008605957 192.64870834350586
55.94533740635424 -3.1890933270046466 E 55.94533740635424 -3.1887933270046465 165.6151008605957 191.39870834350586
55.94533740635424 -3.1887933270046465 WSW 55.94522260132453 -3.1890704908644 165.6151008605957 190.14870834350586
55.94522260132453 -3.1890704908644 ENE 55.94533740635424 -3.1887933270046465 165.6151008605957 188.89870834350586
55.94533740635424 -3.1887933270046465 SSW 55.945060242494485 -3.188908132034356 165.6151008605957 187.64870834350586
55.945060242494485 -3.188908132034356 NE 55.94527237452884 -3.188696 165.6151008605957 186.39870834350586
55.94527237452884 -3.188696 W 55.94527237452884 -3.1889960000000004 165.6151008605957 185.14870834350586
55.94527237452884 -3.1889960000000004 ESE 55.94515756949913 -3.188718836140247 165.6151008605957 183.89870834350586
55.94515756949913 -3.188718836140247 WNW 55.94527237452884 -3.1889960000000004 165.6151008605957 182.64870834350586
55.94527237452884 -3.1889960000000004 E 55.94527237452884 -3.188696 165.6151008605957 181.39870834350586
55.94527237452884 -3.188696 W 55.94527237452884 -3.1889960000000004 165.6151008605957 180.14870834350586
55.94527237452884 -3.1889960000000004 WSW 55.94515756949913 -3.189273163859754 165.6151008605957 178.89870834350586
55.94515756949913 -3.189273163859754 ENE 55.94527237452884 -3.1889960000000004 165.6151008605957 177.64870834350586
55.94527237452884 -3.1889960000000004 ESE 55.94515756949913 -3.188718836140247 165.6151008605957 176.39870834350586
55.94515756949913 -3.188718836140247 WNW 55.94527237452884 -3.1889960000000004 165.6151008605957 175.14870834350586
55.94527237452884 -3.1889960000000004 WSW 55.94515756949913 -3.189273163859754 165.6151008605957 173.89870834350586
55.94515756949913 -3.189273163859754 ENE 55.94527237452884 -3.1889960000000004 165.6151008605957 172.64870834350586
55.94527237452884 -3.1889960000000004 WSW 55.94515756949913 -3.189273163859754 165.6151008605957 171.39870834350586
55.94515756949913 -3.189273163859754 ENE 55.94527237452884 -3.1889960000000004 165.6151008605957 170.14870834350586
55.94527237452884 -3.1889960000000004 WSW 55.94515756949913 -3.189273163859754 165.6151008605957 168.89870834350586
55.94515756949913 -3.189273163859754 ENE 55.94527237452884 -3.1889960000000004 165.6151008605957 167.64870834350586
55.94527237452884 -3.1889960000000004 WSW 55.94515756949913 -3.189273163859754 165.6151008605957 166.39870834350586
55.94515756949913 -3.189273163859754 SSE 55.944880405639374 -3.1891583588300443 165.6151008605957 165.14870834350586
55.944880405639374 -3.1891583588300443 NW 55.94509253767373 -3.1893704908644 165.6151008605957 163.89870834350586
55.94509253767373 -3.1893704908644 SE 55.944880405639374 -3.1891583588300443 165.6151008605957 162.64870834350586
55.944880405639374 -3.1891583588300443 NW 55.94509253767373 -3.1893704908644 165.6151008605957 161.39870834350586
55.94509253767373 -3.1893704908644 SSW 55.944815373813974 -3.1894852958941096 165.6151008605957 160.14870834350586
55.944815373813974 -3.1894852958941096 NE 55.94502750584833 -3.189273163859754 255.23240280151367 268.0973777770996
55.94502750584833 -3.189273163859754 SW 55.944815373813974 -3.1894852958941096 255.23240280151367 266.8473777770996
55.944815373813974 -3.1894852958941096 NNE 55.94509253767373 -3.1893704908644 255.23240280151367 265.5973777770996
55.94509253767373 -3.1893704908644 SSW 55.944815373813974 -3.1894852958941096 255.23240280151367 264.3473777770996
55.944815373813974 -3.1894852958941096 N 55.94511537381398 -3.1894852958941096 255.23240280151367 263.0973777770996
55.94511537381398 -3.1894852958941096 S 55.944815373813974 -3.1894852958941096 255.23240280151367 261.8473777770996
55.944815373813974 -3.1894852958941096 N 55.94511537381398 -3.1894852958941096 255.23240280151367 260.5973777770996
55.94511537381398 -3.1894852958941096 SSE 55.94483820995422 -3.1893704908644 255.23240280151367 259.3473777770996
55.94483820995422 -3.1893704908644 NNW 55.94511537381398 -3.1894852958941096 255.23240280151367 258.0973777770996
55.94511537381398 -3.1894852958941096 SSE 55.94483820995422 -3.1893704908644 255.23240280151367 256.8473777770996
55.94483820995422 -3.1893704908644 NNW 55.94511537381398 -3.1894852958941096 255.23240280151367 255.5973777770996
55.94511537381398 -3.1894852958941096 S 55.944815373813974 -3.1894852958941096 255.23240280151367 254.3473777770996
55.944815373813974 -3.1894852958941096 N 55.94511537381398 -3.1894852958941096 255.23240280151367 253.0973777770996
