55.944425 -3.188396 SW 55.944212867965646 -3.188608132034356 0.0 248.75
55.944212867965646 -3.188608132034356 NE 55.944425 -3.188396 0.0 247.5
55.944425 -3.188396 ESE 55.94431019497029 -3.1881188361402466 0.0 246.25
55.94431019497029 -3.1881188361402466 WNW 55.944425 -3.188396 0.0 245.0
55.944425 -3.188396 E 55.944425 -3.188096 0.0 243.75
55.944425 -3.188096 W 55.944425 -3.188396 0.0 242.5
55.944425 -3.188396 E 55.944425 -3.188096 0.0 241.25
55.944425 -3.188096 NW 55.94463713203436 -3.1883081320343556 0.0 240.0
55.94463713203436 -3.1883081320343556 E 55.94463713203436 -3.1880081320343554 0.0 238.75
55.94463713203436 -3.1880081320343554 W 55.94463713203436 -3.1883081320343556 0.0 237.5
55.94463713203436 -3.1883081320343556 SSE 55.9443599681746 -3.188193327004646 23.53441619873047 251.9246654510498
55.9443599681746 -3.188193327004646 NNW 55.94463713203436 -3.1883081320343556 23.53441619873047 250.6746654510498
55.94463713203436 -3.1883081320343556 SW 55.944425 -3.1885202640687114 23.53441619873047 249.4246654510498
55.944425 -3.1885202640687114 NE 55.94463713203436 -3.1883081320343556 23.53441619873047 248.1746654510498
55.94463713203436 -3.1883081320343556 NNW 55.944914295894115 -3.188422937064065 23.53441619873047 246.9246654510498
55.944914295894115 -3.188422937064065 S 55.94461429589411 -3.188422937064065 23.53441619873047 245.6746654510498
55.94461429589411 -3.188422937064065 NNW 55.94489145975387 -3.1885377420937746 23.53441619873047 244.4246654510498
55.94489145975387 -3.1885377420937746 S 55.944591459753866 -3.1885377420937746 23.53441619873047 243.1746654510498
55.944591459753866 -3.1885377420937746 N 55.94489145975387 -3.1885377420937746 23.53441619873047 241.9246654510498
55.94489145975387 -3.1885377420937746 NW 55.945103591788225 -3.1887498741281304 23.53441619873047 240.6746654510498
55.945103591788225 -3.1887498741281304 SE 55.94489145975387 -3.1885377420937746 23.53441619873047 239.4246654510498
55.94489145975387 -3.1885377420937746 NE 55.945103591788225 -3.188325610059419 33.6392126083374 319.5516109466553
55.945103591788225 -3.188325610059419 W 55.945103591788225 -3.188625610059419 33.6392126083374 318.3016109466553
55.945103591788225 -3.188625610059419 E 55.945103591788225 -3.188325610059419 33.6392126083374 317.0516109466553
55.945103591788225 -3.188325610059419 SSE 55.94482642792847 -3.1882108050297093 33.6392126083374 315.8016109466553
55.94482642792847 -3.1882108050297093 NNW 55.945103591788225 -3.188325610059419 33.6392126083374 314.5516109466553
55.945103591788225 -3.188325610059419 NNW 55.94538075564798 -3.1884404150891283 33.6392126083374 313.3016109466553
55.94538075564798 -3.1884404150891283 SSE 55.945103591788225 -3.188325610059419 33.6392126083374 312.0516109466553
55.945103591788225 -3.188325610059419 ENE 55.945218396817936 -3.1880484461996654 132.11434841156006 393.4579219818115
55.945218396817936 -3.1880484461996654 WSW 55.945103591788225 -3.188325610059419 132.11434841156006 392.2079219818115
55.945103591788225 -3.188325610059419 N 55.94540359178823 -3.188325610059419 132.11434841156006 390.9579219818115
55.94540359178823 -3.188325610059419 SE 55.94519145975387 -3.188113478025063 132.11434841156006 389.7079219818115
55.94519145975387 -3.188113478025063 NW 55.94540359178823 -3.188325610059419 132.11434841156006 388.4579219818115
55.94540359178823 -3.188325610059419 S 55.945103591788225 -3.188325610059419 132.11434841156006 387.2079219818115
55.945103591788225 -3.188325610059419 N 55.94540359178823 -3.188325610059419 132.11434841156006 385.9579219818115
55.94540359178823 -3.188325610059419 E 55.94540359178823 -3.1880256100594186 243.3202886581421 459.62316703796387
55.94540359178823 -3.1880256100594186 W 55.94540359178823 -3.188325610059419 243.3202886581421 458.37316703796387
55.94540359178823 -3.188325610059419 NNE 55.945680755647984 -3.1882108050297093 351.4457311630249 530.8461360931396
55.945680755647984 -3.1882108050297093 SSW 55.94540359178823 -3.188325610059419 351.4457311630249 529.5961360931396
55.94540359178823 -3.188325610059419 NNE 55.945680755647984 -3.1882108050297093 351.4457311630249 528.3461360931396
55.945680755647984 -3.1882108050297093 SSE 55.94540359178823 -3.188096 351.4457311630249 527.0961360931396
55.94540359178823 -3.188096 N 55.94570359178823 -3.188096 351.4457311630249 525.8461360931396
55.94570359178823 -3.188096 ESE 55.94558878675852 -3.1878188361402464 351.4457311630249 524.5961360931396
55.94558878675852 -3.1878188361402464 WNW 55.94570359178823 -3.188096 351.4457311630249 523.3461360931396
55.94570359178823 -3.188096 NNW 55.94598075564799 -3.1882108050297093 414.92904567718506 534.1898260116577
55.94598075564799 -3.1882108050297093 SSE 55.94570359178823 -3.188096 414.92904567718506 532.9398260116577
55.94570359178823 -3.188096 NE 55.94591572382259 -3.187883867965644 414.92904567718506 531.6898260116577
55.94591572382259 -3.187883867965644 SW 55.94570359178823 -3.188096 414.92904567718506 530.4398260116577
55.94570359178823 -3.188096 ENE 55.94581839681794 -3.1878188361402464 414.92904567718506 529.1898260116577
55.94581839681794 -3.1878188361402464 WSW 55.94570359178823 -3.188096 414.92904567718506 527.9398260116577
55.94570359178823 -3.188096 ESE 55.94558878675852 -3.1878188361402464 414.92904567718506 526.6898260116577
55.94558878675852 -3.1878188361402464 W 55.94558878675852 -3.1881188361402466 414.92904567718506 525.4398260116577
55.94558878675852 -3.1881188361402466 E 55.94558878675852 -3.1878188361402464 414.92904567718506 524.1898260116577
55.94558878675852 -3.1878188361402464 W 55.94558878675852 -3.1881188361402466 414.92904567718506 522.9398260116577
55.94558878675852 -3.1881188361402466 E 55.94558878675852 -3.1878188361402464 414.92904567718506 521.6898260116577
55.94558878675852 -3.1878188361402464 WSW 55.94547398172881 -3.188096 414.92904567718506 520.4398260116577
55.94547398172881 -3.188096 ENE 55.94558878675852 -3.1878188361402464 414.92904567718506 519.1898260116577
55.94558878675852 -3.1878188361402464 SSE 55.945311622898764 -3.187704031110537 414.92904567718506 517.9398260116577
55.945311622898764 -3.187704031110537 NNW 55.94558878675852 -3.1878188361402464 414.92904567718506 516.6898260116577
55.94558878675852 -3.1878188361402464 SSE 55.945311622898764 -3.187704031110537 414.92904567718506 515.4398260116577
55.945311622898764 -3.187704031110537 NNE 55.94558878675852 -3.1875892260808274 414.92904567718506 514.1898260116577
55.94558878675852 -3.1875892260808274 ESE 55.94547398172881 -3.187312062221074 414.92904567718506 512.9398260116577
55.94547398172881 -3.187312062221074 WNW 55.94558878675852 -3.1875892260808274 414.92904567718506 511.6898260116577
55.94558878675852 -3.1875892260808274 ESE 55.94547398172881 -3.187312062221074 414.92904567718506 510.4398260116577
55.94547398172881 -3.187312062221074 W 55.94547398172881 -3.187612062221074 414.92904567718506 509.1898260116577
55.94547398172881 -3.187612062221074 ESE 55.9453591766991 -3.187334898361321 414.92904567718506 507.9398260116577
55.9453591766991 -3.187334898361321 NNW 55.945636340558856 -3.1874497033910303 414.92904567718506 506.6898260116577
55.945636340558856 -3.1874497033910303 SSE 55.9453591766991 -3.187334898361321 414.92904567718506 505.4398260116577
55.9453591766991 -3.187334898361321 WSW 55.94524437166939 -3.187612062221074 414.92904567718506 504.1898260116577
55.94524437166939 -3.187612062221074 ENE 55.9453591766991 -3.187334898361321 414.92904567718506 502.9398260116577
55.9453591766991 -3.187334898361321 NNW 55.945636340558856 -3.1874497033910303 414.92904567718506 501.6898260116577
55.945636340558856 -3.1874497033910303 SSE 55.9453591766991 -3.187334898361321 414.92904567718506 500.4398260116577
55.9453591766991 -3.187334898361321 SSE 55.94508201283934 -3.1872200933316113 414.92904567718506 499.1898260116577
55.94508201283934 -3.1872200933316113 N 55.945382012839346 -3.1872200933316113 414.92904567718506 497.9398260116577
55.945382012839346 -3.1872200933316113 S 55.94508201283934 -3.1872200933316113 414.92904567718506 496.6898260116577
55.94508201283934 -3.1872200933316113 N 55.945382012839346 -3.1872200933316113 414.92904567718506 495.4398260116577
55.945382012839346 -3.1872200933316113 SSE 55.94510484897959 -3.1871052883019018 504.10269832611084 613.1106405258179
55.94510484897959 -3.1871052883019018 NNW 55.945382012839346 -3.1872200933316113 504.10269832611084 611.8606405258179
55.945382012839346 -3.1872200933316113 SSE 55.94510484897959 -3.1871052883019018 504.10269832611084 610.6106405258179
55.94510484897959 -3.1871052883019018 NNW 55.945382012839346 -3.1872200933316113 504.10269832611084 609.3606405258179
55.945382012839346 -3.1872200933316113 N 55.94568201283935 -3.1872200933316113 504.10269832611084 608.1106405258179
55.94568201283935 -3.1872200933316113 S 55.945382012839346 -3.1872200933316113 504.10269832611084 606.8606405258179
55.945382012839346 -3.1872200933316113 N 55.94568201283935 -3.1872200933316113 504.10269832611084 605.6106405258179
55.94568201283935 -3.1872200933316113 SSW 55.94540484897959 -3.187334898361321 504.10269832611084 604.3606405258179
55.94540484897959 -3.187334898361321 NNE 55.94568201283935 -3.1872200933316113 504.10269832611084 603.1106405258179
55.94568201283935 -3.1872200933316113 S 55.945382012839346 -3.1872200933316113 504.10269832611084 601.8606405258179
55.945382012839346 -3.1872200933316113 NE 55.9455941448737 -3.1870079612972555 504.10269832611084 600.6106405258179
55.9455941448737 -3.1870079612972555 SW 55.945382012839346 -3.1872200933316113 504.10269832611084 599.3606405258179
55.945382012839346 -3.1872200933316113 NE 55.9455941448737 -3.1870079612972555 504.10269832611084 598.1106405258179
55.9455941448737 -3.1870079612972555 WNW 55.94570894990341 -3.187285125157009 504.10269832611084 596.8606405258179
55.94570894990341 -3.187285125157009 ESE 55.9455941448737 -3.1870079612972555 504.10269832611084 595.6106405258179
55.9455941448737 -3.1870079612972555 WNW 55.94570894990341 -3.187285125157009 504.10269832611084 594.3606405258179
55.94570894990341 -3.187285125157009 ESE 55.9455941448737 -3.1870079612972555 504.10269832611084 593.1106405258179
55.9455941448737 -3.1870079612972555 N 55.945894144873705 -3.1870079612972555 504.10269832611084 591.8606405258179
55.945894144873705 -3.1870079612972555 SSW 55.94561698101395 -3.187122766326965 504.10269832611084 590.6106405258179
55.94561698101395 -3.187122766326965 N 55.94591698101395 -3.187122766326965 504.10269832611084 589.3606405258179
55.94591698101395 -3.187122766326965 S 55.94561698101395 -3.187122766326965 504.10269832611084 588.1106405258179
55.94561698101395 -3.187122766326965 NNW 55.945894144873705 -3.1872375713566745 504.10269832611084 586.8606405258179
55.945894144873705 -3.1872375713566745 SSW 55.94561698101395 -3.187352376386384 504.10269832611084 585.6106405258179
55.94561698101395 -3.187352376386384 NNE 55.945894144873705 -3.1872375713566745 504.10269832611084 584.3606405258179
55.945894144873705 -3.1872375713566745 SSW 55.94561698101395 -3.187352376386384 504.10269832611084 583.1106405258179
55.94561698101395 -3.187352376386384 N 55.94591698101395 -3.187352376386384 504.10269832611084 581.8606405258179
55.94591698101395 -3.187352376386384 S 55.94561698101395 -3.187352376386384 504.10269832611084 580.6106405258179
55.94561698101395 -3.187352376386384 N 55.94591698101395 -3.187352376386384 504.10269832611084 579.3606405258179
55.94591698101395 -3.187352376386384 SSE 55.945639817154195 -3.1872375713566745 504.10269832611084 578.1106405258179
55.945639817154195 -3.1872375713566745 W 55.945639817154195 -3.1875375713566747 504.10269832611084 576.8606405258179
55.945639817154195 -3.1875375713566747 ENE 55.945754622183905 -3.1872604074969213 504.10269832611084 575.6106405258179
55.945754622183905 -3.1872604074969213 WSW 55.945639817154195 -3.1875375713566747 504.10269832611084 574.3606405258179
55.945639817154195 -3.1875375713566747 W 55.945639817154195 -3.187837571356675 504.10269832611084 573.1106405258179
55.945639817154195 -3.187837571356675 ENE 55.945754622183905 -3.1875604074969215 504.10269832611084 571.8606405258179
55.945754622183905 -3.1875604074969215 NW 55.94596675421826 -3.1877725395312773 504.10269832611084 570.6106405258179
55.94596675421826 -3.1877725395312773 SW 55.945754622183905 -3.187984671565633 504.10269832611084 569.3606405258179
55.945754622183905 -3.187984671565633 NE 55.94596675421826 -3.1877725395312773 504.10269832611084 568.1106405258179
55.94596675421826 -3.1877725395312773 WSW 55.94585194918855 -3.1880497033910307 504.10269832611084 566.8606405258179
55.94585194918855 -3.1880497033910307 NE 55.94606408122291 -3.187837571356675 504.10269832611084 565.6106405258179
55.94606408122291 -3.187837571356675 W 55.94606408122291 -3.188137571356675 596.2051992416382 634.9794683456421
55.94606408122291 -3.188137571356675 ESE 55.9459492761932 -3.1878604074969217 596.2051992416382 633.7294683456421
55.9459492761932 -3.1878604074969217 NW 55.94616140822755 -3.1880725395312774 596.2051992416382 632.4794683456421
55.94616140822755 -3.1880725395312774 S 55.94586140822755 -3.1880725395312774 596.2051992416382 631.2294683456421
55.94586140822755 -3.1880725395312774 N 55.94616140822755 -3.1880725395312774 596.2051992416382 629.9794683456421
55.94616140822755 -3.1880725395312774 SE 55.9459492761932 -3.1878604074969217 596.2051992416382 628.7294683456421
55.9459492761932 -3.1878604074969217 NW 55.94616140822755 -3.1880725395312774 596.2051992416382 627.4794683456421
55.94616140822755 -3.1880725395312774 E 55.94616140822755 -3.1877725395312773 596.2051992416382 626.2294683456421
55.94616140822755 -3.1877725395312773 SE 55.9459492761932 -3.1875604074969215 596.2051992416382 624.9794683456421
55.9459492761932 -3.1875604074969215 NW 55.94616140822755 -3.1877725395312773 596.2051992416382 623.7294683456421
55.94616140822755 -3.1877725395312773 SSE 55.9458842443678 -3.1876577345015678 618.4577474594116 687.6845769882202
55.9458842443678 -3.1876577345015678 NW 55.94609637640215 -3.1878698665359235 618.4577474594116 686.4345769882202
55.94609637640215 -3.1878698665359235 SE 55.9458842443678 -3.1876577345015678 618.4577474594116 685.1845769882202
55.9458842443678 -3.1876577345015678 NNW 55.94616140822755 -3.1877725395312773 618.4577474594116 683.9345769882202
55.94616140822755 -3.1877725395312773 SSE 55.9458842443678 -3.1876577345015678 618.4577474594116 682.6845769882202
55.9458842443678 -3.1876577345015678 WNW 55.94599904939751 -3.187934898361321 618.4577474594116 681.4345769882202
55.94599904939751 -3.187934898361321 ESE 55.9458842443678 -3.1876577345015678 618.4577474594116 680.1845769882202
55.9458842443678 -3.1876577345015678 ENE 55.94599904939751 -3.1873805706418143 618.4577474594116 678.9345769882202
55.94599904939751 -3.1873805706418143 WSW 55.9458842443678 -3.1876577345015678 618.4577474594116 677.6845769882202
55.9458842443678 -3.1876577345015678 ENE 55.94599904939751 -3.1873805706418143 618.4577474594116 676.4345769882202
55.94599904939751 -3.1873805706418143 SSW 55.94572188553775 -3.187495375671524 618.4577474594116 675.1845769882202
55.94572188553775 -3.187495375671524 NNE 55.94599904939751 -3.1873805706418143 618.4577474594116 673.9345769882202
55.94599904939751 -3.1873805706418143 ENE 55.94611385442722 -3.187103406782061 618.4577474594116 672.6845769882202
55.94611385442722 -3.187103406782061 SW 55.94590172239286 -3.1873155388164167 618.4577474594116 671.4345769882202
55.94590172239286 -3.1873155388164167 E 55.94590172239286 -3.1870155388164165 618.4577474594116 670.1845769882202
55.94590172239286 -3.1870155388164165 W 55.94590172239286 -3.1873155388164167 618.4577474594116 668.9345769882202
55.94590172239286 -3.1873155388164167 E 55.94590172239286 -3.1870155388164165 618.4577474594116 667.6845769882202
55.94590172239286 -3.1870155388164165 NW 55.94611385442722 -3.1872276708507723 618.4577474594116 666.4345769882202
55.94611385442722 -3.1872276708507723 SE 55.94590172239286 -3.1870155388164165 618.4577474594116 665.1845769882202
55.94590172239286 -3.1870155388164165 NNW 55.94617888625262 -3.187130343846126 618.4577474594116 663.9345769882202
55.94617888625262 -3.187130343846126 SSE 55.94590172239286 -3.1870155388164165 618.4577474594116 662.6845769882202
55.94590172239286 -3.1870155388164165 NNW 55.94617888625262 -3.187130343846126 618.4577474594116 661.4345769882202
55.94617888625262 -3.187130343846126 SSE 55.94590172239286 -3.1870155388164165 618.4577474594116 660.1845769882202
55.94590172239286 -3.1870155388164165 NNE 55.94617888625262 -3.186900733786707 618.4577474594116 658.9345769882202
55.94617888625262 -3.186900733786707 S 55.945878886252615 -3.186900733786707 618.4577474594116 657.6845769882202
55.945878886252615 -3.186900733786707 N 55.94617888625262 -3.186900733786707 618.4577474594116 656.4345769882202
55.94617888625262 -3.186900733786707 SE 55.94596675421826 -3.1866886017523512 618.4577474594116 655.1845769882202
55.94596675421826 -3.1866886017523512 NW 55.94617888625262 -3.186900733786707 618.4577474594116 653.9345769882202
55.94617888625262 -3.186900733786707 SE 55.94596675421826 -3.1866886017523512 618.4577474594116 652.6845769882202
55.94596675421826 -3.1866886017523512 NW 55.94617888625262 -3.186900733786707 618.4577474594116 651.4345769882202
55.94617888625262 -3.186900733786707 S 55.945878886252615 -3.186900733786707 618.4577474594116 650.1845769882202
55.945878886252615 -3.186900733786707 N 55.94617888625262 -3.186900733786707 618.4577474594116 648.9345769882202
55.94617888625262 -3.186900733786707 E 55.94617888625262 -3.186600733786707 618.4577474594116 647.6845769882202
55.94617888625262 -3.186600733786707 WSW 55.94606408122291 -3.1868778976464602 618.4577474594116 646.4345769882202
55.94606408122291 -3.1868778976464602 ENE 55.94617888625262 -3.186600733786707 618.4577474594116 645.1845769882202
55.94617888625262 -3.186600733786707 SW 55.94596675421826 -3.1868128658210626 618.4577474594116 643.9345769882202
55.94596675421826 -3.1868128658210626 NE 55.94617888625262 -3.186600733786707 618.4577474594116 642.6845769882202
55.94617888625262 -3.186600733786707 S 55.945878886252615 -3.186600733786707 618.4577474594116 641.4345769882202
55.945878886252615 -3.186600733786707 N 55.94617888625262 -3.186600733786707 618.4577474594116 640.1845769882202
55.94617888625262 -3.186600733786707 E 55.94617888625262 -3.1863007337867066 618.4577474594116 638.9345769882202
55.94617888625262 -3.1863007337867066 W 55.94617888625262 -3.186600733786707 618.4577474594116 637.6845769882202
55.94617888625262 -3.186600733786707 E 55.94617888625262 -3.1863007337867066 618.4577474594116 636.4345769882202
55.94617888625262 -3.1863007337867066 WSW 55.94606408122291 -3.18657789764646 618.4577474594116 635.1845769882202
55.94606408122291 -3.18657789764646 E 55.94606408122291 -3.18627789764646 640.8086194992065 728.7639074325562
55.94606408122291 -3.18627789764646 W 55.94606408122291 -3.18657789764646 640.8086194992065 727.5139074325562
55.94606408122291 -3.18657789764646 E 55.94606408122291 -3.18627789764646 640.8086194992065 726.2639074325562
55.94606408122291 -3.18627789764646 S 55.945764081222904 -3.18627789764646 640.8086194992065 725.0139074325562
55.945764081222904 -3.18627789764646 N 55.94606408122291 -3.18627789764646 640.8086194992065 723.7639074325562
55.94606408122291 -3.18627789764646 ESE 55.9459492761932 -3.1860007337867065 640.8086194992065 722.5139074325562
55.9459492761932 -3.1860007337867065 WNW 55.94606408122291 -3.18627789764646 640.8086194992065 721.2639074325562
55.94606408122291 -3.18627789764646 WSW 55.9459492761932 -3.1865550615062133 640.8086194992065 720.0139074325562
55.9459492761932 -3.1865550615062133 NE 55.94616140822755 -3.1863429294718575 640.8086194992065 718.7639074325562
55.94616140822755 -3.1863429294718575 ESE 55.94604660319784 -3.186065765612104 640.8086194992065 717.5139074325562
55.94604660319784 -3.186065765612104 WNW 55.94616140822755 -3.1863429294718575 640.8086194992065 716.2639074325562
55.94616140822755 -3.1863429294718575 ESE 55.94604660319784 -3.186065765612104 640.8086194992065 715.0139074325562
55.94604660319784 -3.186065765612104 W 55.94604660319784 -3.1863657656121043 640.8086194992065 713.7639074325562
55.94604660319784 -3.1863657656121043 E 55.94604660319784 -3.186065765612104 640.8086194992065 712.5139074325562
55.94604660319784 -3.186065765612104 SSE 55.945769439338086 -3.1859509605823946 640.8086194992065 711.2639074325562
55.945769439338086 -3.1859509605823946 NNW 55.94604660319784 -3.186065765612104 640.8086194992065 710.0139074325562
55.94604660319784 -3.186065765612104 ENE 55.94616140822755 -3.1857886017523507 640.8086194992065 708.7639074325562
55.94616140822755 -3.1857886017523507 WSW 55.94604660319784 -3.186065765612104 640.8086194992065 707.5139074325562
55.94604660319784 -3.186065765612104 ENE 55.94616140822755 -3.1857886017523507 640.8086194992065 706.2639074325562
55.94616140822755 -3.1857886017523507 WSW 55.94604660319784 -3.186065765612104 640.8086194992065 705.0139074325562
55.94604660319784 -3.186065765612104 ENE 55.94616140822755 -3.1857886017523507 640.8086194992065 703.7639074325562
55.94616140822755 -3.1857886017523507 WSW 55.94604660319784 -3.186065765612104 640.8086194992065 702.5139074325562
55.94604660319784 -3.186065765612104 ENE 55.94616140822755 -3.1857886017523507 640.8086194992065 701.2639074325562
55.94616140822755 -3.1857886017523507 W 55.94616140822755 -3.186088601752351 640.8086194992065 700.0139074325562
55.94616140822755 -3.186088601752351 E 55.94616140822755 -3.1857886017523507 640.8086194992065 698.7639074325562
55.94616140822755 -3.1857886017523507 W 55.94616140822755 -3.186088601752351 640.8086194992065 697.5139074325562
55.94616140822755 -3.186088601752351 ESE 55.94604660319784 -3.1858114378925975 640.8086194992065 696.2639074325562
55.94604660319784 -3.1858114378925975 W 55.94604660319784 -3.1861114378925977 640.8086194992065 695.0139074325562
55.94604660319784 -3.1861114378925977 E 55.94604660319784 -3.1858114378925975 640.8086194992065 693.7639074325562
55.94604660319784 -3.1858114378925975 W 55.94604660319784 -3.1861114378925977 640.8086194992065 692.5139074325562
55.94604660319784 -3.1861114378925977 E 55.94604660319784 -3.1858114378925975 640.8086194992065 691.2639074325562
55.94604660319784 -3.1858114378925975 SW 55.94583447116349 -3.1860235699269532 640.8086194992065 690.0139074325562
55.94583447116349 -3.1860235699269532 N 55.94613447116349 -3.1860235699269532 640.8086194992065 688.7639074325562
55.94613447116349 -3.1860235699269532 SSE 55.94585730730373 -3.1859087648972437 640.8086194992065 687.5139074325562
55.94585730730373 -3.1859087648972437 NNW 55.94613447116349 -3.1860235699269532 640.8086194992065 686.2639074325562
55.94613447116349 -3.1860235699269532 SSE 55.94585730730373 -3.1859087648972437 640.8086194992065 685.0139074325562
55.94585730730373 -3.1859087648972437 NW 55.94606943933809 -3.1861208969315995 640.8086194992065 683.7639074325562
55.94606943933809 -3.1861208969315995 SW 55.94585730730373 -3.1863330289659553 640.8086194992065 682.5139074325562
55.94585730730373 -3.1863330289659553 NNW 55.94613447116349 -3.186447833995665 640.8086194992065 681.2639074325562
55.94613447116349 -3.186447833995665 SSE 55.94585730730373 -3.1863330289659553 640.8086194992065 680.0139074325562
55.94585730730373 -3.1863330289659553 WNW 55.94597211233344 -3.1866101928257087 640.8086194992065 678.7639074325562
55.94597211233344 -3.1866101928257087 E 55.94597211233344 -3.1863101928257085 640.8086194992065 677.5139074325562
55.94597211233344 -3.1863101928257085 SW 55.94575998029909 -3.1865223248600643 640.8086194992065 676.2639074325562
55.94575998029909 -3.1865223248600643 NE 55.94597211233344 -3.1863101928257085 640.8086194992065 675.0139074325562
55.94597211233344 -3.1863101928257085 WNW 55.946086917363154 -3.186587356685462 744.8295545578003 732.9069471359253
55.946086917363154 -3.186587356685462 ESE 55.94597211233344 -3.1863101928257085 744.8295545578003 731.6569471359253
55.94597211233344 -3.1863101928257085 W 55.94597211233344 -3.1866101928257087 744.8295545578003 730.4069471359253
55.94597211233344 -3.1866101928257087 ENE 55.946086917363154 -3.1863330289659553 744.8295545578003 729.1569471359253
55.946086917363154 -3.1863330289659553 WSW 55.94597211233344 -3.1866101928257087 744.8295545578003 727.9069471359253
55.94597211233344 -3.1866101928257087 SSE 55.94569494847369 -3.186495387795999 744.8295545578003 726.6569471359253
55.94569494847369 -3.186495387795999 NNW 55.94597211233344 -3.1866101928257087 744.8295545578003 725.4069471359253
55.94597211233344 -3.1866101928257087 SW 55.94575998029909 -3.1868223248600644 744.8295545578003 724.1569471359253
55.94575998029909 -3.1868223248600644 NE 55.94597211233344 -3.1866101928257087 744.8295545578003 722.9069471359253
55.94597211233344 -3.1866101928257087 WSW 55.94585730730373 -3.186887356685462 744.8295545578003 721.6569471359253
55.94585730730373 -3.186887356685462 E 55.94585730730373 -3.186587356685462 744.8295545578003 720.4069471359253
55.94585730730373 -3.186587356685462 W 55.94585730730373 -3.186887356685462 744.8295545578003 719.1569471359253
55.94585730730373 -3.186887356685462 ESE 55.94574250227402 -3.1866101928257087 744.8295545578003 717.9069471359253
55.94574250227402 -3.1866101928257087 E 55.94574250227402 -3.1863101928257085 744.8295545578003 716.6569471359253
55.94574250227402 -3.1863101928257085 WNW 55.94585730730373 -3.186587356685462 744.8295545578003 715.4069471359253
55.94585730730373 -3.186587356685462 E 55.94585730730373 -3.1862873566854617 744.8295545578003 714.1569471359253
55.94585730730373 -3.1862873566854617 SW 55.94564517526938 -3.1864994887198175 744.8295545578003 712.9069471359253
55.94564517526938 -3.1864994887198175 NE 55.94585730730373 -3.1862873566854617 744.8295545578003 711.6569471359253
55.94585730730373 -3.1862873566854617 SW 55.94564517526938 -3.1864994887198175 744.8295545578003 710.4069471359253
55.94564517526938 -3.1864994887198175 NE 55.94585730730373 -3.1862873566854617 744.8295545578003 709.1569471359253
55.94585730730373 -3.1862873566854617 S 55.94555730730373 -3.1862873566854617 744.8295545578003 707.9069471359253
55.94555730730373 -3.1862873566854617 NNW 55.94583447116349 -3.186402161715171 744.8295545578003 706.6569471359253
55.94583447116349 -3.186402161715171 SSE 55.94555730730373 -3.1862873566854617 744.8295545578003 705.4069471359253
55.94555730730373 -3.1862873566854617 NW 55.945769439338086 -3.1864994887198175 744.8295545578003 704.1569471359253
55.945769439338086 -3.1864994887198175 SE 55.94555730730373 -3.1862873566854617 744.8295545578003 702.9069471359253
55.94555730730373 -3.1862873566854617 NW 55.945769439338086 -3.1864994887198175 744.8295545578003 701.6569471359253
55.945769439338086 -3.1864994887198175 SW 55.94555730730373 -3.1867116207541732 744.8295545578003 700.4069471359253
55.94555730730373 -3.1867116207541732 ENE 55.94567211233344 -3.18643445689442 744.8295545578003 699.1569471359253
55.94567211233344 -3.18643445689442 SE 55.945459980299084 -3.186222324860064 744.8295545578003 697.9069471359253
55.945459980299084 -3.186222324860064 SSW 55.94518281643933 -3.1863371298897736 744.8295545578003 696.6569471359253
55.94518281643933 -3.1863371298897736 NNE 55.945459980299084 -3.186222324860064 744.8295545578003 695.4069471359253
55.945459980299084 -3.186222324860064 WSW 55.945345175269374 -3.1864994887198175 744.8295545578003 694.1569471359253
55.945345175269374 -3.1864994887198175 E 55.945345175269374 -3.1861994887198173 744.8295545578003 692.9069471359253
55.945345175269374 -3.1861994887198173 SW 55.94513304323502 -3.186411620754173 744.8295545578003 691.6569471359253
55.94513304323502 -3.186411620754173 ENE 55.94524784826473 -3.1861344568944197 744.8295545578003 690.4069471359253
55.94524784826473 -3.1861344568944197 W 55.94524784826473 -3.18643445689442 744.8295545578003 689.1569471359253
55.94524784826473 -3.18643445689442 E 55.94524784826473 -3.1861344568944197 744.8295545578003 687.9069471359253
55.94524784826473 -3.1861344568944197 SW 55.94503571623037 -3.1863465889287754 744.8295545578003 686.6569471359253
