55.944425 -3.188396 WNW 55.94453980502971 -3.1886731638597534 0.0 248.75
55.94453980502971 -3.1886731638597534 E 55.94453980502971 -3.1883731638597532 0.0 247.5
55.94453980502971 -3.1883731638597532 SE 55.94432767299536 -3.1881610318253975 0.0 246.25
55.94432767299536 -3.1881610318253975 NW 55.94453980502971 -3.1883731638597532 0.0 245.0
55.94453980502971 -3.1883731638597532 SSE 55.944262641169956 -3.1882583588300437 0.0 243.75
55.944262641169956 -3.1882583588300437 NNW 55.94453980502971 -3.1883731638597532 0.0 242.5
55.94453980502971 -3.1883731638597532 SSE 55.944262641169956 -3.1882583588300437 0.0 241.25
55.944262641169956 -3.1882583588300437 NNW 55.94453980502971 -3.1883731638597532 0.0 240.0
55.94453980502971 -3.1883731638597532 ESE 55.944425 -3.188096 0.0 238.75
55.944425 -3.188096 NW 55.94463713203436 -3.1883081320343556 0.0 237.5
55.94463713203436 -3.1883081320343556 E 55.94463713203436 -3.1880081320343554 0.0 236.25
55.94463713203436 -3.1880081320343554 W 55.94463713203436 -3.1883081320343556 0.0 235.0
55.94463713203436 -3.1883081320343556 SSE 55.9443599681746 -3.188193327004646 0.0 233.75
55.9443599681746 -3.188193327004646 NNW 55.94463713203436 -3.1883081320343556 0.0 232.5
55.94463713203436 -3.1883081320343556 W 55.94463713203436 -3.188608132034356 0.0 231.25
55.94463713203436 -3.188608132034356 E 55.94463713203436 -3.1883081320343556 0.0 230.0
55.94463713203436 -3.1883081320343556 NNW 55.944914295894115 -3.188422937064065 0.0 228.75
55.944914295894115 -3.188422937064065 S 55.94461429589411 -3.188422937064065 0.0 227.5
55.94461429589411 -3.188422937064065 SSW 55.944337132034356 -3.1885377420937746 17.874135971069336 314.1370391845703
55.944337132034356 -3.1885377420937746 NNE 55.94461429589411 -3.188422937064065 17.874135971069336 312.8870391845703
55.94461429589411 -3.188422937064065 SE 55.944402163859756 -3.1882108050297093 17.874135971069336 311.6370391845703
55.944402163859756 -3.1882108050297093 WNW 55.94451696888947 -3.1884879688894627 17.874135971069336 310.3870391845703
55.94451696888947 -3.1884879688894627 SSE 55.94423980502971 -3.1883731638597532 17.874135971069336 309.1370391845703
55.94423980502971 -3.1883731638597532 NNW 55.94451696888947 -3.1884879688894627 17.874135971069336 307.8870391845703
55.94451696888947 -3.1884879688894627 W 55.94451696888947 -3.188787968889463 17.874135971069336 306.6370391845703
55.94451696888947 -3.188787968889463 E 55.94451696888947 -3.1884879688894627 17.874135971069336 305.3870391845703
55.94451696888947 -3.1884879688894627 WSW 55.944402163859756 -3.188765132749216 17.874135971069336 304.1370391845703
55.944402163859756 -3.188765132749216 NE 55.94461429589411 -3.1885530007148604 17.874135971069336 302.8870391845703
55.94461429589411 -3.1885530007148604 W 55.94461429589411 -3.1888530007148606 17.874135971069336 301.6370391845703
55.94461429589411 -3.1888530007148606 E 55.94461429589411 -3.1885530007148604 17.874135971069336 300.3870391845703
55.94461429589411 -3.1885530007148604 WNW 55.94472910092382 -3.1888301645746138 17.874135971069336 299.1370391845703
55.94472910092382 -3.1888301645746138 E 55.94472910092382 -3.1885301645746136 17.874135971069336 297.8870391845703
55.94472910092382 -3.1885301645746136 W 55.94472910092382 -3.1888301645746138 17.874135971069336 296.6370391845703
55.94472910092382 -3.1888301645746138 ENE 55.94484390595353 -3.1885530007148604 17.874135971069336 295.3870391845703
55.94484390595353 -3.1885530007148604 W 55.94484390595353 -3.1888530007148606 17.874135971069336 294.1370391845703
55.94484390595353 -3.1888530007148606 E 55.94484390595353 -3.1885530007148604 17.874135971069336 292.8870391845703
55.94484390595353 -3.1885530007148604 W 55.94484390595353 -3.1888530007148606 17.874135971069336 291.6370391845703
55.94484390595353 -3.1888530007148606 ENE 55.944958710983244 -3.188575836855107 17.874135971069336 290.3870391845703
55.944958710983244 -3.188575836855107 WSW 55.94484390595353 -3.1888530007148606 17.874135971069336 289.1370391845703
55.94484390595353 -3.1888530007148606 NE 55.94505603798789 -3.188640868680505 17.874135971069336 287.8870391845703
55.94505603798789 -3.188640868680505 SW 55.94484390595353 -3.1888530007148606 17.874135971069336 286.6370391845703
55.94484390595353 -3.1888530007148606 S 55.94454390595353 -3.1888530007148606 17.874135971069336 285.3870391845703
55.94454390595353 -3.1888530007148606 N 55.94484390595353 -3.1888530007148606 17.874135971069336 284.1370391845703
55.94484390595353 -3.1888530007148606 W 55.94484390595353 -3.1891530007148607 17.874135971069336 282.8870391845703
55.94484390595353 -3.1891530007148607 E 55.94484390595353 -3.1888530007148606 17.874135971069336 281.6370391845703
55.94484390595353 -3.1888530007148606 W 55.94484390595353 -3.1891530007148607 17.874135971069336 280.3870391845703
55.94484390595353 -3.1891530007148607 E 55.94484390595353 -3.1888530007148606 17.874135971069336 279.1370391845703
55.94484390595353 -3.1888530007148606 W 55.94484390595353 -3.1891530007148607 17.874135971069336 277.8870391845703
55.94484390595353 -3.1891530007148607 ENE 55.944958710983244 -3.1888758368551073 17.874135971069336 276.6370391845703
55.944958710983244 -3.1888758368551073 SE 55.94474657894889 -3.1886637048207516 17.874135971069336 275.3870391845703
55.94474657894889 -3.1886637048207516 NW 55.944958710983244 -3.1888758368551073 17.874135971069336 274.1370391845703
55.944958710983244 -3.1888758368551073 N 55.945258710983246 -3.1888758368551073 17.874135971069336 272.8870391845703
55.945258710983246 -3.1888758368551073 S 55.944958710983244 -3.1888758368551073 17.874135971069336 271.6370391845703
55.944958710983244 -3.1888758368551073 NNE 55.945235874843 -3.188761031825398 17.874135971069336 270.3870391845703
55.945235874843 -3.188761031825398 S 55.944935874843 -3.188761031825398 17.874135971069336 269.1370391845703
55.944935874843 -3.188761031825398 N 55.945235874843 -3.188761031825398 17.874135971069336 267.8870391845703
55.945235874843 -3.188761031825398 NE 55.945448006877356 -3.188548899791042 17.874135971069336 266.6370391845703
55.945448006877356 -3.188548899791042 SW 55.945235874843 -3.188761031825398 17.874135971069336 265.3870391845703
55.945235874843 -3.188761031825398 ENE 55.94535067987271 -3.1884838679656444 17.874135971069336 264.1370391845703
55.94535067987271 -3.1884838679656444 WSW 55.945235874843 -3.188761031825398 17.874135971069336 262.8870391845703
55.945235874843 -3.188761031825398 ESE 55.94512106981329 -3.1884838679656444 17.874135971069336 261.6370391845703
55.94512106981329 -3.1884838679656444 NW 55.945333201847646 -3.188696 17.874135971069336 260.3870391845703
55.945333201847646 -3.188696 SE 55.94512106981329 -3.1884838679656444 17.874135971069336 259.1370391845703
55.94512106981329 -3.1884838679656444 NNE 55.945398233673046 -3.188369062935935 17.874135971069336 257.8870391845703
55.945398233673046 -3.188369062935935 S 55.94509823367304 -3.188369062935935 17.874135971069336 256.6370391845703
55.94509823367304 -3.188369062935935 SSE 55.94482106981329 -3.1882542579062254 17.874135971069336 255.3870391845703
55.94482106981329 -3.1882542579062254 NNW 55.94509823367304 -3.188369062935935 17.874135971069336 254.1370391845703
55.94509823367304 -3.188369062935935 SSE 55.94482106981329 -3.1882542579062254 17.874135971069336 252.8870391845703
55.94482106981329 -3.1882542579062254 N 55.94512106981329 -3.1882542579062254 17.874135971069336 251.6370391845703
55.94512106981329 -3.1882542579062254 NW 55.945333201847646 -3.188466389940581 17.874135971069336 250.3870391845703
55.945333201847646 -3.188466389940581 SE 55.94512106981329 -3.1882542579062254 17.874135971069336 249.1370391845703
55.94512106981329 -3.1882542579062254 SW 55.94490893777893 -3.188466389940581 17.874135971069336 247.8870391845703
55.94490893777893 -3.188466389940581 NE 55.94512106981329 -3.1882542579062254 17.874135971069336 246.6370391845703
55.94512106981329 -3.1882542579062254 NNE 55.945398233673046 -3.188139452876516 17.874135971069336 245.3870391845703
55.945398233673046 -3.188139452876516 SSW 55.94512106981329 -3.1882542579062254 17.874135971069336 244.1370391845703
55.94512106981329 -3.1882542579062254 N 55.94542106981329 -3.1882542579062254 17.874135971069336 242.8870391845703
55.94542106981329 -3.1882542579062254 S 55.94512106981329 -3.1882542579062254 17.874135971069336 241.6370391845703
55.94512106981329 -3.1882542579062254 NNW 55.945398233673046 -3.188369062935935 17.874135971069336 240.3870391845703
55.945398233673046 -3.188369062935935 E 55.945398233673046 -3.1880690629359347 17.874135971069336 239.1370391845703
55.945398233673046 -3.1880690629359347 W 55.945398233673046 -3.188369062935935 17.874135971069336 237.8870391845703
55.945398233673046 -3.188369062935935 ENE 55.94551303870276 -3.1880918990761815 17.874135971069336 236.6370391845703
55.94551303870276 -3.1880918990761815 W 55.94551303870276 -3.1883918990761817 17.874135971069336 235.3870391845703
55.94551303870276 -3.1883918990761817 E 55.94551303870276 -3.1880918990761815 17.874135971069336 234.1370391845703
55.94551303870276 -3.1880918990761815 W 55.94551303870276 -3.1883918990761817 17.874135971069336 232.8870391845703
55.94551303870276 -3.1883918990761817 ENE 55.94562784373247 -3.1881147352164283 17.874135971069336 231.6370391845703
55.94562784373247 -3.1881147352164283 WSW 55.94551303870276 -3.1883918990761817 17.874135971069336 230.3870391845703
55.94551303870276 -3.1883918990761817 WSW 55.945398233673046 -3.188669062935935 17.874135971069336 229.1370391845703
55.945398233673046 -3.188669062935935 E 55.945398233673046 -3.188369062935935 17.874135971069336 227.8870391845703
55.945398233673046 -3.188369062935935 ENE 55.94551303870276 -3.1880918990761815 17.874135971069336 226.6370391845703
55.94551303870276 -3.1880918990761815 WSW 55.945398233673046 -3.188369062935935 17.874135971069336 225.3870391845703
55.945398233673046 -3.188369062935935 WNW 55.94551303870276 -3.1886462267956883 17.874135971069336 224.1370391845703
55.94551303870276 -3.1886462267956883 ESE 55.945398233673046 -3.188369062935935 17.874135971069336 222.8870391845703
55.945398233673046 -3.188369062935935 NW 55.9456103657074 -3.1885811949702907 17.874135971069336 221.6370391845703
55.9456103657074 -3.1885811949702907 ESE 55.94549556067769 -3.1883040311105373 17.874135971069336 220.3870391845703
55.94549556067769 -3.1883040311105373 WNW 55.9456103657074 -3.1885811949702907 17.874135971069336 219.1370391845703
55.9456103657074 -3.1885811949702907 E 55.9456103657074 -3.1882811949702905 17.874135971069336 217.8870391845703
55.9456103657074 -3.1882811949702905 W 55.9456103657074 -3.1885811949702907 17.874135971069336 216.6370391845703
55.9456103657074 -3.1885811949702907 SW 55.945398233673046 -3.1887933270046465 110.24577903747559 243.5912799835205
55.945398233673046 -3.1887933270046465 NE 55.9456103657074 -3.1885811949702907 110.24577903747559 242.3412799835205
55.9456103657074 -3.1885811949702907 E 55.9456103657074 -3.1882811949702905 110.24577903747559 241.0912799835205
55.9456103657074 -3.1882811949702905 W 55.9456103657074 -3.1885811949702907 110.24577903747559 239.8412799835205
55.9456103657074 -3.1885811949702907 NNE 55.94588752956716 -3.188466389940581 110.24577903747559 238.5912799835205
55.94588752956716 -3.188466389940581 SSW 55.9456103657074 -3.1885811949702907 110.24577903747559 237.3412799835205
55.9456103657074 -3.1885811949702907 W 55.9456103657074 -3.188881194970291 110.24577903747559 236.0912799835205
55.9456103657074 -3.188881194970291 E 55.9456103657074 -3.1885811949702907 110.24577903747559 234.8412799835205
55.9456103657074 -3.1885811949702907 W 55.9456103657074 -3.188881194970291 110.24577903747559 233.5912799835205
55.9456103657074 -3.188881194970291 ENE 55.94572517073711 -3.1886040311105375 110.24577903747559 232.3412799835205
55.94572517073711 -3.1886040311105375 WSW 55.9456103657074 -3.188881194970291 110.24577903747559 231.0912799835205
55.9456103657074 -3.188881194970291 NNE 55.94588752956716 -3.1887663899405814 110.24577903747559 229.8412799835205
55.94588752956716 -3.1887663899405814 S 55.945587529567156 -3.1887663899405814 110.24577903747559 228.5912799835205
55.945587529567156 -3.1887663899405814 NNE 55.94586469342691 -3.188651584910872 110.24577903747559 227.3412799835205
55.94586469342691 -3.188651584910872 WNW 55.94597949845662 -3.1889287487706253 110.24577903747559 226.0912799835205
55.94597949845662 -3.1889287487706253 ESE 55.94586469342691 -3.188651584910872 110.24577903747559 224.8412799835205
55.94586469342691 -3.188651584910872 NW 55.94607682546127 -3.1888637169452276 110.24577903747559 223.5912799835205
55.94607682546127 -3.1888637169452276 SE 55.94586469342691 -3.188651584910872 110.24577903747559 222.3412799835205
55.94586469342691 -3.188651584910872 ENE 55.94597949845662 -3.1883744210511185 110.24577903747559 221.0912799835205
55.94597949845662 -3.1883744210511185 WSW 55.94586469342691 -3.188651584910872 110.24577903747559 219.8412799835205
55.94586469342691 -3.188651584910872 E 55.94586469342691 -3.1883515849108717 110.24577903747559 218.5912799835205
55.94586469342691 -3.1883515849108717 SW 55.945652561392556 -3.1885637169452274 110.24577903747559 217.3412799835205
55.945652561392556 -3.1885637169452274 NNE 55.94592972525231 -3.188448911915518 110.24577903747559 216.0912799835205
55.94592972525231 -3.188448911915518 WSW 55.9458149202226 -3.1887260757752713 110.24577903747559 214.8412799835205
55.9458149202226 -3.1887260757752713 ENE 55.94592972525231 -3.188448911915518 110.24577903747559 213.5912799835205
55.94592972525231 -3.188448911915518 ENE 55.94604453028202 -3.1881717480557645 110.24577903747559 212.3412799835205
55.94604453028202 -3.1881717480557645 WSW 55.94592972525231 -3.188448911915518 110.24577903747559 211.0912799835205
55.94592972525231 -3.188448911915518 NNW 55.94620688911207 -3.1885637169452274 110.24577903747559 209.8412799835205
55.94620688911207 -3.1885637169452274 SE 55.94599475707771 -3.1883515849108717 110.24577903747559 208.5912799835205
55.94599475707771 -3.1883515849108717 NW 55.94620688911207 -3.1885637169452274 110.24577903747559 207.3412799835205
55.94620688911207 -3.1885637169452274 ESE 55.94609208408236 -3.188286553085474 110.24577903747559 206.0912799835205
55.94609208408236 -3.188286553085474 W 55.94609208408236 -3.1885865530854742 110.24577903747559 204.8412799835205
55.94609208408236 -3.1885865530854742 E 55.94609208408236 -3.188286553085474 110.24577903747559 203.5912799835205
55.94609208408236 -3.188286553085474 E 55.94609208408236 -3.187986553085474 110.24577903747559 202.3412799835205
55.94609208408236 -3.187986553085474 W 55.94609208408236 -3.188286553085474 110.24577903747559 201.0912799835205
55.94609208408236 -3.188286553085474 WNW 55.94620688911207 -3.1885637169452274 110.24577903747559 199.8412799835205
55.94620688911207 -3.1885637169452274 E 55.94620688911207 -3.1882637169452273 110.24577903747559 198.5912799835205
55.94620688911207 -3.1882637169452273 SW 55.94599475707771 -3.188475848979583 110.24577903747559 197.3412799835205
55.94599475707771 -3.188475848979583 NE 55.94620688911207 -3.1882637169452273 110.24577903747559 196.0912799835205
55.94620688911207 -3.1882637169452273 ESE 55.94609208408236 -3.187986553085474 110.24577903747559 194.8412799835205
55.94609208408236 -3.187986553085474 W 55.94609208408236 -3.188286553085474 110.24577903747559 193.5912799835205
55.94609208408236 -3.188286553085474 ESE 55.94597727905265 -3.1880093892257206 110.24577903747559 192.3412799835205
55.94597727905265 -3.1880093892257206 WNW 55.94609208408236 -3.188286553085474 110.24577903747559 191.0912799835205
55.94609208408236 -3.188286553085474 SE 55.945879952048 -3.1880744210511183 110.24577903747559 189.8412799835205
55.945879952048 -3.1880744210511183 NNW 55.94615711590776 -3.1881892260808278 110.24577903747559 188.5912799835205
55.94615711590776 -3.1881892260808278 S 55.94585711590776 -3.1881892260808278 110.24577903747559 187.3412799835205
55.94585711590776 -3.1881892260808278 NNW 55.94613427976751 -3.1883040311105373 110.24577903747559 186.0912799835205
55.94613427976751 -3.1883040311105373 S 55.94583427976751 -3.1883040311105373 110.24577903747559 184.8412799835205
55.94583427976751 -3.1883040311105373 NNE 55.94611144362727 -3.1881892260808278 110.24577903747559 183.5912799835205
55.94611144362727 -3.1881892260808278 SW 55.94589931159291 -3.1884013581151835 110.24577903747559 182.3412799835205
55.94589931159291 -3.1884013581151835 NNE 55.94617647545267 -3.188286553085474 110.24577903747559 181.0912799835205
55.94617647545267 -3.188286553085474 S 55.945876475452664 -3.188286553085474 110.24577903747559 179.8412799835205
55.945876475452664 -3.188286553085474 WSW 55.945761670422954 -3.1885637169452274 110.24577903747559 178.5912799835205
55.945761670422954 -3.1885637169452274 ENE 55.945876475452664 -3.188286553085474 110.24577903747559 177.3412799835205
55.945876475452664 -3.188286553085474 SW 55.94566434341831 -3.18849868511983 110.24577903747559 176.0912799835205
55.94566434341831 -3.18849868511983 NE 55.945876475452664 -3.188286553085474 110.24577903747559 174.8412799835205
55.945876475452664 -3.188286553085474 SW 55.94566434341831 -3.18849868511983 110.24577903747559 173.5912799835205
55.94566434341831 -3.18849868511983 NE 55.945876475452664 -3.188286553085474 110.24577903747559 172.3412799835205
55.945876475452664 -3.188286553085474 SW 55.94566434341831 -3.18849868511983 110.24577903747559 171.0912799835205
55.94566434341831 -3.18849868511983 E 55.94566434341831 -3.1881986851198296 110.24577903747559 169.8412799835205
55.94566434341831 -3.1881986851198296 WNW 55.94577914844802 -3.188475848979583 110.24577903747559 168.5912799835205
55.94577914844802 -3.188475848979583 ESE 55.94566434341831 -3.1881986851198296 110.24577903747559 167.3412799835205
55.94566434341831 -3.1881986851198296 WNW 55.94577914844802 -3.188475848979583 110.24577903747559 166.0912799835205
55.94577914844802 -3.188475848979583 ESE 55.94566434341831 -3.1881986851198296 110.24577903747559 164.8412799835205
55.94566434341831 -3.1881986851198296 N 55.94596434341831 -3.1881986851198296 110.24577903747559 163.5912799835205
55.94596434341831 -3.1881986851198296 SE 55.945752211383954 -3.187986553085474 110.24577903747559 162.3412799835205
55.945752211383954 -3.187986553085474 WNW 55.945867016413665 -3.1882637169452273 110.24577903747559 161.0912799835205
55.945867016413665 -3.1882637169452273 ESE 55.945752211383954 -3.187986553085474 110.24577903747559 159.8412799835205
55.945752211383954 -3.187986553085474 WNW 55.945867016413665 -3.1882637169452273 110.24577903747559 158.5912799835205
55.945867016413665 -3.1882637169452273 E 55.945867016413665 -3.187963716945227 110.24577903747559 157.3412799835205
55.945867016413665 -3.187963716945227 NW 55.94607914844802 -3.188175848979583 110.24577903747559 156.0912799835205
55.94607914844802 -3.188175848979583 SE 55.945867016413665 -3.187963716945227 110.24577903747559 154.8412799835205
55.945867016413665 -3.187963716945227 S 55.94556701641366 -3.187963716945227 110.24577903747559 153.5912799835205
55.94556701641366 -3.187963716945227 N 55.945867016413665 -3.187963716945227 110.24577903747559 152.3412799835205
55.945867016413665 -3.187963716945227 SSW 55.94558985255391 -3.1880785219749366 110.24577903747559 151.0912799835205
55.94558985255391 -3.1880785219749366 NNE 55.945867016413665 -3.187963716945227 110.24577903747559 149.8412799835205
55.945867016413665 -3.187963716945227 SSW 55.94558985255391 -3.1880785219749366 110.24577903747559 148.5912799835205
55.94558985255391 -3.1880785219749366 NNE 55.945867016413665 -3.187963716945227 110.24577903747559 147.3412799835205
55.945867016413665 -3.187963716945227 S 55.94556701641366 -3.187963716945227 110.24577903747559 146.0912799835205
55.94556701641366 -3.187963716945227 NNW 55.94584418027342 -3.1880785219749366 110.24577903747559 144.8412799835205
55.94584418027342 -3.1880785219749366 SSE 55.94556701641366 -3.187963716945227 110.24577903747559 143.5912799835205
55.94556701641366 -3.187963716945227 S 55.94526701641366 -3.187963716945227 110.24577903747559 142.3412799835205
55.94526701641366 -3.187963716945227 N 55.94556701641366 -3.187963716945227 110.24577903747559 141.0912799835205
55.94556701641366 -3.187963716945227 NW 55.94577914844802 -3.188175848979583 110.24577903747559 139.8412799835205
55.94577914844802 -3.188175848979583 SE 55.94556701641366 -3.187963716945227 110.24577903747559 138.5912799835205
55.94556701641366 -3.187963716945227 ESE 55.94545221138395 -3.1876865530854737 110.24577903747559 137.3412799835205
55.94545221138395 -3.1876865530854737 WNW 55.94556701641366 -3.187963716945227 110.24577903747559 136.0912799835205
55.94556701641366 -3.187963716945227 SSE 55.945289852553906 -3.1878489119155176 110.24577903747559 134.8412799835205
55.945289852553906 -3.1878489119155176 NW 55.94550198458826 -3.1880610439498733 110.24577903747559 133.5912799835205
55.94550198458826 -3.1880610439498733 N 55.945801984588265 -3.1880610439498733 110.24577903747559 132.3412799835205
55.945801984588265 -3.1880610439498733 S 55.94550198458826 -3.1880610439498733 110.24577903747559 131.0912799835205
55.94550198458826 -3.1880610439498733 ENE 55.94561678961797 -3.18778388009012 110.24577903747559 129.8412799835205
55.94561678961797 -3.18778388009012 WSW 55.94550198458826 -3.1880610439498733 110.24577903747559 128.5912799835205
55.94550198458826 -3.1880610439498733 WNW 55.94561678961797 -3.1883382078096267 110.24577903747559 127.34127998352051
55.94561678961797 -3.1883382078096267 ESE 55.94550198458826 -3.1880610439498733 110.24577903747559 126.09127998352051
55.94550198458826 -3.1880610439498733 ENE 55.94561678961797 -3.18778388009012 110.24577903747559 124.84127998352051
55.94561678961797 -3.18778388009012 WSW 55.94550198458826 -3.1880610439498733 110.24577903747559 123.59127998352051
55.94550198458826 -3.1880610439498733 NNW 55.94577914844802 -3.188175848979583 110.24577903747559 122.34127998352051
55.94577914844802 -3.188175848979583 SSW 55.94550198458826 -3.1882906540092923 110.24577903747559 121.09127998352051
55.94550198458826 -3.1882906540092923 NE 55.94571411662262 -3.1880785219749366 110.24577903747559 119.84127998352051
55.94571411662262 -3.1880785219749366 SW 55.94550198458826 -3.1882906540092923 110.24577903747559 118.59127998352051
55.94550198458826 -3.1882906540092923 N 55.945801984588265 -3.1882906540092923 110.24577903747559 117.34127998352051
55.945801984588265 -3.1882906540092923 SSW 55.94552482072851 -3.188405459039002 110.24577903747559 116.09127998352051
55.94552482072851 -3.188405459039002 NE 55.945736952762864 -3.188193327004646 110.24577903747559 114.84127998352051
55.945736952762864 -3.188193327004646 SW 55.94552482072851 -3.188405459039002 110.24577903747559 113.59127998352051
55.94552482072851 -3.188405459039002 WNW 55.94563962575822 -3.1886826228987553 110.24577903747559 112.34127998352051
55.94563962575822 -3.1886826228987553 ESE 55.94552482072851 -3.188405459039002 110.24577903747559 111.09127998352051
55.94552482072851 -3.188405459039002 NNW 55.945801984588265 -3.1885202640687114 110.24577903747559 109.84127998352051
55.945801984588265 -3.1885202640687114 SW 55.94558985255391 -3.188732396103067 110.24577903747559 108.59127998352051
55.94558985255391 -3.188732396103067 SE 55.94537772051955 -3.1885202640687114 110.24577903747559 107.34127998352051
55.94537772051955 -3.1885202640687114 NW 55.94558985255391 -3.188732396103067 110.24577903747559 106.09127998352051
55.94558985255391 -3.188732396103067 S 55.945289852553906 -3.188732396103067 110.24577903747559 104.84127998352051
55.945289852553906 -3.188732396103067 NNW 55.94556701641366 -3.1888472011327766 110.24577903747559 103.59127998352051
55.94556701641366 -3.1888472011327766 SE 55.945354884379306 -3.188635069098421 110.24577903747559 102.34127998352051
55.945354884379306 -3.188635069098421 WNW 55.945469689409016 -3.1889122329581743 110.24577903747559 101.09127998352051
55.945469689409016 -3.1889122329581743 ESE 55.945354884379306 -3.188635069098421 110.24577903747559 99.84127998352051
55.945354884379306 -3.188635069098421 WNW 55.945469689409016 -3.1889122329581743 110.24577903747559 98.59127998352051
55.945469689409016 -3.1889122329581743 NE 55.94568182144337 -3.1887001009238185 110.24577903747559 97.34127998352051
55.94568182144337 -3.1887001009238185 SW 55.945469689409016 -3.1889122329581743 110.24577903747559 96.09127998352051
55.945469689409016 -3.1889122329581743 NE 55.94568182144337 -3.1887001009238185 110.24577903747559 94.84127998352051
55.94568182144337 -3.1887001009238185 SW 55.945469689409016 -3.1889122329581743 110.24577903747559 93.59127998352051
55.945469689409016 -3.1889122329581743 NNW 55.94574685326877 -3.189027037987884 110.24577903747559 92.34127998352051
55.94574685326877 -3.189027037987884 ESE 55.94563204823906 -3.1887498741281304 110.24577903747559 91.09127998352051
55.94563204823906 -3.1887498741281304 WNW 55.94574685326877 -3.189027037987884 110.24577903747559 89.84127998352051
55.94574685326877 -3.189027037987884 ESE 55.94563204823906 -3.1887498741281304 110.24577903747559 88.59127998352051
55.94563204823906 -3.1887498741281304 SSW 55.945354884379306 -3.18886467915784 110.24577903747559 87.34127998352051
55.945354884379306 -3.18886467915784 NNE 55.94563204823906 -3.1887498741281304 110.24577903747559 86.09127998352051
55.94563204823906 -3.1887498741281304 S 55.94533204823906 -3.1887498741281304 110.24577903747559 84.84127998352051
55.94533204823906 -3.1887498741281304 W 55.94533204823906 -3.1890498741281306 110.24577903747559 83.59127998352051
55.94533204823906 -3.1890498741281306 E 55.94533204823906 -3.1887498741281304 110.24577903747559 82.34127998352051
55.94533204823906 -3.1887498741281304 W 55.94533204823906 -3.1890498741281306 110.24577903747559 81.09127998352051
55.94533204823906 -3.1890498741281306 ESE 55.94521724320935 -3.188772710268377 110.24577903747559 79.84127998352051
55.94521724320935 -3.188772710268377 WSW 55.94510243817964 -3.1890498741281306 110.24577903747559 78.59127998352051
55.94510243817964 -3.1890498741281306 ENE 55.94521724320935 -3.188772710268377 110.24577903747559 77.34127998352051
55.94521724320935 -3.188772710268377 WNW 55.94533204823906 -3.1890498741281306 110.24577903747559 76.09127998352051
55.94533204823906 -3.1890498741281306 ESE 55.94521724320935 -3.188772710268377 110.24577903747559 74.84127998352051
55.94521724320935 -3.188772710268377 WNW 55.94533204823906 -3.1890498741281306 110.24577903747559 73.59127998352051
55.94533204823906 -3.1890498741281306 ESE 55.94521724320935 -3.188772710268377 110.24577903747559 72.34127998352051
55.94521724320935 -3.188772710268377 WNW 55.94533204823906 -3.1890498741281306 110.24577903747559 71.09127998352051
55.94533204823906 -3.1890498741281306 N 55.94563204823906 -3.1890498741281306 110.24577903747559 69.84127998352051
55.94563204823906 -3.1890498741281306 S 55.94533204823906 -3.1890498741281306 110.24577903747559 68.59127998352051
55.94533204823906 -3.1890498741281306 SSW 55.9450548843793 -3.18916467915784 110.24577903747559 67.34127998352051
55.9450548843793 -3.18916467915784 NNE 55.94533204823906 -3.1890498741281306 110.24577903747559 66.09127998352051
55.94533204823906 -3.1890498741281306 SW 55.9451199162047 -3.1892620061624863 110.24577903747559 64.84127998352051
55.9451199162047 -3.1892620061624863 NE 55.94533204823906 -3.1890498741281306 110.24577903747559 63.59127998352051
55.94533204823906 -3.1890498741281306 SW 55.9451199162047 -3.1892620061624863 110.24577903747559 62.34127998352051
55.9451199162047 -3.1892620061624863 NE 55.94533204823906 -3.1890498741281306 110.24577903747559 61.09127998352051
55.94533204823906 -3.1890498741281306 SW 55.9451199162047 -3.1892620061624863 110.24577903747559 59.84127998352051
55.9451199162047 -3.1892620061624863 SW 55.94490778417035 -3.189474138196842 110.24577903747559 58.59127998352051
55.94490778417035 -3.189474138196842 NE 55.9451199162047 -3.1892620061624863 110.24577903747559 57.34127998352051
55.9451199162047 -3.1892620061624863 SSW 55.94484275234495 -3.189376811192196 110.24577903747559 56.09127998352051
55.94484275234495 -3.189376811192196 NNE 55.9451199162047 -3.1892620061624863 110.24577903747559 54.84127998352051
55.9451199162047 -3.1892620061624863 SSW 55.94484275234495 -3.189376811192196 110.24577903747559 53.59127998352051
