55.944425 -3.188396 E 55.944425 -3.188096 0.0 248.75
55.944425 -3.188096 WNW 55.94453980502971 -3.1883731638597532 0.0 247.5
55.94453980502971 -3.1883731638597532 SE 55.94432767299536 -3.1881610318253975 0.0 246.25
55.94432767299536 -3.1881610318253975 NW 55.94453980502971 -3.1883731638597532 0.0 245.0
55.94453980502971 -3.1883731638597532 SSE 55.944262641169956 -3.1882583588300437 0.0 243.75
55.944262641169956 -3.1882583588300437 NNW 55.94453980502971 -3.1883731638597532 0.0 242.5
55.94453980502971 -3.1883731638597532 SSE 55.944262641169956 -3.1882583588300437 0.0 241.25
55.944262641169956 -3.1882583588300437 NNW 55.94453980502971 -3.1883731638597532 0.0 240.0
55.94453980502971 -3.1883731638597532 ESE 55.944425 -3.188096 0.0 238.75
55.944425 -3.188096 WNW 55.94453980502971 -3.1883731638597532 0.0 237.5
55.94453980502971 -3.1883731638597532 ESE 55.944425 -3.188096 0.0 236.25
55.944425 -3.188096 NW 55.94463713203436 -3.1883081320343556 0.0 235.0
55.94463713203436 -3.1883081320343556 E 55.94463713203436 -3.1880081320343554 0.0 233.75
55.94463713203436 -3.1880081320343554 W 55.94463713203436 -3.1883081320343556 0.0 232.5
55.94463713203436 -3.1883081320343556 SW 55.944425 -3.1885202640687114 12.381367683410645 245.78410625457764
55.944425 -3.1885202640687114 NE 55.94463713203436 -3.1883081320343556 12.381367683410645 244.53410625457764
55.94463713203436 -3.1883081320343556 E 55.94463713203436 -3.1880081320343554 12.381367683410645 243.28410625457764
55.94463713203436 -3.1880081320343554 W 55.94463713203436 -3.1883081320343556 12.381367683410645 242.03410625457764
55.94463713203436 -3.1883081320343556 NNW 55.944914295894115 -3.188422937064065 12.381367683410645 240.78410625457764
55.944914295894115 -3.188422937064065 SSE 55.94463713203436 -3.1883081320343556 12.381367683410645 239.53410625457764
55.94463713203436 -3.1883081320343556 NW 55.944849264068715 -3.1885202640687114 12.381367683410645 238.28410625457764
55.944849264068715 -3.1885202640687114 E 55.944849264068715 -3.188220264068711 12.381367683410645 237.03410625457764
55.944849264068715 -3.188220264068711 W 55.944849264068715 -3.1885202640687114 12.381367683410645 235.78410625457764
55.944849264068715 -3.1885202640687114 E 55.944849264068715 -3.188220264068711 12.381367683410645 234.53410625457764
55.944849264068715 -3.188220264068711 W 55.944849264068715 -3.1885202640687114 12.381367683410645 233.28410625457764
55.944849264068715 -3.1885202640687114 E 55.944849264068715 -3.188220264068711 12.381367683410645 232.03410625457764
55.944849264068715 -3.188220264068711 NW 55.94506139610307 -3.188432396103067 119.36974048614502 262.9044027328491
55.94506139610307 -3.188432396103067 SE 55.944849264068715 -3.188220264068711 119.36974048614502 261.6544027328491
55.944849264068715 -3.188220264068711 WNW 55.944964069098425 -3.1884974279284646 119.36974048614502 260.4044027328491
55.944964069098425 -3.1884974279284646 ESE 55.944849264068715 -3.188220264068711 119.36974048614502 259.1544027328491
55.944849264068715 -3.188220264068711 ESE 55.944734459039005 -3.1879431002089578 119.36974048614502 257.9044027328491
55.944734459039005 -3.1879431002089578 WNW 55.944849264068715 -3.188220264068711 119.36974048614502 256.6544027328491
55.944849264068715 -3.188220264068711 E 55.944849264068715 -3.187920264068711 119.36974048614502 255.40440273284912
55.944849264068715 -3.187920264068711 W 55.944849264068715 -3.188220264068711 119.36974048614502 254.15440273284912
55.944849264068715 -3.188220264068711 ENE 55.944964069098425 -3.1879431002089578 119.36974048614502 252.90440273284912
55.944964069098425 -3.1879431002089578 WSW 55.944849264068715 -3.188220264068711 119.36974048614502 251.65440273284912
55.944849264068715 -3.188220264068711 ENE 55.944964069098425 -3.1879431002089578 119.36974048614502 250.40440273284912
55.944964069098425 -3.1879431002089578 SSW 55.94468690523867 -3.1880579052386673 119.36974048614502 249.15440273284912
55.94468690523867 -3.1880579052386673 NNE 55.944964069098425 -3.1879431002089578 119.36974048614502 247.90440273284912
55.944964069098425 -3.1879431002089578 SSW 55.94468690523867 -3.1880579052386673 119.36974048614502 246.65440273284912
55.94468690523867 -3.1880579052386673 NNE 55.944964069098425 -3.1879431002089578 119.36974048614502 245.40440273284912
55.944964069098425 -3.1879431002089578 SSW 55.94468690523867 -3.1880579052386673 119.36974048614502 244.15440273284912
55.94468690523867 -3.1880579052386673 NNW 55.944964069098425 -3.188172710268377 119.36974048614502 242.90440273284912
55.944964069098425 -3.188172710268377 SSE 55.94468690523867 -3.1880579052386673 119.36974048614502 241.65440273284912
55.94468690523867 -3.1880579052386673 NE 55.944899037273025 -3.1878457732043115 119.36974048614502 240.40440273284912
55.944899037273025 -3.1878457732043115 SSW 55.94462187341327 -3.187960578234021 119.36974048614502 239.15440273284912
55.94462187341327 -3.187960578234021 NNW 55.944899037273025 -3.1880753832637305 119.36974048614502 237.90440273284912
55.944899037273025 -3.1880753832637305 SSE 55.94462187341327 -3.187960578234021 119.36974048614502 236.65440273284912
55.94462187341327 -3.187960578234021 SSW 55.94434470955351 -3.1880753832637305 119.36974048614502 235.40440273284912
55.94434470955351 -3.1880753832637305 NNE 55.94462187341327 -3.187960578234021 119.36974048614502 234.15440273284912
55.94462187341327 -3.187960578234021 ESE 55.94450706838356 -3.1876834143742676 119.36974048614502 232.90440273284912
55.94450706838356 -3.1876834143742676 WNW 55.94462187341327 -3.187960578234021 119.36974048614502 231.65440273284912
55.94462187341327 -3.187960578234021 SE 55.94440974137891 -3.1877484461996652 119.36974048614502 230.40440273284912
55.94440974137891 -3.1877484461996652 NNW 55.94468690523867 -3.1878632512293748 119.36974048614502 229.15440273284912
55.94468690523867 -3.1878632512293748 SSE 55.94440974137891 -3.1877484461996652 119.36974048614502 227.90440273284912
55.94440974137891 -3.1877484461996652 NNW 55.94468690523867 -3.1878632512293748 119.36974048614502 226.65440273284912
55.94468690523867 -3.1878632512293748 SSE 55.94440974137891 -3.1877484461996652 119.36974048614502 225.40440273284912
55.94440974137891 -3.1877484461996652 NNW 55.94468690523867 -3.1878632512293748 119.36974048614502 224.15440273284912
55.94468690523867 -3.1878632512293748 SE 55.94447477320431 -3.187651119195019 119.36974048614502 222.90440273284912
55.94447477320431 -3.187651119195019 NNE 55.94475193706407 -3.1875363141653095 219.0667314529419 232.08771133422852
55.94475193706407 -3.1875363141653095 SSW 55.94447477320431 -3.187651119195019 219.0667314529419 230.83771133422852
55.94447477320431 -3.187651119195019 SW 55.944262641169956 -3.1878632512293748 219.0667314529419 229.58771133422852
55.944262641169956 -3.1878632512293748 NE 55.94447477320431 -3.187651119195019 219.0667314529419 228.33771133422852
55.94447477320431 -3.187651119195019 SSW 55.944197609344556 -3.1877659242247285 219.0667314529419 227.08771133422852
55.944197609344556 -3.1877659242247285 NE 55.94440974137891 -3.1875537921903727 219.0667314529419 225.83771133422852
55.94440974137891 -3.1875537921903727 SSW 55.944132577519156 -3.1876685972200822 219.0667314529419 224.58771133422852
55.944132577519156 -3.1876685972200822 E 55.944132577519156 -3.187368597220082 219.0667314529419 223.33771133422852
55.944132577519156 -3.187368597220082 W 55.944132577519156 -3.1876685972200822 219.0667314529419 222.08771133422852
55.944132577519156 -3.1876685972200822 E 55.944132577519156 -3.187368597220082 219.0667314529419 220.83771133422852
55.944132577519156 -3.187368597220082 WNW 55.944247382548866 -3.1876457610798354 219.0667314529419 219.58771133422852
55.944247382548866 -3.1876457610798354 E 55.944247382548866 -3.1873457610798352 219.0667314529419 218.33771133422852
55.944247382548866 -3.1873457610798352 W 55.944247382548866 -3.1876457610798354 219.0667314529419 217.08771133422852
55.944247382548866 -3.1876457610798354 ENE 55.94436218757858 -3.187368597220082 219.0667314529419 215.83771133422852
55.94436218757858 -3.187368597220082 SSE 55.94408502371882 -3.1872537921903725 219.0667314529419 214.58771133422852
55.94408502371882 -3.1872537921903725 NNW 55.94436218757858 -3.187368597220082 219.0667314529419 213.33771133422852
55.94436218757858 -3.187368597220082 SSE 55.94408502371882 -3.1872537921903725 219.0667314529419 212.08771133422852
55.94408502371882 -3.1872537921903725 NW 55.944297155753176 -3.1874659242247283 219.0667314529419 210.83771133422852
55.944297155753176 -3.1874659242247283 SSE 55.94401999189342 -3.187351119195019 219.0667314529419 209.58771133422852
55.94401999189342 -3.187351119195019 NNW 55.944297155753176 -3.1874659242247283 219.0667314529419 208.33771133422852
55.944297155753176 -3.1874659242247283 SSE 55.94401999189342 -3.187351119195019 219.0667314529419 207.08771133422852
55.94401999189342 -3.187351119195019 NNE 55.944297155753176 -3.1872363141653093 219.0667314529419 205.83771133422852
55.944297155753176 -3.1872363141653093 SSW 55.94401999189342 -3.187351119195019 219.0667314529419 204.58771133422852
55.94401999189342 -3.187351119195019 NE 55.944232123927776 -3.187138987160663 219.0667314529419 203.33771133422852
55.944232123927776 -3.187138987160663 SW 55.94401999189342 -3.187351119195019 219.0667314529419 202.08771133422852
55.94401999189342 -3.187351119195019 NE 55.944232123927776 -3.187138987160663 219.0667314529419 200.83771133422852
55.944232123927776 -3.187138987160663 S 55.94393212392777 -3.187138987160663 219.0667314529419 199.58771133422852
55.94393212392777 -3.187138987160663 NW 55.94414425596213 -3.187351119195019 219.0667314529419 198.33771133422852
55.94414425596213 -3.187351119195019 SE 55.94393212392777 -3.187138987160663 219.0667314529419 197.08771133422852
55.94393212392777 -3.187138987160663 NW 55.94414425596213 -3.187351119195019 219.0667314529419 195.83771133422852
55.94414425596213 -3.187351119195019 SE 55.94393212392777 -3.187138987160663 219.0667314529419 194.58771133422852
55.94393212392777 -3.187138987160663 SW 55.94371999189342 -3.187351119195019 219.0667314529419 193.33771133422852
55.94371999189342 -3.187351119195019 NE 55.94393212392777 -3.187138987160663 219.0667314529419 192.08771133422852
55.94393212392777 -3.187138987160663 S 55.94363212392777 -3.187138987160663 219.0667314529419 190.83771133422852
55.94363212392777 -3.187138987160663 N 55.94393212392777 -3.187138987160663 219.0667314529419 189.58771133422852
55.94393212392777 -3.187138987160663 S 55.94363212392777 -3.187138987160663 219.0667314529419 188.33771133422852
55.94363212392777 -3.187138987160663 NNE 55.94390928778753 -3.1870241821309535 219.0667314529419 187.08771133422852
55.94390928778753 -3.1870241821309535 SSW 55.94363212392777 -3.187138987160663 219.0667314529419 185.83771133422852
55.94363212392777 -3.187138987160663 WSW 55.94351731889806 -3.1874161510204164 219.0667314529419 184.58771133422852
55.94351731889806 -3.1874161510204164 ENE 55.94363212392777 -3.187138987160663 219.0667314529419 183.33771133422852
55.94363212392777 -3.187138987160663 WSW 55.94351731889806 -3.1874161510204164 219.0667314529419 182.08771133422852
55.94351731889806 -3.1874161510204164 ENE 55.94363212392777 -3.187138987160663 219.0667314529419 180.83771133422852
55.94363212392777 -3.187138987160663 SW 55.943419991893414 -3.187351119195019 219.0667314529419 179.58771133422852
55.943419991893414 -3.187351119195019 NE 55.94363212392777 -3.187138987160663 219.0667314529419 178.33771133422852
55.94363212392777 -3.187138987160663 W 55.94363212392777 -3.187438987160663 219.0667314529419 177.08771133422852
55.94363212392777 -3.187438987160663 E 55.94363212392777 -3.187138987160663 219.0667314529419 175.83771133422852
55.94363212392777 -3.187138987160663 W 55.94363212392777 -3.187438987160663 219.0667314529419 174.58771133422852
55.94363212392777 -3.187438987160663 E 55.94363212392777 -3.187138987160663 219.0667314529419 173.33771133422852
55.94363212392777 -3.187138987160663 W 55.94363212392777 -3.187438987160663 219.0667314529419 172.08771133422852
55.94363212392777 -3.187438987160663 SSW 55.943354960068014 -3.1875537921903727 219.0667314529419 170.83771133422852
55.943354960068014 -3.1875537921903727 NNE 55.94363212392777 -3.187438987160663 219.0667314529419 169.58771133422852
55.94363212392777 -3.187438987160663 WSW 55.94351731889806 -3.1877161510204166 219.0667314529419 168.33771133422852
55.94351731889806 -3.1877161510204166 ENE 55.94363212392777 -3.187438987160663 219.0667314529419 167.08771133422852
55.94363212392777 -3.187438987160663 SSW 55.943354960068014 -3.1875537921903727 219.0667314529419 165.83771133422852
55.943354960068014 -3.1875537921903727 NNE 55.94363212392777 -3.187438987160663 219.0667314529419 164.58771133422852
55.94363212392777 -3.187438987160663 S 55.94333212392777 -3.187438987160663 219.0667314529419 163.33771133422852
55.94333212392777 -3.187438987160663 N 55.94363212392777 -3.187438987160663 219.0667314529419 162.08771133422852
55.94363212392777 -3.187438987160663 SSW 55.943354960068014 -3.1875537921903727 219.0667314529419 160.83771133422852
55.943354960068014 -3.1875537921903727 NNE 55.94363212392777 -3.187438987160663 219.0667314529419 159.58771133422852
55.94363212392777 -3.187438987160663 S 55.94333212392777 -3.187438987160663 219.0667314529419 158.33771133422852
55.94333212392777 -3.187438987160663 N 55.94363212392777 -3.187438987160663 219.0667314529419 157.08771133422852
55.94363212392777 -3.187438987160663 S 55.94333212392777 -3.187438987160663 219.0667314529419 155.83771133422852
55.94333212392777 -3.187438987160663 NW 55.943544255962124 -3.187651119195019 219.0667314529419 154.58771133422852
55.943544255962124 -3.187651119195019 SSE 55.94326709210237 -3.1875363141653095 219.0667314529419 153.33771133422852
55.94326709210237 -3.1875363141653095 N 55.94356709210237 -3.1875363141653095 219.0667314529419 152.08771133422852
55.94356709210237 -3.1875363141653095 S 55.94326709210237 -3.1875363141653095 219.0667314529419 150.83771133422852
55.94326709210237 -3.1875363141653095 WNW 55.94338189713208 -3.187813478025063 219.0667314529419 149.58771133422852
55.94338189713208 -3.187813478025063 ESE 55.94326709210237 -3.1875363141653095 219.0667314529419 148.33771133422852
55.94326709210237 -3.1875363141653095 ENE 55.94338189713208 -3.187259150305556 219.0667314529419 147.08771133422852
55.94338189713208 -3.187259150305556 WSW 55.94326709210237 -3.1875363141653095 219.0667314529419 145.83771133422852
55.94326709210237 -3.1875363141653095 ESE 55.94315228707266 -3.187259150305556 219.0667314529419 144.58771133422852
55.94315228707266 -3.187259150305556 WNW 55.94326709210237 -3.1875363141653095 219.0667314529419 143.33771133422852
55.94326709210237 -3.1875363141653095 SSW 55.94298992824261 -3.187651119195019 219.0667314529419 142.08771133422852
55.94298992824261 -3.187651119195019 NE 55.94320206027697 -3.187438987160663 219.0667314529419 140.83771133422852
55.94320206027697 -3.187438987160663 SW 55.94298992824261 -3.187651119195019 219.0667314529419 139.58771133422852
55.94298992824261 -3.187651119195019 NE 55.94320206027697 -3.187438987160663 219.0667314529419 138.33771133422852
55.94320206027697 -3.187438987160663 SW 55.94298992824261 -3.187651119195019 219.0667314529419 137.08771133422852
55.94298992824261 -3.187651119195019 ENE 55.94310473327232 -3.1873739553352656 219.0667314529419 135.83771133422852
55.94310473327232 -3.1873739553352656 WSW 55.94298992824261 -3.187651119195019 219.0667314529419 134.58771133422852
55.94298992824261 -3.187651119195019 E 55.94298992824261 -3.187351119195019 219.0667314529419 133.33771133422852
55.94298992824261 -3.187351119195019 NNE 55.94326709210237 -3.1872363141653093 219.0667314529419 132.08771133422852
55.94326709210237 -3.1872363141653093 SSW 55.94298992824261 -3.187351119195019 219.0667314529419 130.83771133422852
55.94298992824261 -3.187351119195019 NNE 55.94326709210237 -3.1872363141653093 219.0667314529419 129.58771133422852
55.94326709210237 -3.1872363141653093 SSW 55.94298992824261 -3.187351119195019 219.0667314529419 128.33771133422852
55.94298992824261 -3.187351119195019 NW 55.94320206027697 -3.1875632512293746 219.0667314529419 127.08771133422852
55.94320206027697 -3.1875632512293746 SE 55.94298992824261 -3.187351119195019 219.0667314529419 125.83771133422852
55.94298992824261 -3.187351119195019 NNW 55.94326709210237 -3.1874659242247283 219.0667314529419 124.58771133422852
55.94326709210237 -3.1874659242247283 SSE 55.94298992824261 -3.187351119195019 219.0667314529419 123.33771133422852
55.94298992824261 -3.187351119195019 NNE 55.94326709210237 -3.1872363141653093 219.0667314529419 122.08771133422852
55.94326709210237 -3.1872363141653093 SSW 55.94298992824261 -3.187351119195019 219.0667314529419 120.83771133422852
55.94298992824261 -3.187351119195019 NNE 55.94326709210237 -3.1872363141653093 219.0667314529419 119.58771133422852
55.94326709210237 -3.1872363141653093 W 55.94326709210237 -3.1875363141653095 219.0667314529419 118.33771133422852
55.94326709210237 -3.1875363141653095 ESE 55.94315228707266 -3.187259150305556 219.0667314529419 117.08771133422852
55.94315228707266 -3.187259150305556 NW 55.94336441910701 -3.187471282339912 219.0667314529419 115.83771133422852
55.94336441910701 -3.187471282339912 SE 55.94315228707266 -3.187259150305556 219.0667314529419 114.58771133422852
55.94315228707266 -3.187259150305556 NW 55.94336441910701 -3.187471282339912 219.0667314529419 113.33771133422852
55.94336441910701 -3.187471282339912 ESE 55.9432496140773 -3.1871941184801584 219.0667314529419 112.08771133422852
55.9432496140773 -3.1871941184801584 NW 55.94346174611166 -3.187406250514514 219.0667314529419 110.83771133422852
55.94346174611166 -3.187406250514514 SE 55.9432496140773 -3.1871941184801584 219.0667314529419 109.58771133422852
55.9432496140773 -3.1871941184801584 NW 55.94346174611166 -3.187406250514514 219.0667314529419 108.33771133422852
55.94346174611166 -3.187406250514514 SE 55.9432496140773 -3.1871941184801584 219.0667314529419 107.08771133422852
55.9432496140773 -3.1871941184801584 W 55.9432496140773 -3.1874941184801586 245.01416301727295 191.48784255981445
55.9432496140773 -3.1874941184801586 E 55.9432496140773 -3.1871941184801584 245.01416301727295 190.23784255981445
55.9432496140773 -3.1871941184801584 NW 55.94346174611166 -3.187406250514514 245.01416301727295 188.98784255981445
55.94346174611166 -3.187406250514514 SE 55.9432496140773 -3.1871941184801584 245.01416301727295 187.73784255981445
55.9432496140773 -3.1871941184801584 NNW 55.94352677793706 -3.187308923509868 245.01416301727295 186.48784255981445
55.94352677793706 -3.187308923509868 SSE 55.9432496140773 -3.1871941184801584 245.01416301727295 185.23784255981445
55.9432496140773 -3.1871941184801584 E 55.9432496140773 -3.1868941184801582 245.01416301727295 183.98784255981445
55.9432496140773 -3.1868941184801582 W 55.9432496140773 -3.1871941184801584 245.01416301727295 182.73784255981445
55.9432496140773 -3.1871941184801584 E 55.9432496140773 -3.1868941184801582 245.01416301727295 181.48784255981445
55.9432496140773 -3.1868941184801582 NW 55.94346174611166 -3.187106250514514 245.01416301727295 180.23784255981445
55.94346174611166 -3.187106250514514 SSW 55.9431845822519 -3.1872210555442235 245.01416301727295 178.98784255981445
55.9431845822519 -3.1872210555442235 NNE 55.94346174611166 -3.187106250514514 245.01416301727295 177.73784255981445
55.94346174611166 -3.187106250514514 NNW 55.943738909971415 -3.1872210555442235 245.01416301727295 176.48784255981445
55.943738909971415 -3.1872210555442235 SSE 55.94346174611166 -3.187106250514514 245.01416301727295 175.23784255981445
55.94346174611166 -3.187106250514514 SSE 55.9431845822519 -3.1869914454848045 245.01416301727295 173.98784255981445
55.9431845822519 -3.1869914454848045 NNW 55.94346174611166 -3.187106250514514 245.01416301727295 172.73784255981445
55.94346174611166 -3.187106250514514 SE 55.9432496140773 -3.1868941184801582 245.01416301727295 171.48784255981445
55.9432496140773 -3.1868941184801582 NW 55.94346174611166 -3.187106250514514 245.01416301727295 170.23784255981445
55.94346174611166 -3.187106250514514 SSE 55.9431845822519 -3.1869914454848045 245.01416301727295 168.98784255981445
55.9431845822519 -3.1869914454848045 NE 55.94339671428626 -3.1867793134504487 321.2837018966675 212.52813339233398
55.94339671428626 -3.1867793134504487 SW 55.9431845822519 -3.1869914454848045 321.2837018966675 211.27813339233398
55.9431845822519 -3.1869914454848045 E 55.9431845822519 -3.1866914454848043 321.2837018966675 210.02813339233398
55.9431845822519 -3.1866914454848043 W 55.9431845822519 -3.1869914454848045 321.2837018966675 208.77813339233398
55.9431845822519 -3.1869914454848045 ENE 55.94329938728161 -3.186714281625051 321.2837018966675 207.52813339233398
55.94329938728161 -3.186714281625051 W 55.94329938728161 -3.1870142816250513 321.2837018966675 206.27813339233398
55.94329938728161 -3.1870142816250513 E 55.94329938728161 -3.186714281625051 321.2837018966675 205.02813339233398
55.94329938728161 -3.186714281625051 W 55.94329938728161 -3.1870142816250513 321.2837018966675 203.77813339233398
55.94329938728161 -3.1870142816250513 NE 55.94351151931597 -3.1868021495906955 321.2837018966675 202.52813339233398
55.94351151931597 -3.1868021495906955 SW 55.94329938728161 -3.1870142816250513 321.2837018966675 201.27813339233398
55.94329938728161 -3.1870142816250513 NE 55.94351151931597 -3.1868021495906955 321.2837018966675 200.02813339233398
55.94351151931597 -3.1868021495906955 SSE 55.94323435545621 -3.186687344560986 321.2837018966675 198.77813339233398
55.94323435545621 -3.186687344560986 NW 55.94344648749057 -3.186899476595342 321.2837018966675 197.52813339233398
55.94344648749057 -3.186899476595342 SE 55.94323435545621 -3.186687344560986 321.2837018966675 196.27813339233398
55.94323435545621 -3.186687344560986 NW 55.94344648749057 -3.186899476595342 321.2837018966675 195.02813339233398
55.94344648749057 -3.186899476595342 SE 55.94323435545621 -3.186687344560986 321.2837018966675 193.77813339233398
55.94323435545621 -3.186687344560986 W 55.94323435545621 -3.186987344560986 321.2837018966675 192.52813339233398
55.94323435545621 -3.186987344560986 SE 55.943022223421856 -3.1867752125266304 321.2837018966675 191.27813339233398
55.943022223421856 -3.1867752125266304 NW 55.94323435545621 -3.186987344560986 321.2837018966675 190.02813339233398
55.94323435545621 -3.186987344560986 SE 55.943022223421856 -3.1867752125266304 321.2837018966675 188.77813339233398
55.943022223421856 -3.1867752125266304 WSW 55.942907418392146 -3.187052376386384 321.2837018966675 187.52813339233398
55.942907418392146 -3.187052376386384 ENE 55.943022223421856 -3.1867752125266304 321.2837018966675 186.27813339233398
55.943022223421856 -3.1867752125266304 ESE 55.942907418392146 -3.186498048666877 321.2837018966675 185.02813339233398
55.942907418392146 -3.186498048666877 WNW 55.943022223421856 -3.1867752125266304 321.2837018966675 183.77813339233398
55.943022223421856 -3.1867752125266304 ESE 55.942907418392146 -3.186498048666877 321.2837018966675 182.52813339233398
55.942907418392146 -3.186498048666877 W 55.942907418392146 -3.186798048666877 321.2837018966675 181.27813339233398
55.942907418392146 -3.186798048666877 ENE 55.943022223421856 -3.186520884807124 321.2837018966675 180.02813339233398
55.943022223421856 -3.186520884807124 WSW 55.942907418392146 -3.186798048666877 321.2837018966675 178.77813339233398
55.942907418392146 -3.186798048666877 E 55.942907418392146 -3.186498048666877 321.2837018966675 177.52813339233398
55.942907418392146 -3.186498048666877 W 55.942907418392146 -3.186798048666877 321.2837018966675 176.27813339233398
55.942907418392146 -3.186798048666877 E 55.942907418392146 -3.186498048666877 321.2837018966675 175.02813339233398
55.942907418392146 -3.186498048666877 W 55.942907418392146 -3.186798048666877 321.2837018966675 173.77813339233398
55.942907418392146 -3.186798048666877 SSW 55.94263025453239 -3.1869128536965867 321.2837018966675 172.52813339233398
55.94263025453239 -3.1869128536965867 NNE 55.942907418392146 -3.186798048666877 321.2837018966675 171.27813339233398
55.942907418392146 -3.186798048666877 SSW 55.94263025453239 -3.1869128536965867 321.2837018966675 170.02813339233398
55.94263025453239 -3.1869128536965867 NNE 55.942907418392146 -3.186798048666877 321.2837018966675 168.77813339233398
55.942907418392146 -3.186798048666877 W 55.942907418392146 -3.1870980486668774 321.2837018966675 167.52813339233398
55.942907418392146 -3.1870980486668774 ESE 55.942792613362435 -3.186820884807124 321.2837018966675 166.27813339233398
55.942792613362435 -3.186820884807124 NW 55.94300474539679 -3.1870330168414798 321.2837018966675 165.02813339233398
55.94300474539679 -3.1870330168414798 SE 55.942792613362435 -3.186820884807124 321.2837018966675 163.77813339233398
55.942792613362435 -3.186820884807124 N 55.94309261336244 -3.186820884807124 321.2837018966675 162.52813339233398
55.94309261336244 -3.186820884807124 S 55.942792613362435 -3.186820884807124 321.2837018966675 161.27813339233398
55.942792613362435 -3.186820884807124 NW 55.94300474539679 -3.1870330168414798 321.2837018966675 160.02813339233398
55.94300474539679 -3.1870330168414798 NNE 55.94328190925655 -3.1869182118117703 321.2837018966675 158.77813339233398
55.94328190925655 -3.1869182118117703 WSW 55.94316710422684 -3.1871953756715237 321.2837018966675 157.52813339233398
55.94316710422684 -3.1871953756715237 SE 55.94295497219248 -3.186983243637168 321.2837018966675 156.27813339233398
55.94295497219248 -3.186983243637168 W 55.94295497219248 -3.187283243637168 321.2837018966675 155.02813339233398
55.94295497219248 -3.187283243637168 E 55.94295497219248 -3.186983243637168 321.2837018966675 153.77813339233398
55.94295497219248 -3.186983243637168 WSW 55.94284016716277 -3.1872604074969213 321.2837018966675 152.52813339233398
55.94284016716277 -3.1872604074969213 ESE 55.94272536213306 -3.186983243637168 321.2837018966675 151.27813339233398
55.94272536213306 -3.186983243637168 WNW 55.94284016716277 -3.1872604074969213 321.2837018966675 150.02813339233398
55.94284016716277 -3.1872604074969213 ESE 55.94272536213306 -3.186983243637168 321.2837018966675 148.77813339233398
55.94272536213306 -3.186983243637168 WNW 55.94284016716277 -3.1872604074969213 321.2837018966675 147.52813339233398
55.94284016716277 -3.1872604074969213 SE 55.942628035128415 -3.1870482754625655 321.2837018966675 146.27813339233398
55.942628035128415 -3.1870482754625655 WNW 55.942742840158125 -3.187325439322319 321.2837018966675 145.02813339233398
55.942742840158125 -3.187325439322319 ESE 55.942628035128415 -3.1870482754625655 321.2837018966675 143.77813339233398
55.942628035128415 -3.1870482754625655 E 55.942628035128415 -3.1867482754625653 321.2837018966675 142.52813339233398
55.942628035128415 -3.1867482754625653 W 55.942628035128415 -3.1870482754625655 321.2837018966675 141.27813339233398
55.942628035128415 -3.1870482754625655 W 55.942628035128415 -3.1873482754625657 321.2837018966675 140.02813339233398
55.942628035128415 -3.1873482754625657 ENE 55.942742840158125 -3.1870711116028123 321.2837018966675 138.77813339233398
55.942742840158125 -3.1870711116028123 WSW 55.942628035128415 -3.1873482754625657 321.2837018966675 137.52813339233398
55.942628035128415 -3.1873482754625657 ENE 55.942742840158125 -3.1870711116028123 321.2837018966675 136.27813339233398
55.942742840158125 -3.1870711116028123 WSW 55.942628035128415 -3.1873482754625657 321.2837018966675 135.02813339233398
55.942628035128415 -3.1873482754625657 ENE 55.942742840158125 -3.1870711116028123 321.2837018966675 133.77813339233398
55.942742840158125 -3.1870711116028123 WSW 55.942628035128415 -3.1873482754625657 321.2837018966675 132.52813339233398
55.942628035128415 -3.1873482754625657 NE 55.94284016716277 -3.18713614342821 321.2837018966675 131.27813339233398
55.94284016716277 -3.18713614342821 SW 55.942628035128415 -3.1873482754625657 321.2837018966675 130.02813339233398
55.942628035128415 -3.1873482754625657 N 55.94292803512842 -3.1873482754625657 321.2837018966675 128.77813339233398
55.94292803512842 -3.1873482754625657 SSE 55.94265087126866 -3.187233470432856 321.2837018966675 127.52813339233398
55.94265087126866 -3.187233470432856 NNW 55.94292803512842 -3.1873482754625657 321.2837018966675 126.27813339233398
55.94292803512842 -3.1873482754625657 SE 55.94271590309406 -3.18713614342821 321.2837018966675 125.02813339233398
