55.944425 -3.188396 S 55.944125 -3.188396 0.0 248.75
55.944125 -3.188396 N 55.944425 -3.188396 63.775421142578125 247.8231837451458
55.944425 -3.188396 ESE 55.94431019497029 -3.1881188361402466 63.775421142578125 246.5731837451458
55.94431019497029 -3.1881188361402466 WNW 55.944425 -3.188396 63.775421142578125 245.3231837451458
55.944425 -3.188396 SE 55.944212867965646 -3.1881838679656442 63.775421142578125 244.0731837451458
55.944212867965646 -3.1881838679656442 NW 55.944425 -3.188396 63.775421142578125 242.8231837451458
55.944425 -3.188396 ESE 55.94431019497029 -3.1881188361402466 63.775421142578125 241.5731837451458
55.94431019497029 -3.1881188361402466 SSW 55.944033031110536 -3.188233641169956 63.775421142578125 240.3231837451458
55.944033031110536 -3.188233641169956 E 55.944033031110536 -3.187933641169956 63.775421142578125 239.0731837451458
55.944033031110536 -3.187933641169956 WNW 55.944147836140246 -3.1882108050297093 63.775421142578125 237.8231837451458
55.944147836140246 -3.1882108050297093 W 55.944147836140246 -3.1885108050297095 63.775421142578125 236.5731837451458
55.944147836140246 -3.1885108050297095 ESE 55.944033031110536 -3.188233641169956 63.775421142578125 235.3231837451458
55.944033031110536 -3.188233641169956 WNW 55.944147836140246 -3.1885108050297095 63.775421142578125 234.0731837451458
55.944147836140246 -3.1885108050297095 N 55.94444783614025 -3.1885108050297095 63.775421142578125 232.8231837451458
55.94444783614025 -3.1885108050297095 SSW 55.94417067228049 -3.188625610059419 63.775421142578125 231.5731837451458
55.94417067228049 -3.188625610059419 W 55.94417067228049 -3.188925610059419 63.775421142578125 230.3231837451458
55.94417067228049 -3.188925610059419 E 55.94417067228049 -3.188625610059419 63.775421142578125 229.0731837451458
55.94417067228049 -3.188625610059419 NE 55.94438280431485 -3.1884134780250633 63.775421142578125 227.8231837451458
55.94438280431485 -3.1884134780250633 SSW 55.94410564045509 -3.1885282830547728 63.775421142578125 226.5731837451458
55.94410564045509 -3.1885282830547728 S 55.94380564045509 -3.1885282830547728 63.775421142578125 225.3231837451458
55.94380564045509 -3.1885282830547728 SE 55.94359350842073 -3.188316151020417 63.775421142578125 224.0731837451458
55.94359350842073 -3.188316151020417 WNW 55.94370831345044 -3.1885933148801704 63.775421142578125 222.8231837451458
55.94370831345044 -3.1885933148801704 SSE 55.94343114959069 -3.188478509850461 63.775421142578125 221.5731837451458
55.94343114959069 -3.188478509850461 N 55.94373114959069 -3.188478509850461 63.775421142578125 220.3231837451458
55.94373114959069 -3.188478509850461 SSE 55.94345398573093 -3.1883637048207514 63.775421142578125 219.0731837451458
55.94345398573093 -3.1883637048207514 SSW 55.94317682187118 -3.188478509850461 93.52700614929199 320.5134913623333
55.94317682187118 -3.188478509850461 NNE 55.94345398573093 -3.1883637048207514 93.52700614929199 319.2634913623333
55.94345398573093 -3.1883637048207514 E 55.94345398573093 -3.188063704820751 93.52700614929199 318.0134913623333
55.94345398573093 -3.188063704820751 WNW 55.943568790760644 -3.1883408686805046 93.52700614929199 316.7634913623333
55.943568790760644 -3.1883408686805046 ESE 55.94345398573093 -3.188063704820751 93.52700614929199 315.5134913623333
55.94345398573093 -3.188063704820751 WNW 55.943568790760644 -3.1883408686805046 93.52700614929199 314.2634913623333
55.943568790760644 -3.1883408686805046 E 55.943568790760644 -3.1880408686805044 93.52700614929199 313.0134913623333
55.943568790760644 -3.1880408686805044 SSE 55.94329162690089 -3.187926063650795 93.52700614929199 311.7634913623333
55.94329162690089 -3.187926063650795 NNE 55.943568790760644 -3.1878112586210854 93.52700614929199 310.5134913623333
55.943568790760644 -3.1878112586210854 W 55.943568790760644 -3.1881112586210856 93.52700614929199 309.2634913623333
55.943568790760644 -3.1881112586210856 E 55.943568790760644 -3.1878112586210854 93.52700614929199 308.0134913623333
55.943568790760644 -3.1878112586210854 N 55.94386879076065 -3.1878112586210854 93.52700614929199 306.7634913623333
55.94386879076065 -3.1878112586210854 S 55.943568790760644 -3.1878112586210854 93.52700614929199 305.5134913623333
55.943568790760644 -3.1878112586210854 NE 55.943780922795 -3.1875991265867296 179.23407554626465 372.4852626025677
55.943780922795 -3.1875991265867296 SW 55.943568790760644 -3.1878112586210854 179.23407554626465 371.2352626025677
55.943568790760644 -3.1878112586210854 SSW 55.94329162690089 -3.187926063650795 179.23407554626465 369.9852626025677
55.94329162690089 -3.187926063650795 ENE 55.9434064319306 -3.1876488997910415 179.29704309999943 486.18779250979424
55.9434064319306 -3.1876488997910415 WSW 55.94329162690089 -3.187926063650795 179.29704309999943 484.93779250979424
55.94329162690089 -3.187926063650795 NW 55.94350375893524 -3.1881381956851507 179.29704309999943 483.68779250979424
55.94350375893524 -3.1881381956851507 SSE 55.94322659507549 -3.188023390655441 179.29704309999943 482.43779250979424
55.94322659507549 -3.188023390655441 SSE 55.94294943121573 -3.1879085856257317 179.29704309999943 481.18779250979424
55.94294943121573 -3.1879085856257317 NW 55.94316156325009 -3.1881207176600874 261.6522677093744 590.2746226489544
55.94316156325009 -3.1881207176600874 NNW 55.94343872710984 -3.188235522689797 261.6522677093744 589.0246226489544
55.94343872710984 -3.188235522689797 SSE 55.94316156325009 -3.1881207176600874 261.6522677093744 587.7746226489544
55.94316156325009 -3.1881207176600874 NE 55.94337369528444 -3.1879085856257317 261.6522677093744 586.5246226489544
55.94337369528444 -3.1879085856257317 SW 55.94316156325009 -3.1881207176600874 261.6522677093744 585.2746226489544
55.94316156325009 -3.1881207176600874 NW 55.94337369528444 -3.188332849694443 261.6522677093744 584.0246226489544
55.94337369528444 -3.188332849694443 SE 55.94316156325009 -3.1881207176600874 261.6522677093744 582.7746226489544
55.94316156325009 -3.1881207176600874 NW 55.94337369528444 -3.188332849694443 261.6522677093744 581.5246226489544
55.94337369528444 -3.188332849694443 SSW 55.943096531424686 -3.1884476547241527 261.6522677093744 580.2746226489544
55.943096531424686 -3.1884476547241527 SSE 55.94281936756493 -3.188332849694443 261.6522677093744 579.0246226489544
55.94281936756493 -3.188332849694443 NNE 55.943096531424686 -3.1882180446647337 261.6522677093744 577.7746226489544
55.943096531424686 -3.1882180446647337 S 55.94279653142468 -3.1882180446647337 261.6522677093744 576.5246226489544
55.94279653142468 -3.1882180446647337 E 55.94279653142468 -3.1879180446647335 355.6238253265619 651.4700648486614
55.94279653142468 -3.1879180446647335 WSW 55.94268172639497 -3.188195208524487 355.6238253265619 650.2200648486614
55.94268172639497 -3.188195208524487 ENE 55.94279653142468 -3.1879180446647335 355.6238253265619 648.9700648486614
55.94279653142468 -3.1879180446647335 ENE 55.942911336454394 -3.18764088080498 382.6591208130121 700.3552729785442
55.942911336454394 -3.18764088080498 W 55.942911336454394 -3.1879408808049803 382.6591208130121 699.1052729785442
55.942911336454394 -3.1879408808049803 ESE 55.94279653142468 -3.187663716945227 382.6591208130121 697.8552729785442
55.94279653142468 -3.187663716945227 NE 55.94300866345904 -3.187451584910871 410.61284662783146 748.9378955066204
55.94300866345904 -3.187451584910871 SSW 55.94273149959928 -3.1875663899405806 410.61284662783146 747.6878955066204
55.94273149959928 -3.1875663899405806 E 55.94273149959928 -3.1872663899405804 438.46080996096134 805.2427890002728
55.94273149959928 -3.1872663899405804 NW 55.94294363163364 -3.187478521974936 438.46080996096134 803.9927890002728
55.94294363163364 -3.187478521974936 SE 55.94273149959928 -3.1872663899405804 438.46080996096134 802.7427890002728
55.94273149959928 -3.1872663899405804 NW 55.94294363163364 -3.187478521974936 438.46080996096134 801.4927890002728
55.94294363163364 -3.187478521974936 SE 55.94273149959928 -3.1872663899405804 438.46080996096134 800.2427890002728
55.94273149959928 -3.1872663899405804 ENE 55.94284630462899 -3.186989226080827 438.46080996096134 798.9927890002728
55.94284630462899 -3.186989226080827 SW 55.94263417259464 -3.187201358115183 552.8611548095942 822.9542052447796
55.94263417259464 -3.187201358115183 E 55.94263417259464 -3.1869013581151826 552.8611548095942 821.7042052447796
55.94263417259464 -3.1869013581151826 W 55.94263417259464 -3.187201358115183 552.8611548095942 820.4542052447796
55.94263417259464 -3.187201358115183 NE 55.94284630462899 -3.186989226080827 552.8611548095942 819.2042052447796
55.94284630462899 -3.186989226080827 SE 55.94263417259464 -3.1867770940464712 552.8611548095942 817.9542052447796
55.94263417259464 -3.1867770940464712 NW 55.94284630462899 -3.186989226080827 552.8611548095942 816.7042052447796
55.94284630462899 -3.186989226080827 N 55.943146304628996 -3.186989226080827 642.5293600708246 894.4062392413616
55.943146304628996 -3.186989226080827 E 55.943146304628996 -3.186689226080827 642.5293600708246 893.1562392413616
55.943146304628996 -3.186689226080827 WNW 55.94326110965871 -3.1869663899405802 642.5293600708246 891.9062392413616
55.94326110965871 -3.1869663899405802 ENE 55.94337591468842 -3.186689226080827 642.5293600708246 890.6562392413616
55.94337591468842 -3.186689226080827 NNW 55.943653078548174 -3.1868040311105363 642.5293600708246 889.4062392413616
55.943653078548174 -3.1868040311105363 NNW 55.94393024240793 -3.186918836140246 644.5735001713037 965.554768294096
55.94393024240793 -3.186918836140246 SSE 55.943653078548174 -3.1868040311105363 644.5735001713037 964.304768294096
55.943653078548174 -3.1868040311105363 NNW 55.94393024240793 -3.186918836140246 644.5735001713037 963.054768294096
55.94393024240793 -3.186918836140246 ESE 55.94381543737822 -3.1866416722804924 644.5735001713037 961.804768294096
55.94381543737822 -3.1866416722804924 NNW 55.944092601237976 -3.186756477310202 644.5735001713037 960.554768294096
55.944092601237976 -3.186756477310202 SSE 55.94381543737822 -3.1866416722804924 644.5735001713037 959.304768294096
55.94381543737822 -3.1866416722804924 NNW 55.944092601237976 -3.186756477310202 644.5735001713037 958.054768294096
55.944092601237976 -3.186756477310202 NW 55.94430473327233 -3.1869686093445577 644.5735001713037 956.804768294096
55.94430473327233 -3.1869686093445577 SE 55.944092601237976 -3.186756477310202 644.5735001713037 955.554768294096
55.944092601237976 -3.186756477310202 NW 55.94430473327233 -3.1869686093445577 644.5735001713037 954.304768294096
55.94430473327233 -3.1869686093445577 W 55.94430473327233 -3.187268609344558 644.5735001713037 953.054768294096
55.94430473327233 -3.187268609344558 ESE 55.94418992824262 -3.1869914454848045 644.5735001713037 951.804768294096
55.94418992824262 -3.1869914454848045 W 55.94418992824262 -3.1872914454848047 644.5735001713037 950.554768294096
55.94418992824262 -3.1872914454848047 ENE 55.94430473327233 -3.1870142816250513 644.5735001713037 949.304768294096
55.94430473327233 -3.1870142816250513 SW 55.944092601237976 -3.187226413659407 644.5735001713037 948.054768294096
55.944092601237976 -3.187226413659407 W 55.944092601237976 -3.1875264136594073 644.5735001713037 946.804768294096
55.944092601237976 -3.1875264136594073 NE 55.94430473327233 -3.1873142816250515 644.5735001713037 945.554768294096
55.94430473327233 -3.1873142816250515 S 55.94400473327233 -3.1873142816250515 644.5735001713037 944.304768294096
55.94400473327233 -3.1873142816250515 N 55.94430473327233 -3.1873142816250515 644.5735001713037 943.054768294096
55.94430473327233 -3.1873142816250515 E 55.94430473327233 -3.1870142816250513 644.5735001713037 941.804768294096
55.94430473327233 -3.1870142816250513 W 55.94430473327233 -3.1873142816250515 644.5735001713037 940.554768294096
55.94430473327233 -3.1873142816250515 NNW 55.94458189713209 -3.187429086654761 644.5735001713037 939.304768294096
55.94458189713209 -3.187429086654761 SE 55.94436976509773 -3.187216954620405 644.5735001713037 938.054768294096
55.94436976509773 -3.187216954620405 WNW 55.94448457012744 -3.1874941184801586 644.5735001713037 936.804768294096
55.94448457012744 -3.1874941184801586 ENE 55.94459937515715 -3.187216954620405 644.5735001713037 935.554768294096
55.94459937515715 -3.187216954620405 SSE 55.9443222112974 -3.1871021495906957 644.5735001713037 934.304768294096
55.9443222112974 -3.1871021495906957 NNW 55.94459937515715 -3.187216954620405 644.5735001713037 933.054768294096
55.94459937515715 -3.187216954620405 S 55.94429937515715 -3.187216954620405 644.5735001713037 931.804768294096
55.94429937515715 -3.187216954620405 N 55.94459937515715 -3.187216954620405 644.5735001713037 930.554768294096
55.94459937515715 -3.187216954620405 NE 55.94481150719151 -3.1870048225860494 644.5735001713037 929.304768294096
55.94481150719151 -3.1870048225860494 SW 55.94459937515715 -3.187216954620405 644.5735001713037 928.054768294096
55.94459937515715 -3.187216954620405 ENE 55.944714180186864 -3.186939790760652 644.5735001713037 926.804768294096
55.944714180186864 -3.186939790760652 NW 55.94492631222122 -3.1871519227950076 718.8721375614405 1038.5195738971233
55.94492631222122 -3.1871519227950076 ENE 55.94504111725093 -3.186874758935254 718.8721375614405 1037.2695738971233
55.94504111725093 -3.186874758935254 S 55.94474111725093 -3.186874758935254 718.8721375614405 1036.0195738971233
55.94474111725093 -3.186874758935254 N 55.94504111725093 -3.186874758935254 718.8721375614405 1034.7695738971233
55.94504111725093 -3.186874758935254 N 55.94534111725093 -3.186874758935254 718.8721375614405 1033.5195738971233
55.94534111725093 -3.186874758935254 SE 55.94512898521658 -3.1866626269008984 718.8721375614405 1032.2695738971233
55.94512898521658 -3.1866626269008984 WSW 55.94501418018687 -3.186939790760652 718.8721375614405 1031.0195738971233
55.94501418018687 -3.186939790760652 ESE 55.944899375157156 -3.1866626269008984 718.8721375614405 1029.7695738971233
55.944899375157156 -3.1866626269008984 N 55.94519937515716 -3.1866626269008984 718.8721375614405 1028.5195738971233
55.94519937515716 -3.1866626269008984 S 55.944899375157156 -3.1866626269008984 718.8721375614405 1027.2695738971233
55.944899375157156 -3.1866626269008984 NNE 55.94517653901691 -3.186547821871189 718.8721375614405 1026.0195738971233
55.94517653901691 -3.186547821871189 SE 55.94496440698256 -3.186335689836833 718.8721375614405 1024.7695738971233
55.94496440698256 -3.186335689836833 NW 55.94517653901691 -3.186547821871189 718.8721375614405 1023.5195738971233
55.94517653901691 -3.186547821871189 NNE 55.94545370287667 -3.1864330168414794 718.8721375614405 1022.2695738971233
55.94545370287667 -3.1864330168414794 SW 55.94524157084231 -3.186645148875835 718.8721375614405 1021.0195738971233
55.94524157084231 -3.186645148875835 E 55.94524157084231 -3.186345148875835 718.8721375614405 1019.7695738971233
55.94524157084231 -3.186345148875835 W 55.94524157084231 -3.186645148875835 718.8721375614405 1018.5195738971233
55.94524157084231 -3.186645148875835 ESE 55.9451267658126 -3.1863679850160818 718.8721375614405 1017.2695738971233
55.9451267658126 -3.1863679850160818 E 55.9451267658126 -3.1860679850160816 803.7630295902491 1091.4608046710491
55.9451267658126 -3.1860679850160816 W 55.9451267658126 -3.1863679850160818 803.7630295902491 1090.2108046710491
55.9451267658126 -3.1863679850160818 E 55.9451267658126 -3.1860679850160816 803.7630295902491 1088.9608046710491
55.9451267658126 -3.1860679850160816 ENE 55.94524157084231 -3.185790821156328 803.7630295902491 1087.7108046710491
55.94524157084231 -3.185790821156328 WSW 55.9451267658126 -3.1860679850160816 803.7630295902491 1086.4608046710491
55.9451267658126 -3.1860679850160816 ENE 55.94524157084231 -3.185790821156328 803.7630295902491 1085.2108046710491
55.94524157084231 -3.185790821156328 S 55.94494157084231 -3.185790821156328 803.7630295902491 1083.9608046710491
55.94494157084231 -3.185790821156328 N 55.94524157084231 -3.185790821156328 803.7630295902491 1082.7108046710491
55.94524157084231 -3.185790821156328 SSW 55.94496440698256 -3.1859056261860377 803.7630295902491 1081.4608046710491
55.94496440698256 -3.1859056261860377 NE 55.94517653901691 -3.185693494151682 803.7630295902491 1080.2108046710491
55.94517653901691 -3.185693494151682 SW 55.94496440698256 -3.1859056261860377 803.7630295902491 1078.9608046710491
55.94496440698256 -3.1859056261860377 NW 55.94517653901691 -3.1861177582203934 803.7630295902491 1077.7108046710491
55.94517653901691 -3.1861177582203934 SE 55.94496440698256 -3.1859056261860377 803.7630295902491 1076.4608046710491
55.94496440698256 -3.1859056261860377 W 55.94496440698256 -3.186205626186038 803.7630295902491 1075.2108046710491
55.94496440698256 -3.186205626186038 E 55.94496440698256 -3.1859056261860377 803.7630295902491 1073.9608046710491
55.94496440698256 -3.1859056261860377 S 55.944664406982554 -3.1859056261860377 803.7630295902491 1072.7108046710491
55.944664406982554 -3.1859056261860377 NNE 55.94494157084231 -3.185790821156328 803.7630295902491 1071.4608046710491
55.94494157084231 -3.185790821156328 S 55.94464157084231 -3.185790821156328 824.9788117557764 1086.298004835844
55.94464157084231 -3.185790821156328 N 55.94494157084231 -3.185790821156328 824.9788117557764 1085.048004835844
55.94494157084231 -3.185790821156328 SSE 55.944664406982554 -3.1856760161266187 824.9788117557764 1083.798004835844
55.944664406982554 -3.1856760161266187 WSW 55.94454960195284 -3.185953179986372 824.9788117557764 1082.548004835844
55.94454960195284 -3.185953179986372 ESE 55.94443479692313 -3.1856760161266187 824.9788117557764 1081.298004835844
55.94443479692313 -3.1856760161266187 SW 55.94422266488878 -3.1858881481609744 824.9788117557764 1080.048004835844
55.94422266488878 -3.1858881481609744 NE 55.94443479692313 -3.1856760161266187 824.9788117557764 1078.798004835844
55.94443479692313 -3.1856760161266187 E 55.94443479692313 -3.1853760161266185 824.9788117557764 1077.548004835844
55.94443479692313 -3.1853760161266185 SSW 55.94415763306338 -3.185490821156328 824.9788117557764 1076.298004835844
55.94415763306338 -3.185490821156328 NNE 55.94443479692313 -3.1853760161266185 824.9788117557764 1075.048004835844
55.94443479692313 -3.1853760161266185 S 55.94413479692313 -3.1853760161266185 824.9788117557764 1073.798004835844
55.94413479692313 -3.1853760161266185 ENE 55.94424960195284 -3.185098852266865 824.9788117557764 1072.548004835844
55.94424960195284 -3.185098852266865 NW 55.9444617339872 -3.185310984301221 824.9788117557764 1071.298004835844
55.9444617339872 -3.185310984301221 ESE 55.944346928957486 -3.1850338204414674 824.9788117557764 1070.048004835844
55.944346928957486 -3.1850338204414674 E 55.944346928957486 -3.1847338204414672 824.9788117557764 1068.798004835844
55.944346928957486 -3.1847338204414672 W 55.944346928957486 -3.1850338204414674 824.9788117557764 1067.548004835844
55.944346928957486 -3.1850338204414674 E 55.944346928957486 -3.1847338204414672 824.9788117557764 1066.298004835844
55.944346928957486 -3.1847338204414672 N 55.94464692895749 -3.1847338204414672 824.9788117557764 1065.048004835844
55.94464692895749 -3.1847338204414672 S 55.944346928957486 -3.1847338204414672 824.9788117557764 1063.798004835844
55.944346928957486 -3.1847338204414672 WSW 55.944232123927776 -3.1850109843012206 824.9788117557764 1062.548004835844
55.944232123927776 -3.1850109843012206 E 55.944232123927776 -3.1847109843012205 824.9788117557764 1061.298004835844
55.944232123927776 -3.1847109843012205 SSW 55.94395496006802 -3.18482578933093 824.9788117557764 1060.048004835844
55.94395496006802 -3.18482578933093 N 55.94425496006802 -3.18482578933093 886.5725960880518 1110.7701270282269
55.94425496006802 -3.18482578933093 S 55.94395496006802 -3.18482578933093 886.5725960880518 1109.5201270282269
55.94395496006802 -3.18482578933093 SSW 55.94367779620826 -3.1849405943606395 932.1379990726709 1223.7100302875042
55.94367779620826 -3.1849405943606395 NNE 55.94395496006802 -3.18482578933093 932.1379990726709 1222.4600302875042
55.94395496006802 -3.18482578933093 WSW 55.94384015503831 -3.1851029531906834 932.1379990726709 1221.2100302875042
55.94384015503831 -3.1851029531906834 ENE 55.94395496006802 -3.18482578933093 932.1379990726709 1219.9600302875042
55.94395496006802 -3.18482578933093 W 55.94395496006802 -3.18512578933093 932.1379990726709 1218.7100302875042
55.94395496006802 -3.18512578933093 WNW 55.94406976509773 -3.1854029531906836 932.1379990726709 1217.4600302875042
55.94406976509773 -3.1854029531906836 SE 55.943857633063374 -3.185190821156328 932.1379990726709 1216.2100302875042
55.943857633063374 -3.185190821156328 NW 55.94406976509773 -3.1854029531906836 932.1379990726709 1214.9600302875042
55.94406976509773 -3.1854029531906836 SW 55.943857633063374 -3.1856150852250393 932.1379990726709 1213.7100302875042
55.943857633063374 -3.1856150852250393 NE 55.94406976509773 -3.1854029531906836 932.1379990726709 1212.4600302875042
55.94406976509773 -3.1854029531906836 NNW 55.944346928957486 -3.185517758220393 932.1379990726709 1211.2100302875042
55.944346928957486 -3.185517758220393 NE 55.94455906099184 -3.1853056261860373 953.2887902408838 1326.9715354144573
55.94455906099184 -3.1853056261860373 ESE 55.94444425596213 -3.185028462326284 953.2887902408838 1325.7215354144573
55.94444425596213 -3.185028462326284 NW 55.94465638799649 -3.1852405943606397 953.2887902408838 1324.4715354144573
55.94465638799649 -3.1852405943606397 ESE 55.94454158296678 -3.1849634305008863 953.2887902408838 1323.2215354144573
55.94454158296678 -3.1849634305008863 SSW 55.94426441910702 -3.1850782355305958 1026.59793330729 1365.5041205585003
55.94426441910702 -3.1850782355305958 NNE 55.94454158296678 -3.1849634305008863 1026.59793330729 1364.2541205585003
55.94454158296678 -3.1849634305008863 E 55.94454158296678 -3.184663430500886 1026.59793330729 1363.0041205585003
55.94454158296678 -3.184663430500886 S 55.944241582966775 -3.184663430500886 1026.59793330729 1361.7541205585003
55.944241582966775 -3.184663430500886 N 55.94454158296678 -3.184663430500886 1026.59793330729 1360.5041205585003
55.94454158296678 -3.184663430500886 ESE 55.94442677793707 -3.1843862666411327 1026.59793330729 1359.2541205585003
55.94442677793707 -3.1843862666411327 WNW 55.94454158296678 -3.184663430500886 1026.59793330729 1358.0041205585003
55.94454158296678 -3.184663430500886 E 55.94454158296678 -3.184363430500886 1026.59793330729 1356.7541205585003
55.94454158296678 -3.184363430500886 NW 55.944753715001134 -3.1845755625352417 1026.59793330729 1355.5041205585003
55.944753715001134 -3.1845755625352417 NW 55.94496584703549 -3.1847876945695974 1026.59793330729 1354.2541205585003
55.94496584703549 -3.1847876945695974 SE 55.944753715001134 -3.1845755625352417 1026.59793330729 1353.0041205585003
55.944753715001134 -3.1845755625352417 NW 55.94496584703549 -3.1847876945695974 1026.59793330729 1351.7541205585003
55.94496584703549 -3.1847876945695974 ENE 55.9450806520652 -3.184510530709844 1026.59793330729 1350.5041205585003
55.9450806520652 -3.184510530709844 W 55.9450806520652 -3.184810530709844 1026.59793330729 1349.2541205585003
55.9450806520652 -3.184810530709844 E 55.9450806520652 -3.184510530709844 1026.59793330729 1348.0041205585003
55.9450806520652 -3.184510530709844 NNE 55.94535781592496 -3.1843957256801345 1026.59793330729 1346.7541205585003
55.94535781592496 -3.1843957256801345 WSW 55.94524301089525 -3.184672889539888 1026.59793330729 1345.5041205585003
55.94524301089525 -3.184672889539888 NE 55.9454551429296 -3.184460757505532 1026.59793330729 1344.2541205585003
55.9454551429296 -3.184460757505532 WNW 55.945569947959314 -3.1847379213652856 1026.59793330729 1343.0041205585003
55.945569947959314 -3.1847379213652856 NE 55.94578207999367 -3.18452578933093 1026.59793330729 1341.7541205585003
55.94578207999367 -3.18452578933093 SW 55.945569947959314 -3.1847379213652856 1026.59793330729 1340.5041205585003
55.945569947959314 -3.1847379213652856 NE 55.94578207999367 -3.18452578933093 1026.59793330729 1339.2541205585003
55.94578207999367 -3.18452578933093 WNW 55.94589688502338 -3.184802953190683 1026.59793330729 1338.0041205585003
55.94589688502338 -3.184802953190683 SE 55.945684752989024 -3.1845908211563274 1026.59793330729 1336.7541205585003
55.945684752989024 -3.1845908211563274 NNW 55.94596191684878 -3.184705626186037 1026.59793330729 1335.5041205585003
55.94596191684878 -3.184705626186037 NE 55.94617404888314 -3.184493494151681 1026.59793330729 1334.2541205585003
55.94617404888314 -3.184493494151681 SSW 55.94589688502338 -3.1846082991813907 1147.217203631997 1422.3043448626995
55.94589688502338 -3.1846082991813907 ESE 55.94578207999367 -3.1843311353216373 1147.217203631997 1421.0543448626995
55.94578207999367 -3.1843311353216373 WSW 55.94566727496396 -3.1846082991813907 1147.217203631997 1419.8043448626995
55.94566727496396 -3.1846082991813907 ENE 55.94578207999367 -3.1843311353216373 1147.217203631997 1418.5543448626995
55.94578207999367 -3.1843311353216373 S 55.94548207999367 -3.1843311353216373 1147.217203631997 1417.3043448626995
55.94548207999367 -3.1843311353216373 N 55.94578207999367 -3.1843311353216373 1147.217203631997 1416.0543448626995
55.94578207999367 -3.1843311353216373 WSW 55.94566727496396 -3.1846082991813907 1147.217203631997 1414.8043448626995
55.94566727496396 -3.1846082991813907 ENE 55.94578207999367 -3.1843311353216373 1147.217203631997 1413.5543448626995
55.94578207999367 -3.1843311353216373 WSW 55.94566727496396 -3.1846082991813907 1147.217203631997 1412.3043448626995
55.94566727496396 -3.1846082991813907 WNW 55.94578207999367 -3.184885463041144 1147.217203631997 1411.0543448626995
55.94578207999367 -3.184885463041144 WSW 55.94566727496396 -3.1851626269008975 1147.217203631997 1409.8043448626995
55.94566727496396 -3.1851626269008975 E 55.94566727496396 -3.1848626269008973 1147.217203631997 1408.5543448626995
55.94566727496396 -3.1848626269008973 W 55.94566727496396 -3.1851626269008975 1147.217203631997 1407.3043448626995
55.94566727496396 -3.1851626269008975 E 55.94566727496396 -3.1848626269008973 1147.217203631997 1406.0543448626995
55.94566727496396 -3.1848626269008973 SSW 55.9453901111042 -3.184977431930607 1147.217203631997 1404.8043448626995
55.9453901111042 -3.184977431930607 NE 55.94560224313856 -3.184765299896251 1147.217203631997 1403.5543448626995
55.94560224313856 -3.184765299896251 S 55.945302243138556 -3.184765299896251 1147.217203631997 1402.3043448626995
55.945302243138556 -3.184765299896251 NNE 55.94557940699831 -3.1846504948665415 1147.217203631997 1401.0543448626995
55.94557940699831 -3.1846504948665415 SSW 55.945302243138556 -3.184765299896251 1147.217203631997 1399.8043448626995
55.945302243138556 -3.184765299896251 ESE 55.945187438108846 -3.1844881360364976 1147.217203631997 1398.5543448626995
55.945187438108846 -3.1844881360364976 WSW 55.945072633079135 -3.184765299896251 1147.217203631997 1397.3043448626995
55.945072633079135 -3.184765299896251 NW 55.94528476511349 -3.184977431930607 1147.217203631997 1396.0543448626995
55.94528476511349 -3.184977431930607 E 55.94528476511349 -3.1846774319306066 1147.217203631997 1394.8043448626995
55.94528476511349 -3.1846774319306066 W 55.94528476511349 -3.184977431930607 1147.217203631997 1393.5543448626995
55.94528476511349 -3.184977431930607 NW 55.94549689714785 -3.1851895639649626 1147.217203631997 1392.3043448626995
55.94549689714785 -3.1851895639649626 S 55.945196897147845 -3.1851895639649626 1147.217203631997 1391.0543448626995
55.945196897147845 -3.1851895639649626 NNW 55.9454740610076 -3.185304368994672 1147.217203631997 1389.8043448626995
55.9454740610076 -3.185304368994672 SSW 55.945196897147845 -3.1854191740243816 1147.217203631997 1388.5543448626995
55.945196897147845 -3.1854191740243816 N 55.94549689714785 -3.1854191740243816 1222.2764229923487 1402.939470976591
55.94549689714785 -3.1854191740243816 SSE 55.94521973328809 -3.185304368994672 1222.2764229923487 1401.689470976591
55.94521973328809 -3.185304368994672 NNW 55.94549689714785 -3.1854191740243816 1222.2764229923487 1400.439470976591
55.94549689714785 -3.1854191740243816 WSW 55.94538209211814 -3.185696337884135 1222.2764229923487 1399.189470976591
55.94538209211814 -3.185696337884135 ENE 55.94549689714785 -3.1854191740243816 1222.2764229923487 1397.939470976591
55.94549689714785 -3.1854191740243816 WSW 55.94538209211814 -3.185696337884135 1222.2764229923487 1396.689470976591
55.94538209211814 -3.185696337884135 NNE 55.945659255977894 -3.1855815328544255 1222.2764229923487 1395.439470976591
