55.944425 -3.188396 SSE 55.944147836140246 -3.1882811949702905 108.69361877441406 274.39416122436523
55.944147836140246 -3.1882811949702905 SSE 55.94387067228049 -3.188166389940581 108.69361877441406 273.14416122436523
55.94387067228049 -3.188166389940581 ESE 55.94375586725078 -3.1878892260808276 108.69361877441406 271.89416122436523
55.94375586725078 -3.1878892260808276 S 55.943455867250776 -3.1878892260808276 108.69361877441406 270.64416122436523
55.943455867250776 -3.1878892260808276 ESE 55.943341062221066 -3.187612062221074 108.69361877441406 269.39416122436523
55.943341062221066 -3.187612062221074 NNW 55.94361822608082 -3.1877268672507837 108.69361877441406 268.14416122436523
55.94361822608082 -3.1877268672507837 WNW 55.94373303111053 -3.188004031110537 108.69361877441406 266.89416122436523
55.94373303111053 -3.188004031110537 NNW 55.94401019497029 -3.1881188361402466 108.69361877441406 265.64416122436523
55.94401019497029 -3.1881188361402466 WNW 55.944125 -3.188396 108.69361877441406 264.39416122436523
55.944125 -3.188396 NNW 55.944402163859756 -3.1885108050297095 108.69361877441406 263.14416122436523
55.944402163859756 -3.1885108050297095 WNW 55.94451696888947 -3.188787968889463 146.69992446899414 263.70762372016907
55.94451696888947 -3.188787968889463 ESE 55.944402163859756 -3.1885108050297095 146.69992446899414 262.45762372016907
55.944402163859756 -3.1885108050297095 S 55.94410216385975 -3.1885108050297095 146.69992446899414 261.20762372016907
55.94410216385975 -3.1885108050297095 S 55.94380216385975 -3.1885108050297095 177.0011215209961 262.5408706665039
55.94380216385975 -3.1885108050297095 SW 55.943590031825394 -3.1887229370640653 177.0011215209961 261.2908706665039
55.943590031825394 -3.1887229370640653 WSW 55.943475226795684 -3.1890001009238187 177.0011215209961 260.0408706665039
55.943475226795684 -3.1890001009238187 SSW 55.94319806293593 -3.189114905953528 284.87937927246094 317.80847549438477
55.94319806293593 -3.189114905953528 S 55.942898062935924 -3.189114905953528 401.6313934326172 432.53896713256836
55.942898062935924 -3.189114905953528 WSW 55.942783257906214 -3.1893920698132816 401.6313934326172 431.28896713256836
55.942783257906214 -3.1893920698132816 WSW 55.942668452876504 -3.189669233673035 401.6313934326172 430.03896713256836
55.942668452876504 -3.189669233673035 W 55.942668452876504 -3.189969233673035 401.6313934326172 428.78896713256836
55.942668452876504 -3.189969233673035 W 55.942668452876504 -3.1902692336730354 401.6313934326172 427.53896713256836
55.942668452876504 -3.1902692336730354 W 55.942668452876504 -3.1905692336730356 401.6313934326172 426.28896713256836
55.942668452876504 -3.1905692336730356 W 55.942668452876504 -3.1908692336730358 401.6313934326172 425.03896713256836
55.942668452876504 -3.1908692336730358 N 55.94296845287651 -3.1908692336730358 401.6313934326172 423.78896713256836
55.94296845287651 -3.1908692336730358 N 55.94326845287651 -3.1908692336730358 401.6313934326172 422.53896713256836
55.94326845287651 -3.1908692336730358 NNW 55.943545616736266 -3.1909840387027453 401.6313934326172 421.28896713256836
55.943545616736266 -3.1909840387027453 NW 55.94375774877062 -3.191196170737101 401.6313934326172 420.03896713256836
55.94375774877062 -3.191196170737101 WNW 55.94387255380033 -3.1914733345968544 401.6313934326172 418.78896713256836
55.94387255380033 -3.1914733345968544 NW 55.94408468583469 -3.19168546663121 401.6313934326172 417.53896713256836
55.94408468583469 -3.19168546663121 ESE 55.94396988080498 -3.191408302771457 401.6313934326172 416.28896713256836
55.94396988080498 -3.191408302771457 E 55.94396988080498 -3.1911083027714566 401.6313934326172 415.03896713256836
55.94396988080498 -3.1911083027714566 E 55.94396988080498 -3.1908083027714564 448.8655242919922 525.7657432556152
55.94396988080498 -3.1908083027714564 NNE 55.944247044664735 -3.190693497741747 567.6221618652344 529.8462429046631
55.944247044664735 -3.190693497741747 SE 55.94403491263038 -3.190481365707391 567.6221618652344 528.5962429046631
55.94403491263038 -3.190481365707391 E 55.94403491263038 -3.190181365707391 673.005126953125 584.4958744049072
55.94403491263038 -3.190181365707391 ENE 55.94414971766009 -3.1899042018476376 673.005126953125 583.2458744049072
55.94414971766009 -3.1899042018476376 E 55.94414971766009 -3.1896042018476374 682.5540561676025 620.7431507110596
55.94414971766009 -3.1896042018476374 ENE 55.9442645226898 -3.189327037987884 735.7867221832275 657.3866176605225
55.9442645226898 -3.189327037987884 WNW 55.94437932771951 -3.1896042018476374 735.7867221832275 656.1366176605225
55.94437932771951 -3.1896042018476374 NNW 55.944656491579266 -3.189719006877347 735.7867221832275 654.8866176605225
55.944656491579266 -3.189719006877347 WSW 55.944541686549556 -3.1899961707371003 735.7867221832275 653.6366176605225
55.944541686549556 -3.1899961707371003 WNW 55.944656491579266 -3.1902733345968537 735.7867221832275 652.3866176605225
55.944656491579266 -3.1902733345968537 SW 55.94444435954491 -3.1904854666312095 735.7867221832275 651.1366176605225
55.94444435954491 -3.1904854666312095 WSW 55.9443295545152 -3.190762630490963 735.7867221832275 649.8866176605225
55.9443295545152 -3.190762630490963 W 55.9443295545152 -3.191062630490963 735.7867221832275 648.6366176605225
55.9443295545152 -3.191062630490963 WNW 55.94444435954491 -3.1913397943507165 735.7867221832275 647.3866176605225
55.94444435954491 -3.1913397943507165 WNW 55.94455916457462 -3.19161695821047 735.7867221832275 646.1366176605225
55.94455916457462 -3.19161695821047 SW 55.944347032540264 -3.1918290902448256 754.0060329437256 672.228479385376
55.944347032540264 -3.1918290902448256 NW 55.94455916457462 -3.1920412222791814 774.7717914581299 781.5517597198486
55.94455916457462 -3.1920412222791814 NNW 55.94483632843438 -3.192156027308891 774.7717914581299 780.3017597198486
55.94483632843438 -3.192156027308891 NW 55.94504846046873 -3.1923681593432467 774.7717914581299 779.0517597198486
55.94504846046873 -3.1923681593432467 E 55.94504846046873 -3.1920681593432465 774.7717914581299 777.8017597198486
55.94504846046873 -3.1920681593432465 E 55.94504846046873 -3.1917681593432463 774.7717914581299 776.5517597198486
55.94504846046873 -3.1917681593432463 E 55.94504846046873 -3.191468159343246 774.7717914581299 775.3017597198486
55.94504846046873 -3.191468159343246 ENE 55.945163265498444 -3.1911909954834927 893.9062366485596 863.5102024078369
55.945163265498444 -3.1911909954834927 N 55.94546326549845 -3.1911909954834927 893.9062366485596 862.2602024078369
55.94546326549845 -3.1911909954834927 NE 55.9456753975328 -3.190978863449137 893.9062366485596 861.0102024078369
55.9456753975328 -3.190978863449137 NNE 55.94595256139256 -3.1908640584194274 926.6227779388428 945.1667957305908
55.94595256139256 -3.1908640584194274 SE 55.9457404293582 -3.1906519263850717 926.6227779388428 943.9167957305908
55.9457404293582 -3.1906519263850717 SSE 55.94546326549845 -3.190537121355362 926.6227779388428 942.6667957305908
55.94546326549845 -3.190537121355362 SE 55.94525113346409 -3.1903249893210064 926.6227779388428 941.4167957305908
55.94525113346409 -3.1903249893210064 NE 55.94546326549845 -3.1901128572866506 926.6227779388428 940.1667957305908
55.94546326549845 -3.1901128572866506 ENE 55.94557807052816 -3.189835693426897 926.6227779388428 938.9167957305908
55.94557807052816 -3.189835693426897 NE 55.94579020256251 -3.1896235613925414 926.6227779388428 937.6667957305908
55.94579020256251 -3.1896235613925414 ENE 55.94590500759222 -3.189346397532788 926.6227779388428 936.4167957305908
55.94590500759222 -3.189346397532788 SE 55.94569287555787 -3.1891342654984323 926.6227779388428 935.1667957305908
55.94569287555787 -3.1891342654984323 ESE 55.94557807052816 -3.188857101638679 926.6227779388428 933.9167957305908
55.94557807052816 -3.188857101638679 NE 55.94579020256251 -3.188644969604323 935.3342514038086 959.494176864624
55.94579020256251 -3.188644969604323 E 55.94579020256251 -3.188344969604323 935.3342514038086 958.244176864624
55.94579020256251 -3.188344969604323 ESE 55.9456753975328 -3.1880678057445695 935.3342514038086 956.994176864624
55.9456753975328 -3.1880678057445695 ESE 55.94556059250309 -3.187790641884816 1024.867202758789 1023.4675731658936
55.94556059250309 -3.187790641884816 NE 55.94577272453745 -3.1875785098504603 1024.867202758789 1022.2175731658936
55.94577272453745 -3.1875785098504603 E 55.94577272453745 -3.18727850985046 1024.867202758789 1020.9675731658936
55.94577272453745 -3.18727850985046 ENE 55.94588752956716 -3.1870013459907067 1036.5396032333374 1140.412519454956
55.94588752956716 -3.1870013459907067 S 55.945587529567156 -3.1870013459907067 1132.4377279281616 1156.409128189087
55.945587529567156 -3.1870013459907067 SW 55.9453753975328 -3.1872134780250625 1155.5168447494507 1198.9705333709717
55.9453753975328 -3.1872134780250625 S 55.9450753975328 -3.1872134780250625 1155.5168447494507 1197.7205333709717
55.9450753975328 -3.1872134780250625 SSE 55.94479823367304 -3.187098672995353 1271.3221731185913 1226.8916339874268
55.94479823367304 -3.187098672995353 SW 55.944586101638684 -3.1873108050297088 1374.800269126892 1247.0969772338867
55.944586101638684 -3.1873108050297088 SSW 55.94430893777893 -3.1874256100594183 1477.7273931503296 1339.2486190795898
55.94430893777893 -3.1874256100594183 SSE 55.94403177391917 -3.1873108050297088 1477.7273931503296 1337.9986190795898
55.94403177391917 -3.1873108050297088 SSE 55.943754610059415 -3.1871959999999993 1546.600058555603 1346.4502544403076
55.943754610059415 -3.1871959999999993 E 55.943754610059415 -3.186895999999999 1641.8756475448608 1395.029291152954
55.943754610059415 -3.186895999999999 NNE 55.94403177391917 -3.1867811949702896 1641.8756475448608 1393.779291152954
55.94403177391917 -3.1867811949702896 ESE 55.94391696888946 -3.186504031110536 1641.8756475448608 1392.529291152954
55.94391696888946 -3.186504031110536 ESE 55.94380216385975 -3.1862268672507827 1654.7265043258667 1472.7351779937744
55.94380216385975 -3.1862268672507827 NE 55.94401429589411 -3.186014735216427 1673.9207010269165 1512.8489627838135
55.94401429589411 -3.186014735216427 ESE 55.943899490864396 -3.1857375713566736 1673.9207010269165 1511.5989627838135
55.943899490864396 -3.1857375713566736 SSE 55.94362232700464 -3.185622766326964 1673.9207010269165 1510.3489627838135
55.94362232700464 -3.185622766326964 S 55.94332232700464 -3.185622766326964 1676.4915843009949 1629.7294101715088
55.94332232700464 -3.185622766326964 S 55.943022327004634 -3.185622766326964 1676.4915843009949 1628.4794101715088
55.943022327004634 -3.185622766326964 ENE 55.943137132034344 -3.1853456024672107 1676.4915843009949 1627.2294101715088
55.943137132034344 -3.1853456024672107 NE 55.9433492640687 -3.185133470432855 1738.7364916801453 1654.826961517334
55.9433492640687 -3.185133470432855 ESE 55.94323445903899 -3.1848563065731015 1738.7364916801453 1653.576961517334
55.94323445903899 -3.1848563065731015 SE 55.943022327004634 -3.1846441745387457 1738.7364916801453 1652.326961517334
55.943022327004634 -3.1846441745387457 SE 55.94281019497028 -3.18443204250439 1861.6582446098328 1738.6976051330566
55.94281019497028 -3.18443204250439 NNW 55.943087358830034 -3.1845468475340994 1861.6582446098328 1737.4476051330566
55.943087358830034 -3.1845468475340994 NNW 55.94336452268979 -3.184661652563809 1861.6582446098328 1736.1976051330566
55.94336452268979 -3.184661652563809 N 55.943664522689794 -3.184661652563809 1939.8335375785828 1747.9701147079468
55.943664522689794 -3.184661652563809 NNE 55.94394168654955 -3.1845468475340994 1939.8335375785828 1746.7201147079468
55.94394168654955 -3.1845468475340994 NW 55.94415381858391 -3.184758979568455 1939.8335375785828 1745.4701147079468
55.94415381858391 -3.184758979568455 WNW 55.94426862361362 -3.1850361434282086 1939.8335375785828 1744.2201147079468
55.94426862361362 -3.1850361434282086 WNW 55.94438342864333 -3.185313307287962 1983.21342420578 1771.0565462112427
55.94438342864333 -3.185313307287962 NW 55.94459556067768 -3.185525439322318 1983.21342420578 1769.8065462112427
55.94459556067768 -3.185525439322318 NW 55.94480769271204 -3.1857375713566736 1983.21342420578 1768.5565462112427
55.94480769271204 -3.1857375713566736 NW 55.945019824746396 -3.1859497033910293 1983.21342420578 1767.3065462112427
55.945019824746396 -3.1859497033910293 N 55.9453198247464 -3.1859497033910293 1983.21342420578 1766.0565462112427
55.9453198247464 -3.1859497033910293 N 55.9456198247464 -3.1859497033910293 1983.21342420578 1764.8065462112427
55.9456198247464 -3.1859497033910293 ENE 55.94573462977611 -3.185672539531276 1983.21342420578 1763.5565462112427
55.94573462977611 -3.185672539531276 SE 55.945522497741756 -3.18546040749692 2039.92871427536 1880.1284685134888
55.945522497741756 -3.18546040749692 ESE 55.945407692712045 -3.1851832436371668 2039.92871427536 1878.8784685134888
55.945407692712045 -3.1851832436371668 ENE 55.945522497741756 -3.1849060797774134 2051.9996428489685 1896.2435388565063
55.945522497741756 -3.1849060797774134 S 55.94522249774175 -3.1849060797774134 2157.5777525901794 1961.176423072815
55.94522249774175 -3.1849060797774134 SE 55.9450103657074 -3.1846939477430576 2157.5777525901794 1959.926423072815
55.9450103657074 -3.1846939477430576 NNW 55.94528752956715 -3.184808752772767 2157.5777525901794 1958.676423072815
55.94528752956715 -3.184808752772767 NW 55.94549966160151 -3.185020884807123 2157.5777525901794 1957.426423072815
55.94549966160151 -3.185020884807123 NE 55.945711793635866 -3.184808752772767 2218.500638484955 2019.6152963638306
55.945711793635866 -3.184808752772767 E 55.945711793635866 -3.184508752772767 2218.500638484955 2018.3652963638306
55.945711793635866 -3.184508752772767 NW 55.94592392567022 -3.1847208848071227 2218.500638484955 2017.1152963638306
55.94592392567022 -3.1847208848071227 NNW 55.94620108952998 -3.184835689836832 2218.500638484955 2015.8652963638306
55.94620108952998 -3.184835689836832 SW 55.94598895749562 -3.185047821871188 2218.500638484955 2014.6152963638306
55.94598895749562 -3.185047821871188 S 55.94568895749562 -3.185047821871188 2218.500638484955 2013.3652963638306
55.94568895749562 -3.185047821871188 SSW 55.94541179363586 -3.1851626269008975 2218.500638484955 2012.1152963638306
55.94541179363586 -3.1851626269008975 NW 55.94562392567022 -3.1853747589352532 2218.500638484955 2010.8652963638306
55.94562392567022 -3.1853747589352532 E 55.94562392567022 -3.185074758935253 2218.500638484955 2009.6152963638306
55.94562392567022 -3.185074758935253 ESE 55.94550912064051 -3.1847975950754996 2218.500638484955 2008.3652963638306
55.94550912064051 -3.1847975950754996 NE 55.945721252674865 -3.184585463041144 2218.500638484955 2007.1152963638306
55.945721252674865 -3.184585463041144 SW 55.94550912064051 -3.1847975950754996 2218.500638484955 2005.8652963638306
55.94550912064051 -3.1847975950754996 NW 55.945721252674865 -3.1850097271098554 2218.500638484955 2004.6152963638306
55.945721252674865 -3.1850097271098554 NNE 55.94599841653462 -3.184894922080146 2218.500638484955 2003.3652963638306
55.94599841653462 -3.184894922080146 WSW 55.94588361150491 -3.1851720859398993 2218.500638484955 2002.1152963638306
55.94588361150491 -3.1851720859398993 WSW 55.9457688064752 -3.1854492497996527 2218.500638484955 2000.8652963638306
55.9457688064752 -3.1854492497996527 S 55.9454688064752 -3.1854492497996527 2218.500638484955 1999.6152963638306
55.9454688064752 -3.1854492497996527 SE 55.94525667444084 -3.185237117765297 2218.500638484955 1998.3652963638306
55.94525667444084 -3.185237117765297 SW 55.945044542406485 -3.1854492497996527 2218.500638484955 1997.1152963638306
55.945044542406485 -3.1854492497996527 SSW 55.94476737854673 -3.1855640548293622 2218.500638484955 1995.8652963638306
55.94476737854673 -3.1855640548293622 SSE 55.94449021468697 -3.1854492497996527 2218.500638484955 1994.6152963638306
55.94449021468697 -3.1854492497996527 NE 55.94470234672133 -3.185237117765297 2218.500638484955 1993.3652963638306
55.94470234672133 -3.185237117765297 NNE 55.944979510581085 -3.1851223127355874 2218.500638484955 1992.1152963638306
55.944979510581085 -3.1851223127355874 S 55.94467951058108 -3.1851223127355874 2218.500638484955 1990.8652963638306
55.94467951058108 -3.1851223127355874 NNE 55.94495667444084 -3.185007507705878 2218.500638484955 1989.6152963638306
55.94495667444084 -3.185007507705878 NW 55.945168806475195 -3.1852196397402337 2218.500638484955 1988.3652963638306
55.945168806475195 -3.1852196397402337 NNW 55.94544597033495 -3.185334444769943 2218.500638484955 1987.1152963638306
55.94544597033495 -3.185334444769943 NE 55.94565810236931 -3.1851223127355874 2218.500638484955 1985.8652963638306
55.94565810236931 -3.1851223127355874 WSW 55.9455432973396 -3.185399476595341 2218.500638484955 1984.6152963638306
55.9455432973396 -3.185399476595341 E 55.9455432973396 -3.1850994765953407 2218.500638484955 1983.3652963638306
55.9455432973396 -3.1850994765953407 N 55.9458432973396 -3.1850994765953407 2218.500638484955 1982.1152963638306
55.9458432973396 -3.1850994765953407 WNW 55.94595810236931 -3.185376640455094 2218.500638484955 1980.8652963638306
55.94595810236931 -3.185376640455094 WSW 55.9458432973396 -3.1856538043148475 2218.500638484955 1979.6152963638306
55.9458432973396 -3.1856538043148475 E 55.9458432973396 -3.1853538043148473 2218.500638484955 1978.3652963638306
55.9458432973396 -3.1853538043148473 S 55.9455432973396 -3.1853538043148473 2218.500638484955 1977.1152963638306
55.9455432973396 -3.1853538043148473 NE 55.94575542937395 -3.1851416722804915 2218.500638484955 1975.8652963638306
55.94575542937395 -3.1851416722804915 E 55.94575542937395 -3.1848416722804913 2218.500638484955 1974.6152963638306
55.94575542937395 -3.1848416722804913 W 55.94575542937395 -3.1851416722804915 2218.500638484955 1973.3652963638306
55.94575542937395 -3.1851416722804915 ESE 55.94564062434424 -3.184864508420738 2218.500638484955 1972.1152963638306
55.94564062434424 -3.184864508420738 NW 55.9458527563786 -3.185076640455094 2218.500638484955 1970.8652963638306
55.9458527563786 -3.185076640455094 E 55.9458527563786 -3.1847766404550937 2218.500638484955 1969.6152963638306
55.9458527563786 -3.1847766404550937 W 55.9458527563786 -3.185076640455094 2218.500638484955 1968.3652963638306
55.9458527563786 -3.185076640455094 SSE 55.94557559251884 -3.1849618354253844 2218.500638484955 1967.1152963638306
55.94557559251884 -3.1849618354253844 NW 55.9457877245532 -3.18517396745974 2218.500638484955 1965.8652963638306
55.9457877245532 -3.18517396745974 NNE 55.946064888412955 -3.1850591624300306 2218.500638484955 1964.6152963638306
55.946064888412955 -3.1850591624300306 SE 55.9458527563786 -3.184847030395675 2218.500638484955 1963.3652963638306
55.9458527563786 -3.184847030395675 N 55.9461527563786 -3.184847030395675 2218.500638484955 1962.1152963638306
55.9461527563786 -3.184847030395675 W 55.9461527563786 -3.185147030395675 2218.500638484955 1960.8652963638306
55.9461527563786 -3.185147030395675 S 55.9458527563786 -3.185147030395675 2218.500638484955 1959.6152963638306
55.9458527563786 -3.185147030395675 N 55.9461527563786 -3.185147030395675 2218.500638484955 1958.3652963638306
55.9461527563786 -3.185147030395675 SSE 55.945875592518846 -3.1850322253659655 2218.500638484955 1957.1152963638306
55.945875592518846 -3.1850322253659655 N 55.94617559251885 -3.1850322253659655 2218.500638484955 1955.8652963638306
55.94617559251885 -3.1850322253659655 WSW 55.94606078748914 -3.185309389225719 2218.500638484955 1954.6152963638306
55.94606078748914 -3.185309389225719 ENE 55.94617559251885 -3.1850322253659655 2218.500638484955 1953.3652963638306
55.94617559251885 -3.1850322253659655 ESE 55.94606078748914 -3.184755061506212 2218.500638484955 1952.1152963638306
55.94606078748914 -3.184755061506212 ESE 55.94594598245943 -3.1844778976464587 2218.500638484955 1950.8652963638306
55.94594598245943 -3.1844778976464587 SW 55.94573385042507 -3.1846900296808145 2218.500638484955 1949.6152963638306
55.94573385042507 -3.1846900296808145 ESE 55.94561904539536 -3.184412865821061 2218.500638484955 1948.3652963638306
55.94561904539536 -3.184412865821061 N 55.945919045395364 -3.184412865821061 2218.500638484955 1947.1152963638306
55.945919045395364 -3.184412865821061 S 55.94561904539536 -3.184412865821061 2218.500638484955 1945.8652963638306
55.94561904539536 -3.184412865821061 W 55.94561904539536 -3.1847128658210613 2218.500638484955 1944.6152963638306
55.94561904539536 -3.1847128658210613 WSW 55.94550424036565 -3.1849900296808147 2218.500638484955 1943.3652963638306
55.94550424036565 -3.1849900296808147 NW 55.94571637240001 -3.1852021617151705 2218.500638484955 1942.1152963638306
55.94571637240001 -3.1852021617151705 N 55.94601637240001 -3.1852021617151705 2218.500638484955 1940.8652963638306
55.94601637240001 -3.1852021617151705 ENE 55.94613117742972 -3.184924997855417 2218.500638484955 1939.6152963638306
55.94613117742972 -3.184924997855417 SSW 55.945854013569964 -3.1850398028851266 2218.500638484955 1938.3652963638306
55.945854013569964 -3.1850398028851266 NW 55.94606614560432 -3.1852519349194823 2218.500638484955 1937.1152963638306
55.94606614560432 -3.1852519349194823 ESE 55.94595134057461 -3.184974771059729 2218.500638484955 1935.8652963638306
55.94595134057461 -3.184974771059729 ESE 55.9458365355449 -3.1846976071999755 2218.500638484955 1934.6152963638306
55.9458365355449 -3.1846976071999755 NW 55.946048667579255 -3.1849097392343313 2218.500638484955 1933.3652963638306
55.946048667579255 -3.1849097392343313 WSW 55.945933862549545 -3.1851869030940847 2218.500638484955 1932.1152963638306
55.945933862549545 -3.1851869030940847 SSW 55.94565669868979 -3.185301708123794 2218.500638484955 1930.8652963638306
55.94565669868979 -3.185301708123794 N 55.94595669868979 -3.185301708123794 2218.500638484955 1929.6152963638306
55.94595669868979 -3.185301708123794 SSW 55.945679534830035 -3.1854165131535037 2218.500638484955 1928.3652963638306
55.945679534830035 -3.1854165131535037 SE 55.94546740279568 -3.185204381119148 2218.500638484955 1927.1152963638306
55.94546740279568 -3.185204381119148 SW 55.94525527076132 -3.1854165131535037 2218.500638484955 1925.8652963638306
55.94525527076132 -3.1854165131535037 N 55.945555270761325 -3.1854165131535037 2218.500638484955 1924.6152963638306
55.945555270761325 -3.1854165131535037 SSE 55.94527810690157 -3.185301708123794 2218.500638484955 1923.3652963638306
55.94527810690157 -3.185301708123794 WSW 55.94516330187186 -3.1855788719835476 2218.500638484955 1922.1152963638306
55.94516330187186 -3.1855788719835476 WSW 55.94504849684215 -3.185856035843301 2218.500638484955 1920.8652963638306
55.94504849684215 -3.185856035843301 N 55.94534849684215 -3.185856035843301 2218.500638484955 1919.6152963638306
55.94534849684215 -3.185856035843301 NNW 55.94562566070191 -3.1859708408730105 2218.500638484955 1918.3652963638306
55.94562566070191 -3.1859708408730105 SW 55.94541352866755 -3.1861829729073663 2218.500638484955 1917.1152963638306
55.94541352866755 -3.1861829729073663 SW 55.945201396633195 -3.186395104941722 2218.500638484955 1915.8652963638306
55.945201396633195 -3.186395104941722 NNE 55.94547856049295 -3.1862802999120126 2218.500638484955 1914.6152963638306
55.94547856049295 -3.1862802999120126 SSE 55.945201396633195 -3.186165494882303 2218.500638484955 1913.3652963638306
55.945201396633195 -3.186165494882303 WNW 55.945316201662905 -3.1864426587420565 2218.500638484955 1912.1152963638306
55.945316201662905 -3.1864426587420565 S 55.9450162016629 -3.1864426587420565 2218.500638484955 1910.8652963638306
55.9450162016629 -3.1864426587420565 WSW 55.94490139663319 -3.18671982260181 2218.500638484955 1909.6152963638306
55.94490139663319 -3.18671982260181 SSW 55.944624232773435 -3.1868346276315194 2218.500638484955 1908.3652963638306
55.944624232773435 -3.1868346276315194 E 55.944624232773435 -3.186534627631519 2218.500638484955 1907.1152963638306
55.944624232773435 -3.186534627631519 SE 55.94441210073908 -3.1863224955971634 2218.500638484955 1905.8652963638306
55.94441210073908 -3.1863224955971634 SE 55.94419996870472 -3.1861103635628076 2218.500638484955 1904.6152963638306
55.94419996870472 -3.1861103635628076 WSW 55.94408516367501 -3.186387527422561 2218.500638484955 1903.3652963638306
55.94408516367501 -3.186387527422561 WNW 55.94419996870472 -3.1866646912823144 2218.500638484955 1902.1152963638306
55.94419996870472 -3.1866646912823144 W 55.94419996870472 -3.1869646912823146 2218.500638484955 1900.8652963638306
55.94419996870472 -3.1869646912823146 WSW 55.94408516367501 -3.187241855142068 2218.500638484955 1899.6152963638306
55.94408516367501 -3.187241855142068 E 55.94408516367501 -3.186941855142068 2218.500638484955 1898.3652963638306
55.94408516367501 -3.186941855142068 WNW 55.94419996870472 -3.1872190190018213 2218.500638484955 1897.1152963638306
55.94419996870472 -3.1872190190018213 WSW 55.94408516367501 -3.1874961828615747 2218.500638484955 1895.8652963638306
55.94408516367501 -3.1874961828615747 SSW 55.943807999815256 -3.187610987891284 2218.500638484955 1894.6152963638306
55.943807999815256 -3.187610987891284 NE 55.94402013184961 -3.1873988558569284 2218.500638484955 1893.3652963638306
55.94402013184961 -3.1873988558569284 NW 55.94423226388397 -3.187610987891284 2218.500638484955 1892.1152963638306
55.94423226388397 -3.187610987891284 ENE 55.94434706891368 -3.1873338240315308 2218.500638484955 1890.8652963638306
55.94434706891368 -3.1873338240315308 S 55.944047068913676 -3.1873338240315308 2218.500638484955 1889.6152963638306
55.944047068913676 -3.1873338240315308 ESE 55.943932263883966 -3.1870566601717774 2218.500638484955 1888.3652963638306
55.943932263883966 -3.1870566601717774 W 55.943932263883966 -3.1873566601717775 2218.500638484955 1887.1152963638306
55.943932263883966 -3.1873566601717775 NNW 55.94420942774372 -3.187471465201487 2218.500638484955 1885.8652963638306
55.94420942774372 -3.187471465201487 W 55.94420942774372 -3.1877714652014872 2218.500638484955 1884.6152963638306
55.94420942774372 -3.1877714652014872 S 55.94390942774372 -3.1877714652014872 2218.500638484955 1883.3652963638306
55.94390942774372 -3.1877714652014872 NE 55.944121559778075 -3.1875593331671315 2218.500638484955 1882.1152963638306
55.944121559778075 -3.1875593331671315 SE 55.94390942774372 -3.1873472011327757 2218.500638484955 1880.8652963638306
55.94390942774372 -3.1873472011327757 SW 55.94369729570936 -3.1875593331671315 2218.500638484955 1879.6152963638306
55.94369729570936 -3.1875593331671315 ENE 55.94381210073907 -3.187282169307378 2218.500638484955 1878.3652963638306
55.94381210073907 -3.187282169307378 W 55.94381210073907 -3.1875821693073783 2218.500638484955 1877.1152963638306
55.94381210073907 -3.1875821693073783 NNW 55.94408926459883 -3.1876969743370878 2218.500638484955 1875.8652963638306
55.94408926459883 -3.1876969743370878 NNW 55.944366428458586 -3.1878117793667973 2218.500638484955 1874.6152963638306
55.944366428458586 -3.1878117793667973 N 55.94466642845859 -3.1878117793667973 2218.500638484955 1873.3652963638306
55.94466642845859 -3.1878117793667973 SSW 55.94438926459883 -3.187926584396507 2218.500638484955 1872.1152963638306
55.94438926459883 -3.187926584396507 WSW 55.94427445956912 -3.18820374825626 2218.500638484955 1870.8652963638306
55.94427445956912 -3.18820374825626 WNW 55.94438926459883 -3.1884809121160136 2218.500638484955 1869.6152963638306
55.94438926459883 -3.1884809121160136 WNW 55.94450406962854 -3.188758075975767 2218.500638484955 1868.3652963638306
55.94450406962854 -3.188758075975767 W 55.94450406962854 -3.189058075975767 2218.500638484955 1867.1152963638306
55.94450406962854 -3.189058075975767 E 55.94450406962854 -3.188758075975767 2218.500638484955 1865.8652963638306
55.94450406962854 -3.188758075975767 SE 55.94429193759419 -3.188545943941411 2218.500638484955 1864.6152963638306
55.94429193759419 -3.188545943941411 E 55.94429193759419 -3.188245943941411 2218.500638484955 1863.3652963638306
55.94429193759419 -3.188245943941411 WNW 55.9444067426239 -3.1885231078011644 2218.500638484955 1862.1152963638306
55.9444067426239 -3.1885231078011644 SSE 55.94412957876414 -3.188408302771455 2218.500638484955 1860.8652963638306
55.94412957876414 -3.188408302771455 SSW 55.943852414904384 -3.1885231078011644 2218.500638484955 1859.6152963638306
55.943852414904384 -3.1885231078011644 SSE 55.94357525104463 -3.188408302771455 2218.500638484955 1858.3652963638306
55.94357525104463 -3.188408302771455 SSW 55.94329808718487 -3.1885231078011644 2218.500638484955 1857.1152963638306
55.94329808718487 -3.1885231078011644 SW 55.943085955150515 -3.18873523983552 2218.500638484955 1855.8652963638306
55.943085955150515 -3.18873523983552 SE 55.94287382311616 -3.1885231078011644 2218.500638484955 1854.6152963638306
