55.944425 -3.188396 NNE 55.94470216385976 -3.1882811949702905 0.0 248.75
55.94470216385976 -3.1882811949702905 S 55.944402163859756 -3.1882811949702905 0.0 247.5
55.944402163859756 -3.1882811949702905 WSW 55.944287358830046 -3.188558358830044 0.0 246.25
55.944287358830046 -3.188558358830044 ENE 55.944402163859756 -3.1882811949702905 0.0 245.0
55.944402163859756 -3.1882811949702905 SW 55.9441900318254 -3.1884933270046463 0.0 243.75
55.9441900318254 -3.1884933270046463 ENE 55.94430483685511 -3.188216163144893 0.0 242.5
55.94430483685511 -3.188216163144893 WSW 55.9441900318254 -3.1884933270046463 0.0 241.25
55.9441900318254 -3.1884933270046463 ENE 55.94430483685511 -3.188216163144893 0.0 240.0
55.94430483685511 -3.188216163144893 WSW 55.9441900318254 -3.1884933270046463 0.0 238.75
55.9441900318254 -3.1884933270046463 S 55.9438900318254 -3.1884933270046463 0.0 237.5
55.9438900318254 -3.1884933270046463 N 55.9441900318254 -3.1884933270046463 0.0 236.25
55.9441900318254 -3.1884933270046463 SE 55.943977899791044 -3.1882811949702905 0.0 235.0
55.943977899791044 -3.1882811949702905 NW 55.9441900318254 -3.1884933270046463 0.0 233.75
55.9441900318254 -3.1884933270046463 SSE 55.94391286796564 -3.1883785219749368 0.0 232.5
55.94391286796564 -3.1883785219749368 NNW 55.9441900318254 -3.1884933270046463 0.0 231.25
55.9441900318254 -3.1884933270046463 SSE 55.94391286796564 -3.1883785219749368 0.0 230.0
55.94391286796564 -3.1883785219749368 NNW 55.9441900318254 -3.1884933270046463 0.0 228.75
55.9441900318254 -3.1884933270046463 S 55.9438900318254 -3.1884933270046463 0.0 227.5
55.9438900318254 -3.1884933270046463 N 55.9441900318254 -3.1884933270046463 0.0 226.25
55.9441900318254 -3.1884933270046463 S 55.9438900318254 -3.1884933270046463 0.0 225.0
55.9438900318254 -3.1884933270046463 NNW 55.944167195685154 -3.188608132034356 0.0 223.75
55.944167195685154 -3.188608132034356 SSE 55.9438900318254 -3.1884933270046463 0.0 222.5
55.9438900318254 -3.1884933270046463 NE 55.94410216385975 -3.1882811949702905 0.0 221.25
55.94410216385975 -3.1882811949702905 SW 55.9438900318254 -3.1884933270046463 0.0 220.0
55.9438900318254 -3.1884933270046463 E 55.9438900318254 -3.188193327004646 0.0 218.75
55.9438900318254 -3.188193327004646 W 55.9438900318254 -3.1884933270046463 0.0 217.5
55.9438900318254 -3.1884933270046463 E 55.9438900318254 -3.188193327004646 0.0 216.25
55.9438900318254 -3.188193327004646 W 55.9438900318254 -3.1884933270046463 0.0 215.0
55.9438900318254 -3.1884933270046463 E 55.9438900318254 -3.188193327004646 0.0 213.75
55.9438900318254 -3.188193327004646 WSW 55.94377522679569 -3.1884704908643995 0.0 212.5
55.94377522679569 -3.1884704908643995 ENE 55.9438900318254 -3.188193327004646 0.0 211.25
55.9438900318254 -3.188193327004646 NE 55.94410216385975 -3.1879811949702903 71.16471862792969 275.8561019897461
55.94410216385975 -3.1879811949702903 SW 55.9438900318254 -3.188193327004646 71.16471862792969 274.6061019897461
55.9438900318254 -3.188193327004646 SSW 55.94361286796564 -3.1883081320343556 71.16471862792969 273.3561019897461
55.94361286796564 -3.1883081320343556 NNE 55.9438900318254 -3.188193327004646 71.16471862792969 272.1061019897461
55.9438900318254 -3.188193327004646 SSW 55.94361286796564 -3.1883081320343556 71.16471862792969 270.8561019897461
55.94361286796564 -3.1883081320343556 NE 55.943825 -3.188096 71.16471862792969 269.6061019897461
55.943825 -3.188096 SW 55.94361286796564 -3.1883081320343556 71.16471862792969 268.3561019897461
55.94361286796564 -3.1883081320343556 NE 55.943825 -3.188096 71.16471862792969 267.1061019897461
55.943825 -3.188096 SW 55.94361286796564 -3.1883081320343556 71.16471862792969 265.8561019897461
55.94361286796564 -3.1883081320343556 ENE 55.94372767299535 -3.188030968174602 71.16471862792969 264.6061019897461
55.94372767299535 -3.188030968174602 WSW 55.94361286796564 -3.1883081320343556 71.16471862792969 263.3561019897461
55.94361286796564 -3.1883081320343556 E 55.94361286796564 -3.1880081320343554 71.16471862792969 262.1061019897461
55.94361286796564 -3.1880081320343554 W 55.94361286796564 -3.1883081320343556 71.16471862792969 260.8561019897461
55.94361286796564 -3.1883081320343556 E 55.94361286796564 -3.1880081320343554 71.16471862792969 259.6061019897461
55.94361286796564 -3.1880081320343554 NW 55.943825 -3.188220264068711 71.16471862792969 258.3561019897461
55.943825 -3.188220264068711 SE 55.94361286796564 -3.1880081320343554 71.16471862792969 257.1061019897461
55.94361286796564 -3.1880081320343554 S 55.94331286796564 -3.1880081320343554 71.16471862792969 255.8561019897461
55.94331286796564 -3.1880081320343554 N 55.94361286796564 -3.1880081320343554 71.16471862792969 254.6061019897461
55.94361286796564 -3.1880081320343554 NE 55.943825 -3.1877959999999996 71.16471862792969 253.3561019897461
55.943825 -3.1877959999999996 SW 55.94361286796564 -3.1880081320343554 71.16471862792969 252.1061019897461
55.94361286796564 -3.1880081320343554 NNE 55.9438900318254 -3.187893327004646 71.16471862792969 250.8561019897461
55.9438900318254 -3.187893327004646 SW 55.94367789979104 -3.1881054590390017 71.16471862792969 249.6061019897461
55.94367789979104 -3.1881054590390017 NNE 55.9439550636508 -3.187990654009292 71.16471862792969 248.3561019897461
55.9439550636508 -3.187990654009292 SW 55.94374293161644 -3.188202786043648 71.16471862792969 247.1061019897461
55.94374293161644 -3.188202786043648 NE 55.9439550636508 -3.187990654009292 71.16471862792969 245.8561019897461
55.9439550636508 -3.187990654009292 WSW 55.94384025862109 -3.1882678178690456 71.16471862792969 244.6061019897461
55.94384025862109 -3.1882678178690456 ENE 55.9439550636508 -3.187990654009292 71.16471862792969 243.3561019897461
55.9439550636508 -3.187990654009292 W 55.9439550636508 -3.1882906540092923 71.16471862792969 242.1061019897461
55.9439550636508 -3.1882906540092923 E 55.9439550636508 -3.187990654009292 71.16471862792969 240.8561019897461
55.9439550636508 -3.187990654009292 WSW 55.94384025862109 -3.1882678178690456 71.16471862792969 239.6061019897461
55.94384025862109 -3.1882678178690456 NE 55.94405239065544 -3.18805568583469 71.16471862792969 238.3561019897461
55.94405239065544 -3.18805568583469 WSW 55.94393758562573 -3.188332849694443 71.16471862792969 237.1061019897461
55.94393758562573 -3.188332849694443 ENE 55.94405239065544 -3.18805568583469 71.16471862792969 235.8561019897461
55.94405239065544 -3.18805568583469 WSW 55.94393758562573 -3.188332849694443 71.16471862792969 234.6061019897461
55.94393758562573 -3.188332849694443 NE 55.94414971766009 -3.1881207176600874 71.16471862792969 233.3561019897461
55.94414971766009 -3.1881207176600874 WSW 55.94403491263038 -3.188397881519841 71.16471862792969 232.1061019897461
55.94403491263038 -3.188397881519841 ENE 55.94414971766009 -3.1881207176600874 71.16471862792969 230.8561019897461
55.94414971766009 -3.1881207176600874 N 55.94444971766009 -3.1881207176600874 71.16471862792969 229.6061019897461
55.94444971766009 -3.1881207176600874 S 55.94414971766009 -3.1881207176600874 71.16471862792969 228.3561019897461
55.94414971766009 -3.1881207176600874 NNW 55.944426881519846 -3.188235522689797 71.16471862792969 227.1061019897461
55.944426881519846 -3.188235522689797 SSE 55.94414971766009 -3.1881207176600874 71.16471862792969 225.8561019897461
55.94414971766009 -3.1881207176600874 NW 55.944361849694445 -3.188332849694443 71.16471862792969 224.6061019897461
55.944361849694445 -3.188332849694443 SE 55.94414971766009 -3.1881207176600874 71.16471862792969 223.3561019897461
55.94414971766009 -3.1881207176600874 NNW 55.944426881519846 -3.188235522689797 71.16471862792969 222.1061019897461
55.944426881519846 -3.188235522689797 S 55.94412688151984 -3.188235522689797 71.16471862792969 220.8561019897461
55.94412688151984 -3.188235522689797 N 55.944426881519846 -3.188235522689797 71.16471862792969 219.6061019897461
55.944426881519846 -3.188235522689797 SSW 55.94414971766009 -3.1883503277195064 71.16471862792969 218.3561019897461
55.94414971766009 -3.1883503277195064 NNE 55.944426881519846 -3.188235522689797 71.16471862792969 217.1061019897461
55.944426881519846 -3.188235522689797 WSW 55.944312076490135 -3.1885126865495503 71.16471862792969 215.8561019897461
55.944312076490135 -3.1885126865495503 ENE 55.944426881519846 -3.188235522689797 71.16471862792969 214.6061019897461
55.944426881519846 -3.188235522689797 WSW 55.944312076490135 -3.1885126865495503 71.16471862792969 213.3561019897461
55.944312076490135 -3.1885126865495503 ENE 55.944426881519846 -3.188235522689797 71.16471862792969 212.1061019897461
55.944426881519846 -3.188235522689797 N 55.94472688151985 -3.188235522689797 71.16471862792969 210.8561019897461
55.94472688151985 -3.188235522689797 S 55.944426881519846 -3.188235522689797 71.16471862792969 209.6061019897461
55.944426881519846 -3.188235522689797 N 55.94472688151985 -3.188235522689797 71.16471862792969 208.3561019897461
55.94472688151985 -3.188235522689797 S 55.944426881519846 -3.188235522689797 71.16471862792969 207.1061019897461
55.944426881519846 -3.188235522689797 N 55.94472688151985 -3.188235522689797 71.16471862792969 205.8561019897461
55.94472688151985 -3.188235522689797 S 55.944426881519846 -3.188235522689797 71.16471862792969 204.6061019897461
55.944426881519846 -3.188235522689797 N 55.94472688151985 -3.188235522689797 71.16471862792969 203.3561019897461
55.94472688151985 -3.188235522689797 S 55.944426881519846 -3.188235522689797 71.16471862792969 202.1061019897461
55.944426881519846 -3.188235522689797 N 55.94472688151985 -3.188235522689797 71.16471862792969 200.8561019897461
55.94472688151985 -3.188235522689797 S 55.944426881519846 -3.188235522689797 71.16471862792969 199.6061019897461
55.944426881519846 -3.188235522689797 N 55.94472688151985 -3.188235522689797 71.16471862792969 198.3561019897461
55.94472688151985 -3.188235522689797 SW 55.94451474948549 -3.1884476547241527 71.16471862792969 197.1061019897461
55.94451474948549 -3.1884476547241527 NE 55.94472688151985 -3.188235522689797 71.16471862792969 195.8561019897461
55.94472688151985 -3.188235522689797 SW 55.94451474948549 -3.1884476547241527 71.16471862792969 194.6061019897461
55.94451474948549 -3.1884476547241527 NNE 55.94479191334525 -3.188332849694443 71.16471862792969 193.3561019897461
55.94479191334525 -3.188332849694443 WSW 55.94467710831554 -3.1886100135541966 71.16471862792969 192.1061019897461
55.94467710831554 -3.1886100135541966 NE 55.944889240349895 -3.188397881519841 71.16471862792969 190.8561019897461
55.944889240349895 -3.188397881519841 SW 55.94467710831554 -3.1886100135541966 71.16471862792969 189.6061019897461
55.94467710831554 -3.1886100135541966 NE 55.944889240349895 -3.188397881519841 71.16471862792969 188.3561019897461
55.944889240349895 -3.188397881519841 S 55.94458924034989 -3.188397881519841 71.16471862792969 187.1061019897461
55.94458924034989 -3.188397881519841 N 55.944889240349895 -3.188397881519841 71.16471862792969 185.8561019897461
55.944889240349895 -3.188397881519841 E 55.944889240349895 -3.1880978815198406 71.16471862792969 184.6061019897461
55.944889240349895 -3.1880978815198406 W 55.944889240349895 -3.188397881519841 71.16471862792969 183.3561019897461
55.944889240349895 -3.188397881519841 E 55.944889240349895 -3.1880978815198406 71.16471862792969 182.1061019897461
55.944889240349895 -3.1880978815198406 WNW 55.945004045379605 -3.188375045379594 71.16471862792969 180.8561019897461
55.945004045379605 -3.188375045379594 ESE 55.944889240349895 -3.1880978815198406 71.16471862792969 179.6061019897461
55.944889240349895 -3.1880978815198406 W 55.944889240349895 -3.188397881519841 71.16471862792969 178.3561019897461
55.944889240349895 -3.188397881519841 E 55.944889240349895 -3.1880978815198406 71.16471862792969 177.1061019897461
55.944889240349895 -3.1880978815198406 NW 55.94510137238425 -3.1883100135541964 71.16471862792969 175.8561019897461
55.94510137238425 -3.1883100135541964 SE 55.944889240349895 -3.1880978815198406 71.16471862792969 174.6061019897461
55.944889240349895 -3.1880978815198406 W 55.944889240349895 -3.188397881519841 71.16471862792969 173.3561019897461
55.944889240349895 -3.188397881519841 E 55.944889240349895 -3.1880978815198406 71.16471862792969 172.1061019897461
55.944889240349895 -3.1880978815198406 SSW 55.94461207649014 -3.18821268654955 71.16471862792969 170.8561019897461
55.94461207649014 -3.18821268654955 N 55.94491207649014 -3.18821268654955 71.16471862792969 169.6061019897461
55.94491207649014 -3.18821268654955 SSW 55.944634912630384 -3.1883274915792597 71.16471862792969 168.3561019897461
55.944634912630384 -3.1883274915792597 NNE 55.94491207649014 -3.18821268654955 71.16471862792969 167.1061019897461
55.94491207649014 -3.18821268654955 W 55.94491207649014 -3.1885126865495503 71.16471862792969 165.8561019897461
55.94491207649014 -3.1885126865495503 E 55.94491207649014 -3.18821268654955 71.16471862792969 164.6061019897461
55.94491207649014 -3.18821268654955 WNW 55.94502688151985 -3.1884898504093035 71.16471862792969 163.3561019897461
55.94502688151985 -3.1884898504093035 ESE 55.94491207649014 -3.18821268654955 71.16471862792969 162.1061019897461
55.94491207649014 -3.18821268654955 WNW 55.94502688151985 -3.1884898504093035 71.16471862792969 160.8561019897461
55.94502688151985 -3.1884898504093035 SE 55.944814749485495 -3.1882777183749478 71.16471862792969 159.6061019897461
55.944814749485495 -3.1882777183749478 NW 55.94502688151985 -3.1884898504093035 71.16471862792969 158.3561019897461
55.94502688151985 -3.1884898504093035 SW 55.944814749485495 -3.1887019824436593 71.16471862792969 157.1061019897461
55.944814749485495 -3.1887019824436593 ENE 55.944929554515205 -3.188424818583906 71.16471862792969 155.8561019897461
55.944929554515205 -3.188424818583906 WSW 55.944814749485495 -3.1887019824436593 71.16471862792969 154.6061019897461
55.944814749485495 -3.1887019824436593 NE 55.94502688151985 -3.1884898504093035 71.16471862792969 153.3561019897461
55.94502688151985 -3.1884898504093035 SW 55.944814749485495 -3.1887019824436593 71.16471862792969 152.1061019897461
55.944814749485495 -3.1887019824436593 SSE 55.94453758562574 -3.18858717741395 71.16471862792969 150.8561019897461
55.94453758562574 -3.18858717741395 NNW 55.944814749485495 -3.1887019824436593 71.16471862792969 149.6061019897461
55.944814749485495 -3.1887019824436593 ESE 55.944699944455785 -3.188424818583906 71.16471862792969 148.3561019897461
55.944699944455785 -3.188424818583906 W 55.944699944455785 -3.188724818583906 71.16471862792969 147.1061019897461
55.944699944455785 -3.188724818583906 SE 55.94448781242143 -3.1885126865495503 71.16471862792969 145.8561019897461
55.94448781242143 -3.1885126865495503 NW 55.944699944455785 -3.188724818583906 71.16471862792969 144.6061019897461
55.944699944455785 -3.188724818583906 ESE 55.944585139426074 -3.1884476547241527 107.75531005859375 164.3555507659912
55.944585139426074 -3.1884476547241527 WNW 55.944699944455785 -3.188724818583906 107.75531005859375 163.1055507659912
55.944699944455785 -3.188724818583906 ESE 55.944585139426074 -3.1884476547241527 107.75531005859375 161.8555507659912
55.944585139426074 -3.1884476547241527 WNW 55.944699944455785 -3.188724818583906 107.75531005859375 160.6055507659912
55.944699944455785 -3.188724818583906 ESE 55.944585139426074 -3.1884476547241527 107.75531005859375 159.3555507659912
55.944585139426074 -3.1884476547241527 SW 55.94437300739172 -3.1886597867585085 107.75531005859375 158.1055507659912
55.94437300739172 -3.1886597867585085 NE 55.944585139426074 -3.1884476547241527 107.75531005859375 156.8555507659912
55.944585139426074 -3.1884476547241527 SSW 55.94430797556632 -3.188562459753862 107.75531005859375 155.6055507659912
55.94430797556632 -3.188562459753862 N 55.94460797556632 -3.188562459753862 107.75531005859375 154.3555507659912
55.94460797556632 -3.188562459753862 SSW 55.944330811706564 -3.1886772647835717 220.71463775634766 244.32472038269043
55.944330811706564 -3.1886772647835717 NNE 55.94460797556632 -3.188562459753862 220.71463775634766 243.07472038269043
55.94460797556632 -3.188562459753862 SSW 55.944330811706564 -3.1886772647835717 220.71463775634766 241.82472038269043
55.944330811706564 -3.1886772647835717 NNE 55.94460797556632 -3.188562459753862 220.71463775634766 240.57472038269043
55.94460797556632 -3.188562459753862 SSW 55.944330811706564 -3.1886772647835717 220.71463775634766 239.32472038269043
55.944330811706564 -3.1886772647835717 NE 55.94454294374092 -3.188465132749216 220.71463775634766 238.07472038269043
55.94454294374092 -3.188465132749216 SW 55.944330811706564 -3.1886772647835717 220.71463775634766 236.82472038269043
55.944330811706564 -3.1886772647835717 NE 55.94454294374092 -3.188465132749216 220.71463775634766 235.57472038269043
55.94454294374092 -3.188465132749216 SSW 55.944265779881164 -3.1885799377789255 220.71463775634766 234.32472038269043
55.944265779881164 -3.1885799377789255 ENE 55.944380584910874 -3.188302773919172 220.71463775634766 233.07472038269043
55.944380584910874 -3.188302773919172 WSW 55.944265779881164 -3.1885799377789255 220.71463775634766 231.82472038269043
55.944265779881164 -3.1885799377789255 WSW 55.94415097485145 -3.188857101638679 220.71463775634766 230.57472038269043
55.94415097485145 -3.188857101638679 ENE 55.944265779881164 -3.1885799377789255 220.71463775634766 229.32472038269043
55.944265779881164 -3.1885799377789255 WSW 55.94415097485145 -3.188857101638679 220.71463775634766 228.07472038269043
55.94415097485145 -3.188857101638679 ENE 55.944265779881164 -3.1885799377789255 220.71463775634766 226.82472038269043
55.944265779881164 -3.1885799377789255 SE 55.94405364784681 -3.1883678057445697 220.71463775634766 225.57472038269043
55.94405364784681 -3.1883678057445697 NW 55.944265779881164 -3.1885799377789255 220.71463775634766 224.32472038269043
55.944265779881164 -3.1885799377789255 S 55.94396577988116 -3.1885799377789255 220.71463775634766 223.07472038269043
55.94396577988116 -3.1885799377789255 N 55.944265779881164 -3.1885799377789255 220.71463775634766 221.82472038269043
55.944265779881164 -3.1885799377789255 S 55.94396577988116 -3.1885799377789255 220.71463775634766 220.57472038269043
55.94396577988116 -3.1885799377789255 N 55.944265779881164 -3.1885799377789255 220.71463775634766 219.32472038269043
55.944265779881164 -3.1885799377789255 SSE 55.94398861602141 -3.188465132749216 315.4086380004883 282.3971691131592
55.94398861602141 -3.188465132749216 NNW 55.944265779881164 -3.1885799377789255 315.4086380004883 281.1471691131592
55.944265779881164 -3.1885799377789255 S 55.94396577988116 -3.1885799377789255 315.4086380004883 279.8971691131592
55.94396577988116 -3.1885799377789255 NNE 55.94424294374092 -3.188465132749216 315.4086380004883 278.6471691131592
55.94424294374092 -3.188465132749216 SSW 55.94396577988116 -3.1885799377789255 315.4086380004883 277.3971691131592
55.94396577988116 -3.1885799377789255 N 55.944265779881164 -3.1885799377789255 315.4086380004883 276.1471691131592
55.944265779881164 -3.1885799377789255 S 55.94396577988116 -3.1885799377789255 315.4086380004883 274.8971691131592
55.94396577988116 -3.1885799377789255 N 55.944265779881164 -3.1885799377789255 315.4086380004883 273.6471691131592
55.944265779881164 -3.1885799377789255 SW 55.94405364784681 -3.1887920698132812 382.4778289794922 358.07997703552246
55.94405364784681 -3.1887920698132812 ENE 55.94416845287652 -3.188514905953528 382.4778289794922 356.82997703552246
55.94416845287652 -3.188514905953528 WSW 55.94405364784681 -3.1887920698132812 382.4778289794922 355.57997703552246
55.94405364784681 -3.1887920698132812 SSE 55.94377648398705 -3.1886772647835717 382.4778289794922 354.32997703552246
55.94377648398705 -3.1886772647835717 NNW 55.94405364784681 -3.1887920698132812 382.4778289794922 353.07997703552246
55.94405364784681 -3.1887920698132812 SE 55.94384151581245 -3.1885799377789255 382.4778289794922 351.82997703552246
55.94384151581245 -3.1885799377789255 NW 55.94405364784681 -3.1887920698132812 382.4778289794922 350.57997703552246
55.94405364784681 -3.1887920698132812 W 55.94405364784681 -3.1890920698132814 458.64593505859375 360.9729127883911
55.94405364784681 -3.1890920698132814 E 55.94405364784681 -3.1887920698132812 458.64593505859375 359.7229127883911
55.94405364784681 -3.1887920698132812 N 55.94435364784681 -3.1887920698132812 458.64593505859375 358.4729127883911
55.94435364784681 -3.1887920698132812 S 55.94405364784681 -3.1887920698132812 458.64593505859375 357.2229127883911
55.94405364784681 -3.1887920698132812 ESE 55.9439388428171 -3.188514905953528 458.64593505859375 355.9729127883911
55.9439388428171 -3.188514905953528 WNW 55.94405364784681 -3.1887920698132812 458.64593505859375 354.7229127883911
55.94405364784681 -3.1887920698132812 W 55.94405364784681 -3.1890920698132814 458.64593505859375 353.4729127883911
55.94405364784681 -3.1890920698132814 E 55.94405364784681 -3.1887920698132812 458.64593505859375 352.2229127883911
55.94405364784681 -3.1887920698132812 W 55.94405364784681 -3.1890920698132814 458.64593505859375 350.9729127883911
55.94405364784681 -3.1890920698132814 E 55.94405364784681 -3.1887920698132812 458.64593505859375 349.7229127883911
55.94405364784681 -3.1887920698132812 W 55.94405364784681 -3.1890920698132814 458.64593505859375 348.4729127883911
55.94405364784681 -3.1890920698132814 SSE 55.94377648398705 -3.188977264783572 458.64593505859375 347.2229127883911
55.94377648398705 -3.188977264783572 NNW 55.94405364784681 -3.1890920698132814 458.64593505859375 345.9729127883911
55.94405364784681 -3.1890920698132814 E 55.94405364784681 -3.1887920698132812 458.64593505859375 344.7229127883911
55.94405364784681 -3.1887920698132812 W 55.94405364784681 -3.1890920698132814 458.64593505859375 343.4729127883911
55.94405364784681 -3.1890920698132814 WSW 55.9439388428171 -3.189369233673035 458.64593505859375 342.2229127883911
55.9439388428171 -3.189369233673035 ENE 55.94405364784681 -3.1890920698132814 458.64593505859375 340.9729127883911
55.94405364784681 -3.1890920698132814 SSE 55.94377648398705 -3.188977264783572 458.64593505859375 339.7229127883911
55.94377648398705 -3.188977264783572 NNW 55.94405364784681 -3.1890920698132814 458.64593505859375 338.4729127883911
55.94405364784681 -3.1890920698132814 ENE 55.94416845287652 -3.188814905953528 458.64593505859375 337.2229127883911
55.94416845287652 -3.188814905953528 WSW 55.94405364784681 -3.1890920698132814 458.64593505859375 335.9729127883911
55.94405364784681 -3.1890920698132814 WSW 55.9439388428171 -3.189369233673035 458.64593505859375 334.7229127883911
55.9439388428171 -3.189369233673035 ENE 55.94405364784681 -3.1890920698132814 458.64593505859375 333.4729127883911
55.94405364784681 -3.1890920698132814 SW 55.94384151581245 -3.189304201847637 458.64593505859375 332.2229127883911
55.94384151581245 -3.189304201847637 NE 55.94405364784681 -3.1890920698132814 458.64593505859375 330.9729127883911
55.94405364784681 -3.1890920698132814 SSW 55.94377648398705 -3.189206874842991 531.69287109375 410.12807178497314
55.94377648398705 -3.189206874842991 NNE 55.94405364784681 -3.1890920698132814 531.69287109375 408.87807178497314
55.94405364784681 -3.1890920698132814 SSW 55.94377648398705 -3.189206874842991 531.69287109375 407.62807178497314
55.94377648398705 -3.189206874842991 NE 55.94398861602141 -3.188994742808635 531.69287109375 406.37807178497314
55.94398861602141 -3.188994742808635 WSW 55.9438738109917 -3.1892719066683886 531.69287109375 405.12807178497314
55.9438738109917 -3.1892719066683886 E 55.9438738109917 -3.1889719066683884 531.69287109375 403.87807178497314
55.9438738109917 -3.1889719066683884 W 55.9438738109917 -3.1892719066683886 531.69287109375 402.62807178497314
55.9438738109917 -3.1892719066683886 E 55.9438738109917 -3.1889719066683884 531.69287109375 401.37807178497314
55.9438738109917 -3.1889719066683884 S 55.943573810991694 -3.1889719066683884 531.69287109375 400.12807178497314
55.943573810991694 -3.1889719066683884 N 55.9438738109917 -3.1889719066683884 531.69287109375 398.87807178497314
55.9438738109917 -3.1889719066683884 W 55.9438738109917 -3.1892719066683886 531.69287109375 397.62807178497314
55.9438738109917 -3.1892719066683886 E 55.9438738109917 -3.1889719066683884 531.69287109375 396.37807178497314
55.9438738109917 -3.1889719066683884 WSW 55.94375900596199 -3.1892490705281418 531.69287109375 395.12807178497314
55.94375900596199 -3.1892490705281418 ENE 55.9438738109917 -3.1889719066683884 531.69287109375 393.87807178497314
55.9438738109917 -3.1889719066683884 W 55.9438738109917 -3.1892719066683886 531.69287109375 392.62807178497314
55.9438738109917 -3.1892719066683886 E 55.9438738109917 -3.1889719066683884 531.69287109375 391.37807178497314
55.9438738109917 -3.1889719066683884 E 55.9438738109917 -3.188671906668388 531.69287109375 390.12807178497314
55.9438738109917 -3.188671906668388 W 55.9438738109917 -3.1889719066683884 531.69287109375 388.87807178497314
55.9438738109917 -3.1889719066683884 E 55.9438738109917 -3.188671906668388 531.69287109375 387.62807178497314
55.9438738109917 -3.188671906668388 W 55.9438738109917 -3.1889719066683884 531.69287109375 386.37807178497314
55.9438738109917 -3.1889719066683884 NNE 55.94415097485145 -3.188857101638679 531.69287109375 385.12807178497314
55.94415097485145 -3.188857101638679 SSW 55.9438738109917 -3.1889719066683884 531.69287109375 383.87807178497314
55.9438738109917 -3.1889719066683884 ESE 55.94375900596199 -3.188694742808635 531.69287109375 382.62807178497314
55.94375900596199 -3.188694742808635 W 55.94375900596199 -3.188994742808635 531.69287109375 381.37807178497314
55.94375900596199 -3.188994742808635 E 55.94375900596199 -3.188694742808635 531.69287109375 380.12807178497314
55.94375900596199 -3.188694742808635 W 55.94375900596199 -3.188994742808635 531.69287109375 378.87807178497314
55.94375900596199 -3.188994742808635 E 55.94375900596199 -3.188694742808635 531.69287109375 377.62807178497314
55.94375900596199 -3.188694742808635 WNW 55.9438738109917 -3.1889719066683884 531.69287109375 376.37807178497314
55.9438738109917 -3.1889719066683884 ESE 55.94375900596199 -3.188694742808635 531.69287109375 375.12807178497314
55.94375900596199 -3.188694742808635 ESE 55.943644200932276 -3.1884175789488816 531.69287109375 373.87807178497314
55.943644200932276 -3.1884175789488816 WNW 55.94375900596199 -3.188694742808635 531.69287109375 372.62807178497314
55.94375900596199 -3.188694742808635 SE 55.94354687392763 -3.188482610774279 531.69287109375 371.37807178497314
55.94354687392763 -3.188482610774279 NW 55.94375900596199 -3.188694742808635 531.69287109375 370.12807178497314
55.94375900596199 -3.188694742808635 ESE 55.943644200932276 -3.1884175789488816 531.69287109375 368.87807178497314
55.943644200932276 -3.1884175789488816 WNW 55.94375900596199 -3.188694742808635 531.69287109375 367.62807178497314
55.94375900596199 -3.188694742808635 ESE 55.943644200932276 -3.1884175789488816 531.69287109375 366.37807178497314
55.943644200932276 -3.1884175789488816 WNW 55.94375900596199 -3.188694742808635 531.69287109375 365.12807178497314
55.94375900596199 -3.188694742808635 SE 55.94354687392763 -3.188482610774279 531.69287109375 363.87807178497314
55.94354687392763 -3.188482610774279 NW 55.94375900596199 -3.188694742808635 531.69287109375 362.62807178497314
55.94375900596199 -3.188694742808635 SSE 55.94348184210223 -3.1885799377789255 531.69287109375 361.37807178497314
55.94348184210223 -3.1885799377789255 NNW 55.94375900596199 -3.188694742808635 531.69287109375 360.12807178497314
55.94375900596199 -3.188694742808635 SE 55.94354687392763 -3.188482610774279 531.69287109375 358.87807178497314
55.94354687392763 -3.188482610774279 NW 55.94375900596199 -3.188694742808635 531.69287109375 357.62807178497314
