55.944425 -3.188396 NW 55.94463713203436 -3.188608132034356 0.0 248.75
55.94463713203436 -3.188608132034356 ESE 55.94452232700465 -3.1883309681746024 0.0 247.5
55.94452232700465 -3.1883309681746024 SSE 55.94424516314489 -3.188216163144893 0.0 246.25
55.94424516314489 -3.188216163144893 NNW 55.94452232700465 -3.1883309681746024 0.0 245.0
55.94452232700465 -3.1883309681746024 SSE 55.94424516314489 -3.188216163144893 0.0 243.75
55.94424516314489 -3.188216163144893 NNW 55.94452232700465 -3.1883309681746024 0.0 242.5
55.94452232700465 -3.1883309681746024 S 55.944222327004645 -3.1883309681746024 0.0 241.25
55.944222327004645 -3.1883309681746024 NNE 55.9444994908644 -3.188216163144893 0.0 240.0
55.9444994908644 -3.188216163144893 NE 55.94471162289876 -3.188004031110537 95.53079223632812 329.03102111816406
55.94471162289876 -3.188004031110537 SW 55.9444994908644 -3.188216163144893 95.53079223632812 327.78102111816406
55.9444994908644 -3.188216163144893 NNE 55.94477665472416 -3.1881013581151834 95.53079223632812 326.53102111816406
55.94477665472416 -3.1881013581151834 SSW 55.9444994908644 -3.188216163144893 95.53079223632812 325.28102111816406
55.9444994908644 -3.188216163144893 N 55.944799490864405 -3.188216163144893 95.53079223632812 324.03102111816406
55.944799490864405 -3.188216163144893 SSW 55.94452232700465 -3.1883309681746024 95.53079223632812 322.78102111816406
55.94452232700465 -3.1883309681746024 NNE 55.944799490864405 -3.188216163144893 95.53079223632812 321.53102111816406
55.944799490864405 -3.188216163144893 SSW 55.94452232700465 -3.1883309681746024 95.53079223632812 320.28102111816406
55.94452232700465 -3.1883309681746024 N 55.94482232700465 -3.1883309681746024 194.50743865966797 407.8909912109375
55.94482232700465 -3.1883309681746024 SW 55.944610194970295 -3.188543100208958 194.50743865966797 406.6409912109375
55.944610194970295 -3.188543100208958 N 55.9449101949703 -3.188543100208958 194.50743865966797 405.3909912109375
55.9449101949703 -3.188543100208958 S 55.944610194970295 -3.188543100208958 194.50743865966797 404.1409912109375
55.944610194970295 -3.188543100208958 NW 55.94482232700465 -3.188755232243314 194.50743865966797 402.8909912109375
55.94482232700465 -3.188755232243314 SE 55.944610194970295 -3.188543100208958 194.50743865966797 401.6409912109375
55.944610194970295 -3.188543100208958 WNW 55.944725000000005 -3.1888202640687116 194.50743865966797 400.3909912109375
55.944725000000005 -3.1888202640687116 ESE 55.944610194970295 -3.188543100208958 194.50743865966797 399.1409912109375
55.944610194970295 -3.188543100208958 W 55.944610194970295 -3.1888431002089583 194.50743865966797 397.8909912109375
55.944610194970295 -3.1888431002089583 E 55.944610194970295 -3.188543100208958 194.50743865966797 396.6409912109375
55.944610194970295 -3.188543100208958 S 55.94431019497029 -3.188543100208958 194.50743865966797 395.3909912109375
55.94431019497029 -3.188543100208958 N 55.944610194970295 -3.188543100208958 194.50743865966797 394.1409912109375
55.944610194970295 -3.188543100208958 SSE 55.94433303111054 -3.1884282951792486 194.50743865966797 392.8909912109375
55.94433303111054 -3.1884282951792486 NW 55.944545163144895 -3.1886404272136044 194.50743865966797 391.6409912109375
55.944545163144895 -3.1886404272136044 SSE 55.94426799928514 -3.188525622183895 194.50743865966797 390.3909912109375
55.94426799928514 -3.188525622183895 NW 55.944480131319494 -3.1887377542182507 194.50743865966797 389.1409912109375
55.944480131319494 -3.1887377542182507 SE 55.94426799928514 -3.188525622183895 194.50743865966797 387.8909912109375
55.94426799928514 -3.188525622183895 NW 55.944480131319494 -3.1887377542182507 194.50743865966797 386.6409912109375
55.944480131319494 -3.1887377542182507 SE 55.94426799928514 -3.188525622183895 194.50743865966797 385.3909912109375
55.94426799928514 -3.188525622183895 NW 55.944480131319494 -3.1887377542182507 194.50743865966797 384.1409912109375
55.944480131319494 -3.1887377542182507 W 55.944480131319494 -3.189037754218251 198.7560577392578 463.11517333984375
55.944480131319494 -3.189037754218251 E 55.944480131319494 -3.1887377542182507 198.7560577392578 461.86517333984375
55.944480131319494 -3.1887377542182507 SSW 55.94420296745974 -3.18885255924796 198.7560577392578 460.61517333984375
55.94420296745974 -3.18885255924796 NNE 55.944480131319494 -3.1887377542182507 198.7560577392578 459.36517333984375
55.944480131319494 -3.1887377542182507 W 55.944480131319494 -3.189037754218251 198.7560577392578 458.11517333984375
55.944480131319494 -3.189037754218251 E 55.944480131319494 -3.1887377542182507 198.7560577392578 456.86517333984375
55.944480131319494 -3.1887377542182507 SE 55.94426799928514 -3.188525622183895 198.7560577392578 455.61517333984375
55.94426799928514 -3.188525622183895 NNW 55.944545163144895 -3.1886404272136044 198.7560577392578 454.36517333984375
55.944545163144895 -3.1886404272136044 WNW 55.944659968174605 -3.188917591073358 198.7560577392578 453.11517333984375
55.944659968174605 -3.188917591073358 ESE 55.944545163144895 -3.1886404272136044 198.7560577392578 451.86517333984375
55.944545163144895 -3.1886404272136044 W 55.944545163144895 -3.1889404272136046 275.2546157836914 548.145881652832
55.944545163144895 -3.1889404272136046 SE 55.94433303111054 -3.188728295179249 275.2546157836914 546.895881652832
55.94433303111054 -3.188728295179249 WNW 55.94444783614025 -3.1890054590390022 275.2546157836914 545.645881652832
55.94444783614025 -3.1890054590390022 ESE 55.94433303111054 -3.188728295179249 275.2546157836914 544.395881652832
55.94433303111054 -3.188728295179249 W 55.94433303111054 -3.189028295179249 275.2546157836914 543.145881652832
55.94433303111054 -3.189028295179249 E 55.94433303111054 -3.188728295179249 275.2546157836914 541.895881652832
55.94433303111054 -3.188728295179249 WNW 55.94444783614025 -3.1890054590390022 275.2546157836914 540.645881652832
55.94444783614025 -3.1890054590390022 ESE 55.94433303111054 -3.188728295179249 275.2546157836914 539.395881652832
55.94433303111054 -3.188728295179249 WNW 55.94444783614025 -3.1890054590390022 275.2546157836914 538.145881652832
55.94444783614025 -3.1890054590390022 SSE 55.94417067228049 -3.1888906540092927 275.2546157836914 536.895881652832
55.94417067228049 -3.1888906540092927 NW 55.94438280431485 -3.1891027860436485 275.2546157836914 535.645881652832
55.94438280431485 -3.1891027860436485 SSE 55.94410564045509 -3.188987981013939 275.2546157836914 534.395881652832
55.94410564045509 -3.188987981013939 NNE 55.94438280431485 -3.1888731759842295 275.2546157836914 533.145881652832
55.94438280431485 -3.1888731759842295 SSW 55.94410564045509 -3.188987981013939 275.2546157836914 531.895881652832
55.94410564045509 -3.188987981013939 WNW 55.9442204454848 -3.1892651448736924 275.2546157836914 530.645881652832
55.9442204454848 -3.1892651448736924 ESE 55.94410564045509 -3.188987981013939 275.2546157836914 529.395881652832
55.94410564045509 -3.188987981013939 SW 55.943893508420736 -3.1892001130482948 275.2546157836914 528.145881652832
55.943893508420736 -3.1892001130482948 NE 55.94410564045509 -3.188987981013939 275.2546157836914 526.895881652832
55.94410564045509 -3.188987981013939 W 55.94410564045509 -3.189287981013939 275.2546157836914 525.645881652832
55.94410564045509 -3.189287981013939 ENE 55.9442204454848 -3.1890108171541858 275.2546157836914 524.395881652832
55.9442204454848 -3.1890108171541858 WSW 55.94410564045509 -3.189287981013939 275.2546157836914 523.145881652832
55.94410564045509 -3.189287981013939 ENE 55.9442204454848 -3.1890108171541858 275.2546157836914 521.895881652832
55.9442204454848 -3.1890108171541858 W 55.9442204454848 -3.189310817154186 275.2546157836914 520.645881652832
55.9442204454848 -3.189310817154186 S 55.9439204454848 -3.189310817154186 275.2546157836914 519.395881652832
55.9439204454848 -3.189310817154186 N 55.9442204454848 -3.189310817154186 275.2546157836914 518.145881652832
55.9442204454848 -3.189310817154186 WSW 55.94410564045509 -3.1895879810139394 275.2546157836914 516.895881652832
55.94410564045509 -3.1895879810139394 E 55.94410564045509 -3.189287981013939 275.2546157836914 515.645881652832
55.94410564045509 -3.189287981013939 WNW 55.9442204454848 -3.1895651448736926 275.2546157836914 514.395881652832
55.9442204454848 -3.1895651448736926 SSE 55.943943281625046 -3.189450339843983 275.2546157836914 513.145881652832
55.943943281625046 -3.189450339843983 NNW 55.9442204454848 -3.1895651448736926 275.2546157836914 511.89588165283203
55.9442204454848 -3.1895651448736926 W 55.9442204454848 -3.1898651448736928 348.4493179321289 529.9689674377441
55.9442204454848 -3.1898651448736928 ESE 55.94410564045509 -3.1895879810139394 348.4493179321289 528.7189674377441
55.94410564045509 -3.1895879810139394 WNW 55.9442204454848 -3.1898651448736928 348.4493179321289 527.4689674377441
55.9442204454848 -3.1898651448736928 ESE 55.94410564045509 -3.1895879810139394 348.4493179321289 526.2189674377441
55.94410564045509 -3.1895879810139394 WNW 55.9442204454848 -3.1898651448736928 348.4493179321289 524.9689674377441
55.9442204454848 -3.1898651448736928 ESE 55.94410564045509 -3.1895879810139394 348.4493179321289 523.7189674377441
55.94410564045509 -3.1895879810139394 WNW 55.9442204454848 -3.1898651448736928 348.4493179321289 522.4689674377441
55.9442204454848 -3.1898651448736928 WSW 55.94410564045509 -3.190142308733446 447.90728759765625 544.4223766326904
55.94410564045509 -3.190142308733446 ENE 55.9442204454848 -3.1898651448736928 447.90728759765625 543.1723766326904
55.9442204454848 -3.1898651448736928 SSE 55.943943281625046 -3.1897503398439833 480.3655242919922 550.0591020584106
55.943943281625046 -3.1897503398439833 NNW 55.9442204454848 -3.1898651448736928 480.3655242919922 548.8091020584106
55.9442204454848 -3.1898651448736928 S 55.9439204454848 -3.1898651448736928 480.3655242919922 547.5591020584106
55.9439204454848 -3.1898651448736928 NNE 55.944197609344556 -3.1897503398439833 480.3655242919922 546.3091020584106
55.944197609344556 -3.1897503398439833 SSW 55.9439204454848 -3.1898651448736928 480.3655242919922 545.0591020584106
55.9439204454848 -3.1898651448736928 NE 55.944132577519156 -3.189653012839337 480.3655242919922 543.8091020584106
55.944132577519156 -3.189653012839337 SW 55.9439204454848 -3.1898651448736928 480.3655242919922 542.5591020584106
55.9439204454848 -3.1898651448736928 NE 55.944132577519156 -3.189653012839337 480.3655242919922 541.3091020584106
55.944132577519156 -3.189653012839337 SSW 55.9438554136594 -3.1897678178690465 563.8300476074219 654.3555727005005
55.9438554136594 -3.1897678178690465 ENE 55.94397021868911 -3.189490654009293 563.8300476074219 653.1055727005005
55.94397021868911 -3.189490654009293 W 55.94397021868911 -3.1897906540092933 563.8300476074219 651.8555727005005
55.94397021868911 -3.1897906540092933 ESE 55.9438554136594 -3.18951349014954 563.8300476074219 650.6055727005005
55.9438554136594 -3.18951349014954 WSW 55.94374060862969 -3.1897906540092933 563.8300476074219 649.3555727005005
55.94374060862969 -3.1897906540092933 ENE 55.9438554136594 -3.18951349014954 563.8300476074219 648.1055727005005
55.9438554136594 -3.18951349014954 WSW 55.94374060862969 -3.1897906540092933 563.8300476074219 646.8555727005005
55.94374060862969 -3.1897906540092933 N 55.94404060862969 -3.1897906540092933 653.1205520629883 762.7279634475708
55.94404060862969 -3.1897906540092933 S 55.94374060862969 -3.1897906540092933 653.1205520629883 761.4779634475708
55.94374060862969 -3.1897906540092933 SE 55.94352847659533 -3.1895785219749375 653.1205520629883 760.2279634475708
55.94352847659533 -3.1895785219749375 NW 55.94374060862969 -3.1897906540092933 653.1205520629883 758.9779634475708
55.94374060862969 -3.1897906540092933 N 55.94404060862969 -3.1897906540092933 653.1205520629883 757.7279634475708
55.94404060862969 -3.1897906540092933 S 55.94374060862969 -3.1897906540092933 653.1205520629883 756.4779634475708
55.94374060862969 -3.1897906540092933 N 55.94404060862969 -3.1897906540092933 653.1205520629883 755.2279634475708
55.94404060862969 -3.1897906540092933 S 55.94374060862969 -3.1897906540092933 653.1205520629883 753.9779634475708
55.94374060862969 -3.1897906540092933 NNW 55.944017772489445 -3.189905459039003 653.1205520629883 752.7279634475708
55.944017772489445 -3.189905459039003 SSW 55.94374060862969 -3.1900202640687123 653.1205520629883 751.4779634475708
55.94374060862969 -3.1900202640687123 N 55.94404060862969 -3.1900202640687123 653.1205520629883 750.2279634475708
55.94404060862969 -3.1900202640687123 SW 55.943828476595336 -3.190232396103068 653.1205520629883 748.9779634475708
55.943828476595336 -3.190232396103068 NE 55.94404060862969 -3.1900202640687123 653.1205520629883 747.7279634475708
55.94404060862969 -3.1900202640687123 SW 55.943828476595336 -3.190232396103068 653.1205520629883 746.4779634475708
55.943828476595336 -3.190232396103068 NNE 55.94410564045509 -3.1901175910733586 653.1205520629883 745.2279634475708
55.94410564045509 -3.1901175910733586 SSW 55.943828476595336 -3.190232396103068 653.1205520629883 743.9779634475708
55.943828476595336 -3.190232396103068 SW 55.94361634456098 -3.190444528137424 653.1205520629883 742.7279634475708
55.94361634456098 -3.190444528137424 NE 55.943828476595336 -3.190232396103068 653.1205520629883 741.4779634475708
55.943828476595336 -3.190232396103068 NW 55.94404060862969 -3.190444528137424 653.1205520629883 740.2279634475708
55.94404060862969 -3.190444528137424 SE 55.943828476595336 -3.190232396103068 653.1205520629883 738.9779634475708
55.943828476595336 -3.190232396103068 NW 55.94404060862969 -3.190444528137424 653.1205520629883 737.7279634475708
55.94404060862969 -3.190444528137424 SE 55.943828476595336 -3.190232396103068 653.1205520629883 736.4779634475708
55.943828476595336 -3.190232396103068 WNW 55.943943281625046 -3.1905095599628215 653.1205520629883 735.2279634475708
55.943943281625046 -3.1905095599628215 ESE 55.943828476595336 -3.190232396103068 653.1205520629883 733.9779634475708
55.943828476595336 -3.190232396103068 W 55.943828476595336 -3.1905323961030683 653.1205520629883 732.7279634475708
55.943828476595336 -3.1905323961030683 E 55.943828476595336 -3.190232396103068 653.1205520629883 731.4779634475708
55.943828476595336 -3.190232396103068 W 55.943828476595336 -3.1905323961030683 653.1205520629883 730.2279634475708
55.943828476595336 -3.1905323961030683 E 55.943828476595336 -3.190232396103068 653.1205520629883 728.9779634475708
55.943828476595336 -3.190232396103068 W 55.943828476595336 -3.1905323961030683 653.1205520629883 727.7279634475708
55.943828476595336 -3.1905323961030683 ENE 55.943943281625046 -3.190255232243315 653.1205520629883 726.4779634475708
55.943943281625046 -3.190255232243315 SW 55.94373114959069 -3.1904673642776706 653.1205520629883 725.2279634475708
55.94373114959069 -3.1904673642776706 NE 55.943943281625046 -3.190255232243315 653.1205520629883 723.9779634475708
55.943943281625046 -3.190255232243315 N 55.94424328162505 -3.190255232243315 653.1205520629883 722.7279634475708
55.94424328162505 -3.190255232243315 SSE 55.94396611776529 -3.1901404272136054 653.1205520629883 721.4779634475708
55.94396611776529 -3.1901404272136054 NNW 55.94424328162505 -3.190255232243315 653.1205520629883 720.2279634475708
55.94424328162505 -3.190255232243315 SE 55.94403114959069 -3.190043100208959 653.1205520629883 718.9779634475708
55.94403114959069 -3.190043100208959 NW 55.94424328162505 -3.190255232243315 653.1205520629883 717.7279634475708
55.94424328162505 -3.190255232243315 SE 55.94403114959069 -3.190043100208959 653.1205520629883 716.4779634475708
55.94403114959069 -3.190043100208959 N 55.944331149590695 -3.190043100208959 653.1205520629883 715.2279634475708
55.944331149590695 -3.190043100208959 S 55.94403114959069 -3.190043100208959 653.1205520629883 713.9779634475708
55.94403114959069 -3.190043100208959 W 55.94403114959069 -3.1903431002089593 671.2463340759277 723.025951385498
55.94403114959069 -3.1903431002089593 E 55.94403114959069 -3.190043100208959 671.2463340759277 721.775951385498
55.94403114959069 -3.190043100208959 SE 55.943819017556336 -3.1898309681746033 671.2463340759277 720.525951385498
55.943819017556336 -3.1898309681746033 WNW 55.94393382258605 -3.1901081320343567 671.2463340759277 719.275951385498
55.94393382258605 -3.1901081320343567 NNE 55.9442109864458 -3.189993327004647 671.2463340759277 718.025951385498
55.9442109864458 -3.189993327004647 SSE 55.94393382258605 -3.1898785219749377 671.2463340759277 716.775951385498
55.94393382258605 -3.1898785219749377 NNW 55.9442109864458 -3.189993327004647 671.2463340759277 715.525951385498
55.9442109864458 -3.189993327004647 SSE 55.94393382258605 -3.1898785219749377 671.2463340759277 714.275951385498
55.94393382258605 -3.1898785219749377 NNW 55.9442109864458 -3.189993327004647 671.2463340759277 713.025951385498
55.9442109864458 -3.189993327004647 SSE 55.94393382258605 -3.1898785219749377 671.2463340759277 711.775951385498
55.94393382258605 -3.1898785219749377 NNW 55.9442109864458 -3.189993327004647 671.2463340759277 710.525951385498
55.9442109864458 -3.189993327004647 N 55.944510986445806 -3.189993327004647 788.7440223693848 720.7807350158691
55.944510986445806 -3.189993327004647 S 55.9442109864458 -3.189993327004647 788.7440223693848 719.5307350158691
55.9442109864458 -3.189993327004647 N 55.944510986445806 -3.189993327004647 788.7440223693848 718.2807350158691
55.944510986445806 -3.189993327004647 S 55.9442109864458 -3.189993327004647 788.7440223693848 717.0307350158691
55.9442109864458 -3.189993327004647 N 55.944510986445806 -3.189993327004647 788.7440223693848 715.7807350158691
55.944510986445806 -3.189993327004647 S 55.9442109864458 -3.189993327004647 788.7440223693848 714.5307350158691
55.9442109864458 -3.189993327004647 N 55.944510986445806 -3.189993327004647 788.7440223693848 713.2807350158691
55.944510986445806 -3.189993327004647 S 55.9442109864458 -3.189993327004647 788.7440223693848 712.0307350158691
55.9442109864458 -3.189993327004647 NW 55.94442311848016 -3.190205459039003 796.9702558517456 751.1375885009766
55.94442311848016 -3.190205459039003 ESE 55.94430831345045 -3.1899282951792496 796.9702558517456 749.8875885009766
55.94430831345045 -3.1899282951792496 NW 55.944520445484805 -3.1901404272136054 851.059458732605 838.3668823242188
55.944520445484805 -3.1901404272136054 E 55.944520445484805 -3.189840427213605 917.7535047531128 861.7387752532959
55.944520445484805 -3.189840427213605 W 55.944520445484805 -3.1901404272136054 917.7535047531128 860.4887752532959
55.944520445484805 -3.1901404272136054 ENE 55.944635250514516 -3.189863263353852 917.7535047531128 859.2387752532959
55.944635250514516 -3.189863263353852 WSW 55.944520445484805 -3.1901404272136054 917.7535047531128 857.9887752532959
55.944520445484805 -3.1901404272136054 NE 55.94473257751916 -3.1899282951792496 923.315999507904 877.1748371124268
55.94473257751916 -3.1899282951792496 WSW 55.94461777248945 -3.190205459039003 923.315999507904 875.9248371124268
55.94461777248945 -3.190205459039003 SSW 55.944340608629695 -3.1903202640687125 951.5324892997742 882.2205066680908
55.944340608629695 -3.1903202640687125 NNE 55.94461777248945 -3.190205459039003 951.5324892997742 880.9705066680908
55.94461777248945 -3.190205459039003 S 55.94431777248945 -3.190205459039003 951.5324892997742 879.7205066680908
55.94431777248945 -3.190205459039003 N 55.94461777248945 -3.190205459039003 951.5324892997742 878.4705066680908
55.94461777248945 -3.190205459039003 S 55.94431777248945 -3.190205459039003 951.5324892997742 877.2205066680908
55.94431777248945 -3.190205459039003 NW 55.944529904523804 -3.1904175910733588 980.6637740135193 896.9997100830078
55.944529904523804 -3.1904175910733588 SE 55.94431777248945 -3.190205459039003 980.6637740135193 895.7497100830078
55.94431777248945 -3.190205459039003 NW 55.944529904523804 -3.1904175910733588 980.6637740135193 894.4997100830078
55.944529904523804 -3.1904175910733588 SE 55.94431777248945 -3.190205459039003 980.6637740135193 893.2497100830078
55.94431777248945 -3.190205459039003 WSW 55.94420296745974 -3.1904826228987564 980.6637740135193 891.9997100830078
55.94420296745974 -3.1904826228987564 NNE 55.944480131319494 -3.190367817869047 980.6637740135193 890.7497100830078
55.944480131319494 -3.190367817869047 SW 55.94426799928514 -3.1905799499034027 980.6637740135193 889.4997100830078
55.94426799928514 -3.1905799499034027 NE 55.944480131319494 -3.190367817869047 980.6637740135193 888.2497100830078
55.944480131319494 -3.190367817869047 SW 55.94426799928514 -3.1905799499034027 980.6637740135193 886.9997100830078
55.94426799928514 -3.1905799499034027 NE 55.944480131319494 -3.190367817869047 980.6637740135193 885.7497100830078
55.944480131319494 -3.190367817869047 WSW 55.944365326289784 -3.1906449817288003 980.6637740135193 884.4997100830078
55.944365326289784 -3.1906449817288003 SE 55.94415319425543 -3.1904328496944445 980.6637740135193 883.2497100830078
55.94415319425543 -3.1904328496944445 WNW 55.94426799928514 -3.190710013554198 980.6637740135193 881.9997100830078
55.94426799928514 -3.190710013554198 E 55.94426799928514 -3.1904100135541977 980.6637740135193 880.7497100830078
55.94426799928514 -3.1904100135541977 W 55.94426799928514 -3.190710013554198 980.6637740135193 879.4997100830078
55.94426799928514 -3.190710013554198 ESE 55.94415319425543 -3.1904328496944445 980.6637740135193 878.2497100830078
55.94415319425543 -3.1904328496944445 WNW 55.94426799928514 -3.190710013554198 980.6637740135193 876.9997100830078
55.94426799928514 -3.190710013554198 SSE 55.94399083542538 -3.1905952085244884 980.6637740135193 875.7497100830078
55.94399083542538 -3.1905952085244884 NNW 55.94426799928514 -3.190710013554198 980.6637740135193 874.4997100830078
55.94426799928514 -3.190710013554198 N 55.94456799928514 -3.190710013554198 980.6637740135193 873.2497100830078
55.94456799928514 -3.190710013554198 S 55.94426799928514 -3.190710013554198 980.6637740135193 871.9997100830078
55.94426799928514 -3.190710013554198 WSW 55.94415319425543 -3.1909871774139513 980.6637740135193 870.7497100830078
55.94415319425543 -3.1909871774139513 ENE 55.94426799928514 -3.190710013554198 980.6637740135193 869.4997100830078
55.94426799928514 -3.190710013554198 SSW 55.94399083542538 -3.1908248185839074 1089.8207182884216 975.4262771606445
55.94399083542538 -3.1908248185839074 NNE 55.94426799928514 -3.190710013554198 1089.8207182884216 974.1762771606445
55.94426799928514 -3.190710013554198 SSW 55.94399083542538 -3.1908248185839074 1089.8207182884216 972.9262771606445
55.94399083542538 -3.1908248185839074 NE 55.94420296745974 -3.1906126865495517 1089.8207182884216 971.6762771606445
55.94420296745974 -3.1906126865495517 SW 55.94399083542538 -3.1908248185839074 1089.8207182884216 970.4262771606445
55.94399083542538 -3.1908248185839074 SSW 55.943713671565625 -3.190939623613617 1089.8207182884216 969.1762771606445
55.943713671565625 -3.190939623613617 NNE 55.94399083542538 -3.1908248185839074 1089.8207182884216 967.9262771606445
55.94399083542538 -3.1908248185839074 SSW 55.943713671565625 -3.190939623613617 1089.8207182884216 966.6762771606445
55.943713671565625 -3.190939623613617 NNE 55.94399083542538 -3.1908248185839074 1089.8207182884216 965.4262771606445
55.94399083542538 -3.1908248185839074 ESE 55.94387603039567 -3.190547654724154 1176.0029997825623 1045.993408203125
55.94387603039567 -3.190547654724154 W 55.94387603039567 -3.190847654724154 1176.0029997825623 1044.743408203125
55.94387603039567 -3.190847654724154 NW 55.94408816243003 -3.19105978675851 1176.0029997825623 1043.493408203125
55.94408816243003 -3.19105978675851 SE 55.94387603039567 -3.190847654724154 1176.0029997825623 1042.243408203125
55.94387603039567 -3.190847654724154 WSW 55.94376122536596 -3.1911248185839076 1212.4962210655212 1076.6780815124512
55.94376122536596 -3.1911248185839076 ENE 55.94387603039567 -3.190847654724154 1212.4962210655212 1075.4280815124512
55.94387603039567 -3.190847654724154 SSW 55.943598866535915 -3.1909624597538637 1212.4962210655212 1074.1780815124512
55.943598866535915 -3.1909624597538637 NNE 55.94387603039567 -3.190847654724154 1212.4962210655212 1072.9280815124512
55.94387603039567 -3.190847654724154 SSW 55.943598866535915 -3.1909624597538637 1212.4962210655212 1071.6780815124512
55.943598866535915 -3.1909624597538637 NNW 55.94387603039567 -3.1910772647835732 1246.7100310325623 1183.711627960205
55.94387603039567 -3.1910772647835732 S 55.94357603039567 -3.1910772647835732 1246.7100310325623 1182.461627960205
55.94357603039567 -3.1910772647835732 N 55.94387603039567 -3.1910772647835732 1246.7100310325623 1181.211627960205
55.94387603039567 -3.1910772647835732 NE 55.94408816243003 -3.1908651327492175 1246.7100310325623 1179.961627960205
55.94408816243003 -3.1908651327492175 SW 55.94387603039567 -3.1910772647835732 1246.7100310325623 1178.711627960205
55.94387603039567 -3.1910772647835732 NW 55.94408816243003 -3.191289396817929 1246.7100310325623 1177.461627960205
55.94408816243003 -3.191289396817929 E 55.94408816243003 -3.190989396817929 1246.7100310325623 1176.211627960205
55.94408816243003 -3.190989396817929 NW 55.944300294464384 -3.1912015288522846 1246.7100310325623 1174.961627960205
55.944300294464384 -3.1912015288522846 SE 55.94408816243003 -3.190989396817929 1246.7100310325623 1173.711627960205
55.94408816243003 -3.190989396817929 NNW 55.944365326289784 -3.1911042018476383 1246.7100310325623 1172.461627960205
55.944365326289784 -3.1911042018476383 SE 55.94415319425543 -3.1908920698132825 1246.7100310325623 1171.211627960205
55.94415319425543 -3.1908920698132825 E 55.94415319425543 -3.1905920698132824 1246.7100310325623 1169.961627960205
55.94415319425543 -3.1905920698132824 W 55.94415319425543 -3.1908920698132825 1246.7100310325623 1168.711627960205
55.94415319425543 -3.1908920698132825 E 55.94415319425543 -3.1905920698132824 1246.7100310325623 1167.461627960205
55.94415319425543 -3.1905920698132824 W 55.94415319425543 -3.1908920698132825 1246.7100310325623 1166.211627960205
55.94415319425543 -3.1908920698132825 SW 55.94394106222107 -3.1911042018476383 1246.7100310325623 1164.961627960205
55.94394106222107 -3.1911042018476383 NE 55.94415319425543 -3.1908920698132825 1246.7100310325623 1163.711627960205
55.94415319425543 -3.1908920698132825 N 55.94445319425543 -3.1908920698132825 1298.4094977378845 1256.6528663635254
55.94445319425543 -3.1908920698132825 S 55.94415319425543 -3.1908920698132825 1298.4094977378845 1255.4028663635254
55.94415319425543 -3.1908920698132825 N 55.94445319425543 -3.1908920698132825 1298.4094977378845 1254.1528663635254
55.94445319425543 -3.1908920698132825 S 55.94415319425543 -3.1908920698132825 1298.4094977378845 1252.9028663635254
55.94415319425543 -3.1908920698132825 NNE 55.944430358115184 -3.190777264783573 1298.4094977378845 1251.6528663635254
55.944430358115184 -3.190777264783573 SW 55.94421822608083 -3.190989396817929 1298.4094977378845 1250.4028663635254
55.94421822608083 -3.190989396817929 NE 55.944430358115184 -3.190777264783573 1298.4094977378845 1249.1528663635254
55.944430358115184 -3.190777264783573 SE 55.94421822608083 -3.1905651327492173 1298.4094977378845 1247.9028663635254
55.94421822608083 -3.1905651327492173 NW 55.944430358115184 -3.190777264783573 1298.4094977378845 1246.6528663635254
55.944430358115184 -3.190777264783573 E 55.944430358115184 -3.190477264783573 1387.0720038414001 1339.8975257873535
55.944430358115184 -3.190477264783573 W 55.944430358115184 -3.190777264783573 1387.0720038414001 1338.6475257873535
55.944430358115184 -3.190777264783573 SE 55.94421822608083 -3.1905651327492173 1387.0720038414001 1337.3975257873535
55.94421822608083 -3.1905651327492173 NNW 55.944495389940585 -3.190679937778927 1387.0720038414001 1336.1475257873535
55.944495389940585 -3.190679937778927 NW 55.94470752197494 -3.1908920698132825 1387.0720038414001 1334.8975257873535
55.94470752197494 -3.1908920698132825 ESE 55.94459271694523 -3.190614905953529 1387.0720038414001 1333.6475257873535
55.94459271694523 -3.190614905953529 SW 55.944380584910874 -3.190827037987885 1432.5121626853943 1443.1865272521973
55.944380584910874 -3.190827037987885 NE 55.94459271694523 -3.190614905953529 1432.5121626853943 1441.9365272521973
55.94459271694523 -3.190614905953529 S 55.94429271694523 -3.190614905953529 1432.5121626853943 1440.6865272521973
55.94429271694523 -3.190614905953529 N 55.94459271694523 -3.190614905953529 1432.5121626853943 1439.4365272521973
