55.944425 -3.188396 WSW 55.94431019497029 -3.1886731638597534 0.0 248.75
55.94431019497029 -3.1886731638597534 WSW 55.94419538994058 -3.188950327719507 0.0 247.5
55.94419538994058 -3.188950327719507 WSW 55.94408058491087 -3.18922749157926 0.0 246.25
55.94408058491087 -3.18922749157926 WSW 55.94396577988116 -3.1895046554390136 0.0 245.0
55.94396577988116 -3.1895046554390136 WSW 55.94385097485145 -3.189781819298767 0.0 243.75
55.94385097485145 -3.189781819298767 WSW 55.94373616982174 -3.1900589831585204 0.0 242.5
55.94373616982174 -3.1900589831585204 WSW 55.94362136479203 -3.190336147018274 0.0 241.25
55.94362136479203 -3.190336147018274 SW 55.94340923275767 -3.1905482790526296 0.0 240.0
55.94340923275767 -3.1905482790526296 WSW 55.94329442772796 -3.190825442912383 0.0 238.75
55.94329442772796 -3.190825442912383 WSW 55.94317962269825 -3.1911026067721364 120.05428314208984 299.9071235656738
55.94317962269825 -3.1911026067721364 WSW 55.94306481766854 -3.19137977063189 120.05428314208984 298.6571235656738
55.94306481766854 -3.19137977063189 WSW 55.94295001263883 -3.1916569344916432 120.05428314208984 297.4071235656738
55.94295001263883 -3.1916569344916432 WSW 55.94283520760912 -3.1919340983513966 184.41814422607422 382.5632972717285
55.94283520760912 -3.1919340983513966 W 55.94283520760912 -3.192234098351397 275.6160583496094 398.0690326690674
55.94283520760912 -3.192234098351397 NNE 55.94311237146888 -3.1921192933216873 275.6160583496094 396.8190326690674
55.94311237146888 -3.1921192933216873 NNE 55.943389535328635 -3.192004488291978 363.7339782714844 463.09643745422363
55.943389535328635 -3.192004488291978 SE 55.94317740329428 -3.191792356257622 363.7339782714844 461.84643745422363
55.94317740329428 -3.191792356257622 ESE 55.94306259826457 -3.1915151923978686 363.7339782714844 460.59643745422363
55.94306259826457 -3.1915151923978686 ENE 55.94317740329428 -3.1912380285381152 363.7339782714844 459.34643745422363
55.94317740329428 -3.1912380285381152 NNE 55.943454567154035 -3.1911232235084057 378.1161050796509 582.3929843902588
55.943454567154035 -3.1911232235084057 ESE 55.943339762124324 -3.1908460596486523 378.1161050796509 581.1429843902588
55.943339762124324 -3.1908460596486523 ESE 55.943224957094614 -3.190568895788899 378.1161050796509 579.8929843902588
55.943224957094614 -3.190568895788899 SE 55.94301282506026 -3.190356763754543 443.3388376235962 697.6943302154541
55.94301282506026 -3.190356763754543 ENE 55.94312763008997 -3.1900795998947897 554.0610208511353 696.8825426399708
55.94312763008997 -3.1900795998947897 NNE 55.943404793949725 -3.1899647948650802 676.8201456069946 799.764065772295
55.943404793949725 -3.1899647948650802 ESE 55.943289988920014 -3.189687631005327 676.8201456069946 798.514065772295
55.943289988920014 -3.189687631005327 SE 55.94307785688566 -3.189475498970971 676.8201456069946 797.264065772295
55.94307785688566 -3.189475498970971 SE 55.9428657248513 -3.1892633669366153 689.7003602981567 824.4536676704884
55.9428657248513 -3.1892633669366153 ENE 55.94298052988101 -3.188986203076862 769.6212739944458 910.4025965034962
55.94298052988101 -3.188986203076862 E 55.94298052988101 -3.1886862030768617 769.6212739944458 909.1525965034962
55.94298052988101 -3.1886862030768617 E 55.94298052988101 -3.1883862030768615 769.6212739944458 907.9025965034962
55.94298052988101 -3.1883862030768615 ESE 55.9428657248513 -3.188109039217108 780.0705728530884 966.3785066902637
55.9428657248513 -3.188109039217108 N 55.943165724851305 -3.188109039217108 780.0705728530884 965.1285066902637
55.943165724851305 -3.188109039217108 N 55.94346572485131 -3.188109039217108 780.0705728530884 963.8785066902637
55.94346572485131 -3.188109039217108 N 55.94376572485131 -3.188109039217108 821.4142160415649 1063.461934119463
55.94376572485131 -3.188109039217108 NNW 55.94404288871107 -3.1882238442468176 939.2385034561157 1108.234337836504
55.94404288871107 -3.1882238442468176 ESE 55.94392808368136 -3.187946680387064 939.2385034561157 1106.984337836504
55.94392808368136 -3.187946680387064 ESE 55.943813278651646 -3.187669516527311 946.1120100021362 1155.4631357491016
55.943813278651646 -3.187669516527311 NE 55.944025410686 -3.187457384492955 946.1120100021362 1154.2131357491016
55.944025410686 -3.187457384492955 NNE 55.94430257454576 -3.1873425794632455 999.1423826217651 1259.1740732491016
55.94430257454576 -3.1873425794632455 ENE 55.94441737957547 -3.187065415603492 999.1423826217651 1257.9240732491016
55.94441737957547 -3.187065415603492 ENE 55.94453218460518 -3.1867882517437387 999.1423826217651 1256.6740732491016
55.94453218460518 -3.1867882517437387 ENE 55.94464698963489 -3.1865110878839853 1103.835566520691 1295.8472566902637
55.94464698963489 -3.1865110878839853 SSW 55.944369825775134 -3.186625892913695 1103.835566520691 1294.5972566902637
55.944369825775134 -3.186625892913695 S 55.94406982577513 -3.186625892913695 1145.153956413269 1387.6930132210255
55.94406982577513 -3.186625892913695 E 55.94406982577513 -3.1863258929136946 1162.2976522445679 1445.7599497139454
55.94406982577513 -3.1863258929136946 ESE 55.94395502074542 -3.186048729053941 1162.2976522445679 1444.5099497139454
55.94395502074542 -3.186048729053941 E 55.94395502074542 -3.185748729053941 1233.4986715316772 1530.244622260332
55.94395502074542 -3.185748729053941 ESE 55.94384021571571 -3.1854715651941876 1233.4986715316772 1528.994622260332
55.94384021571571 -3.1854715651941876 ESE 55.943725410686 -3.185194401334434 1233.4986715316772 1527.744622260332
55.943725410686 -3.185194401334434 ESE 55.94361060565629 -3.184917237474681 1244.3625001907349 1603.7821359932423
55.94361060565629 -3.184917237474681 NNW 55.943887769516046 -3.1850320425043903 1244.3625001907349 1602.5321359932423
55.943887769516046 -3.1850320425043903 NNW 55.9441649333758 -3.1851468475341 1244.3625001907349 1601.2821359932423
55.9441649333758 -3.1851468475341 N 55.944464933375805 -3.1851468475341 1353.7246675491333 1620.4393625557423
55.944464933375805 -3.1851468475341 NW 55.94467706541016 -3.1853589795684556 1381.1826734542847 1684.2079019844532
55.94467706541016 -3.1853589795684556 N 55.944977065410164 -3.1853589795684556 1381.1826734542847 1682.9579019844532
55.944977065410164 -3.1853589795684556 N 55.94527706541017 -3.1853589795684556 1381.1826734542847 1681.7079019844532
55.94527706541017 -3.1853589795684556 N 55.94557706541017 -3.1853589795684556 1381.1826734542847 1680.4579019844532
55.94557706541017 -3.1853589795684556 N 55.94587706541017 -3.1853589795684556 1381.1826734542847 1679.2079019844532
55.94587706541017 -3.1853589795684556 N 55.946177065410176 -3.1853589795684556 1393.5491743087769 1801.6026621162891
55.946177065410176 -3.1853589795684556 W 55.946177065410176 -3.185658979568456 1393.5491743087769 1800.3526621162891
55.946177065410176 -3.185658979568456 W 55.946177065410176 -3.185958979568456 1393.5491743087769 1799.1026621162891
55.946177065410176 -3.185958979568456 W 55.946177065410176 -3.186258979568456 1393.5491743087769 1797.8526621162891
55.946177065410176 -3.186258979568456 W 55.946177065410176 -3.1865589795684564 1393.5491743087769 1796.6026621162891
55.946177065410176 -3.1865589795684564 W 55.946177065410176 -3.1868589795684565 1468.5427503585815 1890.3804178535938
55.946177065410176 -3.1868589795684565 SSW 55.94589990155042 -3.186973784598166 1505.4649152755737 1962.1579904854298
55.94589990155042 -3.186973784598166 WSW 55.94578509652071 -3.1872509484579195 1505.4649152755737 1960.9079904854298
55.94578509652071 -3.1872509484579195 WSW 55.945670291491 -3.187528112317673 1603.2335233688354 2039.265114814043
55.945670291491 -3.187528112317673 WSW 55.94555548646129 -3.1878052761774263 1663.1775159835815 2102.082337409258
55.94555548646129 -3.1878052761774263 SSW 55.94527832260153 -3.1879200812071358 1663.1775159835815 2100.832337409258
55.94527832260153 -3.1879200812071358 WSW 55.94516351757182 -3.188197245066889 1740.305941581726 2140.572125464678
55.94516351757182 -3.188197245066889 N 55.945463517571824 -3.188197245066889 1740.305941581726 2139.322125464678
55.945463517571824 -3.188197245066889 N 55.94576351757183 -3.188197245066889 1863.9039640426636 2237.3494921028614
55.94576351757183 -3.188197245066889 N 55.94606351757183 -3.188197245066889 1966.6965131759644 2347.517483741045
55.94606351757183 -3.188197245066889 WSW 55.94594871254212 -3.1884744089266426 1966.6965131759644 2346.267483741045
55.94594871254212 -3.1884744089266426 WSW 55.94583390751241 -3.188751572786396 2009.8724737167358 2363.6515970528126
55.94583390751241 -3.188751572786396 SSW 55.94555674365265 -3.1888663778161055 2009.8724737167358 2362.4015970528126
55.94555674365265 -3.1888663778161055 SW 55.945344611618296 -3.1890785098504613 2009.8724737167358 2361.1515970528126
55.945344611618296 -3.1890785098504613 SSW 55.94506744775854 -3.1891933148801708 2115.221785545349 2398.5286760628223
55.94506744775854 -3.1891933148801708 WNW 55.94518225278825 -3.189470478739924 2115.221785545349 2397.2786760628223
55.94518225278825 -3.189470478739924 WNW 55.94529705781796 -3.1897476425996776 2115.221785545349 2396.0286760628223
55.94529705781796 -3.1897476425996776 WNW 55.94541186284767 -3.190024806459431 2236.574553489685 2499.8626222908497
55.94541186284767 -3.190024806459431 WSW 55.94529705781796 -3.1903019703191844 2352.466094017029 2559.28086951375
55.94529705781796 -3.1903019703191844 S 55.94499705781796 -3.1903019703191844 2352.466094017029 2558.03086951375
55.94499705781796 -3.1903019703191844 S 55.944697057817955 -3.1903019703191844 2452.0941915512085 2678.7130365669727
55.944697057817955 -3.1903019703191844 W 55.944697057817955 -3.1906019703191846 2452.0941915512085 2677.4630365669727
55.944697057817955 -3.1906019703191846 W 55.944697057817955 -3.1909019703191848 2452.0941915512085 2676.2130365669727
55.944697057817955 -3.1909019703191848 WNW 55.944811862847665 -3.191179134178938 2452.0941915512085 2674.9630365669727
55.944811862847665 -3.191179134178938 WNW 55.944926667877375 -3.1914562980386916 2452.0941915512085 2673.7130365669727
55.944926667877375 -3.1914562980386916 NNW 55.94520383173713 -3.191571103068401 2558.287512779236 2725.823262244463
55.94520383173713 -3.191571103068401 N 55.945503831737135 -3.191571103068401 2558.287512779236 2724.573262244463
55.945503831737135 -3.191571103068401 WNW 55.945618636766845 -3.1918482669281545 2621.648257255554 2737.894726783037
55.945618636766845 -3.1918482669281545 SSW 55.94534147290709 -3.191963071957864 2621.648257255554 2736.644726783037
55.94534147290709 -3.191963071957864 SSW 55.94506430904733 -3.1920778769875735 2621.648257255554 2735.394726783037
55.94506430904733 -3.1920778769875735 SSW 55.944787145187576 -3.192192682017283 2643.6250009536743 2832.404889136553
55.944787145187576 -3.192192682017283 ESE 55.944672340157865 -3.1919155181575296 2643.6250009536743 2831.154889136553
55.944672340157865 -3.1919155181575296 NW 55.94488447219222 -3.1921276501918854 2643.6250009536743 2829.904889136553
55.94488447219222 -3.1921276501918854 NNW 55.94516163605198 -3.192242455221595 2643.6250009536743 2828.654889136553
55.94516163605198 -3.192242455221595 SW 55.94494950401762 -3.1924545872559507 2643.6250009536743 2827.404889136553
55.94494950401762 -3.1924545872559507 N 55.945249504017625 -3.1924545872559507 2643.6250009536743 2826.154889136553
55.945249504017625 -3.1924545872559507 S 55.94494950401762 -3.1924545872559507 2643.6250009536743 2824.904889136553
55.94494950401762 -3.1924545872559507 E 55.94494950401762 -3.1921545872559505 2643.6250009536743 2823.654889136553
55.94494950401762 -3.1921545872559505 ESE 55.94483469898791 -3.191877423396197 2643.6250009536743 2822.404889136553
55.94483469898791 -3.191877423396197 NE 55.94504683102227 -3.1916652913618413 2643.6250009536743 2821.154889136553
55.94504683102227 -3.1916652913618413 SW 55.94483469898791 -3.191877423396197 2643.6250009536743 2819.904889136553
55.94483469898791 -3.191877423396197 NW 55.94504683102227 -3.192089555430553 2643.6250009536743 2818.654889136553
55.94504683102227 -3.192089555430553 NNE 55.945323994882024 -3.1919747504008433 2643.6250009536743 2817.404889136553
55.945323994882024 -3.1919747504008433 WSW 55.945209189852314 -3.1922519142605967 2643.6250009536743 2816.154889136553
55.945209189852314 -3.1922519142605967 NNW 55.94548635371207 -3.1923667192903062 2643.6250009536743 2814.904889136553
55.94548635371207 -3.1923667192903062 S 55.94518635371207 -3.1923667192903062 2643.6250009536743 2813.654889136553
55.94518635371207 -3.1923667192903062 SE 55.94497422167771 -3.1921545872559505 2643.6250009536743 2812.404889136553
55.94497422167771 -3.1921545872559505 SW 55.944762089643355 -3.1923667192903062 2643.6250009536743 2811.154889136553
55.944762089643355 -3.1923667192903062 SSE 55.9444849257836 -3.1922519142605967 2643.6250009536743 2809.904889136553
55.9444849257836 -3.1922519142605967 NE 55.944697057817955 -3.192039782226241 2643.6250009536743 2808.654889136553
55.944697057817955 -3.192039782226241 NNE 55.94497422167771 -3.1919249771965315 2643.6250009536743 2807.404889136553
55.94497422167771 -3.1919249771965315 S 55.94467422167771 -3.1919249771965315 2643.6250009536743 2806.154889136553
55.94467422167771 -3.1919249771965315 NNE 55.944951385537465 -3.191810172166822 2643.6250009536743 2804.904889136553
55.944951385537465 -3.191810172166822 NW 55.94516351757182 -3.1920223042011777 2643.6250009536743 2803.654889136553
55.94516351757182 -3.1920223042011777 NNW 55.94544068143158 -3.1921371092308872 2643.6250009536743 2802.404889136553
55.94544068143158 -3.1921371092308872 NE 55.945652813465934 -3.1919249771965315 2643.6250009536743 2801.154889136553
55.945652813465934 -3.1919249771965315 WSW 55.94553800843622 -3.192202141056285 2643.6250009536743 2799.904889136553
55.94553800843622 -3.192202141056285 E 55.94553800843622 -3.1919021410562847 2643.6250009536743 2798.654889136553
55.94553800843622 -3.1919021410562847 N 55.945838008436226 -3.1919021410562847 2643.6250009536743 2797.404889136553
55.945838008436226 -3.1919021410562847 WSW 55.945723203406516 -3.192179304916038 2643.6250009536743 2796.154889136553
55.945723203406516 -3.192179304916038 S 55.94542320340651 -3.192179304916038 2643.6250009536743 2794.904889136553
55.94542320340651 -3.192179304916038 E 55.94542320340651 -3.191879304916038 2643.6250009536743 2793.654889136553
55.94542320340651 -3.191879304916038 S 55.94512320340651 -3.191879304916038 2643.6250009536743 2792.404889136553
55.94512320340651 -3.191879304916038 WNW 55.94523800843622 -3.1921564687757913 2643.6250009536743 2791.154889136553
55.94523800843622 -3.1921564687757913 NE 55.94545014047058 -3.1919443367414355 2643.6250009536743 2789.904889136553
55.94545014047058 -3.1919443367414355 E 55.94545014047058 -3.1916443367414353 2643.6250009536743 2788.654889136553
55.94545014047058 -3.1916443367414353 W 55.94545014047058 -3.1919443367414355 2643.6250009536743 2787.404889136553
55.94545014047058 -3.1919443367414355 ESE 55.945335335440866 -3.191667172881682 2643.6250009536743 2786.154889136553
55.945335335440866 -3.191667172881682 NW 55.94554746747522 -3.191879304916038 2643.6250009536743 2784.904889136553
55.94554746747522 -3.191879304916038 E 55.94554746747522 -3.1915793049160377 2643.6250009536743 2783.654889136553
55.94554746747522 -3.1915793049160377 W 55.94554746747522 -3.191879304916038 2643.6250009536743 2782.404889136553
55.94554746747522 -3.191879304916038 SSE 55.945270303615466 -3.1917644998863284 2643.6250009536743 2781.154889136553
55.945270303615466 -3.1917644998863284 S 55.94497030361546 -3.1917644998863284 2643.6250009536743 2779.904889136553
55.94497030361546 -3.1917644998863284 NW 55.94518243564982 -3.191976631920684 2643.6250009536743 2778.654889136553
55.94518243564982 -3.191976631920684 NNE 55.945459599509576 -3.1918618268909746 2643.6250009536743 2777.404889136553
55.945459599509576 -3.1918618268909746 SE 55.94524746747522 -3.191649694856619 2643.6250009536743 2776.154889136553
55.94524746747522 -3.191649694856619 N 55.94554746747522 -3.191649694856619 2643.6250009536743 2774.904889136553
55.94554746747522 -3.191649694856619 NW 55.94575959950958 -3.1918618268909746 2643.6250009536743 2773.654889136553
55.94575959950958 -3.1918618268909746 W 55.94575959950958 -3.192161826890975 2643.6250009536743 2772.404889136553
55.94575959950958 -3.192161826890975 S 55.945459599509576 -3.192161826890975 2643.6250009536743 2771.154889136553
55.945459599509576 -3.192161826890975 N 55.94575959950958 -3.192161826890975 2643.6250009536743 2769.904889136553
55.94575959950958 -3.192161826890975 SSE 55.94548243564982 -3.1920470218612653 2643.6250009536743 2768.654889136553
55.94548243564982 -3.1920470218612653 N 55.945782435649825 -3.1920470218612653 2643.6250009536743 2767.404889136553
55.945782435649825 -3.1920470218612653 WSW 55.945667630620115 -3.1923241857210187 2643.6250009536743 2766.154889136553
55.945667630620115 -3.1923241857210187 ENE 55.945782435649825 -3.1920470218612653 2643.6250009536743 2764.904889136553
55.945782435649825 -3.1920470218612653 ESE 55.945667630620115 -3.191769858001512 2643.6250009536743 2763.654889136553
55.945667630620115 -3.191769858001512 ESE 55.945552825590404 -3.1914926941417585 2643.6250009536743 2762.404889136553
55.945552825590404 -3.1914926941417585 SW 55.94534069355605 -3.1917048261761143 2643.6250009536743 2761.154889136553
55.94534069355605 -3.1917048261761143 ESE 55.94522588852634 -3.191427662316361 2643.6250009536743 2759.904889136553
55.94522588852634 -3.191427662316361 N 55.94552588852634 -3.191427662316361 2643.6250009536743 2758.654889136553
55.94552588852634 -3.191427662316361 S 55.94522588852634 -3.191427662316361 2643.6250009536743 2757.404889136553
55.94522588852634 -3.191427662316361 W 55.94522588852634 -3.191727662316361 2643.6250009536743 2756.154889136553
55.94522588852634 -3.191727662316361 WSW 55.94511108349663 -3.1920048261761145 2643.6250009536743 2754.904889136553
55.94511108349663 -3.1920048261761145 SSW 55.94483391963687 -3.192119631205824 2643.6250009536743 2753.654889136553
55.94483391963687 -3.192119631205824 NW 55.94504605167123 -3.1923317632401798 2643.6250009536743 2752.404889136553
55.94504605167123 -3.1923317632401798 N 55.94534605167123 -3.1923317632401798 2643.6250009536743 2751.154889136553
55.94534605167123 -3.1923317632401798 ENE 55.94546085670094 -3.1920545993804263 2643.6250009536743 2749.904889136553
55.94546085670094 -3.1920545993804263 NNW 55.9457380205607 -3.192169404410136 2643.6250009536743 2748.654889136553
55.9457380205607 -3.192169404410136 SSW 55.94546085670094 -3.1922842094398454 2643.6250009536743 2747.404889136553
55.94546085670094 -3.1922842094398454 ESE 55.94534605167123 -3.192007045580092 2643.6250009536743 2746.154889136553
55.94534605167123 -3.192007045580092 ESE 55.94523124664152 -3.1917298817203386 2643.6250009536743 2744.904889136553
55.94523124664152 -3.1917298817203386 NW 55.945443378675876 -3.1919420137546943 2643.6250009536743 2743.654889136553
55.945443378675876 -3.1919420137546943 WSW 55.945328573646165 -3.1922191776144477 2643.6250009536743 2742.404889136553
55.945328573646165 -3.1922191776144477 SSW 55.94505140978641 -3.1923339826441572 2643.6250009536743 2741.154889136553
55.94505140978641 -3.1923339826441572 N 55.94535140978641 -3.1923339826441572 2643.6250009536743 2739.904889136553
55.94535140978641 -3.1923339826441572 SSW 55.945074245926655 -3.1924487876738668 2643.6250009536743 2738.654889136553
55.945074245926655 -3.1924487876738668 SE 55.9448621138923 -3.192236655639511 2643.6250009536743 2737.404889136553
55.9448621138923 -3.192236655639511 SW 55.94464998185794 -3.1924487876738668 2643.6250009536743 2736.154889136553
55.94464998185794 -3.1924487876738668 N 55.944949981857945 -3.1924487876738668 2643.6250009536743 2734.904889136553
55.944949981857945 -3.1924487876738668 SSE 55.94467281799819 -3.1923339826441572 2643.6250009536743 2733.654889136553
55.94467281799819 -3.1923339826441572 N 55.94497281799819 -3.1923339826441572 2643.6250009536743 2732.404889136553
55.94497281799819 -3.1923339826441572 NNW 55.94524998185795 -3.1924487876738668 2643.6250009536743 2731.154889136553
55.94524998185795 -3.1924487876738668 NNE 55.945527145717705 -3.1923339826441572 2643.6250009536743 2729.904889136553
55.945527145717705 -3.1923339826441572 SSE 55.94524998185795 -3.1922191776144477 2643.6250009536743 2728.654889136553
55.94524998185795 -3.1922191776144477 NNW 55.945527145717705 -3.1923339826441572 2643.6250009536743 2727.404889136553
55.945527145717705 -3.1923339826441572 S 55.9452271457177 -3.1923339826441572 2643.6250009536743 2726.154889136553
55.9452271457177 -3.1923339826441572 SSW 55.944949981857945 -3.1924487876738668 2643.6250009536743 2724.904889136553
55.944949981857945 -3.1924487876738668 SE 55.94473784982359 -3.192236655639511 2643.6250009536743 2723.654889136553
55.94473784982359 -3.192236655639511 E 55.94473784982359 -3.191936655639511 2643.6250009536743 2722.404889136553
55.94473784982359 -3.191936655639511 SE 55.94452571778923 -3.191724523605155 2643.6250009536743 2721.154889136553
55.94452571778923 -3.191724523605155 SE 55.94431358575488 -3.1915123915707992 2643.6250009536743 2719.904889136553
55.94431358575488 -3.1915123915707992 WNW 55.94442839078459 -3.1917895554305526 2643.6250009536743 2718.654889136553
55.94442839078459 -3.1917895554305526 W 55.94442839078459 -3.192089555430553 2643.6250009536743 2717.404889136553
55.94442839078459 -3.192089555430553 N 55.94472839078459 -3.192089555430553 2643.6250009536743 2716.154889136553
55.94472839078459 -3.192089555430553 WSW 55.94461358575488 -3.1923667192903062 2643.6250009536743 2714.904889136553
55.94461358575488 -3.1923667192903062 E 55.94461358575488 -3.192066719290306 2643.6250009536743 2713.654889136553
55.94461358575488 -3.192066719290306 NNW 55.944890749614636 -3.1921815243200156 2643.6250009536743 2712.404889136553
55.944890749614636 -3.1921815243200156 WNW 55.94500555464435 -3.192458688179769 2643.6250009536743 2711.154889136553
55.94500555464435 -3.192458688179769 N 55.94530555464435 -3.192458688179769 2643.6250009536743 2709.904889136553
55.94530555464435 -3.192458688179769 NE 55.945517686678706 -3.192246556145413 2643.6250009536743 2708.654889136553
55.945517686678706 -3.192246556145413 ENE 55.945632491708416 -3.19196939228566 2643.6250009536743 2707.404889136553
55.945632491708416 -3.19196939228566 S 55.94533249170841 -3.19196939228566 2643.6250009536743 2706.154889136553
55.94533249170841 -3.19196939228566 ESE 55.9452176866787 -3.1916922284259064 2643.6250009536743 2704.904889136553
55.9452176866787 -3.1916922284259064 W 55.9452176866787 -3.1919922284259066 2643.6250009536743 2703.654889136553
55.9452176866787 -3.1919922284259066 NNW 55.94549485053846 -3.192107033455616 2643.6250009536743 2702.404889136553
55.94549485053846 -3.192107033455616 W 55.94549485053846 -3.1924070334556163 2643.6250009536743 2701.154889136553
55.94549485053846 -3.1924070334556163 S 55.945194850538456 -3.1924070334556163 2643.6250009536743 2699.904889136553
55.945194850538456 -3.1924070334556163 NE 55.94540698257281 -3.1921949014212605 2643.6250009536743 2698.654889136553
55.94540698257281 -3.1921949014212605 SE 55.945194850538456 -3.1919827693869047 2643.6250009536743 2697.404889136553
55.945194850538456 -3.1919827693869047 SW 55.9449827185041 -3.1921949014212605 2643.6250009536743 2696.154889136553
55.9449827185041 -3.1921949014212605 ENE 55.94509752353381 -3.191917737561507 2643.6250009536743 2694.904889136553
55.94509752353381 -3.191917737561507 W 55.94509752353381 -3.1922177375615073 2643.6250009536743 2693.654889136553
55.94509752353381 -3.1922177375615073 NNW 55.94537468739357 -3.192332542591217 2643.6250009536743 2692.404889136553
55.94537468739357 -3.192332542591217 NNW 55.945651851253324 -3.1924473476209263 2643.6250009536743 2691.154889136553
55.945651851253324 -3.1924473476209263 SSE 55.94537468739357 -3.192332542591217 2643.6250009536743 2689.904889136553
55.94537468739357 -3.192332542591217 SE 55.94516255535921 -3.192120410556861 2643.6250009536743 2688.654889136553
55.94516255535921 -3.192120410556861 NE 55.94537468739357 -3.1919082785225052 2643.6250009536743 2687.404889136553
55.94537468739357 -3.1919082785225052 E 55.94537468739357 -3.191608278522505 2643.6250009536743 2686.154889136553
55.94537468739357 -3.191608278522505 WNW 55.94548949242328 -3.1918854423822585 2643.6250009536743 2684.904889136553
55.94548949242328 -3.1918854423822585 E 55.94548949242328 -3.1915854423822583 2643.6250009536743 2683.654889136553
55.94548949242328 -3.1915854423822583 SSE 55.94521232856352 -3.1914706373525488 2643.6250009536743 2682.404889136553
55.94521232856352 -3.1914706373525488 SSW 55.944935164703764 -3.1915854423822583 2643.6250009536743 2681.154889136553
55.944935164703764 -3.1915854423822583 SSW 55.94465800084401 -3.191700247411968 2643.6250009536743 2679.904889136553
55.94465800084401 -3.191700247411968 SW 55.94444586880965 -3.1919123794463236 2643.6250009536743 2678.654889136553
55.94444586880965 -3.1919123794463236 NW 55.94465800084401 -3.1921245114806793 2643.6250009536743 2677.404889136553
55.94465800084401 -3.1921245114806793 SE 55.94444586880965 -3.1919123794463236 2643.6250009536743 2676.154889136553
55.94444586880965 -3.1919123794463236 WNW 55.94456067383936 -3.192189543306077 2643.6250009536743 2674.904889136553
55.94456067383936 -3.192189543306077 E 55.94456067383936 -3.1918895433060768 2643.6250009536743 2673.654889136553
55.94456067383936 -3.1918895433060768 ESE 55.94444586880965 -3.1916123794463234 2643.6250009536743 2672.404889136553
55.94444586880965 -3.1916123794463234 N 55.944745868809655 -3.1916123794463234 2643.6250009536743 2671.154889136553
55.944745868809655 -3.1916123794463234 W 55.944745868809655 -3.1919123794463236 2643.6250009536743 2669.904889136553
55.944745868809655 -3.1919123794463236 SW 55.9445337367753 -3.1921245114806793 2643.6250009536743 2668.654889136553
55.9445337367753 -3.1921245114806793 NE 55.944745868809655 -3.1919123794463236 2643.6250009536743 2667.404889136553
55.944745868809655 -3.1919123794463236 SSE 55.9444687049499 -3.191797574416614 2643.6250009536743 2666.154889136553
55.9444687049499 -3.191797574416614 ESE 55.94435389992019 -3.1915204105568606 2643.6250009536743 2664.904889136553
55.94435389992019 -3.1915204105568606 ESE 55.94423909489048 -3.1912432466971072 2643.6250009536743 2663.654889136553
55.94423909489048 -3.1912432466971072 WNW 55.94435389992019 -3.1915204105568606 2643.6250009536743 2662.404889136553
55.94435389992019 -3.1915204105568606 NW 55.944566031954544 -3.1917325425912164 2643.6250009536743 2661.154889136553
55.944566031954544 -3.1917325425912164 NW 55.9447781639889 -3.191944674625572 2643.6250009536743 2659.904889136553
55.9447781639889 -3.191944674625572 WNW 55.94489296901861 -3.1922218384853256 2643.6250009536743 2658.654889136553
55.94489296901861 -3.1922218384853256 ENE 55.94500777404832 -3.191944674625572 2643.6250009536743 2657.404889136553
55.94500777404832 -3.191944674625572 E 55.94500777404832 -3.191644674625572 2643.6250009536743 2656.154889136553
55.94500777404832 -3.191644674625572 S 55.94470777404832 -3.191644674625572 2643.6250009536743 2654.904889136553
55.94470777404832 -3.191644674625572 SSE 55.94443061018856 -3.1915298695958625 2643.6250009536743 2653.654889136553
55.94443061018856 -3.1915298695958625 WNW 55.94454541521827 -3.191807033455616 2643.6250009536743 2652.404889136553
55.94454541521827 -3.191807033455616 N 55.944845415218275 -3.191807033455616 2643.6250009536743 2651.154889136553
55.944845415218275 -3.191807033455616 SSW 55.94456825135852 -3.1919218384853254 2643.6250009536743 2649.904889136553
55.94456825135852 -3.1919218384853254 NW 55.944780383392875 -3.192133970519681 2643.6250009536743 2648.654889136553
55.944780383392875 -3.192133970519681 W 55.944780383392875 -3.1924339705196814 2643.6250009536743 2647.404889136553
55.944780383392875 -3.1924339705196814 NE 55.94499251542723 -3.1922218384853256 2643.6250009536743 2646.154889136553
55.94499251542723 -3.1922218384853256 S 55.94469251542723 -3.1922218384853256 2643.6250009536743 2644.904889136553
55.94469251542723 -3.1922218384853256 NW 55.944904647461584 -3.1924339705196814 2643.6250009536743 2643.654889136553
55.944904647461584 -3.1924339705196814 ESE 55.944789842431874 -3.192156806659928 2643.6250009536743 2642.404889136553
55.944789842431874 -3.192156806659928 ENE 55.944904647461584 -3.1918796428001746 2643.6250009536743 2641.154889136553
55.944904647461584 -3.1918796428001746 ENE 55.945019452491294 -3.191602478940421 2643.6250009536743 2639.904889136553
55.945019452491294 -3.191602478940421 SSW 55.94474228863154 -3.1917172839701307 2643.6250009536743 2638.654889136553
